  -1.60312500000000        -1.055314086823697E-023
  -1.38937500000000         4.931849280102173E-017
  -1.17562500000000         3.400545179375949E-016
 -0.961875000000000         1.606135236218530E-015
 -0.748125000000000         6.117495950400105E-015
 -0.534375000000000         1.952611705970812E-014
 -0.320625000000000         5.307230684949535E-014
 -0.106875000000000         1.243049996722946E-013
  0.106875000000000         2.537777052884102E-013
  0.320625000000000         4.567268243431117E-013
  0.534375000000000         7.320766383378295E-013
  0.748125000000000         1.052489857719458E-012
  0.961875000000000         1.358433385996171E-012
   1.17562500000000         1.555629149405031E-012
   1.38937500000000         1.513955113966149E-012
   1.60312500000000         1.068101299517383E-012
   1.81687500000000         1.925089233600366E-014
   2.03062500000000        -1.860176420420046E-012
   2.24437500000000        -4.813753011573123E-012
   2.45812500000000        -9.090468694012256E-012
   2.67187500000000        -1.491804604702715E-011
   2.88562500000000        -2.248569982095528E-011
   3.09937500000000        -3.191328141434289E-011
   3.31312500000000        -4.323104267996489E-011
   3.52687500000000        -5.636348937158302E-011
   3.74062500000000        -7.111987692821735E-011
   3.95437500000000        -8.720343795345583E-011
   4.16812500000000        -1.042285409555427E-010
   4.38187500000000        -1.217581948210552E-010
   4.59562500000000        -1.393437611835417E-010
   4.80937500000000        -1.565730075927905E-010
   5.02312500000000        -1.731192403879650E-010
   5.23687500000000        -1.887698262005507E-010
   5.45062500000000        -2.034391634545115E-010
   5.66437500000000        -2.171648696088064E-010
   5.87812500000000        -2.300706332886141E-010
   6.09187500000000        -2.423100886408123E-010
   6.30562500000000        -2.540027930515315E-010
   6.51937500000000        -2.651685297313733E-010
   6.73312500000000        -2.756664613971292E-010
   6.94687500000000        -2.851721158412220E-010
   7.16062500000000        -2.931734705939331E-010
   7.37437500000000        -2.990293690779553E-010
   7.58812500000000        -3.020381701778227E-010
   7.80187500000000        -3.015494752858566E-010
   8.01562500000000        -2.970765030929839E-010
   8.22937500000000        -2.884020339837568E-010
   8.44312500000000        -2.756433861229995E-010
   8.65687500000000        -2.592816468511870E-010
   8.87062500000000        -2.401218544144888E-010
   9.08437500000000        -2.192028748633066E-010
   9.29812500000000        -1.976652042918542E-010
   9.51187500000000        -1.765866312097286E-010
   9.72562500000000        -1.568336739242894E-010
   9.93937500000000        -1.389365025203691E-010
   10.1531250000000        -1.230200890754461E-010
   10.3668750000000        -1.088132157566169E-010
   10.5806250000000        -9.572049084323701E-011
   10.7943750000000        -8.296244600814074E-011
   11.0081250000000        -6.975199984436779E-011
   11.2218750000000        -5.547157948478599E-011
   11.4356250000000        -3.982559772589678E-011
   11.6493750000000        -2.292670508625192E-011
   11.8631250000000        -5.300336444148986E-012
   12.0768750000000         1.218714598105179E-011
   12.2906250000000         2.849745553443977E-011
   12.5043750000000         4.261127355622642E-011
   12.7181250000000         5.376016785762917E-011
   12.9318750000000         6.160024749112826E-011
   13.1456250000000         6.634337880297250E-011
   13.3593750000000         6.877847662834769E-011
   13.5731250000000         7.019718359066537E-011
   13.7868750000000         7.222110674551192E-011
   14.0006250000000         7.656425639154716E-011
   14.2143750000000         8.476427441592650E-011
   14.4281250000000         9.793798378334418E-011
   14.6418750000000         1.165852729843144E-010
   14.8556250000000         1.404982138155481E-010
   15.0693750000000         1.687751535378731E-010
   15.2831250000000         1.999382831722261E-010
   15.4968750000000         2.321386893503693E-010
   15.7106250000000         2.634060994346067E-010
   15.9243750000000         2.919036775487731E-010
   16.1381250000000         3.161443468455451E-010
   16.3518750000000         3.351385606919050E-010
   16.5656250000000         3.484457968027341E-010
   16.7793750000000         3.561370667784383E-010
   16.9931250000000         3.586874072625374E-010
   17.2068750000000         3.568102586195544E-010
   17.4206250000000         3.512922361978069E-010
   17.6343750000000         3.428434798893152E-010
   17.8481250000000         3.320010113705369E-010
   18.0618750000000         3.190988584598650E-010
   18.2756250000000         3.042932792258473E-010
   18.4893750000000         2.876578678889776E-010
   18.7031250000000         2.692790187575694E-010
   18.9168750000000         2.493741888084089E-010
   19.1306250000000         2.283651653863482E-010
   19.3443750000000         2.069131880716620E-010
   19.5581250000000         1.858960524496847E-010
   19.7718750000000         1.663364808587945E-010
   19.9856250000000         1.492951624208497E-010
   20.1993750000000         1.357459847172656E-010
   20.4131250000000         1.264657176183505E-010
   20.6268750000000         1.219482735892099E-010
   20.8406250000000         1.223621396719657E-010
   21.0543750000000         1.275530021318473E-010
   21.2681250000000         1.370850231449847E-010
   21.4818750000000         1.503080756911654E-010
   21.6956250000000         1.664393385649648E-010
   21.9093750000000         1.846319360145002E-010
   22.1231250000000         2.040379462379908E-010
   22.3368750000000         2.238401357315649E-010
   22.5506250000000         2.432680187603203E-010
   22.7643750000000         2.616040020502610E-010
   22.9781250000000         2.781832268036550E-010
   23.1918750000000         2.924039011111447E-010
   23.4056250000000         3.037514922729895E-010
   23.6193750000000         3.118348799456108E-010
   23.8331250000000         3.164353231311500E-010
   24.0468750000000         3.175553857109515E-010
   24.2606250000000         3.154479539719519E-010
   24.4743750000000         3.106320696022220E-010
   24.6881250000000         3.038670519922578E-010
   24.9018750000000         2.961028063351570E-010
   25.1156250000000         2.883957881231797E-010
   25.3293750000000         2.818200867635346E-010
   25.5431250000000         2.773709283464943E-010
   25.7568750000000         2.758903264651471E-010
   25.9706250000000         2.780193444602336E-010
   26.1843750000000         2.841823737392328E-010
   26.3981250000000         2.946026287702673E-010
   26.6118750000000         3.093465686130617E-010
   26.8256250000000         3.283691361814738E-010
   27.0393750000000         3.515545856941755E-010
   27.2531250000000         3.787419782039747E-010
   27.4668750000000         4.097197931688205E-010
   27.6806250000000         4.441951022178556E-010
   27.8943750000000         4.817423609422137E-010
   28.1081250000000         5.217597334145727E-010
   28.3218750000000         5.634257675353409E-010
   28.5356250000000         6.056934637301887E-010
   28.7493750000000         6.473262676617525E-010
   28.9631250000000         6.869772639048277E-010
   29.1768750000000         7.233015968247796E-010
   29.3906250000000         7.550985462432471E-010
   29.6043750000000         7.814477775878037E-010
   29.8181250000000         8.018211975516893E-010
   30.0318750000000         8.161573866783760E-010
   30.2456250000000         8.248717461847284E-010
   30.4593750000000         8.288070545367692E-010
   30.6731250000000         8.291314917751797E-010
   30.8868750000000         8.271982764641583E-010
   31.1006250000000         8.243856951625399E-010
   31.3143750000000         8.219505753170652E-010
   31.5281250000000         8.209091339770507E-010
   31.7418750000000         8.219664570329750E-010
   31.9556250000000         8.254934097222335E-010
   32.1693750000000         8.315568411624051E-010
   32.3831250000000         8.399805679807618E-010
   32.5968750000000         8.504260235297161E-010
   32.8106250000000         8.624754785416988E-010
   33.0243750000000         8.757008736879187E-010
   33.2381250000000         8.896964315650677E-010
   33.4518750000000         9.040988184065295E-010
   33.6656250000000         9.185675305194378E-010
   33.8793750000000         9.327612945056743E-010
   34.0931250000000         9.463087398796467E-010
   34.3068750000000         9.587874739986344E-010
   34.5206250000000         9.697344669242267E-010
   34.7343750000000         9.786676670995411E-010
   34.9481250000000         9.851380414942734E-010
   35.1618750000000         9.887947946745121E-010
   35.3756250000000         9.894457582652156E-010
   35.5893750000000         9.871189006759208E-010
   35.8031250000000         9.820844594148264E-010
   36.0168750000000         9.748637628095660E-010
   36.2306250000000         9.661932677307434E-010
   36.4443750000000         9.569622668934464E-010
   36.6581250000000         9.481337757348591E-010
   36.8718750000000         9.406462173804602E-010
   37.0856250000000         9.353287094342547E-010
   37.2993750000000         9.328185015408198E-010
   37.5131250000000         9.335064270367347E-010
   37.7268750000000         9.375157390709897E-010
   37.9406250000000         9.446959884729995E-010
   38.1543750000000         9.546595883972771E-010
   38.3681250000000         9.668276707156947E-010
   38.5818750000000         9.805018351940294E-010
   38.7956250000000         9.949358152019573E-010
   39.0093750000000         1.009418105596496E-009
   39.2231250000000         1.023338913742768E-009
   39.4368750000000         1.036257309168552E-009
   39.6506250000000         1.047936524035339E-009
   39.8643750000000         1.058369355795323E-009
   40.0781250000000         1.067783090984759E-009
   40.2918750000000         1.076604008738289E-009
   40.5056250000000         1.085410935625429E-009
   40.7193750000000         1.094868127978069E-009
   40.9331250000000         1.105651018518243E-009
   41.1468750000000         1.118351775910459E-009
   41.3606250000000         1.133421384026235E-009
   41.5743750000000         1.151106390833046E-009
   41.7881250000000         1.171428318808264E-009
   42.0018750000000         1.194184920385761E-009
   42.2156250000000         1.218981472446073E-009
   42.4293750000000         1.245298167199741E-009
   42.6431250000000         1.272559158734552E-009
   42.8568750000000         1.300209552180229E-009
   43.0706250000000         1.327785955382526E-009
   43.2843750000000         1.354960561743199E-009
   43.4981250000000         1.381554158553449E-009
   43.7118750000000         1.407527870156707E-009
   43.9256250000000         1.432941105242295E-009
   44.1393750000000         1.457899031346138E-009
   44.3531250000000         1.482487516575459E-009
   44.5668750000000         1.506730232058249E-009
   44.7806250000000         1.530553545222919E-009
   44.9943750000000         1.553782624353931E-009
   45.2081250000000         1.576163135834849E-009
   45.4218750000000         1.597404854893962E-009
   45.6356250000000         1.617233399704485E-009
   45.8493750000000         1.635440544408614E-009
   46.0631250000000         1.651923211945530E-009
   46.2768750000000         1.666693315637424E-009
   46.4906250000000         1.679862529170716E-009
   46.7043750000000         1.691602167703465E-009
   46.9181250000000         1.702081455378054E-009
   47.1318750000000         1.711408090187806E-009
   47.3456250000000         1.719575653597677E-009
   47.5593750000000         1.726434498163488E-009
   47.7731250000000         1.731695871545031E-009
   47.9868750000000         1.734980854006705E-009
   48.2006250000000         1.735889181210788E-009
   48.4143750000000         1.734100394891057E-009
   48.6281250000000         1.729478761809898E-009
   48.8418750000000         1.722159589762063E-009
   49.0556250000000         1.712614685778121E-009
   49.2693750000000         1.701667869236728E-009
   49.4831250000000         1.690461326862136E-009
   49.6968750000000         1.680375209048760E-009
   49.9106250000000         1.672908467547614E-009
   50.1243750000000         1.669528821190447E-009
   50.3381250000000         1.671526255370628E-009
   50.5518750000000         1.679877531784621E-009
   50.7656250000000         1.695143387181345E-009
   50.9793750000000         1.717412347529666E-009
   51.1931250000000         1.746301478834304E-009
   51.4068750000000         1.781001914662518E-009
   51.6206250000000         1.820374292249812E-009
   51.8343750000000         1.863063882548707E-009
   52.0481250000000         1.907636717503505E-009
   52.2618750000000         1.952701226309078E-009
   52.4756250000000         1.997006296619728E-009
   52.6893750000000         2.039509011051827E-009
   52.9031250000000         2.079396962432372E-009
   53.1168750000000         2.116077844064041E-009
   53.3306250000000         2.149128523935340E-009
   53.5443750000000         2.178233497155417E-009
   53.7581250000000         2.203114893955546E-009
   53.9718750000000         2.223479033900350E-009
   54.1856250000000         2.238987118075226E-009
   54.3993750000000         2.249259497104722E-009
   54.6131250000000         2.253917803732476E-009
   54.8268750000000         2.252656831761591E-009
   55.0406250000000         2.245335084776893E-009
   55.2543750000000         2.232065679140785E-009
   55.4681250000000         2.213290507821211E-009
   55.6818750000000         2.189821067095360E-009
   55.8956250000000         2.162824619881258E-009
   56.1093750000000         2.133765100481440E-009
   56.3231250000000         2.104290614416138E-009
   56.5368750000000         2.076086325534397E-009
   56.7506250000000         2.050707923510745E-009
   56.9643750000000         2.029430824942133E-009
   57.1781250000000         2.013129308203166E-009
   57.3918750000000         2.002209979914026E-009
   57.6056250000000         1.996611551946643E-009
   57.8193750000000         1.995868995892462E-009
   58.0331250000000         1.999240595038626E-009
   58.2468750000000         2.005860193395430E-009
   58.4606250000000         2.014901876654746E-009
   58.6743750000000         2.025719289939628E-009
   58.8881250000000         2.037946616842684E-009
   59.1018750000000         2.051528443785082E-009
   59.3156250000000         2.066689428721150E-009
   59.5293750000000         2.083852268456885E-009
   59.7431250000000         2.103512035310773E-009
   59.9568750000000         2.126115308382260E-009
   60.1706250000000         2.151945824672442E-009
   60.3843750000000         2.181080908107378E-009
   60.5981250000000         2.213378883354970E-009
   60.8118750000000         2.248550930471216E-009
   61.0256250000000         2.286271454552009E-009
   61.2393750000000         2.326301171707383E-009
   61.4531250000000         2.368621822372938E-009
   61.6668750000000         2.413500200994080E-009
   61.8806250000000         2.461505099426719E-009
   62.0943750000000         2.513436301784610E-009
   62.3081250000000         2.570174844088609E-009
   62.5218750000000         2.632481619061052E-009
   62.7356250000000         2.700767172315611E-009
   62.9493750000000         2.774874074444933E-009
   63.1631250000000         2.853925398017273E-009
   63.3768750000000         2.936248099324718E-009
   63.5906250000000         3.019403154564247E-009
   63.8043750000000         3.100325386653827E-009
   64.0181250000000         3.175541050261755E-009
   64.2318750000000         3.241445786521192E-009
   64.4456250000000         3.294598599068860E-009
   64.6593750000000         3.331991704138564E-009
   64.8731250000000         3.351266367306676E-009
   65.0868750000000         3.350853886881278E-009
   65.3006250000000         3.330042334815579E-009
   65.5143750000000         3.288965837674429E-009
   65.7281250000000         3.228557988923132E-009
   65.9418750000000         3.150471402147465E-009
   66.1556250000000         3.057008292881604E-009
   66.3693750000000         2.951059730500791E-009
   66.5831250000000         2.836054619928287E-009
   66.7968750000000         2.715940675482814E-009
   67.0106250000000         2.595117561690628E-009
   67.2243750000000         2.478362630471187E-009
   67.4381250000000         2.370682883987646E-009
   67.6518750000000         2.277101552036411E-009
   67.8656250000000         2.202375568385674E-009
   68.0793750000000         2.150660651290255E-009
   68.2931250000000         2.125177014318143E-009
   68.5068750000000         2.127885532115481E-009
   68.7206250000000         2.159262286717961E-009
   68.9343750000000         2.218176009395304E-009
   69.1481250000000         2.301921061283243E-009
   69.3618750000000         2.406398487710987E-009
   69.5756250000000         2.526434998962492E-009
   69.7893750000000         2.656193209028316E-009
   70.0031250000000         2.789649842485813E-009
   70.2168750000000         2.921053847851269E-009
   70.4306250000000         3.045330626928384E-009
   70.6443750000000         3.158396217701019E-009
   70.8581250000000         3.257343240600140E-009
   71.0718750000000         3.340500416196282E-009
   71.2856250000000         3.407392551129240E-009
   71.4993750000000         3.458608231681205E-009
   71.7131250000000         3.495625873509445E-009
   71.9268750000000         3.520622178648540E-009
   72.1406250000000         3.536290039668442E-009
   72.3543750000000         3.545672687982524E-009
   72.5681250000000         3.552019870285873E-009
   72.7818750000000         3.558652298840924E-009
   72.9956250000000         3.568809431425333E-009
   73.2093750000000         3.585474049600564E-009
   73.4231250000000         3.611156209954467E-009
   73.6368750000000         3.647644788054190E-009
   73.8506250000000         3.695735930153809E-009
   74.0643750000000         3.754965521888790E-009
   74.2781250000000         3.823389150434809E-009
   74.4918750000000         3.897436011685026E-009
   74.7056250000000         3.971866972102855E-009
   74.9193750000000         4.039873842487976E-009
   75.1331250000000         4.093289815999176E-009
   75.3468750000000         4.122936985679359E-009
   75.5606250000000         4.119049450981471E-009
   75.7743750000000         4.071753149305355E-009
   75.9881250000000         3.971541937282260E-009
   76.2018750000000         3.809732746456688E-009
   76.4156250000000         3.578840558190345E-009
   76.6293750000000         3.272866610863003E-009
   76.8431250000000         2.887505642811315E-009
   77.0568750000000         2.420251120161517E-009
   77.2706250000000         1.870439267370583E-009
   77.4843750000000         1.239235876304931E-009
   77.6981250000000         5.296087857104392E-010
   77.9118750000000        -2.537440376178712E-010
   78.1256250000000        -1.104439073581715E-009
   78.3393750000000        -2.014487436061397E-009
   78.5531250000000        -2.974372925151138E-009
   78.7668750000000        -3.973171920049502E-009
   78.9806250000000        -4.998692312790069E-009
   79.1943750000000        -6.037673583138148E-009
   79.4081250000000        -7.076031042603131E-009
   79.6218750000000        -8.099149462213855E-009
   79.8356250000000        -9.092212508168428E-009
   80.0493750000000        -1.004055386494148E-008
   80.2631250000000        -1.093002354491135E-008
   80.4768750000000        -1.174733868214097E-008
   80.6906250000000        -1.248040966789662E-008
   80.9043750000000        -1.311863986447550E-008
   81.1181250000000        -1.365318236099804E-008
   81.3318750000000        -1.407715011627382E-008
   81.5456250000000        -1.438578307706977E-008
   81.7593750000000        -1.457656937931458E-008
   81.9731250000000        -1.464931981342526E-008
   82.1868750000000        -1.460618639915409E-008
   82.4006250000000        -1.445162654956031E-008
   82.6143750000000        -1.419231225437229E-008
   82.8281250000000        -1.383695388997096E-008
   83.0418750000000        -1.339608539725100E-008
   83.2556250000000        -1.288175805911088E-008
   83.4693750000000        -1.230719067004026E-008
   83.6831250000000        -1.168637182003240E-008
   83.8968750000000        -1.103362415600334E-008
   84.1106250000000        -1.036317515526050E-008
   84.3243750000000        -9.688720131802577E-009
   84.5381250000000        -9.023033981973533E-009
   84.7518750000000        -8.377620830561806E-009
   84.9656250000000        -7.762433359745812E-009
   85.1793750000000        -7.185665755332299E-009
   85.3931250000000        -6.653625740047495E-009
   85.6068750000000        -6.170686839033842E-009
   85.8206250000000        -5.739304065045333E-009
   86.0343750000000        -5.360116824086138E-009
   86.2481250000000        -5.032079261310513E-009
   86.4618750000000        -4.752646858736996E-009
   86.6756250000000        -4.517983676136013E-009
   86.8893750000000        -4.323185772543798E-009
   87.1031250000000        -4.162502976004773E-009
   87.3168750000000        -4.029566845773384E-009
   87.5306250000000        -3.917591141316122E-009
   87.7443750000000        -3.819583754486007E-009
   87.9581250000000        -3.728539574021921E-009
   88.1718750000000        -3.637647284640176E-009
   88.3856250000000        -3.540481089593269E-009
   88.5993750000000        -3.431227035320045E-009
   88.8131250000000        -3.304893770879775E-009
   89.0268750000000        -3.157539361770288E-009
   89.2406250000000        -2.986487483296814E-009
   89.4543750000000        -2.790509161787486E-009
   89.6681250000000        -2.569955517737983E-009
   89.8818750000000        -2.326824936721289E-009
   90.0956250000000        -2.064730646028885E-009
   90.3093750000000        -1.788770909457133E-009
   90.5231250000000        -1.505280908331010E-009
   90.7368750000000        -1.221505763587638E-009
   90.9506250000000        -9.451732355349365E-010
   91.1643750000000        -6.840336403800029E-010
   91.3781250000000        -4.453944880426586E-010
   91.5918750000000        -2.356674407999201E-010
   91.8056250000000        -6.000487775741826E-011
   92.0193750000000         7.798060284731134E-011
   92.2331250000000         1.763758041409795E-010
   92.4468750000000         2.349968524241354E-010
   92.6606250000000         2.553133108996987E-010
   92.8743750000000         2.402599150710282E-010
   93.0881250000000         1.939752721726422E-010
   93.3018750000000         1.214884559161941E-010
   93.5156250000000         2.837319291805075E-011
   93.7293750000000        -7.959395254679910E-011
   93.9431250000000        -1.967726806339877E-010
   94.1568750000000        -3.179630254081515E-010
   94.3706250000000        -4.386780887449986E-010
   94.5843750000000        -5.553825520795145E-010
   94.7981250000000        -6.656699101183512E-010
   95.0118750000000        -7.683985872994462E-010
   95.2256250000000        -8.637540323485304E-010
   95.4393750000000        -9.532430770572611E-010
   95.6531250000000        -1.039594017214667E-009
   95.8668750000000        -1.126586264597562E-009
   96.0806250000000        -1.218765001259949E-009
   96.2943750000000        -1.321106204665596E-009
   96.5081250000000        -1.438603762070998E-009
   96.7218750000000        -1.575822715423084E-009
   96.9356250000000        -1.736456537196589E-009
   97.1493750000000        -1.922920994216499E-009
   97.3631250000000        -2.136003483019193E-009
   97.5768750000000        -2.374622937246020E-009
   97.7906250000000        -2.635709360543151E-009
   98.0043750000000        -2.914201055308664E-009
   98.2181250000000        -3.203190457973400E-009
   98.4318750000000        -3.494187704326918E-009
   98.6456250000000        -3.777486772586129E-009
   98.8593750000000        -4.042622359717817E-009
   99.0731250000000        -4.278889957074941E-009
   99.2868750000000        -4.475891691780022E-009
   99.5006250000000        -4.624093184060405E-009
   99.7143750000000        -4.715360494658801E-009
   99.9281250000000        -4.743440267066908E-009
   100.141875000000        -4.704375913286844E-009
   100.355625000000        -4.596825622086511E-009
   100.569375000000        -4.422250361246039E-009
   100.783125000000        -4.184959960156380E-009
   100.996875000000        -3.892018334988778E-009
   101.210625000000        -3.552978706630412E-009
   101.424375000000        -3.179473735564876E-009
   101.638125000000        -2.784669582359768E-009
   101.851875000000        -2.382629611475219E-009
   102.065625000000        -1.987611265975406E-009
   102.279375000000        -1.613352036688911E-009
   102.493125000000        -1.272392603010454E-009
   102.706875000000        -9.754853344122552E-010
   102.920625000000        -7.311114313696748E-010
   103.134375000000        -5.451563907409742E-010
   103.348125000000        -4.207286276493373E-010
   103.561875000000        -3.581451368119069E-010
   103.775625000000        -3.550502688283815E-010
   103.989375000000        -4.066691160314410E-010
   104.203125000000        -5.061512795762702E-010
   104.416875000000        -6.449977552722210E-010
   104.630625000000        -8.135244225849458E-010
   104.844375000000        -1.001370073686911E-009
   105.058125000000        -1.198001563471333E-009
   105.271875000000        -1.393223106350612E-009
   105.485625000000        -1.577649048177890E-009
   105.699375000000        -1.743146844564807E-009
   105.913125000000        -1.883200992799130E-009
   106.126875000000        -1.993199069159055E-009
   106.340625000000        -2.070606146754538E-009
   106.554375000000        -2.115000987713497E-009
   106.768125000000        -2.127983794431942E-009
   106.981875000000        -2.112942066718790E-009
   107.195625000000        -2.074680713319022E-009
   107.409375000000        -2.018965699775941E-009
   107.623125000000        -1.952007807292535E-009
   107.836875000000        -1.879917660163824E-009
   108.050625000000        -1.808230771321415E-009
   108.264375000000        -1.741486338633617E-009
   108.478125000000        -1.682949356425482E-009
   108.691875000000        -1.634472096693423E-009
   108.905625000000        -1.596496360001919E-009
   109.119375000000        -1.568214094762500E-009
   109.333125000000        -1.547811970143177E-009
   109.546875000000        -1.532811674070213E-009
   109.760625000000        -1.520425322566569E-009
   109.974375000000        -1.507910091301540E-009
   110.188125000000        -1.492878957106603E-009
   110.401875000000        -1.473516859165905E-009
   110.615625000000        -1.448751773230945E-009
   110.829375000000        -1.418302652778942E-009
   111.043125000000        -1.382667944884364E-009
   111.256875000000        -1.343040737617319E-009
   111.470625000000        -1.301174012860298E-009
   111.684375000000        -1.259209714964782E-009
   111.898125000000        -1.219486768575352E-009
   112.111875000000        -1.184351113793085E-009
   112.325625000000        -1.155948386597179E-009
   112.539375000000        -1.136048483828174E-009
   112.753125000000        -1.125866391964432E-009
   112.966875000000        -1.125938546999559E-009
   113.180625000000        -1.136020074269120E-009
   113.394375000000        -1.155048896977449E-009
   113.608125000000        -1.181172859095336E-009
   113.821875000000        -1.211853921880031E-009
   114.035625000000        -1.244046534078012E-009
   114.249375000000        -1.274451605950459E-009
   114.463125000000        -1.299820173570412E-009
   114.676875000000        -1.317292788947443E-009
   114.890625000000        -1.324732714591895E-009
   115.104375000000        -1.321020356254885E-009
   115.318125000000        -1.306274166577218E-009
   115.531875000000        -1.281963060071263E-009
   115.745625000000        -1.250891602613473E-009
   115.959375000000        -1.217054760140977E-009
   116.173125000000        -1.185349605151303E-009
   116.386875000000        -1.161197161097801E-009
   116.600625000000        -1.150082955857417E-009
   116.814375000000        -1.157064008825202E-009
   117.028125000000        -1.186308259210752E-009
   117.241875000000        -1.240697714842605E-009
   117.455625000000        -1.321523342698638E-009
   117.669375000000        -1.428337110578096E-009
   117.883125000000        -1.558936570507734E-009
   118.096875000000        -1.709491018147077E-009
   118.310625000000        -1.874809884897726E-009
   118.524375000000        -2.048694119970510E-009
   118.738125000000        -2.224348951844526E-009
   118.951875000000        -2.394818441970215E-009
   119.165625000000        -2.553387131976277E-009
   119.379375000000        -2.693929613351394E-009
   119.593125000000        -2.811178941216765E-009
   119.806875000000        -2.900901973226970E-009
   120.020625000000        -2.959990413015837E-009
   120.234375000000        -2.986462514839481E-009
   120.448125000000        -2.979417800324597E-009
   120.661875000000        -2.938952817038415E-009
   120.875625000000        -2.866074576272092E-009
   121.089375000000        -2.762599227416683E-009
   121.303125000000        -2.631102451524908E-009
   121.516875000000        -2.474865444561419E-009
   121.730625000000        -2.297855377077548E-009
   121.944375000000        -2.104690046697186E-009
   122.158125000000        -1.900610808820242E-009
   122.371875000000        -1.691408695950210E-009
   122.585625000000        -1.483313940860399E-009
   122.799375000000        -1.282834453448461E-009
   123.013125000000        -1.096534578548904E-009
   123.226875000000        -9.307748082550108E-010
   123.440625000000        -7.914273560527267E-010
   123.654375000000        -6.835633333987338E-010
   123.868125000000        -6.111739111059354E-010
   124.081875000000        -5.769120044094633E-010
   124.295625000000        -5.818879732500013E-010
   124.509375000000        -6.255340837232795E-010
   124.723125000000        -7.055464155875499E-010
   124.936875000000        -8.178906728194008E-010
   125.150625000000        -9.569066080651842E-010
   125.364375000000        -1.115472764028884E-009
   125.578125000000        -1.285242461839800E-009
   125.791875000000        -1.456957256732388E-009
   126.005625000000        -1.620806956475587E-009
   126.219375000000        -1.766843536591150E-009
   126.433125000000        -1.885439983903787E-009
   126.646875000000        -1.967764432594345E-009
   126.860625000000        -2.006259376824081E-009
   127.074375000000        -1.995098749342682E-009
   127.288125000000        -1.930585676332635E-009
   127.501875000000        -1.811465347762358E-009
   127.715625000000        -1.639133662502837E-009
   127.929375000000        -1.417684497809777E-009
   128.143125000000        -1.153829272594745E-009
   128.356875000000        -8.566381825531734E-010
   128.570625000000        -5.371528778339469E-010
   128.784375000000        -2.078634299709675E-010
   128.998125000000         1.179029119030371E-010
   129.211875000000         4.266411576215270E-010
   129.425625000000         7.053453970490175E-010
   129.639375000000         9.421467687999934E-010
   129.853125000000         1.126885181262513E-009
   130.066875000000         1.251591152936270E-009
   130.280625000000         1.310831296234746E-009
   130.494375000000         1.301948799097248E-009
   130.708125000000         1.225151132658559E-009
   130.921875000000         1.083478876841216E-009
   131.135625000000         8.826358746351282E-010
   131.349375000000         6.307272165574391E-010
   131.563125000000         3.378758358792655E-010
   131.776875000000         1.576617357394131E-011
   131.990625000000        -3.228811668935548E-010
   132.204375000000        -6.648758484480875E-010
   132.418125000000        -9.971543452923122E-010
   132.631875000000        -1.307341324882149E-009
   132.845625000000        -1.584296119597170E-009
   133.059375000000        -1.818579594686582E-009
   133.273125000000        -2.002827946660580E-009
   133.486875000000        -2.132020988539758E-009
   133.700625000000        -2.203623173346284E-009
   133.914375000000        -2.217606403821387E-009
   134.128125000000        -2.176358605384321E-009
   134.341875000000        -2.084496105951606E-009
   134.555625000000        -1.948590070281487E-009
   134.769375000000        -1.776852258892518E-009
   134.983125000000        -1.578769947253979E-009
   135.196875000000        -1.364737272971246E-009
   135.410625000000        -1.145672205736823E-009
   135.624375000000        -9.326433147092253E-010
   135.838125000000        -7.364979703977270E-010
   136.051875000000        -5.675131859539265E-010
   136.265625000000        -4.350439922568233E-010
   136.479375000000        -3.472100977058209E-010
   136.693125000000        -3.106089502402535E-010
   136.906875000000        -3.300669119381944E-010
   137.120625000000        -4.084684417466392E-010
   137.334375000000        -5.466477997357380E-010
   137.548125000000        -7.433778107356623E-010
   137.761875000000        -9.954418611240303E-010
   137.975625000000        -1.297811185787187E-009
   138.189375000000        -1.643881920886783E-009
   138.403125000000        -2.025777424702796E-009
   138.616875000000        -2.434694620146233E-009
   138.830625000000        -2.861243628571665E-009
   139.044375000000        -3.295794643833623E-009
   139.258125000000        -3.728771533678718E-009
   139.471875000000        -4.150933777185193E-009
   139.685625000000        -4.553594063445079E-009
   139.899375000000        -4.928817246082042E-009
   140.113125000000        -5.269577945275314E-009
   140.326875000000        -5.569914094276542E-009
   140.540625000000        -5.825059684229762E-009
   140.754375000000        -6.031577577439068E-009
   140.968125000000        -6.187478864699514E-009
   141.181875000000        -6.292320113605365E-009
   141.395625000000        -6.347268588206254E-009
   141.609375000000        -6.355121286793145E-009
   141.823125000000        -6.320249373053265E-009
   142.036875000000        -6.248486879275032E-009
   142.250625000000        -6.146928510440186E-009
   142.464375000000        -6.023668159135076E-009
   142.678125000000        -5.887468279173288E-009
   142.891875000000        -5.747398171066833E-009
   143.105625000000        -5.612447274894747E-009
   143.319375000000        -5.491140651695300E-009
   143.533125000000        -5.391179894715342E-009
   143.746875000000        -5.319139171630134E-009
   143.960625000000        -5.280191351297481E-009
   144.174375000000        -5.277933960214519E-009
   144.388125000000        -5.314272832074430E-009
   144.601875000000        -5.389390959852326E-009
   144.815625000000        -5.501802476964730E-009
   145.029375000000        -5.648477535358297E-009
   145.243125000000        -5.825046666469132E-009
   145.456875000000        -6.026070593861243E-009
   145.670625000000        -6.245348159563606E-009
   145.884375000000        -6.476279419348902E-009
   146.098125000000        -6.712205081460443E-009
   146.311875000000        -6.946764192168842E-009
   146.525625000000        -7.174189868831678E-009
   146.739375000000        -7.389559622381450E-009
   146.953125000000        -7.588965849904516E-009
   147.166875000000        -7.769614789054107E-009
   147.380625000000        -7.929840568868304E-009
   147.594375000000        -8.069057426185361E-009
   147.808125000000        -8.187667772174298E-009
   148.021875000000        -8.286934228949398E-009
   148.235625000000        -8.368852470959109E-009
   148.449375000000        -8.436023968415238E-009
   148.663125000000        -8.491541661104606E-009
   148.876875000000        -8.538906643948044E-009
   149.090625000000        -8.581933380867478E-009
   149.304375000000        -8.624662777983471E-009
   149.518125000000        -8.671252026664597E-009
   149.731875000000        -8.725844032430585E-009
   149.945625000000        -8.792397581220187E-009
   150.159375000000        -8.874480901501740E-009
   150.373125000000        -8.975068053116221E-009
   150.586875000000        -9.096323118631641E-009
   150.800625000000        -9.239423196146821E-009
   151.014375000000        -9.404433886295421E-009
   151.228125000000        -9.590264336336299E-009
   151.441875000000        -9.794706958980438E-009
   151.655625000000        -1.001457051062268E-008
   151.869375000000        -1.024588697334621E-008
   152.083125000000        -1.048418725552400E-008
   152.296875000000        -1.072480138982409E-008
   152.510625000000        -1.096317378050870E-008
   152.724375000000        -1.119514322711660E-008
   152.938125000000        -1.141719497280130E-008
   153.151875000000        -1.162664976522414E-008
   153.365625000000        -1.182179065955070E-008
   153.579375000000        -1.200193530853638E-008
   153.793125000000        -1.216745315988508E-008
   154.006875000000        -1.231972032802115E-008
   154.220625000000        -1.246104447321595E-008
   154.434375000000        -1.259453479305648E-008
   154.648125000000        -1.272391181423255E-008
   154.861875000000        -1.285328536892325E-008
   155.075625000000        -1.298684902139741E-008
   155.289375000000        -1.312855065798425E-008
   155.503125000000        -1.328170836356187E-008
   155.716875000000        -1.344860438393306E-008
   155.930625000000        -1.363012503803845E-008
   156.144375000000        -1.382542467971630E-008
   156.358125000000        -1.403171151491787E-008
   156.571875000000        -1.424416537715505E-008
   156.785625000000        -1.445602897213466E-008
   156.999375000000        -1.465885108816995E-008
   157.213125000000        -1.484294033643989E-008
   157.426875000000        -1.499791395044930E-008
   157.640625000000        -1.511337875821888E-008
   157.854375000000        -1.517963452624925E-008
   158.068125000000        -1.518834423462507E-008
   158.281875000000        -1.513313569483594E-008
   158.495625000000        -1.501005660121446E-008
   158.709375000000        -1.481785585471882E-008
   158.923125000000        -1.455808282599516E-008
   159.136875000000        -1.423499766281765E-008
   159.350625000000        -1.385533703795570E-008
   159.564375000000        -1.342791476661302E-008
   159.778125000000        -1.296317052892525E-008
   159.991875000000        -1.247264098861144E-008
   160.205625000000        -1.196843876793492E-008
   160.419375000000        -1.146272479398848E-008
   160.633125000000        -1.096722913840418E-008
   160.846875000000        -1.049282403395430E-008
   161.060625000000        -1.004912988719158E-008
   161.274375000000        -9.644193912030972E-009
   161.488125000000        -9.284222874517802E-009
   161.701875000000        -8.973378602924843E-009
   161.915625000000        -8.713643504318566E-009
   162.129375000000        -8.504783469108116E-009
   162.343125000000        -8.344401020178230E-009
   162.556875000000        -8.228102444662600E-009
   162.770625000000        -8.149775845511710E-009
   162.984375000000        -8.101985491701171E-009
   163.198125000000        -8.076452031952324E-009
   163.411875000000        -8.064620267561316E-009
   163.625625000000        -8.058251208848714E-009
   163.839375000000        -8.049988782223605E-009
   164.053125000000        -8.033894238430613E-009
   164.266875000000        -8.005869340333428E-009
   164.480625000000        -7.963923289281529E-009
   164.694375000000        -7.908300491309130E-009
   164.908125000000        -7.841417427005084E-009
   165.121875000000        -7.767620653134989E-009
   165.335625000000        -7.692820574056197E-009
   165.549375000000        -7.623983498746274E-009
   165.763125000000        -7.568573948938622E-009
   165.976875000000        -7.533968143292714E-009
   166.190625000000        -7.526892270097302E-009
   166.404375000000        -7.552930046048752E-009
   166.618125000000        -7.616132433824720E-009
   166.831875000000        -7.718737990769197E-009
   167.045625000000        -7.861026457857039E-009
   167.259375000000        -8.041279168747567E-009
   167.473125000000        -8.255848084968983E-009
   167.686875000000        -8.499319677992578E-009
   167.900625000000        -8.764708046619998E-009
   168.114375000000        -9.043728905338188E-009
   168.328125000000        -9.327065708163615E-009
   168.541875000000        -9.604665291748979E-009
   168.755625000000        -9.866052497255228E-009
   168.969375000000        -1.010062673767090E-008
   169.183125000000        -1.029799399539644E-008
   169.396875000000        -1.044830819276214E-008
   169.610625000000        -1.054259731309746E-008
   169.824375000000        -1.057311794235042E-008
   170.038125000000        -1.053368416795118E-008
   170.251875000000        -1.041996822465494E-008
   170.465625000000        -1.022976424849211E-008
   170.679375000000        -9.963177603356982E-009
   170.893125000000        -9.622747794053131E-009
   171.106875000000        -9.213480082601166E-009
   171.320625000000        -8.742780707835681E-009
   171.534375000000        -8.220306684932427E-009
   171.748125000000        -7.657732277233188E-009
   171.961875000000        -7.068435026849570E-009
   172.175625000000        -6.467117171261959E-009
   172.389375000000        -5.869378335158405E-009
   172.603125000000        -5.291232165011781E-009
   172.816875000000        -4.748581321783447E-009
   173.030625000000        -4.256679906667963E-009
   173.244375000000        -3.829562371085406E-009
   173.458125000000        -3.479488356550139E-009
   173.671875000000        -3.216401805342644E-009
   173.885625000000        -3.047478205704195E-009
   174.099375000000        -2.976727730388367E-009
   174.313125000000        -3.004778699174975E-009
   174.526875000000        -3.128789967637076E-009
   174.740625000000        -3.342570961045382E-009
   174.954375000000        -3.636901314452470E-009
   175.168125000000        -4.000018387392333E-009
   175.381875000000        -4.418271206464862E-009
   175.595625000000        -4.876870067074447E-009
   175.809375000000        -5.360679545693625E-009
   176.023125000000        -5.854998350369953E-009
   176.236875000000        -6.346228209853500E-009
   176.450625000000        -6.822428227880777E-009
   176.664375000000        -7.273681981973397E-009
   176.878125000000        -7.692290982115426E-009
   177.091875000000        -8.072789411725434E-009
   177.305625000000        -8.411808824658388E-009
   177.519375000000        -8.707837288514063E-009
   177.733125000000        -8.960916741461225E-009
   177.946875000000        -9.172312098598362E-009
   178.160625000000        -9.344191916058564E-009
   178.374375000000        -9.479329766656809E-009
   178.588125000000        -9.580853491450479E-009
   178.801875000000        -9.652011882189168E-009
   179.015625000000        -9.695975319472690E-009
   179.229375000000        -9.715651752420456E-009
   179.443125000000        -9.713521396934040E-009
   179.656875000000        -9.691493786199950E-009
   179.870625000000        -9.650796139549174E-009
   180.084375000000        -9.591930668603013E-009
   180.298125000000        -9.514708179206953E-009
   180.511875000000        -9.418363438914939E-009
   180.725625000000        -9.301779646107432E-009
   180.939375000000        -9.163791911851032E-009
   181.153125000000        -9.003536391801006E-009
   181.366875000000        -8.820819350504103E-009
   181.580625000000        -8.616427341396548E-009
   181.794375000000        -8.392351175861890E-009
   182.008125000000        -8.151867369041523E-009
   182.221875000000        -7.899442220080819E-009
   182.435625000000        -7.640479508046960E-009
   182.649375000000        -7.380907468632662E-009
   182.863125000000        -7.126676383568289E-009
   183.076875000000        -6.883190864865843E-009
   183.290625000000        -6.654802796185519E-009
   183.504375000000        -6.444362936211154E-009
   183.718125000000        -6.252931333981986E-009
   183.931875000000        -6.079671623666865E-009
   184.145625000000        -5.921920111774384E-009
   184.359375000000        -5.775443936282810E-009
   184.573125000000        -5.634830836965254E-009
   184.786875000000        -5.493990093249547E-009
   185.000625000000        -5.346699719061649E-009
   185.214375000000        -5.187154740021404E-009
   185.428125000000        -5.010497903590868E-009
   185.641875000000        -4.813268234637944E-009
   185.855625000000        -4.593780885342658E-009
   186.069375000000        -4.352418211320376E-009
   186.283125000000        -4.091789255246397E-009
   186.496875000000        -3.816828778181821E-009
   186.710625000000        -3.534717561099531E-009
   186.924375000000        -3.254708672043225E-009
   187.138125000000        -2.987797639189955E-009
   187.351875000000        -2.746236156990604E-009
   187.565625000000        -2.542900556634106E-009
   187.779375000000        -2.390547047075021E-009
   187.993125000000        -2.300954012491072E-009
   188.206875000000        -2.284061873829786E-009
   188.420625000000        -2.347133928174390E-009
   188.634375000000        -2.494037232921858E-009
   188.848125000000        -2.724729009226644E-009
   189.061875000000        -3.034983536137396E-009
   189.275625000000        -3.416438650573503E-009
   189.489375000000        -3.856937164364829E-009
   189.703125000000        -4.341171146363626E-009
   189.916875000000        -4.851570687170769E-009
   190.130625000000        -5.369350334839808E-009
   190.344375000000        -5.875661651224233E-009
   190.558125000000        -6.352682740418465E-009
   190.771875000000        -6.784644680194945E-009
   190.985625000000        -7.158653793240415E-009
   191.199375000000        -7.465273723272950E-009
   191.413125000000        -7.698862838706234E-009
   191.626875000000        -7.857637295528900E-009
   191.840625000000        -7.943491556839843E-009
   192.054375000000        -7.961615535578557E-009
   192.268125000000        -7.919959022875153E-009
   192.481875000000        -7.828570700471838E-009
   192.695625000000        -7.698889057915098E-009
   192.909375000000        -7.543014837342079E-009
   193.123125000000        -7.373002609832874E-009
   193.336875000000        -7.200193412863110E-009
   193.550625000000        -7.034645737521938E-009
   193.764375000000        -6.884637850631269E-009
   193.978125000000        -6.756303101536199E-009
   194.191875000000        -6.653377893120645E-009
   194.405625000000        -6.577091817469525E-009
   194.619375000000        -6.526185607684590E-009
   194.833125000000        -6.497086617233310E-009
   195.046875000000        -6.484184471850137E-009
   195.260625000000        -6.480237732214029E-009
   195.474375000000        -6.476865931170236E-009
   195.688125000000        -6.465096261242655E-009
   195.901875000000        -6.435949010299545E-009
   196.115625000000        -6.381017868073261E-009
   196.329375000000        -6.293017613654274E-009
   196.543125000000        -6.166272313607018E-009
   196.756875000000        -5.997109744017446E-009
   196.970625000000        -5.784156897852267E-009
   197.184375000000        -5.528503637682211E-009
   197.398125000000        -5.233725106905962E-009
   197.611875000000        -4.905777314175170E-009
   197.825625000000        -4.552729548779929E-009
   198.039375000000        -4.184386360719623E-009
   198.253125000000        -3.811778723080121E-009
   198.466875000000        -3.446564411100700E-009
   198.680625000000        -3.100394333041210E-009
   198.894375000000        -2.784234863870628E-009
   199.108125000000        -2.507752915836355E-009
   199.321875000000        -2.278770333313313E-009
   199.535625000000        -2.102854949110178E-009
   199.749375000000        -1.983052601972086E-009
   199.963125000000        -1.919844472636137E-009
   200.176875000000        -1.911246279613576E-009
   200.390625000000        -1.953136564934092E-009
   200.604375000000        -2.039695838284916E-009
   200.818125000000        -2.163977288939868E-009
   201.031875000000        -2.318518758841161E-009
   201.245625000000        -2.495957824499752E-009
   201.459375000000        -2.689582606835042E-009
   201.673125000000        -2.893781584389840E-009
   201.886875000000        -3.104340191596049E-009
   202.100625000000        -3.318579725919338E-009
   202.314375000000        -3.535321601468244E-009
   202.528125000000        -3.754709061014875E-009
   202.741875000000        -3.977867791948729E-009
   202.955625000000        -4.206494885144268E-009
   203.169375000000        -4.442383916821173E-009
   203.383125000000        -4.686926824109740E-009
   203.596875000000        -4.940664221678764E-009
   203.810625000000        -5.202902024998425E-009
   204.024375000000        -5.471439268488203E-009
   204.238125000000        -5.742417196168116E-009
   204.451875000000        -6.010336546146450E-009
   204.665625000000        -6.268206377385715E-009
   204.879375000000        -6.507854236348209E-009
   205.093125000000        -6.720362984024109E-009
   205.306875000000        -6.896602830540542E-009
   205.520625000000        -7.027836808412851E-009
   205.734375000000        -7.106341897138427E-009
   205.948125000000        -7.126014430507219E-009
   206.161875000000        -7.082897086155796E-009
   206.375625000000        -6.975608973207118E-009
   206.589375000000        -6.805615033495834E-009
   206.803125000000        -6.577330379825363E-009
   207.016875000000        -6.298042227161715E-009
   207.230625000000        -5.977638605044430E-009
   207.444375000000        -5.628164830209268E-009
   207.658125000000        -5.263220630409046E-009
   207.871875000000        -4.897237682311650E-009
   208.085625000000        -4.544703853817775E-009
   208.299375000000        -4.219318956856562E-009
   208.513125000000        -3.933208416919303E-009
   208.726875000000        -3.696195976583022E-009
   208.940625000000        -3.515205148455248E-009
   209.154375000000        -3.393829592378171E-009
   209.368125000000        -3.332115004001611E-009
   209.581875000000        -3.326559278922639E-009
   209.795625000000        -3.370346608713692E-009
   210.009375000000        -3.453819416125049E-009
   210.223125000000        -3.565134734526048E-009
   210.436875000000        -3.691084869601967E-009
   210.650625000000        -3.818016433907461E-009
   210.864375000000        -3.932787362543059E-009
   211.078125000000        -4.023675304546278E-009
   211.291875000000        -4.081193057657272E-009
   211.505625000000        -4.098728455317674E-009
   211.719375000000        -4.072979892141130E-009
   211.933125000000        -4.004158631613263E-009
   212.146875000000        -3.895931159084225E-009
   212.360625000000        -3.755132356834496E-009
   212.574375000000        -3.591274903409806E-009
   212.788125000000        -3.415886588521129E-009
   213.001875000000        -3.241731949177300E-009
   213.215625000000        -3.081969456461136E-009
   213.429375000000        -2.949296702012058E-009
   213.643125000000        -2.855131509935816E-009
   213.856875000000        -2.808865226582329E-009
   214.070625000000        -2.817240248718433E-009
   214.284375000000        -2.883864338047273E-009
   214.498125000000        -3.008896864084157E-009
   214.711875000000        -3.188920519583795E-009
   214.925625000000        -3.417022327375476E-009
   215.139375000000        -3.683067850100512E-009
   215.353125000000        -3.974180507736398E-009
   215.566875000000        -4.275406238895704E-009
   215.780625000000        -4.570533823882738E-009
   215.994375000000        -4.842991125584375E-009
   216.208125000000        -5.076829997860310E-009
   216.421875000000        -5.257664060476235E-009
   216.635625000000        -5.373533386050955E-009
   216.849375000000        -5.415612812399087E-009
   217.063125000000        -5.378723859977655E-009
   217.276875000000        -5.261598580232821E-009
   217.490625000000        -5.066888772452296E-009
   217.704375000000        -4.800935016661612E-009
   217.918125000000        -4.473314942866099E-009
   218.131875000000        -4.096191624629751E-009
   218.345625000000        -3.683592293210005E-009
   218.559375000000        -3.250582148833388E-009
   218.773125000000        -2.812466852024805E-009
   218.986875000000        -2.384033197393980E-009
   219.200625000000        -1.978883479410639E-009
   219.414375000000        -1.608883307697437E-009
   219.628125000000        -1.283739672166498E-009
   219.841875000000        -1.010710415383931E-009
   220.055625000000        -7.944407710218740E-010
   220.269375000000        -6.369454644656793E-010
   220.483125000000        -5.376963530368309E-010
   220.696875000000        -4.938377794794919E-010
   220.910625000000        -5.005094981953833E-010
   221.124375000000        -5.512779227019632E-010
   221.338125000000        -6.386400368862305E-010
   221.551875000000        -7.546055595360976E-010
   221.765625000000        -8.913039157850616E-010
   221.979375000000        -1.041576128202363E-009
   222.193125000000        -1.199543083131316E-009
   222.406875000000        -1.361044524135521E-009
   222.620625000000        -1.523969409863377E-009
   222.834375000000        -1.688411480727349E-009
   223.048125000000        -1.856637877750327E-009
   223.261875000000        -2.032858897223701E-009
   223.475625000000        -2.222833120110028E-009
   223.689375000000        -2.433309735156058E-009
   223.903125000000        -2.671352026284435E-009
   224.116875000000        -2.943608342641193E-009
   224.330625000000        -3.255550348167160E-009
   224.544375000000        -3.610743457065181E-009
   224.758125000000        -4.010219361413279E-009
   224.971875000000        -4.451964150043607E-009
   225.185625000000        -4.930573625206806E-009
   225.399375000000        -5.437120055956473E-009
   225.613125000000        -5.959222101839304E-009
   225.826875000000        -6.481372197201157E-009
   226.040625000000        -6.985485589045805E-009
   226.254375000000        -7.451676228296142E-009
   226.468125000000        -7.859230845965889E-009
   226.681875000000        -8.187717996038554E-009
   226.895625000000        -8.418195963678727E-009
   227.109375000000        -8.534422834069453E-009
   227.323125000000        -8.523978149230033E-009
   227.536875000000        -8.379238953853700E-009
   227.750625000000        -8.098096189494996E-009
   227.964375000000        -7.684348875695991E-009
   228.178125000000        -7.147757487699584E-009
   228.391875000000        -6.503696487690562E-009
   228.605625000000        -5.772462700424160E-009
   228.819375000000        -4.978238730467966E-009
   229.033125000000        -4.147806288622270E-009
   229.246875000000        -3.309098270103064E-009
   229.460625000000        -2.489671657985617E-009
   229.674375000000        -1.715208885169181E-009
   229.888125000000        -1.008154584170092E-009
   230.101875000000        -3.865677838549117E-010
   230.315625000000         1.367814349125232E-010
   230.529375000000         5.549465359337075E-010
   230.743125000000         8.670233375652232E-010
   230.956875000000         1.078002992936147E-009
   231.170625000000         1.198279637526778E-009
   231.384375000000         1.242835832641322E-009
   231.598125000000         1.230167974027419E-009
   231.811875000000         1.180970512822250E-009
   232.025625000000         1.116711329950515E-009
   232.239375000000         1.058096092587019E-009
   232.453125000000         1.023588404624927E-009
   232.666875000000         1.028046625844260E-009
   232.880625000000         1.081560669955143E-009
   233.094375000000         1.188616491601270E-009
   233.308125000000         1.347618123061915E-009
   233.521875000000         1.550838942159253E-009
   233.735625000000         1.784818539702896E-009
   233.949375000000         2.031192447790524E-009
   234.163125000000         2.267894435681434E-009
   234.376875000000         2.470659417985238E-009
   234.590625000000         2.614732415312862E-009
   234.804375000000         2.676623263838180E-009
   235.018125000000         2.635820612112776E-009
   235.231875000000         2.476319041722730E-009
   235.445625000000         2.187839761744837E-009
   235.659375000000         1.766685456336589E-009
   235.873125000000         1.216161890590424E-009
   236.086875000000         5.465402742855020E-010
   236.300625000000        -2.254248519222779E-010
   236.514375000000        -1.077374504899275E-009
   236.728125000000        -1.982565875396643E-009
   236.941875000000        -2.911352716001122E-009
   237.155625000000        -3.832818797648014E-009
   237.369375000000        -4.716461558755209E-009
   237.583125000000        -5.533839007971901E-009
   237.796875000000        -6.260056887327112E-009
   238.010625000000        -6.875029766730036E-009
   238.224375000000        -7.364431844264202E-009
   238.438125000000        -7.720278202316834E-009
   238.651875000000        -7.941127958666798E-009
   238.865625000000        -8.031862977797890E-009
   239.079375000000        -8.003114045289208E-009
   239.293125000000        -7.870323928782272E-009
   239.506875000000        -7.652563527948933E-009
   239.720625000000        -7.371151023265010E-009
   239.934375000000        -7.048201107675877E-009
   240.148125000000        -6.705189413109691E-009
   240.361875000000        -6.361639479151492E-009
   240.575625000000        -6.034013176250049E-009
   240.789375000000        -5.734880977263807E-009
   241.003125000000        -5.472402141645907E-009
   241.216875000000        -5.250149489140337E-009
   241.430625000000        -5.067261693387357E-009
   241.644375000000        -4.918874093209220E-009
   241.858125000000        -4.796813558071669E-009
   242.071875000000        -4.690458707545720E-009
   242.285625000000        -4.587712298258424E-009
   242.499375000000        -4.476000448079280E-009
   242.713125000000        -4.343249430746383E-009
   242.926875000000        -4.178757876911604E-009
   243.140625000000        -3.973934565745223E-009
   243.354375000000        -3.722854626784007E-009
   243.568125000000        -3.422620732783912E-009
   243.781875000000        -3.073505947232470E-009
   243.995625000000        -2.678902102098433E-009
   244.209375000000        -2.245075018166690E-009
   244.423125000000        -1.780745021318986E-009
   244.636875000000        -1.296544814198931E-009
   244.850625000000        -8.043905175003486E-010
   245.064375000000        -3.167945982419539E-010
   245.278125000000         1.538173303866296E-010
   245.491875000000         5.957299941398404E-010
   245.705625000000         9.984926474861617E-010
   245.919375000000         1.353349557691117E-009
   246.133125000000         1.653514741545945E-009
   246.346875000000         1.894324460471965E-009
   246.560625000000         2.073224929308784E-009
   246.774375000000         2.189629451349264E-009
   246.988125000000         2.244689128031701E-009
   247.201875000000         2.240978210661323E-009
   247.415625000000         2.182156037583265E-009
   247.629375000000         2.072630156079005E-009
   247.843125000000         1.917254226099801E-009
   248.056875000000         1.721080277950182E-009
   248.270625000000         1.489175445670259E-009
   248.484375000000         1.226516962700294E-009
   248.698125000000         9.379510677802940E-010
   248.911875000000         6.281815903691260E-010
   249.125625000000         3.018058341944652E-010
   249.339375000000        -3.665286459036537E-011
   249.553125000000        -3.827081595802009E-010
   249.766875000000        -7.319235704306985E-010
   249.980625000000        -1.079920691333037E-009
   250.194375000000        -1.422434940924674E-009
   250.408125000000        -1.755383203663700E-009
   250.621875000000        -2.074941873336086E-009
   250.835625000000        -2.377609516030166E-009
   251.049375000000        -2.660264847370392E-009
   251.263125000000        -2.920195562128041E-009
   251.476875000000        -3.155096364218150E-009
   251.690625000000        -3.363066934950711E-009
   251.904375000000        -3.542577413862217E-009
   252.118125000000        -3.692463548739148E-009
   252.331875000000        -3.811928716825391E-009
   252.545625000000        -3.900587417383198E-009
   252.759375000000        -3.958530136429447E-009
   252.973125000000        -3.986421104275756E-009
   253.186875000000        -3.985620880843600E-009
   253.400625000000        -3.958279258212913E-009
   253.614375000000        -3.907396407494110E-009
   253.828125000000        -3.836832944644484E-009
   254.041875000000        -3.751208469479376E-009
   254.255625000000        -3.655720838032701E-009
   254.469375000000        -3.555867635459518E-009
   254.683125000000        -3.457081401870323E-009
   254.896875000000        -3.364341283537054E-009
   255.110625000000        -3.281757734641107E-009
   255.324375000000        -3.212230622877182E-009
   255.538125000000        -3.157196212072432E-009
   255.751875000000        -3.116483658959089E-009
   255.965625000000        -3.088364094456897E-009
   256.179375000000        -3.069717728724589E-009
   256.393125000000        -3.056369441316232E-009
   256.606875000000        -3.043503597514374E-009
   256.820625000000        -3.026159187321519E-009
   257.034375000000        -2.999722069641777E-009
   257.248125000000        -2.960358662551740E-009
   257.461875000000        -2.905407699803281E-009
   257.675625000000        -2.833589126316985E-009
   257.889375000000        -2.745141491419011E-009
   258.103125000000        -2.641794108133958E-009
   258.316875000000        -2.526633766257440E-009
   258.530625000000        -2.403891891803983E-009
   258.744375000000        -2.278627931489450E-009
   258.958125000000        -2.156418145002256E-009
   259.171875000000        -2.042970448239935E-009
   259.385625000000        -1.943783531823421E-009
   259.599375000000        -1.863774691069390E-009
   259.813125000000        -1.806933658348968E-009
   260.026875000000        -1.776008787612891E-009
   260.240625000000        -1.772218119831037E-009
   260.454375000000        -1.795022143423125E-009
   260.668125000000        -1.841965427330687E-009
   260.881875000000        -1.908625242707792E-009
   261.095625000000        -1.988667759175689E-009
   261.309375000000        -2.074057394993057E-009
   261.523125000000        -2.155382990932738E-009
   261.736875000000        -2.222342091088014E-009
   261.950625000000        -2.264298811609097E-009
   262.164375000000        -2.270935967197024E-009
   262.378125000000        -2.232902559006751E-009
   262.591875000000        -2.142449339656352E-009
   262.805625000000        -1.993958000136945E-009
   263.019375000000        -1.784353315408711E-009
   263.233125000000        -1.513359997110976E-009
   263.446875000000        -1.183599733211212E-009
   263.660625000000        -8.005142628505902E-010
   263.874375000000        -3.721594274246253E-010
   264.088125000000         9.112789907215257E-011
   264.301875000000         5.771356816378598E-010
   264.515625000000         1.072239878488438E-009
   264.729375000000         1.561885191155903E-009
   264.943125000000         2.031088513808963E-009
   265.156875000000         2.464925218921311E-009
   265.370625000000         2.848991651289595E-009
   265.584375000000         3.169887739320275E-009
   265.798125000000         3.415638604872211E-009
   266.011875000000         3.576118565671775E-009
   266.225625000000         3.643405169109620E-009
   266.439375000000         3.612107975942432E-009
   266.653125000000         3.479579438279524E-009
   266.866875000000         3.246080335329698E-009
   267.080625000000         2.914791531193303E-009
   267.294375000000         2.491750551170232E-009
   267.508125000000         1.985656650822035E-009
   267.721875000000         1.407592408963822E-009
   267.935625000000         7.706574804895162E-010
   268.149375000000         8.954597776733561E-011
   268.363125000000        -6.199153704793044E-010
   268.576875000000        -1.341236326241673E-009
   268.790625000000        -2.057773795575973E-009
   269.004375000000        -2.753206494944046E-009
   269.218125000000        -3.412025659892417E-009
   269.431875000000        -4.020038511990626E-009
   269.645625000000        -4.564832070441507E-009
   269.859375000000        -5.036240565052615E-009
   270.073125000000        -5.426772335751065E-009
   270.286875000000        -5.731958216258402E-009
   270.500625000000        -5.950614894945062E-009
   270.714375000000        -6.084952753741930E-009
   270.928125000000        -6.140521792935544E-009
   271.141875000000        -6.125972344408016E-009
   271.355625000000        -6.052596925586057E-009
   271.569375000000        -5.933687989948147E-009
   271.783125000000        -5.783746770502615E-009
   271.996875000000        -5.617579747099346E-009
   272.210625000000        -5.449332388486432E-009
   272.424375000000        -5.291570723469051E-009
   272.638125000000        -5.154442464572407E-009
   272.851875000000        -5.045001972841672E-009
   273.065625000000        -4.966726076503989E-009
   273.279375000000        -4.919294570180894E-009
   273.493125000000        -4.898584066074954E-009
   273.706875000000        -4.896950574113837E-009
   273.920625000000        -4.903703361328079E-009
   274.134375000000        -4.905807599836070E-009
   274.348125000000        -4.888706555514473E-009
   274.561875000000        -4.837304391348894E-009
   274.775625000000        -4.736949546821985E-009
   274.989375000000        -4.574471982081619E-009
   275.203125000000        -4.339139776828659E-009
   275.416875000000        -4.023533510008107E-009
   275.630625000000        -3.624237972288634E-009
   275.844375000000        -3.142334129766265E-009
   276.058125000000        -2.583634075283281E-009
   276.271875000000        -1.958611438902404E-009
   276.485625000000        -1.282059494879104E-009
   276.699375000000        -5.724147982027997E-010
   276.913125000000         1.491601126663040E-010
   277.126875000000         8.599123048011186E-010
   277.340625000000         1.536784460399405E-009
   277.554375000000         2.157731156785728E-009
   277.768125000000         2.703014814547289E-009
   277.981875000000         3.156315003763612E-009
   278.195625000000         3.505656175065797E-009
   278.409375000000         3.744001769190134E-009
   278.623125000000         3.869541007242915E-009
   278.836875000000         3.885600229094595E-009
   279.050625000000         3.800264534905269E-009
   279.264375000000         3.625660168214429E-009
   279.478125000000         3.377060924507625E-009
   279.691875000000         3.071809749147449E-009
   279.905625000000         2.728201801315937E-009
   280.119375000000         2.364352910657258E-009
   280.333125000000         1.997173851983913E-009
   280.546875000000         1.641481167562759E-009
   280.760625000000         1.309306919015818E-009
   280.974375000000         1.009413078939059E-009
   281.188125000000         7.470506577189179E-010
   281.401875000000         5.239484801885272E-010
   281.615625000000         3.385108070905691E-010
   281.829375000000         1.862033489501828E-010
   282.043125000000         6.009193811979087E-011
   282.256875000000        -4.849778389522053E-011
   282.470625000000        -1.492806743384738E-010
   282.684375000000        -2.522804760818195E-010
   282.898125000000        -3.671259505093260E-010
   283.111875000000        -5.024285471693384E-010
   283.325625000000        -6.652677633318275E-010
   283.539375000000        -8.607895460981386E-010
   283.753125000000        -1.091977821515363E-009
   283.966875000000        -1.359547680177789E-009
   284.180625000000        -1.662000197001035E-009
   284.394375000000        -1.995792982909746E-009
   284.608125000000        -2.355602359640822E-009
   284.821875000000        -2.734670405107303E-009
   285.035625000000        -3.125184623415375E-009
   285.249375000000        -3.518668049290357E-009
   285.463125000000        -3.906356267253949E-009
   285.676875000000        -4.279544933901437E-009
   285.890625000000        -4.629887106395541E-009
   286.104375000000        -4.949622770197795E-009
   286.318125000000        -5.231764063916686E-009
   286.531875000000        -5.470206743157204E-009
   286.745625000000        -5.659807438744443E-009
   286.959375000000        -5.796399540702134E-009
   287.173125000000        -5.876789038112506E-009
   287.386875000000        -5.898722475677519E-009
   287.600625000000        -5.860850240348092E-009
   287.814375000000        -5.762690735587630E-009
   288.028125000000        -5.604602494210394E-009
   288.241875000000        -5.387773712137778E-009
   288.455625000000        -5.114238879478927E-009
   288.669375000000        -4.786901748407242E-009
   288.883125000000        -4.409590049263733E-009
   289.096875000000        -3.987115252592360E-009
   289.310625000000        -3.525316181470710E-009
   289.524375000000        -3.031121358161299E-009
   289.738125000000        -2.512551553257886E-009
   289.951875000000        -1.978703934609911E-009
   290.165625000000        -1.439677723935870E-009
   290.379375000000        -9.064278698728274E-010
   290.593125000000        -3.905650662627155E-010
   290.806875000000         9.594436901076313E-011
   291.020625000000         5.411162463842510E-010
   291.234375000000         9.334050669851251E-010
   291.448125000000         1.262171383699288E-009
   291.661875000000         1.518214576389481E-009
   291.875625000000         1.694300365106506E-009
   292.089375000000         1.785691594343473E-009
   292.303125000000         1.790597445662272E-009
   292.516875000000         1.710537757616864E-009
   292.730625000000         1.550570604888192E-009
   292.944375000000         1.319348769911047E-009
   293.158125000000         1.028969397003742E-009
   293.371875000000         6.946122859409190E-010
   293.585625000000         3.339668887717826E-010
   293.799375000000        -3.354766184530873E-011
   294.013125000000        -3.877230617927307E-010
   294.226875000000        -7.086098771964427E-010
   294.440625000000        -9.776262825553394E-010
   294.654375000000        -1.178633694753384E-009
   294.868125000000        -1.298926394110348E-009
   295.081875000000        -1.330059033897383E-009
   295.295625000000        -1.268447469513723E-009
   295.509375000000        -1.115719020380473E-009
   295.723125000000        -8.787613751263117E-010
   295.936875000000        -5.694825094709663E-010
   296.150625000000        -2.042802689317739E-010
   296.364375000000         1.967442704934984E-010
   296.578125000000         6.107965427545249E-010
   296.791875000000         1.013541859221732E-009
   297.005625000000         1.380401171170639E-009
   297.219375000000         1.687834165204911E-009
   297.433125000000         1.914624499553889E-009
   297.646875000000         2.043056208925081E-009
   297.860625000000         2.059901941169086E-009
   298.074375000000         1.957214454790805E-009
   298.288125000000         1.732817258120565E-009
   298.501875000000         1.390503648998348E-009
   298.715625000000         9.399066490745649E-010
   298.929375000000         3.960498639843283E-010
   299.143125000000        -2.213962187681226E-010
   299.356875000000        -8.890998911512890E-010
   299.570625000000        -1.581245798447057E-009
   299.784375000000        -2.270823689288529E-009
   299.998125000000        -2.930954728788914E-009
   300.211875000000        -3.536161011576921E-009
   300.425625000000        -4.063552577435930E-009
   300.639375000000        -4.493825169060688E-009
   300.853125000000        -4.812079680076343E-009
   301.066875000000        -5.008393225867223E-009
   301.280625000000        -5.078199913465113E-009
   301.494375000000        -5.022402556194381E-009
   301.708125000000        -4.847311746395391E-009
   301.921875000000        -4.564362679553322E-009
   302.135625000000        -4.189634757927309E-009
   302.349375000000        -3.743218048225341E-009
   302.563125000000        -3.248396816611265E-009
   302.776875000000        -2.730660394823673E-009
   302.990625000000        -2.216598347042009E-009
   303.204375000000        -1.732681251918327E-009
   303.418125000000        -1.303972786080141E-009
   303.631875000000        -9.528374985551372E-010
   303.845625000000        -6.977325363474454E-010
   304.059375000000        -5.521252980068301E-010
   304.273125000000        -5.236750749349618E-010
   304.486875000000        -6.136896416402890E-010
   304.700625000000        -8.169461549168033E-010
   304.914375000000        -1.121906578837262E-009
   305.128125000000        -1.511306523238044E-009
   305.341875000000        -1.963106537910030E-009
   305.555625000000        -2.451719590851336E-009
   305.769375000000        -2.949464852840859E-009
   305.983125000000        -3.428119828195596E-009
   306.196875000000        -3.860475078235749E-009
   306.410625000000        -4.221807355415676E-009
   306.624375000000        -4.491157049790309E-009
   306.838125000000        -4.652364292683422E-009
   307.051875000000        -4.694782147343059E-009
   307.265625000000        -4.613699041080320E-009
   307.479375000000        -4.410368682734438E-009
   307.693125000000        -4.091764364031175E-009
   307.906875000000        -3.670004053898631E-009
   308.120625000000        -3.161538379206876E-009
   308.334375000000        -2.586137566348198E-009
   308.548125000000        -1.965749672122637E-009
   308.761875000000        -1.323277574816388E-009
   308.975625000000        -6.813940053478181E-010
   309.189375000000        -6.142542811396076E-011
   309.403125000000         5.176193116330207E-010
   309.616875000000         1.039797521698077E-009
   309.830625000000         1.492759600821113E-009
   310.044375000000         1.867987135814781E-009
   310.258125000000         2.160790828993629E-009
   310.471875000000         2.370077398936917E-009
   310.685625000000         2.497916328671902E-009
   310.899375000000         2.548983558605697E-009
   311.113125000000         2.529954117293778E-009
   311.326875000000         2.448873974155591E-009
   311.540625000000         2.314597453670110E-009
   311.754375000000         2.136316047876895E-009
   311.968125000000         1.923169868974956E-009
   312.181875000000         1.683992244674175E-009
   312.395625000000         1.427121318027380E-009
   312.609375000000         1.160288514010972E-009
   312.823125000000         8.905176580719371E-010
   313.036875000000         6.240428199850524E-010
   313.250625000000         3.662002317960039E-010
   313.464375000000         1.213075261723619E-010
   313.678125000000        -1.074709343145707E-010
   313.891875000000        -3.182716501943838E-010
   314.105625000000        -5.106147154871392E-010
   314.319375000000        -6.854598808202185E-010
   314.533125000000        -8.451677966084313E-010
   314.746875000000        -9.933784351153378E-010
   314.960625000000        -1.134772340971466E-009
   315.174375000000        -1.274770835641287E-009
   315.388125000000        -1.419148404986456E-009
   315.601875000000        -1.573614800184756E-009
   315.815625000000        -1.743375052894295E-009
   316.029375000000        -1.932732443149232E-009
   316.243125000000        -2.144710209891447E-009
   316.456875000000        -2.380775140760844E-009
   316.670625000000        -2.640637560595843E-009
   316.884375000000        -2.922154655248089E-009
   317.098125000000        -3.221341135977584E-009
   317.311875000000        -3.532488266490405E-009
   317.525625000000        -3.848384440927995E-009
   317.739375000000        -4.160625895231836E-009
   317.953125000000        -4.460000902616652E-009
   318.166875000000        -4.736931176275209E-009
   318.380625000000        -4.981938456775023E-009
   318.594375000000        -5.186107503679890E-009
   318.808125000000        -5.341525471446620E-009
   319.021875000000        -5.441646589160270E-009
   319.235625000000        -5.481580519651341E-009
   319.449375000000        -5.458276070144206E-009
   319.663125000000        -5.370601659253665E-009
   319.876875000000        -5.219332736651987E-009
   320.090625000000        -5.007048743666183E-009
   320.304375000000        -4.737985289854422E-009
   320.518125000000        -4.417865489063742E-009
   320.731875000000        -4.053704412691374E-009
   320.945625000000        -3.653659946094062E-009
   321.159375000000        -3.226886282352977E-009
   321.373125000000        -2.783376888709252E-009
   321.586875000000        -2.333841852297856E-009
   321.800625000000        -1.889502404158647E-009
   322.014375000000        -1.461842572090644E-009
   322.228125000000        -1.062255843107929E-009
   322.441875000000        -7.016093386802046E-010
   322.655625000000        -3.896970979697362E-010
   322.869375000000        -1.346425873510775E-010
   323.083125000000         5.771656523337193E-011
   323.296875000000         1.843936915374103E-010
   323.510625000000         2.456925522381601E-010
   323.724375000000         2.454802550095884E-010
   323.938125000000         1.912006965578116E-010
   324.151875000000         9.361542940717676E-011
   324.365625000000        -3.371028108948875E-011
   324.579375000000        -1.752174951147322E-010
   324.793125000000        -3.143362010021697E-010
   325.006875000000        -4.346162260550229E-010
   325.220625000000        -5.209069640475718E-010
   325.434375000000        -5.604806965816150E-010
   325.648125000000        -5.440187343405138E-010
   325.861875000000        -4.663797162590923E-010
   326.075625000000        -3.270776264436361E-010
   326.289375000000        -1.304528832088361E-010
   326.503125000000         1.145022124487122E-010
   326.716875000000         3.946449033983263E-010
   326.930625000000         6.934585061682372E-010
   327.144375000000         9.920814050282715E-010
   327.358125000000         1.270505650442142E-009
   327.571875000000         1.508850604910564E-009
   327.785625000000         1.688646500115969E-009
   327.999375000000         1.794044778310655E-009
   328.213125000000         1.812846982314224E-009
   328.426875000000         1.737303123316732E-009
   328.640625000000         1.564605713375564E-009
   328.854375000000         1.297064836723670E-009
   329.068125000000         9.419351121878060E-010
   329.281875000000         5.109017690654319E-010
   329.495625000000         1.928618366820220E-011
   329.709375000000        -5.149801227739841E-010
   329.923125000000        -1.072527250966941E-009
   330.136875000000        -1.633772753200574E-009
   330.350625000000        -2.180106935755296E-009
   330.564375000000        -2.694925936426487E-009
   330.778125000000        -3.164486756078907E-009
   330.991875000000        -3.578438807057315E-009
   331.205625000000        -3.930123008176711E-009
   331.419375000000        -4.216494862864191E-009
   331.633125000000        -4.437826739378537E-009
   331.846875000000        -4.597157897544933E-009
   332.060625000000        -4.699572093206546E-009
   332.274375000000        -4.751413676472591E-009
   332.488125000000        -4.759482130207487E-009
   332.701875000000        -4.730309662315205E-009
   332.915625000000        -4.669571757307261E-009
   333.129375000000        -4.581696735986826E-009
   333.343125000000        -4.469673159962089E-009
   333.556875000000        -4.335090332020606E-009
   333.770625000000        -4.178381705949189E-009
   333.984375000000        -3.999231162774096E-009
   334.198125000000        -3.797097745274961E-009
   334.411875000000        -3.571795918087277E-009
   334.625625000000        -3.324056348332692E-009
   334.839375000000        -3.056016619477897E-009
   335.053125000000        -2.771570884046519E-009
   335.266875000000        -2.476539284400931E-009
   335.480625000000        -2.178642631409773E-009
   335.694375000000        -1.887261242722870E-009
   335.908125000000        -1.612995342326136E-009
   336.121875000000        -1.367055213728340E-009
   336.335625000000        -1.160546589953616E-009
   336.549375000000        -1.003667738385960E-009
   336.763125000000        -9.049253409556860E-010
   336.976875000000        -8.703924729094334E-010
   337.190625000000        -9.030824645546866E-010
   337.404375000000        -1.002482425016212E-009
   337.618125000000        -1.164282235722307E-009
   337.831875000000        -1.380326878642327E-009
   338.045625000000        -1.638798071375262E-009
   338.259375000000        -1.924628916705093E-009
   338.473125000000        -2.220138937479154E-009
   338.686875000000        -2.505879795510903E-009
   338.900625000000        -2.761618511912788E-009
   339.114375000000        -2.967457869218596E-009
   339.328125000000        -3.105005178447103E-009
   339.541875000000        -3.158533036167579E-009
   339.755625000000        -3.116061902221872E-009
   339.969375000000        -2.970279329885812E-009
   340.183125000000        -2.719236226291397E-009
