  -1.60312500000000         2.319876420967009E-019
  -1.38937500000000         2.999507324449622E-017
  -1.17562500000000         2.260390544792450E-016
 -0.961875000000000         1.152600389207540E-015
 -0.748125000000000         4.708441248330756E-015
 -0.534375000000000         1.619348285765890E-014
 -0.320625000000000         4.802071642565030E-014
 -0.106875000000000         1.249527616696378E-013
  0.106875000000000         2.897331241955796E-013
  0.320625000000000         6.075498228303376E-013
  0.534375000000000         1.167781244597114E-012
  0.748125000000000         2.081932589504303E-012
  0.961875000000000         3.476678578072787E-012
   1.17562500000000         5.481683150273874E-012
   1.38937500000000         8.211526805117533E-012
   1.60312500000000         1.174598670812560E-011
   1.81687500000000         1.610936745301821E-011
   2.03062500000000         2.125280390598142E-011
   2.24437500000000         2.704513414916817E-011
   2.45812500000000         3.327175075894969E-011
   2.67187500000000         3.964464507839283E-011
   2.88562500000000         4.582331114942483E-011
   3.09937500000000         5.144719304222128E-011
   3.31312500000000         5.617040362074678E-011
   3.52687500000000         5.970505799474184E-011
   3.74062500000000         6.185298061580453E-011
   3.95437500000000         6.253989137510038E-011
   4.16812500000000         6.182209007733936E-011
   4.38187500000000         5.989007336396942E-011
   4.59562500000000         5.705212099263651E-011
   4.80937500000000         5.369341980890888E-011
   5.02312500000000         5.023993181232662E-011
   5.23687500000000         4.710288100793214E-011
   5.45062500000000         4.463327562223311E-011
   5.66437500000000         4.308652045232198E-011
   5.87812500000000         4.259377388851549E-011
   6.09187500000000         4.316092965298429E-011
   6.30562500000000         4.467868172115051E-011
   6.51937500000000         4.694889527650866E-011
   6.73312500000000         4.973361960537509E-011
   6.94687500000000         5.279036159507075E-011
   7.16062500000000         5.592148318925630E-011
   7.37437500000000         5.900323512833625E-011
   7.58812500000000         6.200625104049829E-011
   7.80187500000000         6.499779428634135E-011
   8.01562500000000         6.812319659115247E-011
   8.22937500000000         7.157922762848298E-011
   8.44312500000000         7.557352180431146E-011
   8.65687500000000         8.028807432664723E-011
   8.87062500000000         8.583809768085998E-011
   9.08437500000000         9.225349363245511E-011
   9.29812500000000         9.946109729446198E-011
   9.51187500000000         1.072916551032308E-010
   9.72562500000000         1.154964723323169E-010
   9.93937500000000         1.237731802878760E-010
   10.1531250000000         1.318023299485463E-010
   10.3668750000000         1.392814049500777E-010
   10.5806250000000         1.459475247910392E-010
   10.7943750000000         1.516040692478145E-010
   11.0081250000000         1.561318630029957E-010
   11.2218750000000         1.594858264926436E-010
   11.4356250000000         1.616921309522846E-010
   11.6493750000000         1.628353874151448E-010
   11.8631250000000         1.630480636185470E-010
   12.0768750000000         1.624991178314219E-010
   12.2906250000000         1.613853225868868E-010
   12.5043750000000         1.599322178131465E-010
   12.7181250000000         1.583834156724623E-010
   12.9318750000000         1.570092372731400E-010
   13.1456250000000         1.560944359791131E-010
   13.3593750000000         1.559324308258063E-010
   13.5731250000000         1.568055878611493E-010
   13.7868750000000         1.589649626281090E-010
   14.0006250000000         1.625998885846698E-010
   14.2143750000000         1.678147437375696E-010
   14.4281250000000         1.746029627244834E-010
   14.6418750000000         1.828335489667076E-010
   14.8556250000000         1.922555751947281E-010
   15.0693750000000         2.025080712078984E-010
   15.2831250000000         2.131576035300327E-010
   15.4968750000000         2.237345784039541E-010
   15.7106250000000         2.337913868548530E-010
   15.9243750000000         2.429452139294971E-010
   16.1381250000000         2.509224309288917E-010
   16.3518750000000         2.575859035352446E-010
   16.5656250000000         2.629416115235917E-010
   16.7793750000000         2.671251510070144E-010
   16.9931250000000         2.703754705468909E-010
   17.2068750000000         2.729882549899459E-010
   17.4206250000000         2.752625066918903E-010
   17.6343750000000         2.774633778690587E-010
   17.8481250000000         2.797817851567737E-010
   18.0618750000000         2.823173682291380E-010
   18.2756250000000         2.850818164029309E-010
   18.4893750000000         2.880224158156119E-010
   18.7031250000000         2.910528421483702E-010
   18.9168750000000         2.941004322032927E-010
   19.1306250000000         2.971427333152732E-010
   19.3443750000000         3.002357029533369E-010
   19.5581250000000         3.035288853585448E-010
   19.7718750000000         3.072499515469104E-010
   19.9856250000000         3.116801161183493E-010
   20.1993750000000         3.171079121715624E-010
   20.4131250000000         3.237750168234604E-010
   20.6268750000000         3.318312793016670E-010
   20.8406250000000         3.412964782265357E-010
   21.0543750000000         3.520439926330600E-010
   21.2681250000000         3.638072270849976E-010
   21.4818750000000         3.762125550059887E-010
   21.6956250000000         3.888269609260048E-010
   21.9093750000000         4.012191944606669E-010
   22.1231250000000         4.130202107444801E-010
   22.3368750000000         4.239774608370025E-010
   22.5506250000000         4.339855235181752E-010
   22.7643750000000         4.430992090084325E-010
   22.9781250000000         4.515216599917042E-010
   23.1918750000000         4.595734405547261E-010
   23.4056250000000         4.676448213600413E-010
   23.6193750000000         4.761490970228585E-010
   23.8331250000000         4.854713653460026E-010
   24.0468750000000         4.959297414004359E-010
   24.2606250000000         5.077503227671171E-010
   24.4743750000000         5.210501205800289E-010
   24.6881250000000         5.358365020463441E-010
   24.9018750000000         5.520071089435387E-010
   25.1156250000000         5.693550801889000E-010
   25.3293750000000         5.875791763413353E-010
   25.5431250000000         6.062883274362379E-010
   25.7568750000000         6.250158828991311E-010
   25.9706250000000         6.432452089634354E-010
   26.1843750000000         6.604511394198195E-010
   26.3981250000000         6.761516046970733E-010
   26.6118750000000         6.899932635195119E-010
   26.8256250000000         7.018336522299856E-010
   27.0393750000000         7.118146408378649E-010
   27.2531250000000         7.204239021285800E-010
   27.4668750000000         7.284942091682128E-010
   27.6806250000000         7.371424222311091E-010
   27.8943750000000         7.476325753679076E-010
   28.1081250000000         7.611605514031852E-010
   28.3218750000000         7.785919338621464E-010
   28.5356250000000         8.001807368728897E-010
   28.7493750000000         8.253337792855393E-010
   28.9631250000000         8.524713230580637E-010
   29.1768750000000         8.790445919634173E-010
   29.3906250000000         9.017533419429396E-010
   29.6043750000000         9.169715080752589E-010
   29.8181250000000         9.213658385665299E-010
   30.0318750000000         9.126195419197888E-010
   30.2456250000000         8.901808896619603E-010
   30.4593750000000         8.558722920743571E-010
   30.6731250000000         8.142391513590648E-010
   30.8868750000000         7.724774895813139E-010
   31.1006250000000         7.398738859054484E-010
   31.3143750000000         7.267257904130021E-010
   31.5281250000000         7.428003071443545E-010
   31.7418750000000         7.955059450928356E-010
   31.9556250000000         8.880109452510761E-010
   32.1693750000000         1.017632071770221E-009
   32.3831250000000         1.174819814890170E-009
   32.5968750000000         1.343052987331956E-009
   32.8106250000000         1.499864270466428E-009
   33.0243750000000         1.619069504601911E-009
   33.2381250000000         1.674109381626027E-009
   33.4518750000000         1.642195036706630E-009
   33.6656250000000         1.508763067587275E-009
   33.8793750000000         1.271600509400002E-009
   34.0931250000000         9.439124362892306E-010
   34.3068750000000         5.556568679340019E-010
   34.5206250000000         1.525765152321027E-010
   34.7343750000000        -2.073628667828546E-010
   34.9481250000000        -4.600972047334401E-010
   35.1618750000000        -5.437034431527581E-010
   35.3756250000000        -4.079357471180953E-010
   35.5893750000000        -2.386291020658784E-011
   35.8031250000000         6.077754852420539E-010
   36.0168750000000         1.450953527609604E-009
   36.2306250000000         2.432779877176022E-009
   36.4443750000000         3.446871776113327E-009
   36.6581250000000         4.362068724764811E-009
   36.8718750000000         5.036129918782303E-009
   37.0856250000000         5.333336488591993E-009
   37.2993750000000         5.144173950282384E-009
   37.5131250000000         4.404728846363764E-009
   37.7268750000000         3.113083735421395E-009
   37.9406250000000         1.340038374349266E-009
   38.1543750000000        -7.681670420775835E-010
   38.3681250000000        -2.996667345695333E-009
   38.5818750000000        -5.078843030850358E-009
   38.7956250000000        -6.722486757471709E-009
   39.0093750000000        -7.643170369094300E-009
   39.2231250000000        -7.601522806973704E-009
   39.4368750000000        -6.440193435084967E-009
   39.6506250000000        -4.115757398510336E-009
   39.8643750000000        -7.208949234965995E-010
   40.0781250000000         3.507205991855834E-009
   40.2918750000000         8.195016358308522E-009
   40.5056250000000         1.285850920393593E-008
   40.7193750000000         1.694575126665720E-008
   40.9331250000000         1.989316435868428E-008
   41.1468750000000         2.119042257537419E-008
   41.3606250000000         2.044733367813244E-008
   41.5743750000000         1.745513005291474E-008
   41.7881250000000         1.223436648027589E-008
   42.0018750000000         5.062394495126845E-009
   42.2156250000000        -3.525106802386761E-009
   42.4293750000000        -1.276164673655372E-008
   42.6431250000000        -2.170672428823677E-008
   42.8568750000000        -2.932888305642900E-008
   43.0706250000000        -3.460879502955632E-008
   43.2843750000000        -3.665330839344798E-008
   43.4981250000000        -3.480921809246033E-008
   43.7118750000000        -2.876435530086294E-008
   43.9256250000000        -1.862358254474249E-008
   44.1393750000000        -4.948606791175585E-009
   44.3531250000000         1.124690382200248E-008
   44.5668750000000         2.855162364533094E-008
   44.7806250000000         4.526033767583146E-008
   44.9943750000000         5.952199996951165E-008
   45.2081250000000         6.952155087897120E-008
   45.4218750000000         7.368010077357981E-008
   45.6356250000000         7.085415640533163E-008
   45.8493750000000         6.051223862163728E-008
   46.0631250000000         4.286679460280721E-008
   46.2768750000000         1.894130961348957E-008
   46.4906250000000        -9.443122987700059E-009
   46.7043750000000        -3.977074527468579E-008
   46.9181250000000        -6.902382144695402E-008
   47.1318750000000        -9.395525463740056E-008
   47.3456250000000        -1.114209005856730E-007
   47.5593750000000        -1.187416727416784E-007
   47.7731250000000        -1.140579294977919E-007
   47.9868750000000        -9.663425154313370E-008
   48.2006250000000        -6.707268043828371E-008
   48.4143750000000        -2.739748999397738E-008
   48.6281250000000         1.901526604172561E-008
   48.8418750000000         6.767517420540583E-008
   49.0556250000000         1.133749820236626E-007
   49.2693750000000         1.507207996886978E-007
   49.4831250000000         1.747475490888741E-007
   49.6968750000000         1.815552036372237E-007
   49.9106250000000         1.688901902317737E-007
   50.1243750000000         1.365931372128633E-007
   50.3381250000000         8.684067725286339E-008
   50.5518750000000         2.412570406876020E-008
   50.7656250000000        -4.505333903744535E-008
   50.9793750000000        -1.127900555377912E-007
   51.1931250000000        -1.706130858510313E-007
   51.4068750000000        -2.104960914354283E-007
   51.6206250000000        -2.259249494548947E-007
   51.8343750000000        -2.128914020752964E-007
   52.0481250000000        -1.706760017491535E-007
   52.2618750000000        -1.022941084183967E-007
   52.4756250000000        -1.450763114685547E-008
   52.6893750000000         8.264947180579891E-008
   52.9031250000000         1.768262882903056E-007
   53.1168750000000         2.547212520500829E-007
   53.3306250000000         3.037283080050787E-007
   53.5443750000000         3.136798417203559E-007
   53.7581250000000         2.784698427835517E-007
   53.9718750000000         1.973322557966504E-007
   54.1856250000000         7.556956827860290E-008
   54.3993750000000        -7.542396801053912E-008
   54.6131250000000        -2.389251008063357E-007
   54.8268750000000        -3.944175578642228E-007
   55.0406250000000        -5.197871245533851E-007
   55.2543750000000        -5.939650681373510E-007
   55.4681250000000        -5.997302756664211E-007
   55.6818750000000        -5.263315394417401E-007
   55.8956250000000        -3.715814460812317E-007
   56.1093750000000        -1.431072587564523E-007
   56.3231250000000         1.414786800375809E-007
   56.5368750000000         4.556123237847145E-007
   56.7506250000000         7.659990253536903E-007
   56.9643750000000         1.035857537078402E-006
   57.1781250000000         1.228882366036504E-006
   57.3918750000000         1.313507720632831E-006
   57.6056250000000         1.266987876718466E-006
   57.8193750000000         1.078795814005511E-006
   58.0331250000000         7.528897589658043E-007
   58.2468750000000         3.085035128455724E-007
   58.4606250000000        -2.207286806682164E-007
   58.6743750000000        -7.893152391114959E-007
   58.8881250000000        -1.343923854526371E-006
   59.1018750000000        -1.828494069735052E-006
   59.3156250000000        -2.189922510994845E-006
   59.5293750000000        -2.383708801048650E-006
   59.7431250000000        -2.378931853851922E-006
   59.9568750000000        -2.161983096806955E-006
   60.1706250000000        -1.738610581111284E-006
   60.3843750000000        -1.134012101832600E-006
   60.5981250000000        -3.909348768389478E-007
   60.8118750000000         4.340325050778864E-007
   61.0256250000000         1.275581788237315E-006
   61.2393750000000         2.065664023182519E-006
   61.4531250000000         2.739674449154546E-006
   61.6668750000000         3.242176631006376E-006
   61.8806250000000         3.531566197549664E-006
   62.0943750000000         3.583215104372803E-006
   62.3081250000000         3.390833339635008E-006
   62.5218750000000         2.966010155327542E-006
   62.7356250000000         2.336121124624456E-006
   62.9493750000000         1.540980044133019E-006
   63.1631250000000         6.287495851533631E-007
   63.3768750000000        -3.483169792042573E-007
   63.5906250000000        -1.337756555871911E-006
   63.8043750000000        -2.289959289335047E-006
   64.0181250000000        -3.160144088781553E-006
   64.2318750000000        -3.909185780514495E-006
   64.4456250000000        -4.503448140580237E-006
   64.6593750000000        -4.913964040608154E-006
   64.8731250000000        -5.115431506991638E-006
   65.0868750000000        -5.085539075851069E-006
   65.3006250000000        -4.805083570617851E-006
   65.5143750000000        -4.259200634478826E-006
   65.7281250000000        -3.439809951366453E-006
   65.9418750000000        -2.349113135639877E-006
   66.1556250000000        -1.003712382331160E-006
   66.3693750000000         5.613138516435167E-007
   66.5831250000000         2.289193544673979E-006
   66.7968750000000         4.099955210009874E-006
   67.0106250000000         5.891390045589395E-006
   67.2243750000000         7.543006619651840E-006
   67.4381250000000         8.923152874507008E-006
   67.6518750000000         9.899050408032831E-006
   67.8656250000000         1.034902925290204E-005
   68.0793750000000         1.017583032756812E-005
   68.2931250000000         9.319521657418185E-006
   68.5068750000000         7.768410117922362E-006
   68.7206250000000         5.566363745525512E-006
   68.9343750000000         2.815208031804551E-006
   69.1481250000000        -3.286871977189370E-007
   69.3618750000000        -3.663895002546097E-006
   69.5756250000000        -6.959038799148883E-006
   69.7893750000000        -9.972333104948903E-006
   70.0031250000000        -1.247371797781789E-005
   70.2168750000000        -1.426726855775042E-005
   70.4306250000000        -1.521133350662455E-005
   70.6443750000000        -1.523393135041894E-005
   70.8581250000000        -1.434132713979629E-005
   71.0718750000000        -1.261839808834723E-005
   71.2856250000000        -1.022030996035176E-005
   71.4993750000000        -7.356064879879691E-006
   71.7131250000000        -4.265520761600415E-006
   71.9268750000000        -1.192388121582099E-006
   72.1406250000000         1.643644898566296E-006
   72.3543750000000         4.072225244681154E-006
   72.5681250000000         5.991790605664057E-006
   72.7818750000000         7.380444225428849E-006
   72.9956250000000         8.296481094069831E-006
   73.2093750000000         8.868038206306158E-006
   73.4231250000000         9.272722554613881E-006
   73.6368750000000         9.709420544020043E-006
   73.8506250000000         1.036563385494986E-005
   74.0643750000000         1.138445863062881E-005
   74.2781250000000         1.283560551540730E-005
   74.4918750000000         1.469458317992946E-005
   74.7056250000000         1.683334248285302E-005
   74.9193750000000         1.902437940923088E-005
   75.1331250000000         2.095866545477964E-005
   75.3468750000000         2.227600777104929E-005
   75.5606250000000         2.260475924641958E-005
   75.7743750000000         2.160642201830818E-005
   75.9881250000000         1.901980859609969E-005
   76.2018750000000         1.469917979688969E-005
   76.4156250000000         8.641228837950746E-006
   76.6293750000000         9.969006815184782E-007
   76.8431250000000        -7.934287686698705E-006
   77.0568750000000        -1.772771524733184E-005
   77.2706250000000        -2.787303114711254E-005
   77.4843750000000        -3.782552294581925E-005
   77.6981250000000        -4.706393607242570E-005
   77.9118750000000        -5.514818668861810E-005
   78.1256250000000        -6.177015617298009E-005
   78.3393750000000        -6.679131611856364E-005
   78.5531250000000        -7.026226176964494E-005
   78.7668750000000        -7.242118602776218E-005
   78.9806250000000        -7.367068220305692E-005
   79.1943750000000        -7.453474493040422E-005
   79.4081250000000        -7.560014918384463E-005
   79.6218750000000        -7.744824884450154E-005
   79.8356250000000        -8.058442355918772E-005
   80.0493750000000        -8.537277116161142E-005
   80.2631250000000        -9.198314797962068E-005
   80.4768750000000        -1.003563608005795E-004
   80.6906250000000        -1.101913684761456E-004
   80.9043750000000        -1.209559918900039E-004
   81.1181250000000        -1.319201377133524E-004
   81.3318750000000        -1.422082056638125E-004
   81.5456250000000        -1.508654366906217E-004
   81.7593750000000        -1.569316791657456E-004
   81.9731250000000        -1.595155280888977E-004
   82.1868750000000        -1.578620593725423E-004
   82.4006250000000        -1.514083721885180E-004
   82.6143750000000        -1.398227173189710E-004
   82.8281250000000        -1.230249161903740E-004
   83.0418750000000        -1.011878186706676E-004
   83.2556250000000        -7.472146164183579E-005
   83.4693750000000        -4.424315957436925E-005
   83.6831250000000        -1.053782310705487E-005
   83.8968750000000         2.548672470626290E-005
   84.1106250000000         6.284478987363042E-005
   84.3243750000000         1.005142187552591E-004
   84.5381250000000         1.374712519482599E-004
   84.7518750000000         1.727171913245664E-004
   84.9656250000000         2.052966041665468E-004
   85.1793750000000         2.343080261079003E-004
   85.3931250000000         2.589091071396382E-004
   85.6068750000000         2.783187785987548E-004
   85.8206250000000         2.918192634219265E-004
   86.0343750000000         2.987606178400840E-004
   86.2481250000000         2.985700336852341E-004
   86.4618750000000         2.907674287935263E-004
   86.6756250000000         2.749880033280030E-004
   86.8893750000000         2.510115337610564E-004
   87.1031250000000         2.187972903164501E-004
   87.3168750000000         1.785226523259801E-004
   87.5306250000000         1.306227913945421E-004
   87.7443750000000         7.582820926353251E-005
   87.9581250000000         1.519646256727754E-005
   88.1718750000000        -4.986590972606668E-005
   88.3856250000000        -1.175953957926153E-004
   88.5993750000000        -1.858815493702291E-004
   88.8131250000000        -2.522988379713870E-004
   89.0268750000000        -3.141634339253229E-004
   89.2406250000000        -3.686170260698732E-004
   89.4543750000000        -4.127382166317312E-004
   89.6681250000000        -4.436800874209494E-004
   89.8818750000000        -4.588301232007059E-004
   90.0956250000000        -4.559859931785062E-004
   90.3093750000000        -4.335379172060567E-004
   90.5231250000000        -3.906457550774451E-004
   90.7368750000000        -3.273968785718422E-004
   90.9506250000000        -2.449296577265429E-004
   91.1643750000000        -1.455073321862941E-004
   91.3781250000000        -3.252839289005229E-005
   91.5918750000000         8.953749732887816E-005
   91.8056250000000         2.152945803758916E-004
   92.0193750000000         3.386478356916796E-004
   92.2331250000000         4.531055766202561E-004
   92.4468750000000         5.521446206065723E-004
   92.6606250000000         6.296178516676035E-004
   92.8743750000000         6.801779227592170E-004
   93.0881250000000         6.996864048328425E-004
   93.3018750000000         6.855755019211824E-004
   93.5156250000000         6.371299789886186E-004
   93.7293750000000         5.556604248507812E-004
   93.9431250000000         4.445453554471263E-004
   94.1568750000000         3.091286175604925E-004
   94.3706250000000         1.564694599109942E-004
   94.5843750000000        -5.045365542614803E-006
   94.7981250000000        -1.662060595394908E-004
   95.0118750000000        -3.175683874578316E-004
   95.2256250000000        -4.500852045775100E-004
   95.4393750000000        -5.557339047917856E-004
   95.6531250000000        -6.280908546676793E-004
   95.8668750000000        -6.628061043109828E-004
   96.0806250000000        -6.579380727119156E-004
   96.2943750000000        -6.141180883808680E-004
   96.5081250000000        -5.345278496971759E-004
   96.7218750000000        -4.246879598701770E-004
   96.9356250000000        -2.920713735820775E-004
   97.1493750000000        -1.455704491463679E-004
   97.3631250000000         5.141051973317533E-006
   97.5768750000000         1.503004505610365E-004
   97.7906250000000         2.807476684690195E-004
   98.0043750000000         3.885603154682713E-004
   98.2181250000000         4.675818089920825E-004
   98.4318750000000         5.138014681407942E-004
   98.6456250000000         5.255587045664187E-004
   98.8593750000000         5.035591078834772E-004
   99.0731250000000         4.507069234243318E-004
   99.2868750000000         3.717745612187107E-004
   99.5006250000000         2.729438119478924E-004
   99.7143750000000         1.612640284410223E-004
   99.9281250000000         4.407864263844237E-005
   100.141875000000        -7.152754923111745E-005
   100.355625000000        -1.792119600677103E-004
   100.569375000000        -2.737490092977409E-004
   100.783125000000        -3.512690072790813E-004
   100.996875000000        -4.093489394588279E-004
   101.210625000000        -4.469588022260685E-004
   101.424375000000        -4.642822133675772E-004
   101.638125000000        -4.624427414472889E-004
   101.851875000000        -4.431764325590645E-004
   102.065625000000        -4.084954078857881E-004
   102.279375000000        -3.603866997633678E-004
   102.493125000000        -3.005847690106537E-004
   102.706875000000        -2.304460233913799E-004
   102.920625000000        -1.509402358153198E-004
   103.134375000000        -6.275850677844776E-005
   103.348125000000         3.347799235322386E-005
   103.561875000000         1.369381044641336E-004
   103.775625000000         2.462699223925479E-004
   103.989375000000         3.593058197452006E-004
   104.203125000000         4.728310446770941E-004
   104.416875000000         5.824592997704149E-004
   104.630625000000         6.826492223563738E-004
   104.844375000000         7.668818587389719E-004
   105.058125000000         8.280024102986350E-004
   105.271875000000         8.587113723193516E-004
   105.485625000000         8.521725122042625E-004
   105.699375000000         8.026897565358788E-004
   105.913125000000         7.063936006462113E-004
   106.126875000000         5.618713935994737E-004
   106.340625000000         3.706755840309864E-004
   106.554375000000         1.376499819573202E-004
   106.768125000000        -1.289740363216144E-004
   106.981875000000        -4.177425631617185E-004
   107.195625000000        -7.144160627049429E-004
   107.409375000000        -1.002666252425236E-003
   107.623125000000        -1.264998489430805E-003
   107.836875000000        -1.483844467635148E-003
   108.050625000000        -1.642752971440005E-003
   108.264375000000        -1.727594542957685E-003
   108.478125000000        -1.727690308234875E-003
   108.691875000000        -1.636776482521763E-003
   108.905625000000        -1.453724302886805E-003
   109.119375000000        -1.182949839559683E-003
   109.333125000000        -8.344683293002020E-004
   109.546875000000        -4.235719364938206E-004
   109.760625000000         2.986356329248816E-005
   109.974375000000         5.024107077983798E-004
   110.188125000000         9.684030469070757E-004
   110.401875000000         1.401448934665949E-003
   110.615625000000         1.776050079860793E-003
   110.829375000000         2.069218385658439E-003
   111.043125000000         2.261981863681600E-003
   111.256875000000         2.340675400185530E-003
   111.470625000000         2.297924670929841E-003
   111.684375000000         2.133250782062165E-003
   111.898125000000         1.853247981577948E-003
   112.111875000000         1.471315336966498E-003
   112.325625000000         1.006953595695060E-003
   112.539375000000         4.846683553616019E-004
   112.753125000000        -6.745201713010828E-005
   112.966875000000        -6.193925889258788E-004
   113.180625000000        -1.140994697914566E-003
   113.394375000000        -1.603749146835581E-003
   113.608125000000        -1.982482946273152E-003
   113.821875000000        -2.256830572053985E-003
   114.035625000000        -2.412396196349081E-003
   114.249375000000        -2.441535379490782E-003
   114.463125000000        -2.343711579384844E-003
   114.676875000000        -2.125412485246342E-003
   114.890625000000        -1.799641349267174E-003
   115.104375000000        -1.385026897085030E-003
   115.318125000000        -9.046199436594628E-004
   115.531875000000        -3.844637714359358E-004
   115.745625000000         1.479626236632328E-004
   115.959375000000         6.653248263368265E-004
   116.173125000000         1.141936373567016E-003
   116.386875000000         1.555094925808061E-003
   116.600625000000         1.886177092532618E-003
   116.814375000000         2.121438309647204E-003
   117.028125000000         2.252487298125451E-003
   117.241875000000         2.276428420239879E-003
   117.455625000000         2.195687816732914E-003
   117.669375000000         2.017558897073685E-003
   117.883125000000         1.753518255553611E-003
   118.096875000000         1.418373528444512E-003
   118.310625000000         1.029309708294078E-003
   118.524375000000         6.049000930181585E-004
   118.738125000000         1.641429124128171E-004
   118.951875000000        -2.744243563341121E-004
   119.165625000000        -6.934927508622857E-004
   119.379375000000        -1.077604683125489E-003
   119.593125000000        -1.413618372354138E-003
   119.806875000000        -1.691012835268136E-003
   120.020625000000        -1.902043035783527E-003
   120.234375000000        -2.041762865460790E-003
   120.448125000000        -2.107938799799621E-003
   120.661875000000        -2.100879324685493E-003
   120.875625000000        -2.023204809718899E-003
   121.089375000000        -1.879579912027948E-003
   121.303125000000        -1.676426477328819E-003
   121.516875000000        -1.421629995104741E-003
   121.730625000000        -1.124247687333720E-003
   121.944375000000        -7.942219093671709E-004
   122.158125000000        -4.420992174077659E-004
   122.371875000000        -7.875352176936023E-005
   122.585625000000         2.848886977135634E-004
   122.799375000000         6.381221913556983E-004
   123.013125000000         9.707347818480378E-004
   123.226875000000         1.273273548371402E-003
   123.440625000000         1.537298753118188E-003
   123.654375000000         1.755616366272165E-003
   123.868125000000         1.922478332463014E-003
   124.081875000000         2.033739209445839E-003
   124.295625000000         2.086958712616644E-003
   124.509375000000         2.081442047071486E-003
   124.723125000000         2.018213539540387E-003
   124.936875000000         1.899923654965428E-003
   125.150625000000         1.730694513427646E-003
   125.364375000000         1.515913941460565E-003
   125.578125000000         1.261992305025732E-003
   125.791875000000         9.760993379254178E-004
   126.005625000000         6.658994780770055E-004
   126.219375000000         3.393036116891469E-004
   126.433125000000         4.252576981322637E-006
   126.646875000000        -3.314564982697491E-004
   126.860625000000        -6.602955291735274E-004
   127.074375000000        -9.750832509478092E-004
   127.288125000000        -1.269022454209045E-003
   127.501875000000        -1.535709137203050E-003
   127.715625000000        -1.769129980253950E-003
   127.929375000000        -1.963666431127547E-003
   128.143125000000        -2.114123164039521E-003
   128.356875000000        -2.215795664278712E-003
   128.570625000000        -2.264586413016779E-003
   128.784375000000        -2.257172104236838E-003
   128.998125000000        -2.191216257509274E-003
   129.211875000000        -2.065613399723239E-003
   129.425625000000        -1.880743645036047E-003
   129.639375000000        -1.638710931918030E-003
   129.853125000000        -1.343535155352704E-003
   130.066875000000        -1.001268491995112E-003
   130.280625000000        -6.200095731056982E-004
   130.494375000000        -2.097956805025698E-004
   130.708125000000         2.176376575205786E-004
   130.921875000000         6.492291993954380E-004
   131.135625000000         1.071084216897255E-003
   131.349375000000         1.469062294738062E-003
   131.563125000000         1.829426342844373E-003
   131.776875000000         2.139510724353189E-003
   131.990625000000         2.388362013086338E-003
   132.204375000000         2.567305394888342E-003
   132.418125000000         2.670393303869692E-003
   132.631875000000         2.694700345808898E-003
   132.845625000000         2.640439356376150E-003
   133.059375000000         2.510886712066654E-003
   133.273125000000         2.312119668509527E-003
   133.486875000000         2.052583324353959E-003
   133.700625000000         1.742518555433065E-003
   133.914375000000         1.393293770392555E-003
   134.128125000000         1.016691619493999E-003
   134.341875000000         6.242061098993075E-004
   134.555625000000         2.264055192895548E-004
   134.769375000000        -1.675880319022283E-004
   134.983125000000        -5.504602361064550E-004
   135.196875000000        -9.168777536395349E-004
   135.410625000000        -1.263458302828454E-003
   135.624375000000        -1.588539979567885E-003
   135.838125000000        -1.891769413541712E-003
   136.051875000000        -2.173544818624911E-003
   136.265625000000        -2.434364274155734E-003
   136.479375000000        -2.674140468917445E-003
   136.693125000000        -2.891549619675531E-003
   136.906875000000        -3.083483573111438E-003
   137.120625000000        -3.244669780386639E-003
   137.334375000000        -3.367513855631985E-003
   137.548125000000        -3.442204178246227E-003
   137.761875000000        -3.457098296193655E-003
   137.975625000000        -3.399387970428163E-003
   138.189375000000        -3.256015164410072E-003
   138.403125000000        -3.014786989537267E-003
   138.616875000000        -2.665615570943686E-003
   138.830625000000        -2.201790993173984E-003
   139.044375000000        -1.621183739586825E-003
   139.258125000000        -9.272688238250396E-004
   139.471875000000        -1.298680923411676E-004
   139.685625000000         7.544797133230685E-004
   139.899375000000         1.702589991377946E-003
   140.113125000000         2.685184397384160E-003
   140.326875000000         3.667929675315347E-003
   140.540625000000         4.612931425912413E-003
   140.754375000000         5.480613439058426E-003
   140.968125000000         6.231878499922022E-003
   141.181875000000         6.830417766293711E-003
   141.395625000000         7.245015617615586E-003
   141.609375000000         7.451687437031584E-003
   141.823125000000         7.435490462354622E-003
   142.036875000000         7.191863041356686E-003
   142.250625000000         6.727374737000072E-003
   142.464375000000         6.059807116810739E-003
   142.678125000000         5.217530175488815E-003
   142.891875000000         4.238188893590115E-003
   143.105625000000         3.166764659907224E-003
   143.319375000000         2.053123238626710E-003
   143.533125000000         9.492008567924534E-004
   143.746875000000        -9.399048597125072E-005
   143.960625000000        -1.029340765757077E-003
   144.174375000000        -1.816402855885689E-003
   144.388125000000        -2.423749425610817E-003
   144.601875000000        -2.830765370811983E-003
   144.815625000000        -3.028754211746408E-003
   145.029375000000        -3.021284979211485E-003
   145.243125000000        -2.823759723837052E-003
   145.456875000000        -2.462236791329627E-003
   145.670625000000        -1.971597163771571E-003
   145.884375000000        -1.393186466154975E-003
   146.098125000000        -7.721002395646289E-004
   146.311875000000        -1.543021992614444E-004
   146.525625000000         4.162271030287556E-004
   146.739375000000         9.001208630368276E-004
   146.953125000000         1.264866509128926E-003
   147.166875000000         1.486519741625215E-003
   147.380625000000         1.550797902069365E-003
   147.594375000000         1.453506157386530E-003
   147.808125000000         1.200299379276733E-003
   148.021875000000         8.058297548182117E-004
   148.235625000000         2.923714596323496E-004
   148.449375000000        -3.119538576761338E-004
   148.663125000000        -9.752056680029293E-004
   148.876875000000        -1.663752986614674E-003
   149.090625000000        -2.344351592811759E-003
   149.304375000000        -2.986033625220848E-003
   149.518125000000        -3.561697318595070E-003
   149.731875000000        -4.049315836695827E-003
   149.945625000000        -4.432719322811414E-003
   150.159375000000        -4.701940235803481E-003
   150.373125000000        -4.853145685388214E-003
   150.586875000000        -4.888209135477758E-003
   150.800625000000        -4.813995431314144E-003
   151.014375000000        -4.641446317325483E-003
   151.228125000000        -4.384557988485123E-003
   151.441875000000        -4.059338142563991E-003
   151.655625000000        -3.682818618355309E-003
   151.869375000000        -3.272182767854099E-003
   152.083125000000        -2.844046377554353E-003
   152.296875000000        -2.413909558861706E-003
   152.510625000000        -1.995776841689212E-003
   152.724375000000        -1.601925717926880E-003
   152.938125000000        -1.242791617918467E-003
   153.151875000000        -9.269306955559381E-004
   153.365625000000        -6.610211202705241E-004
   153.579375000000        -4.498684456347162E-004
   153.793125000000        -2.963900741848368E-004
   154.006875000000        -2.015664302275296E-004
   154.220625000000        -1.643604495091683E-004
   154.434375000000        -1.816205489601590E-004
   154.648125000000        -2.479935894494686E-004
   154.861875000000        -3.558819980736838E-004
   155.075625000000        -4.954821076598366E-004
   155.289375000000        -6.549383689693176E-004
   155.503125000000        -8.206404570882935E-004
   155.716875000000        -9.776780792217945E-004
   155.930625000000        -1.110452676475953E-003
   156.144375000000        -1.203427791097535E-003
   156.358125000000        -1.241982492672772E-003
   156.571875000000        -1.213316841425510E-003
   156.785625000000        -1.107346705416369E-003
   156.999375000000        -9.175188150996991E-004
   157.213125000000        -6.414767264407412E-004
   157.426875000000        -2.815147660020894E-004
   157.640625000000         1.552302214862990E-004
   157.854375000000         6.568813385605930E-004
   158.068125000000         1.207228264248484E-003
   158.281875000000         1.786424000745729E-003
   158.495625000000         2.371933995363223E-003
   158.709375000000         2.939678777120376E-003
   158.923125000000         3.465294789374968E-003
   159.136875000000         3.925427968881913E-003
   159.350625000000         4.298971879792167E-003
   159.564375000000         4.568167188360893E-003
   159.778125000000         4.719491504970800E-003
   159.991875000000         4.744286915895045E-003
   160.205625000000         4.639095032742013E-003
   160.419375000000         4.405693812539037E-003
   160.633125000000         4.050854257768167E-003
   160.846875000000         3.585855983268782E-003
   161.060625000000         3.025816477028727E-003
   161.274375000000         2.388898215156801E-003
   161.488125000000         1.695459910898568E-003
   161.701875000000         9.672132242641115E-004
   161.915625000000         2.264352053325617E-004
   162.129375000000        -5.047287231210887E-004
   162.343125000000        -1.204854126833661E-003
   162.556875000000        -1.853719634907764E-003
   162.770625000000        -2.432697035097592E-003
   162.984375000000        -2.925075115640573E-003
   163.198125000000        -3.316347551011946E-003
   163.411875000000        -3.594493339685447E-003
   163.625625000000        -3.750270533055934E-003
   163.839375000000        -3.777531479600856E-003
   164.053125000000        -3.673552478156714E-003
   164.266875000000        -3.439354966381115E-003
   164.480625000000        -3.079981671741948E-003
   164.694375000000        -2.604681818444572E-003
   164.908125000000        -2.026956277836225E-003
   165.121875000000        -1.364417447101368E-003
   165.335625000000        -6.384296715149850E-004
   165.549375000000         1.264867573680319E-004
   165.763125000000         9.034834174993595E-004
   165.976875000000         1.664415322351520E-003
   166.190625000000         2.381025675679012E-003
   166.404375000000         3.026214523000411E-003
   166.618125000000         3.575309464514850E-003
   166.831875000000         4.007251939948576E-003
   167.045625000000         4.305616578878084E-003
   167.259375000000         4.459393411988699E-003
   167.473125000000         4.463482004456523E-003
   167.686875000000         4.318870578417091E-003
   167.900625000000         4.032499132455106E-003
   168.114375000000         3.616830424511844E-003
   168.328125000000         3.089173629723008E-003
   168.541875000000         2.470820250433558E-003
   168.755625000000         1.786059042077659E-003
   168.969375000000         1.061135977535057E-003
   169.183125000000         3.232173465987889E-004
   169.396875000000        -4.005993020689718E-004
   169.610625000000        -1.084198071402254E-003
   169.824375000000        -1.703269766871178E-003
   170.038125000000        -2.236051378197987E-003
   170.251875000000        -2.663991366076150E-003
   170.465625000000        -2.972354775559907E-003
   170.679375000000        -3.150777946264276E-003
   170.893125000000        -3.193772132243629E-003
   171.106875000000        -3.101160466803820E-003
   171.320625000000        -2.878416064605818E-003
   171.534375000000        -2.536853814190084E-003
   171.748125000000        -2.093617819160998E-003
   171.961875000000        -1.571403334954311E-003
   172.175625000000        -9.978584204478557E-004
   172.389375000000        -4.046271958314015E-004
   172.603125000000         1.739769986921965E-004
   172.816875000000         7.026460943595938E-004
   173.030625000000         1.147038314182899E-003
   173.244375000000         1.475925570460801E-003
   173.458125000000         1.663392324128029E-003
   173.671875000000         1.690925044236593E-003
   173.885625000000         1.549218197520964E-003
   174.099375000000         1.239525016941237E-003
   174.313125000000         7.744004151764738E-004
   174.526875000000         1.777188529077793E-004
   174.740625000000        -5.161005003694443E-004
   174.954375000000        -1.263669209118946E-003
   175.168125000000        -2.014948604698981E-003
   175.381875000000        -2.716191189270542E-003
   175.595625000000        -3.313325701252824E-003
   175.809375000000        -3.755561921535039E-003
   176.023125000000        -3.998962911438451E-003
   176.236875000000        -4.009723866559840E-003
   176.450625000000        -3.766909402579776E-003
   176.664375000000        -3.264434187442606E-003
   176.878125000000        -2.512122862363499E-003
   177.091875000000        -1.535750001913799E-003
   177.305625000000        -3.760340935066384E-004
   177.519375000000         9.133648803553646E-004
   177.733125000000         2.268722870258558E-003
   177.946875000000         3.619820538261930E-003
   178.160625000000         4.893971769423289E-003
   178.374375000000         6.020250105891588E-003
   178.588125000000         6.933640718037308E-003
   178.801875000000         7.578854741821299E-003
   179.015625000000         7.913570370681177E-003
   179.229375000000         7.910908144458868E-003
   179.443125000000         7.561002502182204E-003
   179.656875000000         6.871593261954979E-003
   179.870625000000         5.867624425821840E-003
   180.084375000000         4.589898933249116E-003
   180.298125000000         3.092892616435129E-003
   180.511875000000         1.441875404438508E-003
   180.725625000000        -2.904794250266137E-004
   180.939375000000        -2.027797537701985E-003
   181.153125000000        -3.693810532675684E-003
   181.366875000000        -5.216066606478756E-003
   181.580625000000        -6.529360297167499E-003
   181.794375000000        -7.578721597966555E-003
   182.008125000000        -8.321835671032153E-003
   182.221875000000        -8.730798986799288E-003
   182.435625000000        -8.793153752198923E-003
   182.649375000000        -8.512178094752005E-003
   182.863125000000        -7.906443172791999E-003
   183.076875000000        -7.008679140715410E-003
   183.290625000000        -5.864019045395430E-003
   183.504375000000        -4.527712891562915E-003
   183.718125000000        -3.062423098772660E-003
   183.931875000000        -1.535227265297693E-003
   184.145625000000        -1.446442319824972E-005
   184.359375000000         1.433433389856251E-003
   184.573125000000         2.746981692452169E-003
   184.786875000000         3.872418241296229E-003
   185.000625000000         4.766083936653136E-003
   185.214375000000         5.396297951195637E-003
   185.428125000000         5.744636714965673E-003
   185.641875000000         5.806553369022758E-003
   185.855625000000         5.591305809121186E-003
   186.069375000000         5.121196196402316E-003
   186.283125000000         4.430161088882178E-003
   186.496875000000         3.561787058222647E-003
   186.710625000000         2.566859492005632E-003
   186.924375000000         1.500579897991915E-003
   187.138125000000         4.196072580780831E-004
   187.351875000000        -6.209099426683651E-004
   187.565625000000        -1.570143636164095E-003
   187.779375000000        -2.384080669351060E-003
   187.993125000000        -3.027564862944528E-003
   188.206875000000        -3.475779073099242E-003
   188.420625000000        -3.715096255595898E-003
   188.634375000000        -3.743269572318656E-003
   188.848125000000        -3.568974098089283E-003
   189.061875000000        -3.210753549745018E-003
   189.275625000000        -2.695461682685634E-003
   189.489375000000        -2.056317006206849E-003
   189.703125000000        -1.330709309544796E-003
   189.916875000000        -5.579060029218797E-004
   190.130625000000         2.231948378767839E-004
   190.344375000000         9.761290225887795E-004
   190.558125000000         1.668632627301072E-003
   190.771875000000         2.274021183028442E-003
   190.985625000000         2.772123855075919E-003
   191.199375000000         3.149747931826147E-003
   191.413125000000         3.400681520620389E-003
   191.626875000000         3.525272128496312E-003
   191.840625000000         3.529643946806100E-003
   192.054375000000         3.424635827214956E-003
   192.268125000000         3.224554347422838E-003
   192.481875000000         2.945841771233713E-003
   192.695625000000         2.605757342447620E-003
   192.909375000000         2.221162839944745E-003
   193.123125000000         1.807490574409740E-003
   193.336875000000         1.377955121428955E-003
   193.550625000000         9.430502515707592E-004
   193.764375000000         5.103509501153125E-004
   193.978125000000         8.461831188943448E-005
   194.191875000000        -3.318164012211602E-004
   194.405625000000        -7.384320478598105E-004
   194.619375000000        -1.135722809492171E-003
   194.833125000000        -1.524302247461087E-003
   195.046875000000        -1.903988973398237E-003
   195.260625000000        -2.272960237153426E-003
   195.474375000000        -2.627057486288157E-003
   195.688125000000        -2.959319651819162E-003
   195.901875000000        -3.259805655253890E-003
   196.115625000000        -3.515747905215413E-003
   196.329375000000        -3.712054294306075E-003
   196.543125000000        -3.832148797878000E-003
   196.756875000000        -3.859111995230448E-003
   196.970625000000        -3.777054764955226E-003
   197.184375000000        -3.572633299979727E-003
   197.398125000000        -3.236593682812854E-003
   197.611875000000        -2.765221586049244E-003
   197.825625000000        -2.161568834321270E-003
   198.039375000000        -1.436334605502513E-003
   198.253125000000        -6.082952499968791E-004
   198.466875000000         2.957974630096493E-004
   198.680625000000         1.241895768070648E-003
   198.894375000000         2.189918865466191E-003
   199.108125000000         3.095561712002572E-003
   199.321875000000         3.912568204807315E-003
   199.535625000000         4.595346859561543E-003
   199.749375000000         5.101773211971481E-003
   199.963125000000         5.395998862596127E-003
   200.176875000000         5.451074705742546E-003
   200.390625000000         5.251196978498048E-003
   200.604375000000         4.793399910035084E-003
   200.818125000000         4.088547469432633E-003
   201.031875000000         3.161517482013246E-003
   201.245625000000         2.050521726564090E-003
   201.459375000000         8.055622520119785E-004
   201.673125000000        -5.139168060437060E-004
   201.886875000000        -1.842065350665498E-003
   202.100625000000        -3.110183508733033E-003
   202.314375000000        -4.250588517270835E-003
   202.528125000000        -5.200554623303431E-003
   202.741875000000        -5.906075575640148E-003
   202.955625000000        -6.325203536074736E-003
   203.169375000000        -6.430739663133457E-003
   203.383125000000        -6.212089170213451E-003
   203.596875000000        -5.676145070661503E-003
   203.810625000000        -4.847126757152432E-003
   204.024375000000        -3.765367824144396E-003
   204.238125000000        -2.485117365006651E-003
   204.451875000000        -1.071485372215828E-003
   204.665625000000         4.032789940036404E-004
   204.879375000000         1.863941929617082E-003
   205.093125000000         3.236608382652680E-003
   205.306875000000         4.452939077894316E-003
   205.520625000000         5.453993773223089E-003
   205.734375000000         6.193459824803156E-003
   205.948125000000         6.640068279888398E-003
   206.161875000000         6.779056290013831E-003
   206.375625000000         6.612600390619065E-003
   206.589375000000         6.159215199166181E-003
   206.803125000000         5.452181143854720E-003
   207.016875000000         4.537127903085576E-003
   207.230625000000         3.468952826679176E-003
   207.444375000000         2.308292153337791E-003
   207.658125000000         1.117784950022061E-003
   207.871875000000        -4.162566238841159E-005
   208.085625000000        -1.114121921320807E-003
   208.299375000000        -2.051967365787201E-003
   208.513125000000        -2.817825895246672E-003
   208.726875000000        -3.386330354687017E-003
   208.940625000000        -3.744841935905257E-003
   209.154375000000        -3.893397403984506E-003
   209.368125000000        -3.843893719238650E-003
   209.581875000000        -3.618605551603717E-003
   209.795625000000        -3.248167757463075E-003
   210.009375000000        -2.769180295696545E-003
   210.223125000000        -2.221606453683811E-003
   210.436875000000        -1.646136723412415E-003
   210.650625000000        -1.081681129173777E-003
   210.864375000000        -5.631338427121989E-004
   211.078125000000        -1.195275752620568E-004
   211.291875000000         2.273361882487641E-004
   211.505625000000         4.637291886967853E-004
   211.719375000000         5.842933106214340E-004
   211.933125000000         5.918081714261342E-004
   212.146875000000         4.964749804078226E-004
   212.360625000000         3.147875730901667E-004
   212.574375000000         6.808134989009976E-005
   212.788125000000        -2.191354085013758E-004
   213.001875000000        -5.209559992344114E-004
   213.215625000000        -8.118426829720615E-004
   213.429375000000        -1.068279315947952E-003
   213.643125000000        -1.270212440472206E-003
   213.856875000000        -1.402200034325906E-003
   214.070625000000        -1.454207370837219E-003
   214.284375000000        -1.422012923567085E-003
   214.498125000000        -1.307212735526007E-003
   214.711875000000        -1.116837760260174E-003
   214.925625000000        -8.626238351036181E-004
   215.139375000000        -5.599965650794025E-004
   215.353125000000        -2.268519104268911E-004
   215.566875000000         1.177737381761520E-004
   215.780625000000         4.550438827648570E-004
   215.994375000000         7.675735850489587E-004
   216.208125000000         1.040502073951822E-003
   216.421875000000         1.262311733927318E-003
   216.635625000000         1.425340916746938E-003
   216.849375000000         1.525964545321279E-003
   217.063125000000         1.564445385228110E-003
   217.276875000000         1.544487658326128E-003
   217.490625000000         1.472550738697459E-003
   217.704375000000         1.357001491602184E-003
   217.918125000000         1.207197250490214E-003
   218.131875000000         1.032595948017236E-003
   218.345625000000         8.419848086655170E-004
   218.559375000000         6.429044950902127E-004
   218.773125000000         4.413228732021159E-004
   218.986875000000         2.415837243653935E-004
   219.200625000000         4.662362666446379E-005
   219.414375000000        -1.415818332024963E-004
   219.628125000000        -3.214099058874971E-004
   219.841875000000        -4.909097646143963E-004
   220.055625000000        -6.471503791192956E-004
   220.269375000000        -7.856999011713332E-004
   220.483125000000        -9.003286290899146E-004
   220.696875000000        -9.830057589953452E-004
   220.910625000000        -1.024228942674407E-003
   221.124375000000        -1.013688135829665E-003
   221.338125000000        -9.412251446105171E-004
   221.551875000000        -7.980119215136926E-004
   221.765625000000        -5.778382881563384E-004
   221.979375000000        -2.783771800442402E-004
   222.193125000000         9.771436097248416E-005
   222.406875000000         5.419956897179472E-004
   222.620625000000         1.039862637749755E-003
   222.834375000000         1.570672761293829E-003
   223.048125000000         2.108418267942365E-003
   223.261875000000         2.622939392936723E-003
   223.475625000000         3.081619330425214E-003
   223.689375000000         3.451453296492896E-003
   223.903125000000         3.701343778439114E-003
   224.116875000000         3.804445677692126E-003
   224.330625000000         3.740371912354910E-003
   224.544375000000         3.497073681447479E-003
   224.758125000000         3.072229950833041E-003
   224.971875000000         2.474016121239079E-003
   225.185625000000         1.721169151268146E-003
   225.399375000000         8.423213739508102E-004
   225.613125000000        -1.253670867185413E-004
   225.826875000000        -1.138192165263854E-003
   226.040625000000        -2.148372873028331E-003
   226.254375000000        -3.106831730598747E-003
   226.468125000000        -3.966096396640043E-003
   226.681875000000        -4.683123504499464E-003
   226.895625000000        -5.221854659098649E-003
   227.109375000000        -5.555337810409585E-003
   227.323125000000        -5.667282216838017E-003
   227.536875000000        -5.552958471735200E-003
   227.750625000000        -5.219402627625743E-003
   227.964375000000        -4.684931275103683E-003
   228.178125000000        -3.978018785838464E-003
   228.391875000000        -3.135625714864966E-003
   228.605625000000        -2.201096341683632E-003
   228.819375000000        -1.221762256759008E-003
   229.033125000000        -2.463974935984782E-004
   229.246875000000         6.773304326321712E-004
   229.460625000000         1.505278796126783E-003
   229.674375000000         2.198998716552588E-003
   229.888125000000         2.727557447819617E-003
   230.101875000000         3.068940081024763E-003
   230.315625000000         3.210981592212805E-003
   230.529375000000         3.151804513788098E-003
   230.743125000000         2.899760424778737E-003
   230.956875000000         2.472894285658056E-003
   231.170625000000         1.897969046907792E-003
   231.384375000000         1.209103813093219E-003
   231.598125000000         4.460921310049262E-004
   231.811875000000        -3.475223121401609E-004
   232.025625000000        -1.126527208950478E-003
   232.239375000000        -1.846189698183895E-003
   232.453125000000        -2.464378022256895E-003
   232.666875000000        -2.943564824315609E-003
   232.880625000000        -3.252624653006641E-003
   233.094375000000        -3.368346391914850E-003
   233.308125000000        -3.276593030770644E-003
   233.521875000000        -2.973056129013742E-003
   233.735625000000        -2.463569915235865E-003
   233.949375000000        -1.763969411390315E-003
   234.163125000000        -8.994972870099436E-004
   234.376875000000         9.621573340680986E-005
   234.590625000000         1.182553225253828E-003
   234.804375000000         2.313637839365888E-003
   235.018125000000         3.440304462359522E-003
   235.231875000000         4.512237510873080E-003
   235.445625000000         5.480181633363572E-003
   235.659375000000         6.298132382485361E-003
   235.873125000000         6.925414316100434E-003
   236.086875000000         7.328558211454552E-003
   236.300625000000         7.482896318048932E-003
   236.514375000000         7.373804530617582E-003
   236.728125000000         6.997532786953777E-003
   236.941875000000         6.361579693705394E-003
   237.155625000000         5.484584186471427E-003
   237.369375000000         4.395725731455444E-003
   237.583125000000         3.133644854157007E-003
   237.796875000000         1.744917128164035E-003
   238.010625000000         2.821354231791400E-004
   238.224375000000        -1.198323816857955E-003
   238.438125000000        -2.638755463532597E-003
   238.651875000000        -3.982691268696212E-003
   238.865625000000        -5.177454686108056E-003
   239.079375000000        -6.176578663165890E-003
   239.293125000000        -6.941962286084794E-003
   239.506875000000        -7.445651883681690E-003
   239.720625000000        -7.671149388520640E-003
   239.934375000000        -7.614174683992239E-003
   240.148125000000        -7.282837952985873E-003
   240.361875000000        -6.697210758313471E-003
   240.575625000000        -5.888318411475713E-003
   240.789375000000        -4.896608646274487E-003
   241.003125000000        -3.769980315466492E-003
   241.216875000000        -2.561478716351235E-003
   241.430625000000        -1.326779716757633E-003
   241.644375000000        -1.215922845445716E-004
   241.858125000000         1.000891732226721E-003
   242.071875000000         1.992379995010338E-003
   242.285625000000         2.811588151768824E-003
   242.499375000000         3.425987343684455E-003
   242.713125000000         3.813125356276935E-003
   242.926875000000         3.961478530712697E-003
   243.140625000000         3.870813345014583E-003
   243.354375000000         3.552056567162729E-003
   243.568125000000         3.026690498846863E-003
   243.781875000000         2.325705004257803E-003
   243.995625000000         1.488151094781015E-003
   244.209375000000         5.593523993644657E-004
   244.423125000000        -4.111584968858617E-004
   244.636875000000        -1.371901685724689E-003
   244.850625000000        -2.271822604724126E-003
   245.064375000000        -3.062679825296995E-003
   245.278125000000        -3.701344729987313E-003
   245.491875000000        -4.151905476246401E-003
   245.705625000000        -4.387467701427309E-003
   245.919375000000        -4.391550373131751E-003
   246.133125000000        -4.158988178314765E-003
   246.346875000000        -3.696272433795547E-003
   246.560625000000        -3.021290442234775E-003
   246.774375000000        -2.162457329841863E-003
   246.988125000000        -1.157272568870972E-003
   247.201875000000        -5.037269167772467E-005
   247.415625000000         1.108811312162789E-003
   247.629375000000         2.268652388323797E-003
   247.843125000000         3.378020364059466E-003
   248.056875000000         4.388898529263917E-003
   248.270625000000         5.258756912040880E-003
   248.484375000000         5.952533254987086E-003
   248.698125000000         6.444103461020878E-003
   248.911875000000         6.717164297278290E-003
   249.125625000000         6.765498679627517E-003
   249.339375000000         6.592643361152044E-003
   249.553125000000         6.211025454967714E-003
   249.766875000000         5.640673308878501E-003
   249.980625000000         4.907634959765594E-003
   250.194375000000         4.042251098402631E-003
   250.408125000000         3.077428084337345E-003
   250.621875000000         2.047040661431096E-003
   250.835625000000         9.845658547764217E-004
   251.049375000000        -7.798734166515001E-005
   251.263125000000        -1.110828931218448E-003
   251.476875000000        -2.086836295223277E-003
   251.690625000000        -2.981751594118819E-003
   251.904375000000        -3.774205184458401E-003
   252.118125000000        -4.445655219015415E-003
   252.331875000000        -4.980333328540445E-003
   252.545625000000        -5.365273023981465E-003
   252.759375000000        -5.590473253549760E-003
   252.973125000000        -5.649217775000824E-003
   253.186875000000        -5.538535937301566E-003
   253.400625000000        -5.259756754298184E-003
   253.614375000000        -4.819080243320955E-003
   253.828125000000        -4.228071602028760E-003
   254.041875000000        -3.503977437029614E-003
   254.255625000000        -2.669769996445404E-003
   254.469375000000        -1.753844673873598E-003
   254.683125000000        -7.893259220566817E-004
   254.896875000000         1.870261217794633E-004
   255.110625000000         1.136275644431913E-003
   255.324375000000         2.019066060585255E-003
   255.538125000000         2.797564549206279E-003
   255.751875000000         3.437466636842734E-003
   255.965625000000         3.909918717376480E-003
   256.179375000000         4.193216961045042E-003
   256.393125000000         4.274154595547003E-003
   256.606875000000         4.148914567289236E-003
   256.820625000000         3.823438498746708E-003
   257.034375000000         3.313242223126884E-003
   257.248125000000         2.642689165618408E-003
   257.461875000000         1.843771635416390E-003
   257.675625000000         9.544832994600537E-004
   257.889375000000         1.689108640339117E-005
   258.103125000000        -9.249701410030552E-004
   258.316875000000        -1.827252174779833E-003
   258.530625000000        -2.648374669996951E-003
   258.744375000000        -3.350924193105884E-003
   258.958125000000        -3.903282603266724E-003
   259.171875000000        -4.280920410109561E-003
   259.385625000000        -4.467316156480812E-003
   259.599375000000        -4.454487117732628E-003
   259.813125000000        -4.243137732868125E-003
   260.026875000000        -3.842448867119795E-003
   260.240625000000        -3.269542655893056E-003
   260.454375000000        -2.548664421761646E-003
   260.668125000000        -1.710125739901793E-003
   260.881875000000        -7.890523626609229E-004
   261.095625000000         1.760211462768959E-004
   261.309375000000         1.144670114027121E-003
   261.523125000000         2.076172537884112E-003
   261.736875000000         2.931135353501191E-003
   261.950625000000         3.673109974365724E-003
   262.164375000000         4.270147286777617E-003
   262.378125000000         4.696235627325123E-003
   262.591875000000         4.932558937852096E-003
   262.805625000000         4.968507964582789E-003
   263.019375000000         4.802376788656360E-003
   263.233125000000         4.441681699784273E-003
   263.446875000000         3.903050568177309E-003
   263.660625000000         3.211648891020009E-003
   263.874375000000         2.400133238719565E-003
   264.088125000000         1.507152680388580E-003
   264.301875000000         5.754518680445518E-004
   264.515625000000        -3.503369485688450E-004
   264.729375000000        -1.226094827399862E-003
   264.943125000000        -2.010666993313910E-003
   265.156875000000        -2.668205044760445E-003
   265.370625000000        -3.170237957368074E-003
   265.584375000000        -3.497318666568429E-003
   265.798125000000        -3.640116003788126E-003
   266.011875000000        -3.599857448013231E-003
   266.225625000000        -3.388074214517024E-003
   266.439375000000        -3.025653094073127E-003
   266.653125000000        -2.541254704180506E-003
   266.866875000000        -1.969210416171652E-003
   267.080625000000        -1.347055139642031E-003
   267.294375000000        -7.128858282121561E-004
   267.508125000000        -1.027524582604791E-004
   267.721875000000         4.517128241253858E-004
   267.935625000000         9.252421440262082E-004
   268.149375000000         1.300304164379013E-003
   268.363125000000         1.567802826707741E-003
   268.576875000000         1.727062978458773E-003
   268.790625000000         1.785126808345921E-003
   269.004375000000         1.755446179849439E-003
   269.218125000000         1.656108848700196E-003
   269.431875000000         1.507776015305809E-003
   269.645625000000         1.331530865962913E-003
   269.859375000000         1.146840606747510E-003
   270.073125000000         9.698178701858862E-004
   270.286875000000         8.119331438387316E-004
   270.500625000000         6.792816848106224E-004
   270.714375000000         5.724512902763413E-004
   270.928125000000         4.869771824562677E-004
   271.141875000000         4.143132384387890E-004
   271.355625000000         3.432005113446493E-004
   271.569375000000         2.612790731167225E-004
   271.783125000000         1.567707770306438E-004
   271.996875000000         2.005990278429288E-005
   272.210625000000        -1.549847714506026E-004
   272.424375000000        -3.700714790509674E-004
   272.638125000000        -6.220130632019636E-004
   272.851875000000        -9.027544110068071E-004
   273.065625000000        -1.199883690449477E-003
   273.279375000000        -1.497565637031179E-003
   273.493125000000        -1.777797866094086E-003
   273.706875000000        -2.021865622080776E-003
   273.920625000000        -2.211858351737719E-003
   274.134375000000        -2.332113302684826E-003
   274.348125000000        -2.370465829301527E-003
   274.561875000000        -2.319210819694304E-003
   274.775625000000        -2.175711337402039E-003
   274.989375000000        -1.942625439801338E-003
   275.203125000000        -1.627756428299963E-003
   275.416875000000        -1.243562153828485E-003
   275.630625000000        -8.063828489152487E-004
   275.844375000000        -3.354626623707790E-004
   276.058125000000         1.481529230550377E-004
   276.271875000000         6.227628438804948E-004
   276.485625000000         1.067126585574505E-003
   276.699375000000         1.461491032599344E-003
   276.913125000000         1.788484264830621E-003
   277.126875000000         2.033848904370745E-003
   277.340625000000         2.187002516270571E-003
   277.554375000000         2.241424501274191E-003
   277.768125000000         2.194877026424747E-003
   277.981875000000         2.049471623760287E-003
   278.195625000000         1.811593574658412E-003
   278.409375000000         1.491694015610594E-003
   278.623125000000         1.103956108773573E-003
   278.836875000000         6.658380048812666E-004
   279.050625000000         1.974930010478100E-004
   279.264375000000        -2.789326778774515E-004
   279.478125000000        -7.401210024467007E-004
   279.691875000000        -1.162512447945552E-003
   279.905625000000        -1.523326645864415E-003
   280.119375000000        -1.801643329867357E-003
   280.333125000000        -1.979501445904715E-003
   280.546875000000        -2.042962804768307E-003
   280.760625000000        -1.983077345299481E-003
   280.974375000000        -1.796681487767890E-003
   281.188125000000        -1.486960510519436E-003
   281.401875000000        -1.063711324871928E-003
   281.615625000000        -5.432538930978034E-004
   281.829375000000         5.204232501171001E-005
   282.043125000000         6.946268993418658E-004
   282.256875000000         1.353014278436732E-003
   282.470625000000         1.993359598663895E-003
   282.684375000000         2.581287741332212E-003
   282.898125000000         3.083872586777905E-003
   283.111875000000         3.471642751245355E-003
   283.325625000000         3.720477520090225E-003
   283.539375000000         3.813254117944943E-003
   283.753125000000         3.741116044710638E-003
   283.966875000000         3.504252183522547E-003
   284.180625000000         3.112106934605409E-003
   284.394375000000         2.582980866725987E-003
   284.608125000000         1.943026457225089E-003
   284.821875000000         1.224690798351278E-003
   285.035625000000         4.647026037090451E-004
   285.249375000000        -2.982597134107397E-004
   285.463125000000        -1.026052543938902E-003
   285.676875000000        -1.683521228300177E-003
   285.890625000000        -2.240739317423328E-003
   286.104375000000        -2.674862533710236E-003
   286.318125000000        -2.971456027696577E-003
   286.531875000000        -3.125195189030339E-003
   286.745625000000        -3.139891052928490E-003
   286.959375000000        -3.027846753122565E-003
   287.173125000000        -2.808606488017444E-003
   287.386875000000        -2.507208038555315E-003
   287.600625000000        -2.152089439230549E-003
   287.814375000000        -1.772826346274321E-003
   288.028125000000        -1.397886684006307E-003
   288.241875000000        -1.052582553356338E-003
   288.455625000000        -7.573770499642109E-004
   288.669375000000        -5.266679719233828E-004
   288.883125000000        -3.681250527418995E-004
   289.096875000000        -2.826068355686774E-004
   289.310625000000        -2.646324799561281E-004
   289.524375000000        -3.033373944387411E-004
   289.738125000000        -3.838037352680339E-004
   289.951875000000        -4.886306138924396E-004
   290.165625000000        -5.995961471751629E-004
   290.379375000000        -6.992646984077112E-004
   290.593125000000        -7.724068623505402E-004
   290.806875000000        -8.071248211721884E-004
   291.020625000000        -7.956086187306316E-004
   291.234375000000        -7.344861128901280E-004
   291.448125000000        -6.247671759122461E-004
   291.661875000000        -4.714176673936707E-004
   291.875625000000        -2.826279076115403E-004
   292.089375000000        -6.886172679027833E-005
   292.303125000000         1.582155321065944E-004
   292.516875000000         3.868286809609442E-004
   292.730625000000         6.061083633834773E-004
   292.944375000000         8.069482281536475E-004
   293.158125000000         9.826399069756070E-004
   293.371875000000         1.129244579884951E-003
   293.585625000000         1.245683983385984E-003
   293.799375000000         1.333557462898465E-003
   294.013125000000         1.396713437650668E-003
   294.226875000000         1.440622118776475E-003
   294.440625000000         1.471610549139889E-003
   294.654375000000         1.496030410263679E-003
   294.868125000000         1.519433263386643E-003
   295.081875000000         1.545826905220130E-003
   295.295625000000         1.577080479327250E-003
   295.509375000000         1.612535228900099E-003
   295.723125000000         1.648862822921425E-003
   295.936875000000         1.680194746319917E-003
   296.150625000000         1.698525245728173E-003
   296.364375000000         1.694367933943268E-003
   296.578125000000         1.657623784865186E-003
   296.791875000000         1.578597506271639E-003
   297.005625000000         1.449081896485417E-003
   297.219375000000         1.263417510792846E-003
   297.433125000000         1.019429361833653E-003
   297.646875000000         7.191446839560609E-004
   297.860625000000         3.692066950464127E-004
   298.074375000000        -1.908122485075592E-005
   298.288125000000        -4.301192844473125E-004
   298.501875000000        -8.447880174033490E-004
   298.715625000000        -1.241606204293940E-003
   298.929375000000        -1.598200896615278E-003
   299.143125000000        -1.892986269972138E-003
   299.356875000000        -2.106920522858080E-003
   299.570625000000        -2.225192470876367E-003
   299.784375000000        -2.238684430912470E-003
   299.998125000000        -2.145066970938429E-003
   300.211875000000        -1.949404345650726E-003
   300.425625000000        -1.664185737483316E-003
   300.639375000000        -1.308744145718780E-003
   300.853125000000        -9.080780323700197E-004
   301.066875000000        -4.911458333171694E-004
   301.280625000000        -8.875488849294893E-005
   301.494375000000         2.687910017552316E-004
   301.708125000000         5.540919572245720E-004
   301.921875000000         7.448945941732459E-004
   302.135625000000         8.259776263850980E-004
   302.349375000000         7.905068813879503E-004
   302.563125000000         6.407288701843637E-004
   302.776875000000         3.879283708643998E-004
   302.990625000000         5.164027568771402E-005
   303.204375000000        -3.418269056212173E-004
   303.418125000000        -7.614355089710629E-004
   303.631875000000        -1.173858179693130E-003
   303.845625000000        -1.546102489732186E-003
   304.059375000000        -1.848093492545527E-003
   304.273125000000        -2.054991029242120E-003
   304.486875000000        -2.149043763471394E-003
   304.700625000000        -2.120825816502029E-003
   304.914375000000        -1.969760182508240E-003
   305.128125000000        -1.703900041479142E-003
   305.341875000000        -1.339007992994072E-003
   305.555625000000        -8.970372682799848E-004
   305.769375000000        -4.041718319373530E-004
   305.983125000000         1.113811617004885E-004
   306.196875000000         6.216362453041668E-004
   306.410625000000         1.100905743642849E-003
   306.624375000000         1.527525435403202E-003
   306.838125000000         1.885089862682050E-003
   307.051875000000         2.163111837410301E-003
   307.265625000000         2.357081986583489E-003
   307.479375000000         2.467965848692064E-003
   307.693125000000         2.501231717236372E-003
   307.906875000000         2.465546515679100E-003
   308.120625000000         2.371305204131553E-003
   308.334375000000         2.229169037022351E-003
   308.548125000000         2.048778869397270E-003
   308.761875000000         1.837783100103746E-003
   308.975625000000         1.601278995315535E-003
   309.189375000000         1.341715725862856E-003
   309.403125000000         1.059253043724736E-003
   309.616875000000         7.525169760375645E-004
   309.830625000000         4.196487614561040E-004
   310.044375000000         5.951012983838118E-005
   310.258125000000        -3.271097903870491E-004
   310.471875000000        -7.364415492155725E-004
   310.685625000000        -1.160976203776094E-003
   310.899375000000        -1.589108986795493E-003
   311.113125000000        -2.005252782965067E-003
   311.326875000000        -2.390439315508234E-003
   311.540625000000        -2.723375039083854E-003
   311.754375000000        -2.981871169248469E-003
   311.968125000000        -3.144527780531013E-003
   312.181875000000        -3.192524284073670E-003
   312.395625000000        -3.111355386762072E-003
   312.609375000000        -2.892353882383161E-003
   312.823125000000        -2.533858829698299E-003
   313.036875000000        -2.041917883826048E-003
   313.250625000000        -1.430452612328624E-003
   313.464375000000        -7.208615407237903E-004
   313.678125000000         5.891699805579209E-005
   313.891875000000         8.758157974773179E-004
   314.105625000000         1.693419689368203E-003
   314.319375000000         2.473985316385145E-003
   314.533125000000         3.180553459035452E-003
   314.746875000000         3.779005351722922E-003
   314.960625000000         4.239924638062264E-003
   315.174375000000         4.540147700074893E-003
   315.388125000000         4.663914507386001E-003
   315.601875000000         4.603566692657660E-003
   315.815625000000         4.359775803311703E-003
   316.029375000000         3.941319215549782E-003
   316.243125000000         3.364451043020616E-003
   316.456875000000         2.651938233914711E-003
   316.670625000000         1.831846510163324E-003
   316.884375000000         9.361664151029142E-004
   317.098125000000        -6.329906931746079E-007
   317.311875000000        -9.430449647623300E-004
   317.525625000000        -1.855897359106355E-003
   317.739375000000        -2.705610634765203E-003
   317.953125000000        -3.461313524311158E-003
   318.166875000000        -4.095803869779598E-003
   318.380625000000        -4.586354036510886E-003
   318.594375000000        -4.915367343230387E-003
   318.808125000000        -5.070893838378615E-003
   319.021875000000        -5.047010959107047E-003
   319.235625000000        -4.844068299391723E-003
   319.449375000000        -4.468787584386413E-003
   319.663125000000        -3.934200989241701E-003
   319.876875000000        -3.259405160517911E-003
   320.090625000000        -2.469106443588053E-003
   320.304375000000        -1.592936124255595E-003
   320.518125000000        -6.645234886298256E-004
   320.731875000000         2.796710840441428E-004
   320.945625000000         1.201742044062826E-003
   321.159375000000         2.063901396298501E-003
   321.373125000000         2.830154550165833E-003
   321.586875000000         3.468006525602215E-003
   321.800625000000         3.950101548709954E-003
   322.014375000000         4.255691921313401E-003
   322.228125000000         4.371833452221783E-003
   322.441875000000         4.294215341166915E-003
   322.655625000000         4.027551880366822E-003
   322.869375000000         3.585490378789286E-003
   323.083125000000         2.990022152465141E-003
   323.296875000000         2.270418447778472E-003
   323.510625000000         1.461747612527557E-003
   323.724375000000         6.030605344634000E-004
   323.938125000000        -2.646444990588911E-004
   324.151875000000        -1.100550985985447E-003
   324.365625000000        -1.866115580088982E-003
   324.579375000000        -2.526994815384370E-003
   324.793125000000        -3.054695006955958E-003
   325.006875000000        -3.427855793402709E-003
   325.220625000000        -3.633106072573893E-003
   325.434375000000        -3.665462245160271E-003
   325.648125000000        -3.528269851283370E-003
   325.861875000000        -3.232718212095161E-003
   326.075625000000        -2.796981413684288E-003
   326.289375000000        -2.245056431264547E-003
   326.503125000000        -1.605379722670213E-003
   326.716875000000        -9.093073522614575E-004
   326.930625000000        -1.895414623734535E-004
   327.144375000000         5.214209793541401E-004
   327.358125000000         1.192751159421541E-003
   327.571875000000         1.796608478465082E-003
   327.785625000000         2.309274409253993E-003
   327.999375000000         2.712067233043487E-003
   328.213125000000         2.992013583665630E-003
   328.426875000000         3.142260067981744E-003
   328.640625000000         3.162214512517305E-003
   328.854375000000         3.057412367220417E-003
   329.068125000000         2.839110350580058E-003
   329.281875000000         2.523617323795386E-003
   329.495625000000         2.131382125018247E-003
   329.709375000000         1.685869730498157E-003
   329.923125000000         1.212270175109379E-003
   330.136875000000         7.360981856720718E-004
   330.350625000000         2.817540603234824E-004
   330.564375000000        -1.288736890428416E-004
   330.778125000000        -4.776777217716068E-004
   330.991875000000        -7.513871637377400E-004
   331.205625000000        -9.423296280967908E-004
   331.419375000000        -1.048834971916804E-003
   331.633125000000        -1.075236917783502E-003
   331.846875000000        -1.031455570533762E-003
   332.060625000000        -9.321746528892533E-004
   332.274375000000        -7.956594811897098E-004
   332.488125000000        -6.422924422655146E-004
   332.701875000000        -4.929290647213455E-004
   332.915625000000        -3.671969715869602E-004
   333.129375000000        -2.818698445168626E-004
   333.343125000000        -2.494475859438705E-004
   333.556875000000        -2.770616596300463E-004
   333.770625000000        -3.658016990749902E-004
   333.984375000000        -5.105275130682653E-004
   334.198125000000        -7.001921218538848E-004
   334.411875000000        -9.186596594618248E-004
   334.625625000000        -1.145960517833350E-003
   334.839375000000        -1.359888691255803E-003
   335.053125000000        -1.537816319644385E-003
   335.266875000000        -1.658580716019495E-003
   335.480625000000        -1.704291584465679E-003
   335.694375000000        -1.661911480949278E-003
   335.908125000000        -1.524480447324864E-003
   336.121875000000        -1.291884608117874E-003
   336.335625000000        -9.711057946881616E-004
   336.549375000000        -5.759316141633559E-004
   336.763125000000        -1.261490223182277E-004
   336.976875000000         3.537144818253476E-004
   337.190625000000         8.360030271634816E-004
   337.404375000000         1.291773106451303E-003
   337.618125000000         1.692723419091340E-003
   337.831875000000         2.013071762261547E-003
   338.045625000000         2.231246123096539E-003
   338.259375000000         2.331276789768754E-003
   338.473125000000         2.303804117135794E-003
   338.686875000000         2.146649578550543E-003
   338.900625000000         1.864932595814649E-003
   339.114375000000         1.470749076288852E-003
   339.328125000000         9.824566878825227E-004
   339.541875000000         4.236344298568537E-004
   339.755625000000        -1.782013472570306E-004
   339.969375000000        -7.930360347114217E-004
   340.183125000000        -1.389863984014480E-003
