  -1.60312500000000        -1.183885195010288E-025
  -1.38937500000000         4.835460951208041E-019
  -1.17562500000000         3.437238086231692E-018
 -0.961875000000000         1.666527380387559E-017
 -0.748125000000000         6.507604806051617E-017
 -0.534375000000000         2.135591831407305E-016
 -0.320625000000000         6.005385927374457E-016
 -0.106875000000000         1.469056478424415E-015
  0.106875000000000         3.172342058918779E-015
  0.320625000000000         6.139088094476779E-015
  0.534375000000000         1.080627966174440E-014
  0.748125000000000         1.753930415099274E-014
  0.961875000000000         2.655335099361600E-014
   1.17562500000000         3.783241983061273E-014
   1.38937500000000         5.102787060574217E-014
   1.60312500000000         6.536408040648385E-014
   1.81687500000000         7.954675129821283E-014
   2.03062500000000         9.171210061646599E-014
   2.24437500000000         9.947468723588204E-014
   2.45812500000000         1.000062117478377E-013
   2.67187500000000         9.027523203782983E-014
   2.88562500000000         6.728190958524377E-014
   3.09937500000000         2.844202239314893E-014
   3.31312500000000        -2.810369352309824E-014
   3.52687500000000        -1.031594302245343E-013
   3.74062500000000        -1.962584160572888E-013
   3.95437500000000        -3.055630977673844E-013
   4.16812500000000        -4.279770914741319E-013
   4.38187500000000        -5.593869313603902E-013
   4.59562500000000        -6.950309369740401E-013
   4.80937500000000        -8.300603144077063E-013
   5.02312500000000        -9.600398037635208E-013
   5.23687500000000        -1.081440331447731E-012
   5.45062500000000        -1.191947050151222E-012
   5.66437500000000        -1.290590413024790E-012
   5.87812500000000        -1.377646647071774E-012
   6.09187500000000        -1.454240539746170E-012
   6.30562500000000        -1.521852188913441E-012
   6.51937500000000        -1.581746359042219E-012
   6.73312500000000        -1.634300369828492E-012
   6.94687500000000        -1.678689338763489E-012
   7.16062500000000        -1.712598952800173E-012
   7.37437500000000        -1.732494341837401E-012
   7.58812500000000        -1.733968171038601E-012
   7.80187500000000        -1.712481106168356E-012
   8.01562500000000        -1.664207703449837E-012
   8.22937500000000        -1.586868034304743E-012
   8.44312500000000        -1.480359100414986E-012
   8.65687500000000        -1.347117359295301E-012
   8.87062500000000        -1.192057993114977E-012
   9.08437500000000        -1.022056847541219E-012
   9.29812500000000        -8.451536399981024E-013
   9.51187500000000        -6.694364649198908E-013
   9.72562500000000        -5.019536936795891E-013
   9.93937500000000        -3.477727917391780E-013
   10.1531250000000        -2.093344429605455E-013
   10.3668750000000        -8.633636238015304E-014
   10.5806250000000         2.389108078154558E-014
   10.7943750000000         1.256070218764600E-013
   11.0081250000000         2.235491088707961E-013
   11.2218750000000         3.217387757394439E-013
   11.4356250000000         4.224609844513416E-013
   11.6493750000000         5.256079224114729E-013
   11.8631250000000         6.285891125442574E-013
   12.0768750000000         7.267183385917263E-013
   12.2906250000000         8.142715118590895E-013
   12.5043750000000         8.857313067237151E-013
   12.7181250000000         9.372516728457751E-013
   12.9318750000000         9.678616411745453E-013
   13.1456250000000         9.802835980627830E-013
   13.3593750000000         9.810869243320085E-013
   13.5731250000000         9.801319627327097E-013
   13.7868750000000         9.893826722648755E-013
   14.0006250000000         1.021214207892575E-012
   14.2143750000000         1.086545532664397E-012
   14.4281250000000         1.193088346254712E-012
   14.6418750000000         1.343946150325727E-012
   14.8556250000000         1.536972602581850E-012
   15.0693750000000         1.764838582476909E-012
   15.2831250000000         2.015905670957290E-012
   15.4968750000000         2.275672829120332E-012
   15.7106250000000         2.528678669343321E-012
   15.9243750000000         2.760362353268155E-012
   16.1381250000000         2.958752635019229E-012
   16.3518750000000         3.115647007571664E-012
   16.5656250000000         3.227090382535891E-012
   16.7793750000000         3.293191570187553E-012
   16.9931250000000         3.317416291684367E-012
   17.2068750000000         3.305370192765477E-012
   17.4206250000000         3.263508871850808E-012
   17.6343750000000         3.198003574505841E-012
   17.8481250000000         3.113866083883103E-012
   18.0618750000000         3.014596396224037E-012
   18.2756250000000         2.902256084910933E-012
   18.4893750000000         2.778091007165284E-012
   18.7031250000000         2.643197368694707E-012
   18.9168750000000         2.499447146695659E-012
   19.1306250000000         2.350091975444783E-012
   19.3443750000000         2.200116791251239E-012
   19.5581250000000         2.056205818019504E-012
   19.7718750000000         1.926216187072893E-012
   19.9856250000000         1.818433112828491E-012
   20.1993750000000         1.740564639949913E-012
   20.4131250000000         1.698784684769935E-012
   20.6268750000000         1.696953580688092E-012
   20.8406250000000         1.736132223338762E-012
   21.0543750000000         1.814479138687224E-012
   21.2681250000000         1.927514549427061E-012
   21.4818750000000         2.068690456980149E-012
   21.6956250000000         2.230149989671964E-012
   21.9093750000000         2.403513674295402E-012
   22.1231250000000         2.580641831995810E-012
   22.3368750000000         2.754205816220824E-012
   22.5506250000000         2.918037139296438E-012
   22.7643750000000         3.067318398955022E-012
   22.9781250000000         3.198585090105822E-012
   23.1918750000000         3.309651596231823E-012
   23.4056250000000         3.399483808336625E-012
   23.6193750000000         3.468131075109837E-012
   23.8331250000000         3.516648727701278E-012
   24.0468750000000         3.547116262207617E-012
   24.2606250000000         3.562584679277476E-012
   24.4743750000000         3.567058586471206E-012
   24.6881250000000         3.565343311003490E-012
   24.9018750000000         3.562830498589888E-012
   25.1156250000000         3.565138395726896E-012
   25.3293750000000         3.577794168858050E-012
   25.5431250000000         3.605796702820735E-012
   25.7568750000000         3.653328731045056E-012
   25.9706250000000         3.723540188789827E-012
   26.1843750000000         3.818500250478231E-012
   26.3981250000000         3.939188092469158E-012
   26.6118750000000         4.085760967890097E-012
   26.8256250000000         4.257727375562894E-012
   27.0393750000000         4.454086282744461E-012
   27.2531250000000         4.673495162497458E-012
   27.4668750000000         4.914215847517386E-012
   27.6806250000000         5.173962687579385E-012
   27.8943750000000         5.449672322963794E-012
   28.1081250000000         5.737299339845907E-012
   28.3218750000000         6.031622829199020E-012
   28.5356250000000         6.326243991794872E-012
   28.7493750000000         6.613818523189996E-012
   28.9631250000000         6.886524337022317E-012
   29.1768750000000         7.136673937758931E-012
   29.3906250000000         7.357535148365153E-012
   29.6043750000000         7.544087307814530E-012
   29.8181250000000         7.693684239160891E-012
   30.0318750000000         7.806437894911728E-012
   30.2456250000000         7.885314172482951E-012
   30.4593750000000         7.935799147695978E-012
   30.6731250000000         7.965331102676448E-012
   30.8868750000000         7.982402300867596E-012
   31.1006250000000         7.995577420739797E-012
   31.3143750000000         8.012579502063151E-012
   31.5281250000000         8.039490605828693E-012
   31.7418750000000         8.080290786621473E-012
   31.9556250000000         8.136671383349840E-012
   32.1693750000000         8.208237666990350E-012
   32.3831250000000         8.292917735447674E-012
   32.5968750000000         8.387553688943643E-012
   32.8106250000000         8.488568041444587E-012
   33.0243750000000         8.592524261432476E-012
   33.2381250000000         8.696486108154964E-012
   33.4518750000000         8.798265714106307E-012
   33.6656250000000         8.896346835883668E-012
   33.8793750000000         8.989723207356836E-012
   34.0931250000000         9.077560649288201E-012
   34.3068750000000         9.158902231003893E-012
   34.5206250000000         9.232473162778499E-012
   34.7343750000000         9.296570497044528E-012
   34.9481250000000         9.349152625526672E-012
   35.1618750000000         9.388147253914761E-012
   35.3756250000000         9.411775167324361E-012
   35.5893750000000         9.419070117715681E-012
   35.8031250000000         9.410227737617430E-012
   36.0168750000000         9.386975332339248E-012
   36.2306250000000         9.352703685218118E-012
   36.4443750000000         9.312359614572425E-012
   36.6581250000000         9.272221205263955E-012
   36.8718750000000         9.239367953197512E-012
   37.0856250000000         9.221099735723627E-012
   37.2993750000000         9.224176936582031E-012
   37.5131250000000         9.254161985356572E-012
   37.7268750000000         9.314814578456456E-012
   37.9406250000000         9.407626681921426E-012
   38.1543750000000         9.531607638125026E-012
   38.3681250000000         9.683300362147867E-012
   38.5818750000000         9.857103513011594E-012
   38.7956250000000         1.004573846038288E-011
   39.0093750000000         1.024101717409706E-011
   39.2231250000000         1.043465569960627E-011
   39.4368750000000         1.061913621454583E-011
   39.6506250000000         1.078847594347320E-011
   39.8643750000000         1.093881462787576E-011
   40.0781250000000         1.106887891736698E-011
   40.2918750000000         1.117997410560223E-011
   40.5056250000000         1.127577376675608E-011
   40.7193750000000         1.136185689858936E-011
   40.9331250000000         1.144501426222221E-011
   41.1468750000000         1.153236495712532E-011
   41.3606250000000         1.163060619863819E-011
   41.5743750000000         1.174530747710396E-011
   41.7881250000000         1.188039528807592E-011
   42.0018750000000         1.203796493861778E-011
   42.2156250000000         1.221823393820517E-011
   42.4293750000000         1.241992866505107E-011
   42.6431250000000         1.264066020328956E-011
   42.8568750000000         1.287744308596544E-011
   43.0706250000000         1.312722034043392E-011
   43.2843750000000         1.338719277730508E-011
   43.4981250000000         1.365497445051096E-011
   43.7118750000000         1.392858431968091E-011
   43.9256250000000         1.420624109070268E-011
   44.1393750000000         1.448603547871756E-011
   44.3531250000000         1.476558445299998E-011
   44.5668750000000         1.504181376929496E-011
   44.7806250000000         1.531081793235912E-011
   44.9943750000000         1.556798305493641E-011
   45.2081250000000         1.580827991950062E-011
   45.4218750000000         1.602676259513080E-011
   45.6356250000000         1.621906191343814E-011
   45.8493750000000         1.638197738461140E-011
   46.0631250000000         1.651382952833811E-011
   46.2768750000000         1.661468006399763E-011
   46.4906250000000         1.668628470517804E-011
   46.7043750000000         1.673179845156557E-011
   46.9181250000000         1.675526534508036E-011
   47.1318750000000         1.676107921563957E-011
   47.3456250000000         1.675338932857907E-011
   47.5593750000000         1.673567462778031E-011
   47.7731250000000         1.671047380545940E-011
   47.9868750000000         1.667943836517829E-011
   48.2006250000000         1.664358790891010E-011
   48.4143750000000         1.660376599628977E-011
   48.6281250000000         1.656122787484673E-011
   48.8418750000000         1.651812785101749E-011
   49.0556250000000         1.647798416540657E-011
   49.2693750000000         1.644577858810681E-011
   49.4831250000000         1.642785748863819E-011
   49.6968750000000         1.643148267487545E-011
   49.9106250000000         1.646417666559175E-011
   50.1243750000000         1.653285347037132E-011
   50.3381250000000         1.664299612755462E-011
   50.5518750000000         1.679790719231512E-011
   50.7656250000000         1.699815834844994E-011
   50.9793750000000         1.724138406576951E-011
   51.1931250000000         1.752242248920377E-011
   51.4068750000000         1.783376244439437E-011
   51.6206250000000         1.816628295467311E-011
   51.8343750000000         1.851008820948417E-011
   52.0481250000000         1.885543663820265E-011
   52.2618750000000         1.919352930240283E-011
   52.4756250000000         1.951708622813116E-011
   52.6893750000000         1.982065087535176E-011
   52.9031250000000         2.010061095311300E-011
   53.1168750000000         2.035493239388836E-011
   53.3306250000000         2.058268813372045E-011
   53.5443750000000         2.078356816098850E-011
   53.7581250000000         2.095728412546652E-011
   53.9718750000000         2.110326645586333E-011
   54.1856250000000         2.122049928364176E-011
   54.3993750000000         2.130761376352893E-011
   54.6131250000000         2.136326204946658E-011
   54.8268750000000         2.138662332995446E-011
   55.0406250000000         2.137806608100139E-011
   55.2543750000000         2.133964548659603E-011
   55.4681250000000         2.127552724441852E-011
   55.6818750000000         2.119205288575692E-011
   55.8956250000000         2.109748274990676E-011
   56.1093750000000         2.100138950502672E-011
   56.3231250000000         2.091381350133311E-011
   56.5368750000000         2.084418101847988E-011
   56.7506250000000         2.080025872294758E-011
   56.9643750000000         2.078728198346115E-011
   57.1781250000000         2.080738104996824E-011
   57.3918750000000         2.085939965017568E-011
   57.6056250000000         2.093919969229728E-011
   57.8193750000000         2.104033418138864E-011
   58.0331250000000         2.115509937754943E-011
   58.2468750000000         2.127564548270752E-011
   58.4606250000000         2.139507557775086E-011
   58.6743750000000         2.150831276496669E-011
   58.8881250000000         2.161265708112902E-011
   59.1018750000000         2.170785714310826E-011
   59.3156250000000         2.179584063842740E-011
   59.5293750000000         2.188015539677847E-011
   59.7431250000000         2.196518407350932E-011
   59.9568750000000         2.205551696896264E-011
   60.1706250000000         2.215538333136265E-011
   60.3843750000000         2.226853925623874E-011
   60.5981250000000         2.239835943442096E-011
   60.8118750000000         2.254830687169804E-011
   61.0256250000000         2.272261019307885E-011
   61.2393750000000         2.292673074175363E-011
   61.4531250000000         2.316787461722390E-011
   61.6668750000000         2.345480813197638E-011
   61.8806250000000         2.379740790511967E-011
   62.0943750000000         2.420553931574878E-011
   62.3081250000000         2.468757396411083E-011
   62.5218750000000         2.524870569718704E-011
   62.7356250000000         2.588928704067416E-011
   62.9493750000000         2.660345036529551E-011
   63.1631250000000         2.737839249587727E-011
   63.3768750000000         2.819429918536430E-011
   63.5906250000000         2.902512825450153E-011
   63.8043750000000         2.984006606878407E-011
   64.0181250000000         3.060555709658402E-011
   64.2318750000000         3.128761992689882E-011
   64.4456250000000         3.185415678552672E-011
   64.6593750000000         3.227701755107479E-011
   64.8731250000000         3.253363125684446E-011
   65.0868750000000         3.260808083565593E-011
   65.3006250000000         3.249168242327526E-011
   65.5143750000000         3.218309783525969E-011
   65.7281250000000         3.168822955568081E-011
   65.9418750000000         3.101991465103052E-011
   66.1556250000000         3.019773406924618E-011
   66.3693750000000         2.924777909654729E-011
   66.5831250000000         2.820239607452736E-011
   66.7968750000000         2.709995368774982E-011
   67.0106250000000         2.598410702601536E-011
   67.2243750000000         2.490272467546272E-011
   67.4381250000000         2.390615825178595E-011
   67.6518750000000         2.304486390821356E-011
   67.8656250000000         2.236649902208079E-011
   68.0793750000000         2.191262496132264E-011
   68.2931250000000         2.171559300406977E-011
   68.5068750000000         2.179562512672625E-011
   68.7206250000000         2.215882799892233E-011
   68.9343750000000         2.279627100852352E-011
   69.1481250000000         2.368427607684436E-011
   69.3618750000000         2.478607298209820E-011
   69.5756250000000         2.605452623414124E-011
   69.7893750000000         2.743555085599841E-011
   70.0031250000000         2.887209804537551E-011
   70.2168750000000         3.030786825106780E-011
   70.4306250000000         3.169063304205997E-011
   70.6443750000000         3.297481117050366E-011
   70.8581250000000         3.412307394258018E-011
   71.0718750000000         3.510704367441894E-011
   71.2856250000000         3.590729442823848E-011
   71.4993750000000         3.651278726711193E-011
   71.7131250000000         3.692006852762574E-011
   71.9268750000000         3.713253053885425E-011
   72.1406250000000         3.715977632641537E-011
   72.3543750000000         3.701720468623724E-011
   72.5681250000000         3.672577234192190E-011
   72.7818750000000         3.631168258513282E-011
   72.9956250000000         3.580589493870594E-011
   73.2093750000000         3.524321700780410E-011
   73.4231250000000         3.466080969077312E-011
   73.6368750000000         3.409617840947546E-011
   73.8506250000000         3.358469306756642E-011
   74.0643750000000         3.315680185179118E-011
   74.2781250000000         3.283538995656126E-011
   74.4918750000000         3.263346165950442E-011
   74.7056250000000         3.255246083190070E-011
   74.9193750000000         3.258158239155069E-011
   75.1331250000000         3.269792354232048E-011
   75.3468750000000         3.286775671309426E-011
   75.5606250000000         3.304837749552193E-011
   75.7743750000000         3.319070188631634E-011
   75.9881250000000         3.324186987109681E-011
   76.2018750000000         3.314801321045010E-011
   76.4156250000000         3.285660620008061E-011
   76.6293750000000         3.231841760133479E-011
   76.8431250000000         3.148913159500033E-011
   77.0568750000000         3.033042031142560E-011
   77.2706250000000         2.881086544759741E-011
   77.4843750000000         2.690668662739635E-011
   77.6981250000000         2.460252361129502E-011
   77.9118750000000         2.189222564709054E-011
   78.1256250000000         1.877980650993347E-011
   78.3393750000000         1.528029953249864E-011
   78.5531250000000         1.142058026711086E-011
   78.7668750000000         7.239760735401038E-012
   78.9806250000000         2.789226337111010E-012
   79.1943750000000        -1.867986690346810E-012
   79.4081250000000        -6.658542140135560E-012
   79.6218750000000        -1.150069209061706E-011
   79.8356250000000        -1.630688740385180E-011
   80.0493750000000        -2.098673453883107E-011
   80.2631250000000        -2.545013891949508E-011
   80.4768750000000        -2.961064676646429E-011
   80.6906250000000        -3.338836352903690E-011
   80.9043750000000        -3.671278453941577E-011
   81.1181250000000        -3.952504605013713E-011
   81.3318750000000        -4.177971893851408E-011
   81.5456250000000        -4.344608978547026E-011
   81.7593750000000        -4.450891373236688E-011
   81.9731250000000        -4.496869691201492E-011
   82.1868750000000        -4.484145070687470E-011
   82.4006250000000        -4.415802493932904E-011
   82.6143750000000        -4.296305934769466E-011
   82.8281250000000        -4.131324506606210E-011
   83.0418750000000        -3.927548908412964E-011
   83.2556250000000        -3.692443416100547E-011
   83.4693750000000        -3.433976892207615E-011
   83.6831250000000        -3.160330015234009E-011
   83.8968750000000        -2.879591588440409E-011
   84.1106250000000        -2.599468863136971E-011
   84.3243750000000        -2.327009344911504E-011
   84.5381250000000        -2.068371334396519E-011
   84.7518750000000        -1.828640241669788E-011
   84.9656250000000        -1.611700979060094E-011
   85.1793750000000        -1.420180534291290E-011
   85.3931250000000        -1.255446896692120E-011
   85.6068750000000        -1.117667835398195E-011
   85.8206250000000        -1.005908020136547E-011
   86.0343750000000        -9.182769997182011E-012
   86.2481250000000        -8.520818009062943E-012
   86.4618750000000        -8.040025880242191E-012
   86.6756250000000        -7.702605350850537E-012
   86.8893750000000        -7.467841138507426E-012
   87.1031250000000        -7.293560530093025E-012
   87.3168750000000        -7.137544551606033E-012
   87.5306250000000        -6.958695157645289E-012
   87.7443750000000        -6.718187566770920E-012
   87.9581250000000        -6.380484234194397E-012
   88.1718750000000        -5.914392907563609E-012
   88.3856250000000        -5.294054746171861E-012
   88.5993750000000        -4.499954344115661E-012
   88.8131250000000        -3.519889707771475E-012
   89.0268750000000        -2.349862343985502E-012
   89.2406250000000        -9.948231907959418E-013
   89.4543750000000         5.309324896047779E-013
   89.6681250000000         2.203751431586415E-012
   89.8818750000000         3.991069435047911E-012
   90.0956250000000         5.852506436183633E-012
   90.3093750000000         7.741552704223891E-012
   90.5231250000000         9.607827370617867E-012
   90.7368750000000         1.139976814053224E-011
   90.9506250000000         1.306777190429520E-011
   91.1643750000000         1.456723359214269E-011
   91.3781250000000         1.586147837185957E-011
   91.5918750000000         1.692439449249037E-011
   91.8056250000000         1.774214339297205E-011
   92.0193750000000         1.831421141685948E-011
   92.2331250000000         1.865348137899916E-011
   92.4468750000000         1.878523637479229E-011
   92.6606250000000         1.874536769963157E-011
   92.8743750000000         1.857773027451542E-011
   93.0881250000000         1.833103229997384E-011
   93.3018750000000         1.805536989172132E-011
   93.5156250000000         1.779877099852902E-011
   93.7293750000000         1.760392578881176E-011
   93.9431250000000         1.750535508029782E-011
   94.1568750000000         1.752717558548624E-011
   94.3706250000000         1.768164137042765E-011
   94.5843750000000         1.796830969247677E-011
   94.7981250000000         1.837418725813757E-011
   95.0118750000000         1.887449731329795E-011
   95.2256250000000         1.943419703729635E-011
   95.4393750000000         2.001006729801192E-011
   95.6531250000000         2.055331325862168E-011
   95.8668750000000         2.101243370360531E-011
   96.0806250000000         2.133635576315970E-011
   96.2943750000000         2.147751486018613E-011
   96.5081250000000         2.139477881444480E-011
   96.7218750000000         2.105610722681801E-011
   96.9356250000000         2.044075718251857E-011
   97.1493750000000         1.954082551632026E-011
   97.3631250000000         1.836232646382886E-011
   97.5768750000000         1.692541336253734E-011
   97.7906250000000         1.526399734027481E-011
   98.0043750000000         1.342479356541510E-011
   98.2181250000000         1.146561858371458E-011
   98.4318750000000         9.453325360403041E-012
   98.6456250000000         7.461235929661487E-012
   98.8593750000000         5.566280042326462E-012
   99.0731250000000         3.845764270651323E-012
   99.2868750000000         2.374116672252949E-012
   99.5006250000000         1.219445717926280E-012
   99.7143750000000         4.402249625730231E-013
   99.9281250000000         8.215700166236976E-014
   100.141875000000         1.754423559779402E-013
   100.355625000000         7.325654565287862E-013
   100.569375000000         1.746902310453304E-012
   100.783125000000         3.192303791090615E-012
   100.996875000000         5.023588983710238E-012
   101.210625000000         7.178314274150987E-012
   101.424375000000         9.579486702091337E-012
   101.638125000000         1.213928059689507E-011
   101.851875000000         1.476334600801951E-011
   102.065625000000         1.735560597164557E-011
   102.279375000000         1.982304761137701E-011
   102.493125000000         2.208025411437603E-011
   102.706875000000         2.405335138448364E-011
   102.920625000000         2.568319684258825E-011
   103.134375000000         2.692756690971935E-011
   103.348125000000         2.776244924020401E-011
   103.561875000000         2.818234366804569E-011
   103.775625000000         2.819978777922012E-011
   103.989375000000         2.784412902112579E-011
   104.203125000000         2.715972533561487E-011
   104.416875000000         2.620366497398310E-011
   104.630625000000         2.504314500255088E-011
   104.844375000000         2.375234737258882E-011
   105.058125000000         2.240917348299989E-011
   105.271875000000         2.109151246028548E-011
   105.485625000000         1.987349910244599E-011
   105.699375000000         1.882158742204736E-011
   105.913125000000         1.799098955439836E-011
   106.126875000000         1.742242514818264E-011
   106.340625000000         1.713972931713057E-011
   106.554375000000         1.714850841705523E-011
   106.768125000000         1.743606967883580E-011
   106.981875000000         1.797271091159947E-011
   107.195625000000         1.871447121446848E-011
   107.409375000000         1.960694545664271E-011
   107.623125000000         2.058990476992578E-011
   107.836875000000         2.160249665407554E-011
   108.050625000000         2.258797100920781E-011
   108.264375000000         2.349810312705370E-011
   108.478125000000         2.429630137081101E-011
   108.691875000000         2.495947870446257E-011
   108.905625000000         2.547847452891608E-011
   109.119375000000         2.585698695923567E-011
   109.333125000000         2.610950226331599E-011
   109.546875000000         2.625826363412479E-011
   109.760625000000         2.633004907543737E-011
   109.974375000000         2.635286680244536E-011
   110.188125000000         2.635310883174988E-011
   110.401875000000         2.635357608013681E-011
   110.615625000000         2.637202455125778E-011
   110.829375000000         2.642081508454223E-011
   111.043125000000         2.650706074658216E-011
   111.256875000000         2.663343053931352E-011
   111.470625000000         2.679916706847788E-011
   111.684375000000         2.700122850696741E-011
   111.898125000000         2.723535308549690E-011
   112.111875000000         2.749688407481341E-011
   112.325625000000         2.778150710952508E-011
   112.539375000000         2.808560733253215E-011
   112.753125000000         2.840669186322206E-011
   112.966875000000         2.874345593595893E-011
   113.180625000000         2.909593577609659E-011
   113.394375000000         2.946549308837413E-011
   113.608125000000         2.985459608671112E-011
   113.821875000000         3.026647696003946E-011
   114.035625000000         3.070442711948663E-011
   114.249375000000         3.117080606535547E-011
   114.463125000000         3.166578605461797E-011
   114.676875000000         3.218586728240102E-011
   114.890625000000         3.272245579363215E-011
   115.104375000000         3.326055258269057E-011
   115.318125000000         3.377810726090086E-011
   115.531875000000         3.424588371043067E-011
   115.745625000000         3.462850106800265E-011
   115.959375000000         3.488625044429304E-011
   116.173125000000         3.497807513084499E-011
   116.386875000000         3.486519164177773E-011
   116.600625000000         3.451519814411227E-011
   116.814375000000         3.390621872179636E-011
   117.028125000000         3.303056126734028E-011
   117.241875000000         3.189742951617980E-011
   117.455625000000         3.053443063533488E-011
   117.669375000000         2.898738118889441E-011
   117.883125000000         2.731853825048128E-011
   118.096875000000         2.560332797316681E-011
   118.310625000000         2.392565347342090E-011
   118.524375000000         2.237246168279091E-011
   118.738125000000         2.102792267749469E-011
   118.951875000000         1.996773724881660E-011
   119.165625000000         1.925415714387745E-011
   119.379375000000         1.893208483017670E-011
   119.593125000000         1.902645209957970E-011
   119.806875000000         1.954112233713497E-011
   120.020625000000         2.045913031146816E-011
   120.234375000000         2.174426763248348E-011
   120.448125000000         2.334360892377005E-011
   120.661875000000         2.519075198414358E-011
   120.875625000000         2.720945565393752E-011
   121.089375000000         2.931752339289318E-011
   121.303125000000         3.143046228981678E-011
   121.516875000000         3.346510664727990E-011
   121.730625000000         3.534280821357881E-011
   121.944375000000         3.699250559891729E-011
   122.158125000000         3.835325733368611E-011
   122.371875000000         3.937653043994050E-011
   122.585625000000         4.002807373005455E-011
   122.799375000000         4.028923427607039E-011
   123.013125000000         4.015783463741456E-011
   123.226875000000         3.964833220400054E-011
   123.440625000000         3.879123658732539E-011
   123.654375000000         3.763196787220863E-011
   123.868125000000         3.622884214479266E-011
   124.081875000000         3.465062493345663E-011
   124.295625000000         3.297362680867799E-011
   124.509375000000         3.127865611102666E-011
   124.723125000000         2.964787462971897E-011
   124.936875000000         2.816201809595443E-011
   125.150625000000         2.689782191575426E-011
   125.364375000000         2.592585298197918E-011
   125.578125000000         2.530881110679283E-011
   125.791875000000         2.509994390855805E-011
   126.005625000000         2.534179962093441E-011
   126.219375000000         2.606479077930489E-011
   126.433125000000         2.728588797860845E-011
   126.646875000000         2.900704447756259E-011
   126.860625000000         3.121369422571123E-011
   127.074375000000         3.387337603151956E-011
   127.288125000000         3.693470900566877E-011
   127.501875000000         4.032706644788360E-011
   127.715625000000         4.396119575671834E-011
   127.929375000000         4.773108715421357E-011
   128.143125000000         5.151699102595970E-011
   128.356875000000         5.518989263345067E-011
   128.570625000000         5.861694235009593E-011
   128.784375000000         6.166773535604053E-011
   128.998125000000         6.422100857745357E-011
   129.211875000000         6.617115118551123E-011
   129.425625000000         6.743417883175658E-011
   129.639375000000         6.795268550133430E-011
   129.853125000000         6.769939306079957E-011
   130.066875000000         6.667919623276649E-011
   130.280625000000         6.492942977498849E-011
   130.494375000000         6.251854970408461E-011
   130.708125000000         5.954329192359067E-011
   130.921875000000         5.612441559263758E-011
   131.135625000000         5.240139270891316E-011
   131.349375000000         4.852624998598134E-011
   131.563125000000         4.465679690010437E-011
   131.776875000000         4.094950029258018E-011
   131.990625000000         3.755246796513541E-011
   132.204375000000         3.459853616465022E-011
   132.418125000000         3.219905192885662E-011
   132.631875000000         3.043867529733220E-011
   132.845625000000         2.937134360184435E-011
   133.059375000000         2.901787486532520E-011
   133.273125000000         2.936547433908521E-011
   133.486875000000         3.036900294131860E-011
   133.700625000000         3.195432346167278E-011
   133.914375000000         3.402321084646473E-011
   134.128125000000         3.645970976152763E-011
   134.341875000000         3.913727389997539E-011
   134.555625000000         4.192631865379451E-011
   134.769375000000         4.470130412157901E-011
   134.983125000000         4.734716807195938E-011
   135.196875000000         4.976432179891514E-011
   135.410625000000         5.187210963294808E-011
   135.624375000000         5.361057727831250E-011
   135.838125000000         5.494060725050576E-011
   136.051875000000         5.584257555382068E-011
   136.265625000000         5.631403002333907E-011
   136.479375000000         5.636652861755631E-011
   136.693125000000         5.602229170708095E-011
   136.906875000000         5.531081483911032E-011
   137.120625000000         5.426585283146812E-011
   137.334375000000         5.292289600648685E-011
   137.548125000000         5.131717187195544E-011
   137.761875000000         4.948243298791697E-011
   137.975625000000         4.745012311731797E-011
   138.189375000000         4.524925330605927E-011
   138.403125000000         4.290662350908424E-011
   138.616875000000         4.044742438097190E-011
   138.830625000000         3.789618299292947E-011
   139.044375000000         3.527782104490133E-011
   139.258125000000         3.261892040669864E-011
   139.471875000000         2.994880999899527E-011
   139.685625000000         2.730055997101599E-011
   139.899375000000         2.471152496253704E-011
   140.113125000000         2.222337389939429E-011
   140.326875000000         1.988140253273715E-011
   140.540625000000         1.773306360991555E-011
   140.754375000000         1.582575323241910E-011
   140.968125000000         1.420387707246207E-011
   141.181875000000         1.290549264576806E-011
   141.395625000000         1.195882619643766E-011
   141.609375000000         1.137890911944114E-011
   141.823125000000         1.116488745078326E-011
   142.036875000000         1.129820117437000E-011
   142.250625000000         1.174204968945508E-011
   142.464375000000         1.244215170100062E-011
   142.678125000000         1.332898602223696E-011
   142.891875000000         1.432124479792386E-011
   143.105625000000         1.533038206118730E-011
   143.319375000000         1.626579413528158E-011
   143.533125000000         1.704032569982252E-011
   143.746875000000         1.757546598339637E-011
   143.960625000000         1.780609313637314E-011
   144.174375000000         1.768412039850829E-011
   144.388125000000         1.718097369176495E-011
   144.601875000000         1.628859695700308E-011
   144.815625000000         1.501905812319014E-011
   145.029375000000         1.340272584341992E-011
   145.243125000000         1.148522811708794E-011
   145.456875000000         9.323476848880171E-012
   145.670625000000         6.981094263468297E-012
   145.884375000000         4.523430245307273E-012
   146.098125000000         2.012970947902707E-012
   146.311875000000        -4.950697068688166E-013
   146.525625000000        -2.956076669466867E-012
   146.739375000000        -5.338456045334691E-012
   146.953125000000        -7.624783580909664E-012
   147.166875000000        -9.811728542704903E-012
   147.380625000000        -1.190866272200577E-011
   147.594375000000        -1.393535122916262E-011
   147.808125000000        -1.591881945466871E-011
   148.021875000000        -1.788975308411047E-011
   148.235625000000        -1.987886544681727E-011
   148.449375000000        -2.191340691341231E-011
   148.663125000000        -2.401429649632482E-011
   148.876875000000        -2.619406572497110E-011
   149.090625000000        -2.845555111452408E-011
   149.304375000000        -3.079165973692592E-011
   149.518125000000        -3.318592238236141E-011
   149.731875000000        -3.561384370488738E-011
   149.945625000000        -3.804474217841149E-011
   150.159375000000        -4.044384890219395E-011
   150.373125000000        -4.277458905960355E-011
   150.586875000000        -4.500072746846458E-011
   150.800625000000        -4.708820238976202E-011
   151.014375000000        -4.900661603924775E-011
   151.228125000000        -5.073041985629749E-011
   151.441875000000        -5.223946514913358E-011
   151.655625000000        -5.351935327420325E-011
   151.869375000000        -5.456136080932469E-011
   152.083125000000        -5.536223994994445E-011
   152.296875000000        -5.592378415570139E-011
   152.510625000000        -5.625248548850581E-011
   152.724375000000        -5.635919464125188E-011
   152.938125000000        -5.625896009215215E-011
   153.151875000000        -5.597106845595515E-011
   153.365625000000        -5.551923555706730E-011
   153.579375000000        -5.493198772099440E-011
   153.793125000000        -5.424303025164495E-011
   154.006875000000        -5.349151025539899E-011
   154.220625000000        -5.272205132767596E-011
   154.434375000000        -5.198424589169048E-011
   154.648125000000        -5.133150970748001E-011
   154.861875000000        -5.081928705619417E-011
   155.075625000000        -5.050228209598512E-011
   155.289375000000        -5.043121042501142E-011
   155.503125000000        -5.064891501330678E-011
   155.716875000000        -5.118626266774403E-011
   155.930625000000        -5.205833945127736E-011
   156.144375000000        -5.326107994724264E-011
   156.358125000000        -5.476906270860497E-011
   156.571875000000        -5.653463051151874E-011
   156.785625000000        -5.848865573603150E-011
   156.999375000000        -6.054293739501412E-011
   157.213125000000        -6.259440419985332E-011
   157.426875000000        -6.453051546205056E-011
   157.640625000000        -6.623580634945768E-011
   157.854375000000        -6.759888972354666E-011
   158.068125000000        -6.851935063518531E-011
   158.281875000000        -6.891414983256981E-011
   158.495625000000        -6.872297294581343E-011
   158.709375000000        -6.791206172894786E-011
   158.923125000000        -6.647649502846025E-011
   159.136875000000        -6.444063716237174E-011
   159.350625000000        -6.185704906149791E-011
   159.564375000000        -5.880360380427882E-011
   159.778125000000        -5.537954475588636E-011
   159.991875000000        -5.170035339969857E-011
   160.205625000000        -4.789209346192970E-011
   160.419375000000        -4.408521996980701E-011
   160.633125000000        -4.040840732953536E-011
   160.846875000000        -3.698260796713411E-011
   161.060625000000        -3.391551463400452E-011
   161.274375000000        -3.129681084547207E-011
   161.488125000000        -2.919426677525148E-011
   161.701875000000        -2.765100726726478E-011
   161.915625000000        -2.668390254050699E-011
   162.129375000000        -2.628341179520099E-011
   162.343125000000        -2.641467922264666E-011
   162.556875000000        -2.701997259888393E-011
   162.770625000000        -2.802222711926084E-011
   162.984375000000        -2.932958799458282E-011
   163.198125000000        -3.084055634597800E-011
   163.411875000000        -3.244954237198761E-011
   163.625625000000        -3.405234121500413E-011
   163.839375000000        -3.555124107122544E-011
   164.053125000000        -3.685948451385938E-011
   164.266875000000        -3.790485905019654E-011
   164.480625000000        -3.863213151784044E-011
   164.694375000000        -3.900453969880299E-011
   164.908125000000        -3.900404765932031E-011
   165.121875000000        -3.863079460957056E-011
   165.335625000000        -3.790171226038089E-011
   165.549375000000        -3.684863244929606E-011
   165.763125000000        -3.551605013477727E-011
   165.976875000000        -3.395880555174738E-011
   166.190625000000        -3.223971267601320E-011
   166.404375000000        -3.042740990672650E-011
   166.618125000000        -2.859425445748304E-011
   166.831875000000        -2.681438929468247E-011
   167.045625000000        -2.516184949501623E-011
   167.259375000000        -2.370856042074882E-011
   167.473125000000        -2.252217048585638E-011
   167.686875000000        -2.166373014780181E-011
   167.900625000000        -2.118492131916361E-011
   168.114375000000        -2.112526963379200E-011
   168.328125000000        -2.150911323678252E-011
   168.541875000000        -2.234267934792816E-011
   168.755625000000        -2.361161655611036E-011
   168.969375000000        -2.527901580471181E-011
   169.183125000000        -2.728444209430590E-011
   169.396875000000        -2.954426978483559E-011
   169.610625000000        -3.195324149963307E-011
   169.824375000000        -3.438774606280557E-011
   170.038125000000        -3.671054839497549E-011
   170.251875000000        -3.877689987456756E-011
   170.465625000000        -4.044184788616297E-011
   170.679375000000        -4.156819315779344E-011
   170.893125000000        -4.203487089038962E-011
   171.106875000000        -4.174495512252170E-011
   171.320625000000        -4.063294940799805E-011
   171.534375000000        -3.867066957380563E-011
   171.748125000000        -3.587139580183358E-011
   171.961875000000        -3.229181001775392E-011
   172.175625000000        -2.803145149091795E-011
   172.389375000000        -2.322976760728696E-011
   172.603125000000        -1.806059488502339E-011
   172.816875000000        -1.272437505573329E-011
   173.030625000000        -7.438645582661526E-012
   173.244375000000        -2.427065152320254E-012
   173.458125000000         2.092152560375154E-012
   173.671875000000         5.917917566899082E-012
   173.885625000000         8.876996481263387E-012
   174.099375000000         1.083349316667007E-011
   174.313125000000         1.169611566403416E-011
   174.526875000000         1.142297496139655E-011
   174.740625000000         1.002347961393691E-011
   174.954375000000         7.557308674046628E-012
   175.168125000000         4.130556205656750E-012
   175.381875000000        -1.106276536920009E-013
   175.595625000000        -4.988323962358617E-012
   175.809375000000        -1.030261509283892E-011
   176.023125000000        -1.584201572351884E-011
   176.236875000000        -2.139380513182429E-011
   176.450625000000        -2.675389290206617E-011
   176.664375000000        -3.173546209008505E-011
   176.878125000000        -3.617616855634084E-011
   177.091875000000        -3.994362799530006E-011
   177.305625000000        -4.293898743582635E-011
   177.519375000000        -4.509884872278036E-011
   177.733125000000        -4.639543126094858E-011
   177.946875000000        -4.683525707209768E-011
   178.160625000000        -4.645657852324038E-011
   178.374375000000        -4.532561301607125E-011
   178.588125000000        -4.353202127131155E-011
   178.801875000000        -4.118364827246242E-011
   179.015625000000        -3.840080095362047E-011
   179.229375000000        -3.531044732384526E-011
   179.443125000000        -3.204046628631980E-011
   179.656875000000        -2.871432177161106E-011
   179.870625000000        -2.544632427217267E-011
   180.084375000000        -2.233799973663508E-011
   180.298125000000        -1.947546136673292E-011
   180.511875000000        -1.692798901422922E-011
   180.725625000000        -1.474783004152463E-011
   180.939375000000        -1.297105645251861E-011
   181.153125000000        -1.161903192636614E-011
   181.366875000000        -1.070047134015634E-011
   181.580625000000        -1.021341563832167E-011
   181.794375000000        -1.014700526213762E-011
   182.008125000000        -1.048268962805890E-011
   182.221875000000        -1.119467435455743E-011
   182.435625000000        -1.224987061061040E-011
   182.649375000000        -1.360721521586416E-011
   182.863125000000        -1.521671676311811E-011
   183.076875000000        -1.701867116009362E-011
   183.290625000000        -1.894326374749123E-011
   183.504375000000        -2.091086474997857E-011
   183.718125000000        -2.283323569602181E-011
   183.931875000000        -2.461583954673299E-011
   184.145625000000        -2.616097931183173E-011
   184.359375000000        -2.737186698396508E-011
   184.573125000000        -2.815718786861489E-011
   184.786875000000        -2.843589531983148E-011
   185.000625000000        -2.814205550370060E-011
   185.214375000000        -2.722924247364699E-011
   185.428125000000        -2.567447981012413E-011
   185.641875000000        -2.348125896304287E-011
   185.855625000000        -2.068169318522446E-011
   186.069375000000        -1.733760340376623E-011
   186.283125000000        -1.354018149786514E-011
   186.496875000000        -9.408640232363160E-012
   186.710625000000        -5.087025700477214E-012
   186.924375000000        -7.397801221718335E-013
   187.138125000000         3.454316955979046E-012
   187.351875000000         7.309613308928453E-012
   187.565625000000         1.064227546533171E-011
   187.779375000000         1.327967934354409E-011
   187.993125000000         1.507021096778934E-011
   188.206875000000         1.589250608346543E-011
   188.420625000000         1.566384638618625E-011
   188.634375000000         1.434665879836367E-011
   188.848125000000         1.195271014207914E-011
   189.061875000000         8.544581043639836E-012
   189.275625000000         4.234043034255478E-012
   189.489375000000        -8.223874822140283E-013
   189.703125000000        -6.430716641163555E-012
   189.916875000000        -1.236885178500699E-011
   190.130625000000        -1.839749143669956E-011
   190.344375000000        -2.427203640730353E-011
   190.558125000000        -2.975424132393903E-011
   190.771875000000        -3.462355285111068E-011
   190.985625000000        -3.868710816406454E-011
   191.199375000000        -4.178803952780551E-011
   191.413125000000        -4.381198207326931E-011
   191.626875000000        -4.469135446866333E-011
   191.840625000000        -4.440753132945435E-011
   192.054375000000        -4.299088039376526E-011
   192.268125000000        -4.051881848423985E-011
   192.481875000000        -3.711190873216005E-011
   192.695625000000        -3.292830337577141E-011
   192.909375000000        -2.815672866347880E-011
   193.123125000000        -2.300815486418791E-011
   193.336875000000        -1.770659392453806E-011
   193.550625000000        -1.247937191811515E-011
   193.764375000000        -7.547202958154641E-012
   193.978125000000        -3.114575843756013E-012
   194.191875000000         6.392079294853101E-013
   194.405625000000         3.567766609442000E-012
   194.619375000000         5.564061905067522E-012
   194.833125000000         6.564904509152335E-012
   195.046875000000         6.553669353953428E-012
   195.260625000000         5.560927401830448E-012
   195.474375000000         3.662906555944077E-012
   195.688125000000         9.781509307416874E-013
   195.901875000000        -2.337911028050062E-012
   196.115625000000        -6.100014347125675E-012
   196.329375000000        -1.010166372318750E-011
   196.543125000000        -1.412491480642801E-011
   196.756875000000        -1.795102410024821E-011
   196.970625000000        -2.137148282606408E-011
   197.184375000000        -2.419892562915727E-011
   197.398125000000        -2.627723140041836E-011
   197.611875000000        -2.749033355509563E-011
   197.825625000000        -2.776889470503158E-011
   198.039375000000        -2.709448163522806E-011
   198.253125000000        -2.550067572762198E-011
   198.466875000000        -2.307099108467800E-011
   198.680625000000        -1.993368175557404E-011
   198.894375000000        -1.625353749099316E-011
   199.108125000000        -1.222155670525233E-011
   199.321875000000        -8.043004884567582E-012
   199.535625000000        -3.924934849165606E-012
   199.749375000000        -6.401706835940958E-014
   199.963125000000         3.364211271192218E-012
   200.176875000000         6.214333139468595E-012
   200.390625000000         8.377123529337905E-012
   200.604375000000         9.783162232038935E-012
   200.818125000000         1.040340288252854E-011
   201.031875000000         1.024728686962067E-011
   201.245625000000         9.358772438363291E-012
   201.459375000000         7.810748394369138E-012
   201.673125000000         5.698542167711233E-012
   201.886875000000         3.133110274256599E-012
   202.100625000000         2.342754224703838E-013
   202.314375000000        -2.875446667771122E-012
   202.528125000000        -6.076279930760318E-012
   202.741875000000        -9.255634577850085E-012
   202.955625000000        -1.231160493817227E-011
   203.169375000000        -1.515546960970955E-011
   203.383125000000        -1.771321954831935E-011
   203.596875000000        -1.992624893499231E-011
   203.810625000000        -2.175132436926101E-011
   204.024375000000        -2.315989695504851E-011
   204.238125000000        -2.413679477944983E-011
   204.451875000000        -2.467881197767918E-011
   204.665625000000        -2.479284289629719E-011
   204.879375000000        -2.449424792646624E-011
   205.093125000000        -2.380537314974841E-011
   205.306875000000        -2.275434649224459E-011
   205.520625000000        -2.137449318419103E-011
   205.734375000000        -1.970407413198914E-011
   205.948125000000        -1.778661992186048E-011
   206.161875000000        -1.567136191148052E-011
   206.375625000000        -1.341387907225166E-011
   206.589375000000        -1.107642911640435E-011
   206.803125000000        -8.727787228371969E-012
   207.016875000000        -6.442422449372960E-012
   207.230625000000        -4.298693353352769E-012
   207.444375000000        -2.376199976076383E-012
   207.658125000000        -7.520979087328927E-013
   207.871875000000         5.030726337396081E-013
   208.085625000000         1.329976426206583E-012
   208.299375000000         1.685100942081073E-012
   208.513125000000         1.544845156358607E-012
   208.726875000000         9.087666398446502E-013
   208.940625000000        -1.985111602335170E-013
   209.154375000000        -1.726700492868307E-012
   209.368125000000        -3.601149729286650E-012
   209.581875000000        -5.725623292271174E-012
   209.795625000000        -7.986690530641000E-012
   210.009375000000        -1.025946894100364E-011
   210.223125000000        -1.241419735637420E-011
   210.436875000000        -1.432347567373189E-011
   210.650625000000        -1.586947933455341E-011
   210.864375000000        -1.695091962860460E-011
   211.078125000000        -1.748912930578099E-011
   211.291875000000        -1.743302786611140E-011
   211.505625000000        -1.676261715700112E-011
   211.719375000000        -1.549077784966511E-011
   211.933125000000        -1.366339660356278E-011
   212.146875000000        -1.135752793981751E-011
   212.360625000000        -8.677936270153560E-012
   212.574375000000        -5.752044674769324E-012
   212.788125000000        -2.723555833597574E-012
   213.001875000000         2.549405079800256E-013
   213.215625000000         3.030002557685217E-012
   213.429375000000         5.455603095567729E-012
   213.643125000000         7.401166774146875E-012
   213.856875000000         8.759044732901851E-012
   214.070625000000         9.450786595678857E-012
   214.284375000000         9.432002921561149E-012
   214.498125000000         8.695440519565038E-012
   214.711875000000         7.271964296253532E-012
   214.925625000000         5.229321256120095E-012
   215.139375000000         2.668973621623272E-012
   215.353125000000        -2.793652275997460E-013
   215.566875000000        -3.464588969328788E-012
   215.780625000000        -6.722531207040595E-012
   215.994375000000        -9.884796168254721E-012
   216.208125000000        -1.278788775896187E-011
   216.421875000000        -1.528173688010703E-011
   216.635625000000        -1.723730247921678E-011
   216.849375000000        -1.855268232370694E-011
   217.063125000000        -1.915740510340807E-011
   217.276875000000        -1.901493021296754E-011
   217.490625000000        -1.812309263500899E-011
   217.704375000000        -1.651292186789444E-011
   217.918125000000        -1.424594435413594E-011
   218.131875000000        -1.141013841570169E-011
   218.345625000000        -8.115388727890295E-012
   218.559375000000        -4.488168103568573E-012
   218.773125000000        -6.660454852505474E-013
   218.986875000000         3.207722780604179E-012
   219.200625000000         6.989629736927272E-012
   219.414375000000         1.054102797030215E-011
   219.628125000000         1.373297927271057E-011
   219.841875000000         1.645082574316573E-011
   220.055625000000         1.859820639430626E-011
   220.269375000000         2.010050921314756E-011
   220.483125000000         2.090765536571796E-011
   220.696875000000         2.099589950472397E-011
   220.910625000000         2.036866400231457E-011
   221.124375000000         1.905606229519285E-011
   221.338125000000         1.711338754830363E-011
   221.551875000000         1.461827986300285E-011
   221.765625000000         1.166687074902244E-011
   221.979375000000         8.369259310572019E-012
   222.193125000000         4.844119097651440E-012
   222.406875000000         1.213358657749567E-012
   222.620625000000        -2.403339613454150E-012
   222.834375000000        -5.893687102662173E-012
   223.048125000000        -9.157325369731023E-012
   223.261875000000        -1.210967713592268E-011
   223.475625000000        -1.468497522874161E-011
   223.689375000000        -1.683833479119048E-011
   223.903125000000        -1.854682379418894E-011
   224.116875000000        -1.980945757935143E-011
   224.330625000000        -2.064607445806114E-011
   224.544375000000        -2.109504856483757E-011
   224.758125000000        -2.120995173925320E-011
   224.971875000000        -2.105512927956923E-011
   225.185625000000        -2.070040473580839E-011
   225.399375000000        -2.021532744551455E-011
   225.613125000000        -1.966313075756466E-011
   225.826875000000        -1.909515563654137E-011
   226.040625000000        -1.854607920660848E-011
   226.254375000000        -1.803053156979630E-011
   226.468125000000        -1.754158245576732E-011
   226.681875000000        -1.705120163609772E-011
   226.895625000000        -1.651304383528330E-011
   227.109375000000        -1.586713693376214E-011
   227.323125000000        -1.504614710354127E-011
   227.536875000000        -1.398280535757767E-011
   227.750625000000        -1.261747250681122E-011
   227.964375000000        -1.090528650183247E-011
   228.178125000000        -8.822180589389627E-012
   228.391875000000        -6.368958276802610E-012
   228.605625000000        -3.573324167159150E-012
   228.819375000000        -4.893805569459605E-013
   229.033125000000         2.805086071655692E-012
   229.246875000000         6.213399784994426E-012
   229.460625000000         9.626298330375242E-012
   229.674375000000         1.292938617807645E-011
   229.888125000000         1.601079171222780E-011
   230.101875000000         1.876870461910863E-011
   230.315625000000         2.111823264846154E-011
   230.529375000000         2.299687726710458E-011
   230.743125000000         2.436856866832196E-011
   230.956875000000         2.522583238042070E-011
   231.170625000000         2.559002041416066E-011
   231.384375000000         2.550951897212313E-011
   231.598125000000         2.505605248920495E-011
   231.811875000000         2.431919051169165E-011
   232.025625000000         2.339948766415773E-011
   232.239375000000         2.240040817338056E-011
   232.453125000000         2.141979528136308E-011
   232.666875000000         2.054143488281528E-011
   232.880625000000         1.982727401973824E-011
   233.094375000000         1.931119610335051E-011
   233.308125000000         1.899478662489283E-011
   233.521875000000         1.884571827984712E-011
   233.735625000000         1.879906667712180E-011
   233.949375000000         1.876157203112930E-011
   234.163125000000         1.861876819619655E-011
   234.376875000000         1.824428829240189E-011
   234.590625000000         1.751098367571771E-011
   234.804375000000         1.630259182197040E-011
   235.018125000000         1.452520107229803E-011
   235.231875000000         1.211754142147677E-011
   235.445625000000         9.058993048790905E-012
   235.659375000000         5.374814502725290E-012
   235.873125000000         1.138037244419570E-012
   236.086875000000        -3.532206516156026E-012
   236.300625000000        -8.475900558799203E-012
   236.514375000000        -1.350035531729041E-011
   236.728125000000        -1.839108041741554E-011
   236.941875000000        -2.292447522780588E-011
   237.155625000000        -2.688148214891142E-011
   237.369375000000        -3.006126469838468E-011
   237.583125000000        -3.229415124367186E-011
   237.796875000000        -3.345284030625242E-011
   238.010625000000        -3.346122086849196E-011
   238.224375000000        -3.230028363068492E-011
   238.438125000000        -3.001059240023172E-011
   238.651875000000        -2.669119763705303E-011
   238.865625000000        -2.249492887977115E-011
   239.079375000000        -1.762045273341302E-011
   239.293125000000        -1.230132721655208E-011
   239.506875000000        -6.792919079300703E-012
   239.720625000000        -1.357811283624769E-012
   239.934375000000         3.749173507970129E-012
   240.148125000000         8.295641833984749E-012
   240.361875000000         1.208469258158631E-011
   240.575625000000         1.496586142777641E-011
   240.789375000000         1.684300509353256E-011
   241.003125000000         1.767882304456263E-011
   241.216875000000         1.749553398207039E-011
   241.430625000000         1.637211231114250E-011
   241.644375000000         1.443788356502625E-011
   241.858125000000         1.186345064838534E-011
   242.071875000000         8.849203773915105E-012
   242.285625000000         5.612538036891916E-012
   242.499375000000         2.374417316118436E-012
   242.713125000000        -6.537721350274830E-013
   242.926875000000        -3.282268393937112E-012
   243.140625000000        -5.353314312792115E-012
   243.354375000000        -6.749143348522677E-012
   243.568125000000        -7.397421121314935E-012
   243.781875000000        -7.273609309286285E-012
   243.995625000000        -6.400617363060054E-012
   244.209375000000        -4.845549991531686E-012
   244.423125000000        -2.713984270020344E-012
   244.636875000000        -1.422039248162616E-013
   244.850625000000         2.712100850288333E-012
   245.064375000000         5.680042510084149E-012
   245.278125000000         8.592105510705057E-012
   245.491875000000         1.128821253077781E-011
   245.705625000000         1.362696295138977E-011
   245.919375000000         1.549335092077852E-011
   246.133125000000         1.680443485024512E-011
   246.346875000000         1.751303307725506E-011
   246.560625000000         1.760889373184223E-011
   246.774375000000         1.711761708979983E-011
   246.988125000000         1.609744990005761E-011
   247.201875000000         1.463417549483868E-011
   247.415625000000         1.283458262437499E-011
   247.629375000000         1.081902869500868E-011
   247.843125000000         8.713517957178074E-012
   248.056875000000         6.641866027112923E-012
   248.270625000000         4.718460311728885E-012
   248.484375000000         3.041994172774791E-012
   248.698125000000         1.690548535601059E-012
   248.911875000000         7.180978919973435E-013
   249.125625000000         1.527042455394540E-013
   249.339375000000        -3.622764191475284E-015
   249.553125000000         2.264462978532697E-013
   249.766875000000         7.981348195350086E-013
   249.980625000000         1.648559747708769E-012
   250.194375000000         2.701263429816269E-012
   250.408125000000         3.871506630475461E-012
   250.621875000000         5.071693749427796E-012
   250.835625000000         6.216792519790717E-012
   251.049375000000         7.229428342336790E-012
   251.263125000000         8.044284801087549E-012
   251.476875000000         8.611785500899875E-012
   251.690625000000         8.900566291055918E-012
   251.904375000000         8.898862016199413E-012
   252.118125000000         8.614484892355828E-012
   252.331875000000         8.073471881147796E-012
   252.545625000000         7.317452787486202E-012
   252.759375000000         6.399883339901776E-012
   252.973125000000         5.381498738121371E-012
   253.186875000000         4.325034235753207E-012
   253.400625000000         3.290169797287381E-012
   253.614375000000         2.328667473571574E-012
   253.828125000000         1.480317634516596E-012
   254.041875000000         7.702369450723939E-013
   254.255625000000         2.074896767885436E-013
   254.469375000000        -2.145230021292348E-013
   254.683125000000        -5.162354297116221E-013
   254.896875000000        -7.286300235552214E-013
   255.110625000000        -8.889455660980151E-013
   255.324375000000        -1.035901780470368E-012
   255.538125000000        -1.204954165041291E-012
   255.751875000000        -1.423748932430043E-012
   255.965625000000        -1.708940621245725E-012
   256.179375000000        -2.063920788976627E-012
   256.393125000000        -2.478087805063465E-012
   256.606875000000        -2.927501144404740E-012
   256.820625000000        -3.376844082812514E-012
   257.034375000000        -3.782370055858815E-012
   257.248125000000        -4.095484925198277E-012
   257.461875000000        -4.266851915807129E-012
   257.675625000000        -4.250222681277579E-012
   257.889375000000        -4.006196116891904E-012
   258.103125000000        -3.505420633532372E-012
   258.316875000000        -2.731026502874051E-012
   258.530625000000        -1.680550730066166E-012
   258.744375000000        -3.666904925186248E-013
   258.958125000000         1.182395648631116E-012
   259.171875000000         2.924079903777709E-012
   259.385625000000         4.802742795610420E-012
   259.599375000000         6.752437105692653E-012
   259.813125000000         8.700329860540077E-012
   260.026875000000         1.057071760194965E-011
   260.240625000000         1.228975167613595E-011
   260.454375000000         1.379031058790074E-011
   260.668125000000         1.501682955124319E-011
   260.881875000000         1.592955764822603E-011
   261.095625000000         1.650801649484004E-011
   261.309375000000         1.675300119890612E-011
   261.523125000000         1.668722939509777E-011
   261.736875000000         1.635412828790376E-011
   261.950625000000         1.581506716947777E-011
   262.164375000000         1.514508411868944E-011
   262.378125000000         1.442749377685501E-011
   262.591875000000         1.374786314945086E-011
   262.805625000000         1.318779241450797E-011
   263.019375000000         1.281909894370752E-011
   263.233125000000         1.269882436604150E-011
   263.446875000000         1.286522688921423E-011
   263.660625000000         1.333533815008935E-011
   263.874375000000         1.410381665125649E-011
   264.088125000000         1.514323555884595E-011
   264.301875000000         1.640566676962630E-011
   264.515625000000         1.782532900288064E-011
   264.729375000000         1.932211055340343E-011
   264.943125000000         2.080582818991965E-011
   265.156875000000         2.218093986346160E-011
   265.370625000000         2.335131737865923E-011
   265.584375000000         2.422545180012411E-011
   265.798125000000         2.472112208182008E-011
   266.011875000000         2.477001616850947E-011
   266.225625000000         2.432147569820985E-011
   266.439375000000         2.334565876823073E-011
   266.653125000000         2.183541137126618E-011
   266.866875000000         1.980722795309708E-011
   267.080625000000         1.730067114545583E-011
   267.294375000000         1.437676118242830E-011
   267.508125000000         1.111519559900918E-011
   267.721875000000         7.610627466175496E-012
   267.935625000000         3.968455794362080E-012
   268.149375000000         3.002789089390660E-013
   268.363125000000        -3.280627093617190E-012
   268.576875000000        -6.663417626221309E-012
   268.790625000000        -9.743617323714636E-012
   269.004375000000        -1.242625551129135E-011
   269.218125000000        -1.462872126955903E-011
   269.431875000000        -1.628324361005135E-011
   269.645625000000        -1.733901113344015E-011
   269.859375000000        -1.776419670883651E-011
   270.073125000000        -1.754788387691552E-011
   270.286875000000        -1.670166306844773E-011
   270.500625000000        -1.526092380433385E-011
   270.714375000000        -1.328550621700158E-011
   270.928125000000        -1.085929950209678E-011
   271.141875000000        -8.088726605235651E-012
   271.355625000000        -5.099625819855416E-012
   271.569375000000        -2.032536665898063E-012
   271.783125000000         9.635049577072167E-013
   271.996875000000         3.738525270595460E-012
   272.210625000000         6.150172473060913E-012
   272.424375000000         8.072520354879392E-012
   272.638125000000         9.404681438419611E-012
   272.851875000000         1.007833617352950E-011
   273.065625000000         1.006383507622801E-011
   273.279375000000         9.373864662853272E-012
   273.493125000000         8.064801686269264E-012
   273.706875000000         6.235011045065758E-012
   273.920625000000         4.020560154955994E-012
   274.134375000000         1.588018932361378E-012
   274.348125000000        -8.746965195229277E-013
   274.561875000000        -3.169594445271852E-012
   274.775625000000        -5.100684232722903E-012
   274.989375000000        -6.486486372166509E-012
   275.203125000000        -7.172193990605295E-012
   275.416875000000        -7.040470413264331E-012
   275.630625000000        -6.020280390901891E-012
   275.844375000000        -4.093113263795998E-012
   276.058125000000        -1.296032309341045E-012
   276.271875000000         2.278842098156066E-012
   276.485625000000         6.488296304798146E-012
   276.699375000000         1.114551528472094E-011
   276.913125000000         1.603063562850004E-011
   277.126875000000         2.090352299145297E-011
   277.340625000000         2.551837606501562E-011
   277.554375000000         2.963862072558892E-011
   277.768125000000         3.305166150508813E-011
   277.981875000000         3.558175696277287E-011
   278.195625000000         3.710089226283273E-011
   278.409375000000         3.753623371947012E-011
   278.623125000000         3.687409343360861E-011
   278.836875000000         3.515994705680287E-011
   279.050625000000         3.249481157945681E-011
   279.264375000000         2.902802210749680E-011
   279.478125000000         2.494733343493802E-011
   279.691875000000         2.046684242984064E-011
   279.905625000000         1.581381040451217E-011
   280.119375000000         1.121512221355908E-011
   280.333125000000         6.884439879204240E-012
   280.546875000000         3.010682683119901E-012
   280.760625000000        -2.512530306627469E-013
   280.974375000000        -2.787547096833824E-012
   281.188125000000        -4.529358169625017E-012
   281.401875000000        -5.454115867166431E-012
   281.615625000000        -5.583966702591351E-012
   281.829375000000        -4.981700561832573E-012
   282.043125000000        -3.744799697967266E-012
   282.256875000000        -1.997708712244160E-012
   282.470625000000         1.165094647188854E-013
   282.684375000000         2.445198877753219E-012
   282.898125000000         4.834763740827125E-012
   283.111875000000         7.138763273821779E-012
   283.325625000000         9.224839806588940E-012
   283.539375000000         1.098048502551843E-011
   283.753125000000         1.231712246865990E-011
   283.966875000000         1.317273466890772E-011
   284.180625000000         1.351288115856282E-011
   284.394375000000         1.333028179426897E-011
   284.608125000000         1.264316538903521E-011
   284.821875000000         1.149258508528927E-011
   285.035625000000         9.938720784613526E-012
   285.249375000000         8.056842898136700E-012
   285.463125000000         5.932789437574353E-012
   285.676875000000         3.658363090860071E-012
   285.890625000000         1.326917266618912E-012
   286.104375000000        -9.707386731867559E-013
   286.318125000000        -3.149813504931008E-012
   286.531875000000        -5.134395553630292E-012
   286.745625000000        -6.859488802494257E-012
   286.959375000000        -8.272151333741318E-012
   287.173125000000        -9.331980890402936E-012
   287.386875000000        -1.001064623563489E-011
   287.600625000000        -1.029110095862154E-011
   287.814375000000        -1.016632021630838E-011
   288.028125000000        -9.637813095729030E-012
   288.241875000000        -8.714354763248251E-012
   288.455625000000        -7.410774379693409E-012
   288.669375000000        -5.747245422402138E-012
   288.883125000000        -3.748889936333680E-012
   289.096875000000        -1.445849491900690E-012
   289.310625000000         1.126294657493709E-012
   289.524375000000         3.925933052072733E-012
   289.738125000000         6.904653712565113E-012
   289.951875000000         1.000671089015047E-011
   290.165625000000         1.316858717626335E-011
   290.379375000000         1.631914389695442E-011
   290.593125000000         1.938007374498225E-011
   290.806875000000         2.226718661539448E-011
   291.020625000000         2.489211727537912E-011
   291.234375000000         2.716503241957111E-011
   291.448125000000         2.899772347478230E-011
   291.661875000000         3.030752464497792E-011
   291.875625000000         3.102167469821789E-011
   292.089375000000         3.108205021477101E-011
   292.303125000000         3.045007924805598E-011
   292.516875000000         2.911137321255517E-011
   292.730625000000         2.707981727928333E-011
   292.944375000000         2.440074223506971E-011
   293.158125000000         2.115261978273642E-011
   293.371875000000         1.744697626038181E-011
   293.585625000000         1.342629146613598E-011
   293.799375000000         9.259545714093805E-012
   294.013125000000         5.135583497820545E-012
   294.226875000000         1.254490894053505E-012
   294.440625000000        -2.182741556749143E-012
   294.654375000000        -4.985474719914722E-012
   294.868125000000        -6.985040587226374E-012
   295.081875000000        -8.045846383076047E-012
   295.295625000000        -8.075119797112039E-012
   295.509375000000        -7.030675069398646E-012
   295.723125000000        -4.925896969496155E-012
   295.936875000000        -1.831680509797021E-012
   296.150625000000         2.125123979753654E-012
   296.364375000000         6.766469203599825E-012
   296.578125000000         1.187122949469057E-011
   296.791875000000         1.718584770744009E-011
   297.005625000000         2.243739895450390E-011
   297.219375000000         2.734780198164825E-011
   297.433125000000         3.164894897146040E-011
   297.646875000000         3.509739379973660E-011
   297.860625000000         3.748812282558339E-011
   298.074375000000         3.866635461185239E-011
   298.288125000000         3.853688796160910E-011
   298.501875000000         3.707017416275264E-011
   298.715625000000         3.430493553936972E-011
   298.929375000000         3.034709641717148E-011
   299.143125000000         2.536496276907956E-011
   299.356875000000         1.958090923754590E-011
   299.570625000000         1.326022553734037E-011
   299.784375000000         6.697506063115266E-012
   299.998125000000         2.014330135963020E-013
   300.211875000000        -5.920931477010578E-012
   300.425625000000        -1.138000195267933E-011
   300.639375000000        -1.591828085767076E-011
   300.853125000000        -1.932335101383268E-011
   301.066875000000        -2.143849403870967E-011
   301.280625000000        -2.217047629867180E-011
   301.494375000000        -2.149414567956444E-011
   301.708125000000        -1.945381283280314E-011
   301.921875000000        -1.616121533035939E-011
   302.135625000000        -1.179018870696502E-011
   302.349375000000        -6.568381722903178E-012
   302.563125000000        -7.663734032444297E-013
   302.776875000000         5.315871043271073E-012
   302.990625000000         1.136370698003318E-011
   303.204375000000         1.706411389846978E-011
   303.418125000000         2.212177960592287E-011
   303.631875000000         2.627504159265170E-011
   303.845625000000         2.931003583505067E-011
   304.059375000000         3.107274667269181E-011
   304.273125000000         3.147764042583154E-011
   304.486875000000         3.051285081247044E-011
   304.700625000000         2.824092298784542E-011
   304.914375000000         2.479535781524861E-011
   305.128125000000         2.037289317423446E-011
   305.341875000000         1.522209212891362E-011
   305.555625000000         9.628907743695870E-012
   305.769375000000         3.900132449050379E-012
   305.983125000000        -1.654177539404491E-012
   306.196875000000        -6.738161660501511E-012
   306.410625000000        -1.108647005503717E-011
   306.624375000000        -1.447838767263577E-011
   306.838125000000        -1.674908982159639E-011
   307.051875000000        -1.779718794258026E-011
   307.265625000000        -1.758865722571074E-011
   307.479375000000        -1.615640653953371E-011
   307.693125000000        -1.359635238225723E-011
   307.906875000000        -1.005966209828483E-011
   308.120625000000        -5.742269993416482E-012
   308.334375000000        -8.720458861683086E-013
   308.548125000000         4.305428026274706E-012
   308.761875000000         9.541522745224121E-012
   308.975625000000         1.459872519550978E-011
   309.189375000000         1.926341901370468E-011
   309.403125000000         2.335642902532133E-011
   309.616875000000         2.674070565545942E-011
   309.830625000000         2.932573798980168E-011
   310.044375000000         3.106852277650205E-011
   310.258125000000         3.197123291251140E-011
   310.471875000000         3.207614902070029E-011
   310.685625000000         3.145836261097372E-011
   310.899375000000         3.021700552843775E-011
   311.113125000000         2.846624816800535E-011
   311.326875000000         2.632655811194370E-011
   311.540625000000         2.391706402478765E-011
   311.754375000000         2.134966484626654E-011
   311.968125000000         1.872497450763484E-011
   312.181875000000         1.613022288039455E-011
   312.395625000000         1.363877712372087E-011
   312.609375000000         1.131097771903562E-011
   312.823125000000         9.195582119548346E-012
   313.036875000000         7.331487850468795E-012
   313.250625000000         5.749104154756428E-012
   313.464375000000         4.471166667539319E-012
   313.678125000000         3.512798440572588E-012
   313.891875000000         2.880716550543310E-012
   314.105625000000         2.572189130016824E-012
   314.319375000000         2.573488056299739E-012
   314.533125000000         2.858813899327376E-012
   314.746875000000         3.389452698912368E-012
   314.960625000000         4.114155519022097E-012
   315.174375000000         4.970267192978682E-012
   315.388125000000         5.886247593869612E-012
   315.601875000000         6.785092559441882E-012
   315.815625000000         7.588807431455279E-012
   316.029375000000         8.223320493740536E-012
   316.243125000000         8.623695307106023E-012
   316.456875000000         8.739105459173552E-012
   316.670625000000         8.537011740684837E-012
   316.884375000000         8.006534737410891E-012
   317.098125000000         7.160133511166717E-012
   317.311875000000         6.033913640535190E-012
   317.525625000000         4.685994525810424E-012
   317.739375000000         3.193251230441002E-012
   317.953125000000         1.646489205324526E-012
   318.166875000000         1.443840440112216E-013
   318.380625000000        -1.213348696215845E-012
   318.594375000000        -2.333043056786993E-012
   318.808125000000        -3.133822768614397E-012
   319.021875000000        -3.553452240038275E-012
   319.235625000000        -3.552791469884623E-012
   319.449375000000        -3.118512970519149E-012
   319.663125000000        -2.263872634967800E-012
   319.876875000000        -1.027564005515180E-012
   320.090625000000         5.292624525538447E-013
   320.304375000000         2.327345517264621E-012
   320.518125000000         4.274634102978809E-012
   320.731875000000         6.272158760527648E-012
   320.945625000000         8.219877419392303E-012
   321.159375000000         1.002209079379528E-011
   321.373125000000         1.159230008797093E-011
   321.586875000000         1.285710301381313E-011
   321.800625000000         1.375914599277783E-011
   322.014375000000         1.425933929952590E-011
   322.228125000000         1.433820849472241E-011
   322.441875000000         1.399652369610426E-011
   322.655625000000         1.325538903879970E-011
   322.869375000000         1.215570266661519E-011
   323.083125000000         1.075697560177428E-011
   323.296875000000         9.135439941715283E-012
   323.510625000000         7.381352951964850E-012
   323.724375000000         5.595407721504692E-012
   323.938125000000         3.884375347506988E-012
   324.151875000000         2.355821433533625E-012
   324.365625000000         1.112510150268984E-012
   324.579375000000         2.463384650649062E-013
   324.793125000000        -1.673713700040808E-013
   325.006875000000        -7.504649829148855E-014
   325.220625000000         5.509847613778960E-013
   325.434375000000         1.709753698847964E-012
   325.648125000000         3.370611791503574E-012
   325.861875000000         5.473928009590711E-012
   326.075625000000         7.933725621488292E-012
   326.289375000000         1.064187784529943E-011
   326.503125000000         1.347384883699396E-011
   326.716875000000         1.629551808827154E-011
   326.930625000000         1.897063881571793E-011
   327.144375000000         2.136855398987025E-011
   327.358125000000         2.337178751248073E-011
   327.571875000000         2.488275658148344E-011
   327.785625000000         2.582948159957008E-011
   327.999375000000         2.616988643070597E-011
   328.213125000000         2.589409696423422E-011
   328.426875000000         2.502488698278293E-011
   328.640625000000         2.361591491140274E-011
   328.854375000000         2.174794360601305E-011
   329.068125000000         1.952323772079171E-011
   329.281875000000         1.705827883760155E-011
   329.495625000000         1.447568038607814E-011
   329.709375000000         1.189555135187653E-011
   329.923125000000         9.427221786343018E-012
   330.136875000000         7.161911463004452E-012
   330.350625000000         5.167049330454714E-012
   330.564375000000         3.482643311085602E-012
   330.778125000000         2.120111123422779E-012
   330.991875000000         1.063721980659399E-012
   331.205625000000         2.742678713549895E-013
   331.419375000000        -3.049568859009906E-013
   331.633125000000        -7.408626121676984E-013
   331.846875000000        -1.102427253414615E-012
   332.060625000000        -1.452385583900440E-012
   332.274375000000        -1.839809815611885E-012
   332.488125000000        -2.293952132520055E-012
   332.701875000000        -2.820204162716512E-012
   332.915625000000        -3.398339175670786E-012
   333.129375000000        -3.983484265180837E-012
   333.343125000000        -4.509508239884985E-012
   333.556875000000        -4.894783754190659E-012
   333.770625000000        -5.049855740828959E-012
   333.984375000000        -4.886275185278956E-012
   334.198125000000        -4.325973146953952E-012
   334.411875000000        -3.310338687749794E-012
   334.625625000000        -1.808175976174609E-012
   334.839375000000         1.782017150757634E-013
   335.053125000000         2.609346721058026E-012
   335.266875000000         5.407960923415731E-012
   335.480625000000         8.461266504882635E-012
   335.694375000000         1.162653904203557E-011
   335.908125000000         1.473922677250627E-011
   336.121875000000         1.762347173164547E-011
   336.335625000000         2.010397470303285E-011
   336.549375000000         2.201848440564844E-011
   336.763125000000         2.322993793073561E-011
   336.976875000000         2.363734581125384E-011
   337.190625000000         2.318448683117149E-011
   337.404375000000         2.186597073260533E-011
   337.618125000000         1.972991029213386E-011
   337.831875000000         1.687719877933249E-011
   338.045625000000         1.345719620144200E-011
   338.259375000000         9.660261050029327E-012
   338.473125000000         5.707345673885845E-012
   338.686875000000         1.837324224030080E-012
   338.900625000000        -1.707062849281446E-012
   339.114375000000        -4.694097089618257E-012
   339.328125000000        -6.917617614202322E-012
   339.541875000000        -8.210497515002736E-012
   339.755625000000        -8.456074707270203E-012
   339.969375000000        -7.596801239330514E-012
   340.183125000000        -5.639399394770284E-012
