  -1.60312500000000        -1.459874437388351E-024
  -1.38937500000000        -5.537541774436804E-022
  -1.17562500000000        -5.205533842802129E-021
 -0.961875000000000        -2.997874750211224E-020
 -0.748125000000000        -1.342521054185308E-019
 -0.534375000000000        -5.025108020686968E-019
 -0.320625000000000        -1.622360487282305E-018
 -0.106875000000000        -4.605418432165142E-018
  0.106875000000000        -1.167180073208014E-017
  0.320625000000000        -2.677346135965124E-017
  0.534375000000000        -5.628946894023501E-017
  0.748125000000000        -1.096962856461114E-016
  0.961875000000000        -2.001047035594823E-016
   1.17562500000000        -3.445224856580880E-016
   1.38937500000000        -5.636870723814213E-016
   1.60312500000000        -8.813323595050151E-016
   1.81687500000000        -1.322837711412102E-015
   2.03062500000000        -1.913282096071900E-015
   2.24437500000000        -2.675027709918436E-015
   2.45812500000000        -3.625085695765638E-015
   2.67187500000000        -4.772559931932234E-015
   2.88562500000000        -6.116519626720191E-015
   3.09937500000000        -7.644597417648013E-015
   3.31312500000000        -9.332596059110388E-015
   3.52687500000000        -1.114537547932753E-014
   3.74062500000000        -1.303890042193464E-014
   3.95437500000000        -1.496319963672673E-014
   4.16812500000000        -1.686620752178642E-014
   4.38187500000000        -1.869774656223762E-014
   4.59562500000000        -2.041316350917053E-014
   4.80937500000000        -2.197640992900487E-014
   5.02312500000000        -2.336181331688233E-014
   5.23687500000000        -2.455450051237776E-014
   5.45062500000000        -2.554968967719145E-014
   5.66437500000000        -2.635081820500102E-014
   5.87812500000000        -2.696707455035941E-014
   6.09187500000000        -2.741109612782598E-014
   6.30562500000000        -2.769722196804182E-014
   6.51937500000000        -2.784078122037080E-014
   6.73312500000000        -2.785875346924480E-014
   6.94687500000000        -2.777169385465816E-014
   7.16062500000000        -2.760648808489804E-014
   7.37437500000000        -2.739934882303600E-014
   7.58812500000000        -2.719832847218752E-014
   7.80187500000000        -2.706439316860735E-014
   8.01562500000000        -2.707062952197962E-014
   8.22937500000000        -2.729919215454570E-014
   8.44312500000000        -2.783609243193294E-014
   8.65687500000000        -2.876434556747546E-014
   8.87062500000000        -3.015635812209848E-014
   9.08437500000000        -3.206684854800114E-014
   9.29812500000000        -3.452725291154692E-014
   9.51187500000000        -3.754274965509494E-014
   9.72562500000000        -4.109232278898641E-014
   9.93937500000000        -4.513205510299863E-014
   10.1531250000000        -4.960124031133617E-014
   10.3668750000000        -5.443017250846014E-014
   10.5806250000000        -5.954848940334180E-014
   10.7943750000000        -6.489260747024818E-014
   11.0081250000000        -7.041112162823791E-014
   11.2218750000000        -7.606739644595414E-014
   11.4356250000000        -8.183906634017126E-014
   11.6493750000000        -8.771498568801879E-014
   11.8631250000000        -9.369043335816758E-014
   12.0768750000000        -9.976188955514535E-014
   12.2906250000000        -1.059228066398043E-013
   12.5043750000000        -1.121614996585357E-013
   12.7181250000000        -1.184619648903808E-013
   12.9318750000000        -1.248075882893109E-013
   13.1456250000000        -1.311872467952332E-013
   13.3593750000000        -1.376024981826651E-013
   13.5731250000000        -1.440743759053472E-013
   13.7868750000000        -1.506482273980066E-013
   14.0006250000000        -1.573951430630672E-013
   14.2143750000000        -1.644092191866563E-013
   14.4281250000000        -1.718006214181606E-013
   14.6418750000000        -1.796852405363425E-013
   14.8556250000000        -1.881722955845544E-013
   15.0693750000000        -1.973517586116285E-013
   15.2831250000000        -2.072836508753205E-013
   15.4968750000000        -2.179909739209782E-013
   15.7106250000000        -2.294573566418416E-013
   15.9243750000000        -2.416298548045777E-013
   16.1381250000000        -2.544263380269178E-013
   16.3518750000000        -2.677462921120148E-013
   16.5656250000000        -2.814832007206637E-013
   16.7793750000000        -2.955363547935265E-013
   16.9931250000000        -3.098204468191819E-013
   17.2068750000000        -3.242715159713130E-013
   17.4206250000000        -3.388485182748033E-013
   17.6343750000000        -3.535307279823984E-013
   17.8481250000000        -3.683119614955820E-013
   18.0618750000000        -3.831929227520346E-013
   18.2756250000000        -3.981733807460905E-013
   18.4893750000000        -4.132460653345893E-013
   18.7031250000000        -4.283931751591409E-013
   18.9168750000000        -4.435863341438996E-013
   19.1306250000000        -4.587900284637328E-013
   19.3443750000000        -4.739676571019344E-013
   19.5581250000000        -4.890891308580751E-013
   19.7718750000000        -5.041385141977063E-013
   19.9856250000000        -5.191203934313052E-013
   20.1993750000000        -5.340637693191781E-013
   20.4131250000000        -5.490228552914492E-013
   20.6268750000000        -5.640746749252390E-013
   20.8406250000000        -5.793138041780110E-013
   21.0543750000000        -5.948451610034703E-013
   21.2681250000000        -6.107759395080955E-013
   21.4818750000000        -6.272077124103984E-013
   21.6956250000000        -6.442296555725651E-013
   21.9093750000000        -6.619135884727398E-013
   22.1231250000000        -6.803111863796903E-013
   22.3368750000000        -6.994533337636672E-013
   22.5506250000000        -7.193512496483600E-013
   22.7643750000000        -7.399990048071942E-013
   22.9781250000000        -7.613768577087884E-013
   23.1918750000000        -7.834548621365038E-013
   23.4056250000000        -8.061964038890022E-013
   23.6193750000000        -8.295612974508987E-013
   23.8331250000000        -8.535083809862051E-013
   24.0468750000000        -8.779974562355718E-013
   24.2606250000000        -9.029907159202777E-013
   24.4743750000000        -9.284536904182525E-013
   24.6881250000000        -9.543556298436022E-013
   24.9018750000000        -9.806697199217948E-013
   25.1156250000000        -1.007372962323904E-012
   25.3293750000000        -1.034446131933671E-012
   25.5431250000000        -1.061873976285136E-012
   25.7568750000000        -1.089645726800336E-012
   25.9706250000000        -1.117756372851163E-012
   26.1843750000000        -1.146208687025277E-012
   26.3981250000000        -1.175016032303828E-012
   26.6118750000000        -1.204205772825723E-012
   26.8256250000000        -1.233822754345940E-012
   27.0393750000000        -1.263932192953899E-012
   27.2531250000000        -1.294621261416627E-012
   27.4668750000000        -1.325998287456171E-012
   27.6806250000000        -1.358188976237525E-012
   27.8943750000000        -1.391329186223418E-012
   28.1081250000000        -1.425554101453917E-012
   28.3218750000000        -1.460984694396281E-012
   28.5356250000000        -1.497712298642193E-012
   28.7493750000000        -1.535783333321841E-012
   28.9631250000000        -1.575186322727185E-012
   29.1768750000000        -1.615843520749054E-012
   29.3906250000000        -1.657609622098658E-012
   29.6043750000000        -1.700279010246316E-012
   29.8181250000000        -1.743602743808445E-012
   30.0318750000000        -1.787314897751416E-012
   30.2456250000000        -1.831166234586947E-012
   30.4593750000000        -1.874962131836738E-012
   30.6731250000000        -1.918599919257752E-012
   30.8868750000000        -1.962099836132466E-012
   31.1006250000000        -2.005623409139820E-012
   31.3143750000000        -2.049473527745915E-012
   31.5281250000000        -2.094072022273641E-012
   31.7418750000000        -2.139912885543376E-012
   31.9556250000000        -2.187492833783199E-012
   32.1693750000000        -2.237224681947694E-012
   32.3831250000000        -2.289343299664397E-012
   32.5968750000000        -2.343817372406471E-012
   32.8106250000000        -2.400282511909128E-012
   33.0243750000000        -2.458011746223104E-012
   33.2381250000000        -2.515937347100203E-012
   33.4518750000000        -2.572733178126583E-012
   33.6656250000000        -2.626959369027972E-012
   33.8793750000000        -2.677261673591730E-012
   34.0931250000000        -2.722607609630786E-012
   34.3068750000000        -2.762531417330420E-012
   34.5206250000000        -2.797351713297099E-012
   34.7343750000000        -2.828322029718517E-012
   34.9481250000000        -2.857675521033921E-012
   35.1618750000000        -2.888532560914803E-012
   35.3756250000000        -2.924654014334112E-012
   35.5893750000000        -2.970042475380247E-012
   35.8031250000000        -3.028417052241211E-012
   36.0168750000000        -3.102611545845087E-012
   36.2306250000000        -3.193967718360602E-012
   36.4443750000000        -3.301810645012747E-012
   36.6581250000000        -3.423099092826500E-012
   36.8718750000000        -3.552336783803160E-012
   37.0856250000000        -3.681810102411640E-012
   37.2993750000000        -3.802183874528489E-012
   37.5131250000000        -3.903442150550335E-012
   37.7268750000000        -3.976110404903338E-012
   37.9406250000000        -4.012644312213374E-012
   38.1543750000000        -4.008826835707568E-012
   38.3681250000000        -3.964985792084403E-012
   38.5818750000000        -3.886835697510721E-012
   38.7956250000000        -3.785764785017478E-012
   39.0093750000000        -3.678431840282895E-012
   39.2231250000000        -3.585607070514433E-012
   39.4368750000000        -3.530280146606105E-012
   39.6506250000000        -3.535158293078163E-012
   39.8643750000000        -3.619776028744882E-012
   40.0781250000000        -3.797522587079099E-012
   40.2918750000000        -4.072950148097350E-012
   40.5056250000000        -4.439744236126598E-012
   40.7193750000000        -4.879709810260385E-012
   40.9331250000000        -5.363049787782425E-012
   41.1468750000000        -5.850090168242207E-012
   41.3606250000000        -6.294448298012205E-012
   41.5743750000000        -6.647462562806192E-012
   41.7881250000000        -6.863523500671838E-012
   42.0018750000000        -6.905790278483518E-012
   42.2156250000000        -6.751664521689865E-012
   42.4293750000000        -6.397344975671640E-012
   42.6431250000000        -5.860813945609632E-012
   42.8568750000000        -5.182716348490663E-012
   43.0706250000000        -4.424778220707413E-012
   43.2843750000000        -3.665660514865190E-012
   43.4981250000000        -2.994432341544062E-012
   43.7118750000000        -2.502143600353461E-012
   43.9256250000000        -2.272246834903482E-012
   44.1393750000000        -2.370826126386655E-012
   44.3531250000000        -2.837706739933917E-012
   44.5668750000000        -3.679520752760131E-012
   44.7806250000000        -4.865679518680784E-012
   44.9943750000000        -6.327958074836371E-012
   45.2081250000000        -7.964047633709380E-012
   45.4218750000000        -9.645011929589763E-012
   45.6356250000000        -1.122613630353583E-011
   45.8493750000000        -1.256023506354453E-011
   46.0631250000000        -1.351213562290894E-011
   46.2768750000000        -1.397283410450756E-011
   46.4906250000000        -1.387175416195199E-011
   46.7043750000000        -1.318565844090191E-011
   46.9181250000000        -1.194306020480445E-011
   47.1318750000000        -1.022344017720840E-011
   47.3456250000000        -8.151146229503502E-012
   47.5593750000000        -5.884480236950056E-012
   47.7731250000000        -3.601082852376816E-012
   47.9868750000000        -1.481235132041852E-012
   48.2006250000000         3.089678216460173E-013
   48.4143750000000         1.632510595991044E-012
   48.6281250000000         2.392518006553706E-012
   48.8418750000000         2.538012506230163E-012
   49.0556250000000         2.063568875379024E-012
   49.2693750000000         1.002910335398936E-012
   49.4831250000000        -5.825895437358953E-013
   49.6968750000000        -2.618658016855306E-012
   49.9106250000000        -5.033583460744948E-012
   50.1243750000000        -7.771436356864271E-012
   50.3381250000000        -1.080009801870872E-011
   50.5518750000000        -1.411160091884169E-011
   50.7656250000000        -1.771320973982611E-011
   50.9793750000000        -2.160900983323704E-011
   51.1931250000000        -2.577339519192855E-011
   51.4068750000000        -3.011957656549253E-011
   51.6206250000000        -3.446783057235884E-011
   51.8343750000000        -3.851942669112534E-011
   52.0481250000000        -4.184275237000615E-011
   52.2618750000000        -4.387789915511180E-011
   52.4756250000000        -4.396474235082209E-011
   52.6893750000000        -4.139731950586867E-011
   52.9031250000000        -3.550419282239596E-011
   53.1168750000000        -2.575071124974846E-011
   53.3306250000000        -1.185504443991612E-011
   53.5443750000000         6.093976283482406E-012
   53.7581250000000         2.753226196674291E-011
   53.9718750000000         5.134595894526284E-011
   54.1856250000000         7.584389106149997E-011
   54.3993750000000         9.879171145839934E-011
   54.6131250000000         1.175181719462676E-010
   54.8268750000000         1.290974334228138E-010
   55.0406250000000         1.306031267377652E-010
   55.2543750000000         1.194206126187649E-010
   55.4681250000000         9.359450185503463E-011
   55.6818750000000         5.218006789261373E-011
   55.8956250000000        -4.439143856721033E-012
   56.1093750000000        -7.430836070571329E-011
   56.3231250000000        -1.537732508361619E-010
   56.5368750000000        -2.375007422819072E-010
   56.7506250000000        -3.186734401762152E-010
   56.9643750000000        -3.893678105049426E-010
   57.1781250000000        -4.411087886171455E-010
   57.3918750000000        -4.655741866288319E-010
   57.6056250000000        -4.554030502240304E-010
   57.8193750000000        -4.050450046831131E-010
   58.0331250000000        -3.115746958729849E-010
   58.2468750000000        -1.753885208095924E-010
   58.4606250000000        -7.013593939443297E-013
   58.6743750000000         2.042302734511325E-010
   58.8881250000000         4.272153563114966E-010
   59.1018750000000         6.525982910447345E-010
   59.3156250000000         8.620943741683588E-010
   59.5293750000000         1.035960585621776E-009
   59.7431250000000         1.154438249226719E-009
   59.9568750000000         1.199373807051807E-009
   60.1706250000000         1.155899638564500E-009
   60.3843750000000         1.014041231683967E-009
   60.5981250000000         7.701120627067827E-010
   60.8118750000000         4.277643130693409E-010
   61.0256250000000        -1.417996123242163E-012
   61.2393750000000        -4.978678909138616E-010
   61.4531250000000        -1.034573473059280E-009
   61.6668750000000        -1.578209571272439E-009
   61.8806250000000        -2.090823090140740E-009
   62.0943750000000        -2.531989691338155E-009
   62.3081250000000        -2.861322496514335E-009
   62.5218750000000        -3.041185023391313E-009
   62.7356250000000        -3.039442672182482E-009
   62.9493750000000        -2.832080838224344E-009
   63.1631250000000        -2.405523091477405E-009
   63.3768750000000        -1.758498731183687E-009
   63.5906250000000        -9.033334240021065E-010
   63.8043750000000         1.334329826822523E-010
   64.0181250000000         1.311163791328300E-009
   64.2318750000000         2.576006087534001E-009
   64.4456250000000         3.862530264709815E-009
   64.6593750000000         5.096094480618606E-009
   64.8731250000000         6.195874126872786E-009
   65.0868750000000         7.078473731212827E-009
   65.3006250000000         7.662018350215664E-009
   65.5143750000000         7.870602022288220E-009
   65.7281250000000         7.638950754307639E-009
   65.9418750000000         6.917135688859559E-009
   66.1556250000000         5.675148178935791E-009
   66.3693750000000         3.907123190152710E-009
   66.5831250000000         1.634972716616450E-009
   66.7968750000000        -1.088830053888861E-009
   67.0106250000000        -4.179587999260275E-009
   67.2243750000000        -7.520110886440694E-009
   67.4381250000000        -1.096209393710844E-008
   67.6518750000000        -1.432935805276117E-008
   67.8656250000000        -1.742310000730917E-008
   68.0793750000000        -2.002920891272170E-008
   68.2931250000000        -2.192758836180319E-008
   68.5068750000000        -2.290328619987326E-008
   68.7206250000000        -2.275908311845255E-008
   68.9343750000000        -2.132903705973238E-008
   69.1481250000000        -1.849233465600622E-008
   69.3618750000000        -1.418667663234104E-008
   69.5756250000000        -8.420334361549308E-009
   69.7893750000000        -1.281971514787617E-009
   70.0031250000000         7.052662428500070E-009
   70.2168750000000         1.631798503845536E-008
   70.4306250000000         2.616045937509601E-008
   70.6443750000000         3.614557722248282E-008
   70.8581250000000         4.577017329783747E-008
   71.0718750000000         5.448000316237718E-008
   71.2856250000000         6.169220020702191E-008
   71.4993750000000         6.682190518884011E-008
   71.7131250000000         6.931205618625910E-008
   71.9268750000000         6.866505832279811E-008
   72.1406250000000         6.447484040644103E-008
   72.3543750000000         5.645766597618832E-008
   72.5681250000000         4.448001117137536E-008
   72.7818750000000         2.858185829907609E-008
   72.9956250000000         8.993883359050843E-009
   73.2093750000000        -1.385276617073103E-008
   73.4231250000000        -3.932510988562463E-008
   73.6368750000000        -6.659603406445068E-008
   73.8506250000000        -9.466128841951659E-008
   74.0643750000000        -1.223655812775957E-007
   74.2781250000000        -1.484371355295438E-007
   74.4918750000000        -1.715296466979073E-007
   74.7056250000000        -1.902702025514108E-007
   74.9193750000000        -2.033113998863373E-007
   75.1331250000000        -2.093856445165033E-007
   75.3468750000000        -2.073594576780536E-007
   75.5606250000000        -1.962855443735763E-007
   75.7743750000000        -1.754504106617471E-007
   75.9881250000000        -1.444154470126259E-007
   76.2018750000000        -1.030496185557842E-007
   76.4156250000000        -5.155221100058745E-008
   76.6293750000000         9.535540107661774E-009
   76.8431250000000         7.933067605806931E-008
   77.0568750000000         1.566208690548343E-007
   77.2706250000000         2.398886940717713E-007
   77.4843750000000         3.273471365977549E-007
   77.6981250000000         4.169852129479466E-007
   77.9118750000000         5.066221896149407E-007
   78.1256250000000         5.939685669041787E-007
   78.3393750000000         6.766917537569032E-007
   78.5531250000000         7.524842144012064E-007
   78.7668750000000         8.191318171136635E-007
   78.9806250000000         8.745801591350619E-007
   79.1943750000000         9.169967724286163E-007
   79.4081250000000         9.448273204236555E-007
   79.6218750000000         9.568441602584496E-007
   79.8356250000000         9.521859499669537E-007
   80.0493750000000         9.303873063098774E-007
   80.2631250000000         8.913978480627537E-007
   80.4768750000000         8.355902754059193E-007
   80.6906250000000         7.637574261091984E-007
   80.9043750000000         6.770985054975059E-007
   81.1181250000000         5.771949066880834E-007
   81.3318750000000         4.659762220414295E-007
   81.5456250000000         3.456772019688152E-007
   81.7593750000000         2.187865518727886E-007
   81.9731250000000         8.798858209775726E-008
   82.1868750000000        -4.390115098376133E-008
   82.4006250000000        -1.740049445859561E-007
   82.6143750000000        -2.994553806895728E-007
   82.8281250000000        -4.174695281573697E-007
   83.0418750000000        -5.254231986382067E-007
   83.2556250000000        -6.209233880592509E-007
   83.4693750000000        -7.018769046786803E-007
   83.6831250000000        -7.665530918238636E-007
   83.8968750000000        -8.136385175881491E-007
   84.1106250000000        -8.422815431838017E-007
   84.3243750000000        -8.521248118266642E-007
   84.5381250000000        -8.433239317068112E-007
   84.7518750000000        -8.165509642123673E-007
   84.9656250000000        -7.729817691550099E-007
   85.1793750000000        -7.142667914560752E-007
   85.3931250000000        -6.424854800660184E-007
   85.6068750000000        -5.600851844298657E-007
   85.8206250000000        -4.698060457522551E-007
   86.0343750000000        -3.745940552444728E-007
   86.2481250000000        -2.775050536026283E-007
   86.4618750000000        -1.816029601627454E-007
   86.6756250000000        -8.985591456400309E-008
   86.8893750000000        -5.034261484617987E-009
   87.1031250000000         7.038560994807893E-008
   87.3168750000000         1.343076580968065E-007
   87.5306250000000         1.850891774866116E-007
   87.7443750000000         2.215972045564044E-007
   87.9581250000000         2.432457762101350E-007
   88.1718750000000         2.500122290345398E-007
   88.3856250000000         2.424315848753739E-007
   88.5993750000000         2.215689947584261E-007
   88.8131250000000         1.889711662018148E-007
   89.0268750000000         1.465986344441501E-007
   89.2406250000000         9.674161102724914E-008
   89.4543750000000         4.192291002397099E-008
   89.6681250000000        -1.520792687535866E-008
   89.8818750000000        -7.198474434473396E-008
   90.0956250000000        -1.258343300467120E-007
   90.3093750000000        -1.743806066742936E-007
   90.5231250000000        -2.155388712362816E-007
   90.7368750000000        -2.475959369897796E-007
   90.9506250000000        -2.692726842868060E-007
   91.1643750000000        -2.797663559506542E-007
   91.3781250000000        -2.787709013390857E-007
   91.5918750000000        -2.664747329601010E-007
   91.8056250000000        -2.435363560351967E-007
   92.0193750000000        -2.110394070317968E-007
   92.2331250000000        -1.704296341263838E-007
   92.4468750000000        -1.234372164493983E-007
   92.6606250000000        -7.198850225249653E-008
   92.8743750000000        -1.811171117731208E-008
   93.0881250000000         3.615863265477473E-008
   93.3018750000000         8.887380307453970E-008
   93.5156250000000         1.382550599683891E-007
   93.7293750000000         1.827659891323562E-007
   93.9431250000000         2.211697758196664E-007
   94.1568750000000         2.525690661104199E-007
   94.3706250000000         2.764270466187960E-007
   94.5843750000000         2.925693964847326E-007
   94.7981250000000         3.011677776430234E-007
   95.0118750000000         3.027064740838558E-007
   95.2256250000000         2.979346182350980E-007
   95.4393750000000         2.878071116136054E-007
   95.6531250000000         2.734178274653419E-007
   95.8668750000000         2.559289575229663E-007
   96.0806250000000         2.365004281820532E-007
   96.2943750000000         2.162231703160937E-007
   96.5081250000000         1.960596992526531E-007
   96.7218750000000         1.767949733813117E-007
   96.9356250000000         1.589998839219351E-007
   97.1493750000000         1.430090206385380E-007
   97.3631250000000         1.289135959869892E-007
   97.5768750000000         1.165696295824766E-007
   97.7906250000000         1.056207295604567E-007
   98.0043750000000         9.553408723909110E-008
   98.2181250000000         8.564765210307787E-008
   98.4318750000000         7.522589698080720E-008
   98.6456250000000         6.352113610628348E-008
   98.8593750000000         4.983703618984306E-008
   99.0731250000000         3.359077487047051E-008
   99.2868750000000         1.437026216504506E-008
   99.5006250000000        -8.017043056352166E-009
   99.7143750000000        -3.350691226290038E-008
   99.9281250000000        -6.175547248827863E-008
   100.141875000000        -9.213282736444616E-008
   100.355625000000        -1.237345724282951E-007
   100.569375000000        -1.554117192185206E-007
   100.783125000000        -1.858185542508948E-007
   100.996875000000        -2.134769051721277E-007
   101.210625000000        -2.368542173102100E-007
   101.424375000000        -2.544518192572229E-007
   101.638125000000        -2.648988430345980E-007
   101.851875000000        -2.670465331496659E-007
   102.065625000000        -2.600571981559683E-007
   102.279375000000        -2.434818893952564E-007
   102.493125000000        -2.173210819706219E-007
   102.706875000000        -1.820632105738558E-007
   102.920625000000        -1.386968806929583E-007
   103.134375000000        -8.869390867387536E-008
   103.348125000000        -3.396198679175961E-008
   103.561875000000         2.323236261786940E-008
   103.775625000000         8.036789707783625E-008
   103.989375000000         1.347952132146007E-007
   104.203125000000         1.838793290216220E-007
   104.416875000000         2.251503498513356E-007
   104.630625000000         2.564531967239916E-007
   104.844375000000         2.760868350763292E-007
   105.058125000000         2.829235221066507E-007
   105.271875000000         2.764993296045319E-007
   105.485625000000         2.570685881599251E-007
   105.699375000000         2.256168802861163E-007
   105.913125000000         1.838296786274264E-007
   106.126875000000         1.340165326003246E-007
   106.340625000000         7.899367016679386E-008
   106.554375000000         2.193079679236793E-008
   106.768125000000        -3.382947048389594E-008
   106.981875000000        -8.496890254557035E-008
   107.195625000000        -1.283955076548070E-007
   107.409375000000        -1.614369756223810E-007
   107.623125000000        -1.820128585717718E-007
   107.836875000000        -1.887736239155378E-007
   108.050625000000        -1.811965685265768E-007
   108.264375000000        -1.596311945173569E-007
   108.478125000000        -1.252898556302271E-007
   108.691875000000        -8.018307870329587E-008
   108.905625000000        -2.700270142881470E-008
   109.119375000000         3.104041794576771E-008
   109.333125000000         9.041413365180192E-008
   109.546875000000         1.474855994939717E-007
   109.760625000000         1.987503462514290E-007
   109.974375000000         2.410546849222505E-007
   110.188125000000         2.717965228049558E-007
   110.401875000000         2.890909849684506E-007
   110.615625000000         2.918895174442673E-007
   110.829375000000         2.800442607748385E-007
   111.043125000000         2.543132095846386E-007
   111.256875000000         2.163057526752625E-007
   111.470625000000         1.683723257589832E-007
   111.684375000000         1.134458040162537E-007
   111.898125000000         5.484562743654917E-008
   112.111875000000        -3.941761662812019E-009
   112.325625000000        -5.949097612843118E-008
   112.539375000000        -1.086585250523828E-007
   112.753125000000        -1.487813430352424E-007
   112.966875000000        -1.778396169567393E-007
   113.180625000000        -1.945731844390305E-007
   113.394375000000        -1.985442014778953E-007
   113.608125000000        -1.901426991520331E-007
   113.821875000000        -1.705357742118206E-007
   114.035625000000        -1.415651748586366E-007
   114.249375000000        -1.056016506175295E-007
   114.463125000000        -6.536736726500999E-008
   114.676875000000        -2.373973245469571E-008
   114.890625000000         1.644900573335884E-008
   115.104375000000         5.260209569833129E-008
   115.318125000000         8.252539449881403E-008
   115.531875000000         1.045601787801031E-007
   115.745625000000         1.176734327319623E-007
   115.959375000000         1.215007794675050E-007
   116.173125000000         1.163408690050097E-007
   116.386875000000         1.031036528998483E-007
   116.600625000000         8.321828341767813E-008
   116.814375000000         5.850912668117167E-008
   117.028125000000         3.105037823478059E-008
   117.241875000000         3.010885414322675E-009
   117.455625000000        -2.349904218752719E-008
   117.669375000000        -4.656779387401655E-008
   117.883125000000        -6.460011492989312E-008
   118.096875000000        -7.640501451626842E-008
   118.310625000000        -8.124936967299598E-008
   118.524375000000        -7.887558490529596E-008
   118.738125000000        -6.948455910030165E-008
   118.951875000000        -5.368784729761872E-008
   119.165625000000        -3.243507974911785E-008
   119.379375000000        -6.924256593654018E-009
   119.593125000000         2.149662691448143E-008
   119.806875000000         5.142808825501750E-008
   120.020625000000         8.150990667355876E-008
   120.234375000000         1.104975020914458E-007
   120.448125000000         1.373191086857216E-007
   120.661875000000         1.611110017908040E-007
   120.875625000000         1.812302499796189E-007
   121.089375000000         1.972465953929516E-007
   121.303125000000         2.089169278266571E-007
   121.516875000000         2.161472552954604E-007
   121.730625000000         2.189479723283106E-007
   121.944375000000         2.173885253364317E-007
   122.158125000000         2.115572658565247E-007
   122.371875000000         2.015314157379178E-007
   122.585625000000         1.873607407157917E-007
   122.799375000000         1.690668766072958E-007
   123.013125000000         1.466584378693486E-007
   123.226875000000         1.201602347172784E-007
   123.440625000000         8.965330102038779E-008
   123.654375000000         5.532113986809417E-008
   123.868125000000         1.749674386767294E-008
   124.081875000000        -2.329538218739055E-008
   124.295625000000        -6.630775035035687E-008
   124.509375000000        -1.105537800272068E-007
   124.723125000000        -1.548106571474915E-007
   124.936875000000        -1.976432151560014E-007
   125.150625000000        -2.374491212233729E-007
   125.364375000000        -2.725238178102772E-007
   125.578125000000        -3.011419281494385E-007
   125.791875000000        -3.216503291823365E-007
   126.005625000000        -3.325669495114820E-007
   126.219375000000        -3.326786535400862E-007
   126.433125000000        -3.211313782149296E-007
   126.646875000000        -2.975060062649117E-007
   126.860625000000        -2.618742593852868E-007
   127.074375000000        -2.148301096571969E-007
   127.288125000000        -1.574937411407064E-007
   127.501875000000        -9.148682893882516E-008
   127.715625000000        -1.887971260433164E-008
   127.929375000000         5.788720292967503E-008
   128.143125000000         1.361039004352376E-007
   128.356875000000         2.129078246300942E-007
   128.570625000000         2.854113770071662E-007
   128.784375000000         3.508330577456862E-007
   128.998125000000         4.066253221287410E-007
   129.211875000000         4.505924649567262E-007
   129.425625000000         4.809924641459991E-007
   129.639375000000         4.966176503461569E-007
   129.853125000000         4.968502545844338E-007
   130.066875000000         4.816902433141558E-007
   130.280625000000         4.517542991369616E-007
   130.494375000000         4.082462668718626E-007
   130.708125000000         3.529007852739350E-007
   130.921875000000         2.879031000347294E-007
   131.135625000000         2.157891499278537E-007
   131.349375000000         1.393308930462744E-007
   131.563125000000         6.141246395419084E-008
   131.776875000000        -1.509689312684129E-008
   131.990625000000        -8.746709258089023E-008
   132.204375000000        -1.532228511370668E-007
   132.418125000000        -2.102453391301911E-007
   132.631875000000        -2.568551695392123E-007
   132.845625000000        -2.918729639971824E-007
   133.059375000000        -3.146548175622842E-007
   133.273125000000        -3.251011962846075E-007
   133.486875000000        -3.236390933827692E-007
   133.700625000000        -3.111785860521231E-007
   133.914375000000        -2.890462169536100E-007
   134.128125000000        -2.588988120777927E-007
   134.341875000000        -2.226223804721194E-007
   134.555625000000        -1.822215652150185E-007
   134.769375000000        -1.397056793508890E-007
   134.983125000000        -9.697762503627168E-008
   135.196875000000        -5.573193108315050E-008
   135.410625000000        -1.736774072271409E-008
   135.624375000000         1.707815766970949E-008
   135.838125000000         4.697421567282298E-008
   136.051875000000         7.211020604238943E-008
   136.265625000000         9.268531088893252E-008
   136.479375000000         1.092686895397021E-007
   136.693125000000         1.227347009361125E-007
   136.906875000000         1.341765974864266E-007
   137.120625000000         1.448039853862613E-007
   137.334375000000         1.558305592967772E-007
   137.548125000000         1.683594752226487E-007
   137.761875000000         1.832741491915889E-007
   137.975625000000         2.011422085670919E-007
   138.189375000000         2.221397536397492E-007
   138.403125000000         2.460020181110137E-007
   138.616875000000         2.720049912724481E-007
   138.830625000000         2.989806593228973E-007
   139.044375000000         3.253663468486776E-007
   139.258125000000         3.492863262755921E-007
   139.471875000000         3.686615651990897E-007
   139.685625000000         3.813413589876645E-007
   139.899375000000         3.852488057246627E-007
   140.113125000000         3.785307641095073E-007
   140.326875000000         3.597022075607060E-007
   140.540625000000         3.277748279934327E-007
   140.754375000000         2.823603846152861E-007
   140.968125000000         2.237406212648957E-007
   141.181875000000         1.528975243605309E-007
   141.395625000000         7.150014850377924E-008
   141.609375000000        -1.815295718840314E-008
   141.823125000000        -1.132337186632931E-007
   142.036875000000        -2.105219698127003E-007
   142.250625000000        -3.065727367823669E-007
   142.464375000000        -3.979035295515675E-007
   142.678125000000        -4.811901811418207E-007
   142.891875000000        -5.534589053180295E-007
   143.105625000000        -6.122621979892131E-007
   143.319375000000        -6.558270052952928E-007
   143.533125000000        -6.831651813634143E-007
   143.746875000000        -6.941385610100768E-007
   143.960625000000        -6.894738252982618E-007
   144.174375000000        -6.707255475977853E-007
   144.388125000000        -6.401891541688671E-007
   144.601875000000        -6.007687847880963E-007
   144.815625000000        -5.558079701588944E-007
   145.029375000000        -5.088934511745478E-007
   145.243125000000        -4.636441856235892E-007
   145.456875000000        -4.234985054507099E-007
   145.670625000000        -3.915124448711606E-007
   145.884375000000        -3.701814606700316E-007
   146.098125000000        -3.612961755714900E-007
   146.311875000000        -3.658405131826353E-007
   146.525625000000        -3.839378234368950E-007
   146.739375000000        -4.148475176947133E-007
   146.953125000000        -4.570115569182432E-007
   147.166875000000        -5.081470800252629E-007
   147.380625000000        -5.653787235818455E-007
   147.594375000000        -6.254019407770914E-007
   147.808125000000        -6.846670094362808E-007
   148.021875000000        -7.395725098421486E-007
   148.235625000000        -7.866568852465613E-007
   148.449375000000        -8.227772507414748E-007
   148.663125000000        -8.452658207375861E-007
   148.876875000000        -8.520560716326742E-007
   149.090625000000        -8.417729031406427E-007
   149.304375000000        -8.137834486035174E-007
   149.518125000000        -7.682076439663384E-007
   149.731875000000        -7.058900349057507E-007
   149.945625000000        -6.283364362975716E-007
   150.159375000000        -5.376208378124571E-007
   150.373125000000        -4.362692861383176E-007
   150.586875000000        -3.271283162450542E-007
   150.800625000000        -2.132258360487099E-007
   151.014375000000        -9.763221040491033E-008
   151.228125000000         1.667130833339074E-008
   151.441875000000         1.269106204564937E-007
   151.655625000000         2.306183458059530E-007
   151.869375000000         3.257113859903753E-007
   152.083125000000         4.105444345703972E-007
   152.296875000000         4.839388473676058E-007
   152.510625000000         5.451876353486215E-007
   152.724375000000         5.940385152788157E-007
   152.938125000000         6.306578992445296E-007
   153.151875000000         6.555793941452321E-007
   153.365625000000         6.696408070718097E-007
   153.579375000000         6.739138207406185E-007
   153.793125000000         6.696304384023658E-007
   154.006875000000         6.581100346194329E-007
   154.220625000000         6.406904287379040E-007
   154.434375000000         6.186658663242226E-007
   154.648125000000         5.932341938088738E-007
   154.861875000000         5.654548823381912E-007
   155.075625000000         5.362189310304071E-007
   155.289375000000         5.062310821807511E-007
   155.503125000000         4.760042279782549E-007
   155.716875000000         4.458653890591354E-007
   155.930625000000         4.159722029671602E-007
   156.144375000000         3.863384749336945E-007
   156.358125000000         3.568670128149627E-007
   156.571875000000         3.273876923071664E-007
   156.785625000000         2.976984807420365E-007
   156.999375000000         2.676069953610984E-007
   157.213125000000         2.369700971649301E-007
   157.426875000000         2.057290401555261E-007
   157.640625000000         1.739378256399274E-007
   157.854375000000         1.417826685414844E-007
   158.068125000000         1.095908787694468E-007
   158.281875000000         7.782799839440164E-008
   158.495625000000         4.708270544068720E-008
   158.709375000000         1.803977390886452E-008
   158.923125000000        -8.557771818217131E-009
   159.136875000000        -3.195530530068883E-008
   159.350625000000        -5.143923055380711E-008
   159.564375000000        -6.639208583776845E-008
   159.778125000000        -7.634610553687264E-008
   159.991875000000        -8.103098664834203E-008
   160.205625000000        -8.041167732415492E-008
   160.419375000000        -7.471241637053169E-008
   160.633125000000        -6.442400627080889E-008
   160.846875000000        -5.029236867709267E-008
   161.060625000000        -3.328774924381035E-008
   161.274375000000        -1.455541801245056E-008
   161.488125000000         4.649760802385399E-009
   161.701875000000         2.304106698924007E-008
   161.915625000000         3.938490805108730E-008
   162.129375000000         5.258707612535421E-008
   162.343125000000         6.177382529518932E-008
   162.556875000000         6.636133276201237E-008
   162.770625000000         6.610764744718132E-008
   162.984375000000         6.114227555692968E-008
   163.198125000000         5.197004112671889E-008
   163.411875000000         3.944768575113732E-008
   163.625625000000         2.473369743607556E-008
   163.839375000000         9.213923782243350E-009
   164.053125000000        -5.592538439733357E-009
   164.266875000000        -1.814103789678104E-008
   164.480625000000        -2.697528994868714E-008
   164.694375000000        -3.083948413057408E-008
   164.908125000000        -2.878045253588997E-008
   165.121875000000        -2.023230096623697E-008
   165.335625000000        -5.077008504812197E-009
   165.549375000000         1.632390009938686E-008
   165.763125000000         4.312953154503064E-008
   165.976875000000         7.405237348077992E-008
   166.190625000000         1.074220776459524E-007
   166.404375000000         1.412765798840391E-007
   166.618125000000         1.734749606674267E-007
   166.831875000000         2.018249408663071E-007
   167.045625000000         2.242168900167705E-007
   167.259375000000         2.387557614799306E-007
   167.473125000000         2.438824834952867E-007
   167.686875000000         2.384770101124574E-007
   167.900625000000         2.219364174091353E-007
   168.114375000000         1.942230328903437E-007
   168.328125000000         1.558794996377071E-007
   168.541875000000         1.080097751343079E-007
   168.755625000000         5.222721280378244E-008
   168.969375000000        -9.427063127050018E-009
   169.183125000000        -7.459042992542584E-008
   169.396875000000        -1.407031051703875E-007
   169.610625000000        -2.051428722706818E-007
   169.824375000000        -2.653619048037608E-007
   170.038125000000        -3.190173250928199E-007
   170.251875000000        -3.640875955622447E-007
   170.465625000000        -3.989678196203000E-007
   170.679375000000        -4.225384642637008E-007
   170.893125000000        -4.342038202665393E-007
   171.106875000000        -4.338985714746484E-007
   171.320625000000        -4.220630150033641E-007
   171.534375000000        -3.995896086434214E-007
   171.748125000000        -3.677454669887557E-007
   171.961875000000        -3.280770381524495E-007
   172.175625000000        -2.823043423907835E-007
   172.389375000000        -2.322127470251688E-007
   172.603125000000        -1.795502332732856E-007
   172.816875000000        -1.259374713639661E-007
   173.030625000000        -7.279680213561364E-008
   173.244375000000        -2.130451693683047E-008
   173.458125000000         2.763123240852646E-008
   173.671875000000         7.336680695813411E-008
   173.885625000000         1.154958917511577E-007
   174.099375000000         1.538029422451350E-007
   174.313125000000         1.882031279911996E-007
   174.526875000000         2.186757694997537E-007
   174.740625000000         2.451987610304083E-007
   174.954375000000         2.676912800236510E-007
   175.168125000000         2.859712132229998E-007
   175.381875000000         2.997322525434556E-007
   175.595625000000         3.085436595044504E-007
   175.809375000000         3.118734404103078E-007
   176.023125000000         3.091333204642652E-007
   176.236875000000         2.997416701183392E-007
   176.450625000000         2.831986290009274E-007
   176.664375000000         2.591662713557831E-007
   176.878125000000         2.275458965182091E-007
   177.091875000000         1.885444850183975E-007
   177.305625000000         1.427230465941041E-007
   177.519375000000         9.102094541519699E-008
   177.733125000000         3.475220355962568E-008
   177.946875000000        -2.442791077550038E-008
   178.160625000000        -8.458521051619163E-008
   178.374375000000        -1.435945693129507E-007
   178.588125000000        -1.992480711976559E-007
   178.801875000000        -2.493760636308692E-007
   179.015625000000        -2.919726484031045E-007
   179.229375000000        -3.253166291455502E-007
   179.443125000000        -3.480791387000898E-007
   179.656875000000        -3.594100687983297E-007
   179.870625000000        -3.589969342608635E-007
   180.084375000000        -3.470917905911987E-007
   180.298125000000        -3.245041175747072E-007
   180.511875000000        -2.925599924521910E-007
   180.725625000000        -2.530302118666954E-007
   180.939375000000        -2.080321036438391E-007
   181.153125000000        -1.599114479774958E-007
   181.366875000000        -1.111120933982703E-007
   181.580625000000        -6.404144397162080E-008
   181.794375000000        -2.093999817317096E-008
   182.008125000000         1.623742812082581E-008
   182.221875000000         4.592218614407384E-008
   182.435625000000         6.700877085656438E-008
   182.649375000000         7.890470981098763E-008
   182.863125000000         8.155152950199825E-008
   183.076875000000         7.541669156541520E-008
   183.290625000000         6.145798876936228E-008
   183.504375000000         4.106327080759684E-008
   183.718125000000         1.596947272122515E-008
   183.931875000000        -1.183428606655498E-008
   184.145625000000        -4.021427972852589E-008
   184.359375000000        -6.700498552628633E-008
   184.573125000000        -9.012174183244241E-008
   184.786875000000        -1.076681453970244E-007
   185.000625000000        -1.180335173078636E-007
   185.214375000000        -1.199763290093392E-007
   185.428125000000        -1.126901314546420E-007
   185.641875000000        -9.584924898431043E-008
   185.855625000000        -6.963227182336028E-008
   186.069375000000        -3.472220158646110E-008
   186.283125000000         7.717029355299194E-009
   186.496875000000         5.608703512695586E-008
   186.710625000000         1.084228799474359E-007
   186.924375000000         1.624798852999720E-007
   187.138125000000         2.158358864524452E-007
   187.351875000000         2.660046189929729E-007
   187.565625000000         3.105551727481969E-007
   187.779375000000         3.472318900942746E-007
   187.993125000000         3.740687687536709E-007
   188.206875000000         3.894924082775120E-007
   188.420625000000         3.924078518386644E-007
   188.634375000000         3.822623362359852E-007
   188.848125000000         3.590829622386918E-007
   189.061875000000         3.234855951349826E-007
   189.275625000000         2.766538344394933E-007
   189.489375000000         2.202885612114385E-007
   189.703125000000         1.565302732609616E-007
   189.916875000000         8.785803626973341E-008
   190.130625000000         1.697029781074778E-008
   190.344375000000        -5.334607141889080E-008
   190.558125000000        -1.203514108724206E-007
   190.771875000000        -1.814861824026053E-007
   190.985625000000        -2.344939258084190E-007
   191.199375000000        -2.775276250275950E-007
   191.413125000000        -3.092338521328989E-007
   191.626875000000        -3.288103789103346E-007
   191.840625000000        -3.360344968936441E-007
   192.054375000000        -3.312609603212794E-007
   192.268125000000        -3.153901541479600E-007
   192.481875000000        -2.898086888079510E-007
   192.695625000000        -2.563060462525877E-007
   192.909375000000        -2.169720779903098E-007
   193.123125000000        -1.740810371417419E-007
   193.336875000000        -1.299683865321333E-007
   193.550625000000        -8.690685740719440E-008
   193.764375000000        -4.698814912001711E-008
   193.978125000000        -1.201628230804570E-008
   194.191875000000         1.658202191647425E-008
   194.405625000000         3.782543053153679E-008
   194.619375000000         5.122110360443240E-008
   194.833125000000         5.678056965627327E-008
   195.046875000000         5.500744183965534E-008
   195.260625000000         4.685743191094143E-008
   195.474375000000         3.367253011294224E-008
   195.688125000000         1.709260324183400E-008
   195.901875000000        -1.051038638884400E-009
   196.115625000000        -1.885441046247604E-008
   196.329375000000        -3.446533709411319E-008
   196.543125000000        -4.620641184358000E-008
   196.756875000000        -5.268892663623010E-008
   196.970625000000        -5.291043628571877E-008
   197.184375000000        -4.632924458307520E-008
   197.398125000000        -3.291019666625876E-008
   197.611875000000        -1.313770747895157E-008
   197.825625000000         1.200611021245995E-008
   198.039375000000         4.109813118954342E-008
   198.253125000000         7.236324939938571E-008
   198.466875000000         1.037909134890251E-007
   198.680625000000         1.332721322237146E-007
   198.894375000000         1.587480895107397E-007
   199.108125000000         1.783602175919704E-007
   199.321875000000         1.905909619438795E-007
   199.535625000000         1.943846298485461E-007
   199.749375000000         1.892386875912384E-007
   199.963125000000         1.752576354034785E-007
   200.176875000000         1.531640536717567E-007
   200.390625000000         1.242644230626639E-007
   200.604375000000         9.037066409016423E-008
   200.818125000000         5.368176658837470E-008
   201.031875000000         1.663311361638666E-008
   201.245625000000        -1.827612413395957E-008
   201.459375000000        -4.866508495031861E-008
   201.673125000000        -7.244921081804179E-008
   201.886875000000        -8.800043226979839E-008
   202.100625000000        -9.427680916402366E-008
   202.314375000000        -9.091091545840711E-008
   202.528125000000        -7.824919654823632E-008
   202.741875000000        -5.733817419373448E-008
   202.955625000000        -2.985744769380388E-008
   203.169375000000         1.996382465068928E-009
   203.383125000000         3.566680175514247E-008
   203.596875000000         6.842403907654342E-008
   203.810625000000         9.756733657936253E-008
   204.024375000000         1.206274358843996E-007
   204.238125000000         1.355536626226174E-007
   204.451875000000         1.408710209902679E-007
   204.665625000000         1.357949227515140E-007
   204.879375000000         1.202944014621540E-007
   205.093125000000         9.509864643508075E-008
   205.306875000000         6.164611047251092E-008
   205.520625000000         2.197994090995245E-008
   205.734375000000        -2.140231193588690E-008
   205.948125000000        -6.573318394812450E-008
   206.161875000000        -1.081798109127716E-007
   206.375625000000        -1.460527791615209E-007
   206.589375000000        -1.770033601108077E-007
   206.803125000000        -1.991941701026206E-007
   207.016875000000        -2.114304581484154E-007
   207.230625000000        -2.132423643892450E-007
   207.444375000000        -2.049123465637538E-007
   207.658125000000        -1.874462226161063E-007
   207.871875000000        -1.624905815788136E-007
   208.085625000000        -1.322033327827172E-007
   208.299375000000        -9.908758796914820E-008
   208.513125000000        -6.580165090486286E-008
   208.726875000000        -3.495944829229414E-008
   208.940625000000        -8.936184017451063E-009
   209.154375000000         1.030666409636449E-008
   209.368125000000         2.136457409613298E-008
   209.581875000000         2.349155810184495E-008
   209.795625000000         1.665340855880522E-008
   210.009375000000         1.529517136664355E-009
   210.223125000000        -2.053613147229915E-008
   210.436875000000        -4.763064733006565E-008
   210.650625000000        -7.740732017288720E-008
   210.864375000000        -1.072502790341566E-007
   211.078125000000        -1.344571182111611E-007
   211.291875000000        -1.564269363376965E-007
   211.505625000000        -1.708411583005046E-007
   211.719375000000        -1.758252679596220E-007
   211.933125000000        -1.700810876520995E-007
   212.146875000000        -1.529813694860819E-007
   212.360625000000        -1.246210527080109E-007
   212.574375000000        -8.582241043915817E-008
   212.788125000000        -3.809426973486231E-008
   213.001875000000         1.645164307433493E-008
   213.215625000000         7.522157485800822E-008
   213.429375000000         1.352899852574276E-007
   213.643125000000         1.935696389463025E-007
   213.856875000000         2.469909876561590E-007
   214.070625000000         2.926798935948260E-007
   214.284375000000         3.281230327874234E-007
   214.498125000000         3.513112469319797E-007
   214.711875000000         3.608526197323631E-007
   214.925625000000         3.560490392689285E-007
   215.139375000000         3.369323446001379E-007
   215.353125000000         3.042586939097895E-007
   215.566875000000         2.594623714937611E-007
   215.780625000000         2.045727065529748E-007
   215.994375000000         1.420999498253145E-007
   216.208125000000         7.489770377095807E-008
   216.421875000000         6.010715262662030E-009
   216.635625000000        -6.148255993323770E-008
   216.849375000000        -1.246232572938639E-007
   217.063125000000        -1.807125824326836E-007
   217.276875000000        -2.274320312873551E-007
   217.490625000000        -2.629376281173574E-007
   217.704375000000        -2.859244960448193E-007
   217.918125000000        -2.956602707474822E-007
   218.131875000000        -2.919880432797753E-007
   218.345625000000        -2.753014983631240E-007
   218.559375000000        -2.464965445031065E-007
   218.773125000000        -2.069048899483571E-007
   218.986875000000        -1.582156265993924E-007
   219.200625000000        -1.023909175950332E-007
   219.414375000000        -4.158137341231152E-008
   219.628125000000         2.195427202127815E-008
   219.841875000000         8.592188334635677E-008
   220.055625000000         1.480552304414228E-007
   220.269375000000         2.061695604650088E-007
   220.483125000000         2.582064457165436E-007
   220.696875000000         3.022719333110835E-007
   220.910625000000         3.366706110536562E-007
   221.124375000000         3.599383013621773E-007
   221.338125000000         3.708756945172373E-007
   221.551875000000         3.685843849706467E-007
   221.765625000000         3.525055843984085E-007
   221.979375000000         3.224603999295070E-007
   222.193125000000         2.786891601911526E-007
   222.406875000000         2.218860288327295E-007
   222.620625000000         1.532242370517611E-007
   222.834375000000         7.436683486648114E-008
   223.048125000000        -1.254199980500465E-008
   223.261875000000        -1.049093084403151E-007
   223.475625000000        -1.997522432152381E-007
   223.689375000000        -2.937845742206346E-007
   223.903125000000        -3.835297255398093E-007
   224.116875000000        -4.654569386997563E-007
   224.330625000000        -5.361349037332090E-007
   224.544375000000        -5.923952108828578E-007
   224.758125000000        -6.314964569908301E-007
   224.971875000000        -6.512789498534081E-007
   225.185625000000        -6.502997984522618E-007
   225.399375000000        -6.279388008418415E-007
   225.613125000000        -5.844669208240095E-007
   225.826875000000        -5.210711902826747E-007
   226.040625000000        -4.398324401711648E-007
   226.254375000000        -3.436551602962136E-007
   226.468125000000        -2.361518007849622E-007
   226.681875000000        -1.214867340118868E-007
   226.895625000000        -4.187684340207173E-009
   227.109375000000         1.110654771097402E-007
   227.323125000000         2.196632230579881E-007
   227.536875000000         3.172880684945873E-007
   227.750625000000         4.001234272171428E-007
   227.964375000000         4.650383368885768E-007
   228.178125000000         5.097381829775182E-007
   228.391875000000         5.328735192127749E-007
   228.605625000000         5.341014557398888E-007
   228.819375000000         5.140967088695386E-007
   229.033125000000         4.745121170424657E-007
   229.246875000000         4.178910720973141E-007
   229.460625000000         3.475367542824591E-007
   229.674375000000         2.673451765049715E-007
   229.888125000000         1.816107461298472E-007
   230.101875000000         9.481427595173124E-008
   230.315625000000         1.140408076908087E-008
   230.529375000000        -6.441903191201089E-008
   230.743125000000        -1.289024206164028E-007
   230.956875000000        -1.789183088496581E-007
   231.170625000000        -2.121082095897822E-007
   231.384375000000        -2.269884379122078E-007
   231.598125000000        -2.230120543064098E-007
   231.811875000000        -2.005847704345467E-007
   232.025625000000        -1.610346429598322E-007
   232.239375000000        -1.065376674213395E-007
   232.453125000000        -4.000354761534780E-008
   232.666875000000         3.507215617922133E-008
   232.880625000000         1.147817080147846E-007
   233.094375000000         1.949957514880431E-007
   233.308125000000         2.715611124387424E-007
   233.521875000000         3.404960752702068E-007
   233.735625000000         3.981737396481275E-007
   233.949375000000         4.414849405931842E-007
   234.163125000000         4.679735223574888E-007
   234.376875000000         4.759384024764861E-007
   234.590625000000         4.644987339324102E-007
   234.804375000000         4.336204462070912E-007
   235.018125000000         3.841043952744845E-007
   235.231875000000         3.175381632978030E-007
   235.445625000000         2.362151250961216E-007
   235.659375000000         1.430256705742358E-007
   235.873125000000         4.132640048330698E-008
   236.086875000000        -6.520631231472536E-008
   236.300625000000        -1.727317645374397E-007
   236.514375000000        -2.774027923160303E-007
   236.728125000000        -3.755197943802083E-007
   236.941875000000        -4.636751195952525E-007
   237.155625000000        -5.388826475362203E-007
   237.369375000000        -5.986880967837600E-007
   237.583125000000        -6.412563607969038E-007
   237.796875000000        -6.654329818419522E-007
   238.010625000000        -6.707777290567540E-007
   238.224375000000        -6.575691551460979E-007
   238.438125000000        -6.267799767965928E-007
   238.651875000000        -5.800241600569922E-007
   238.865625000000        -5.194776842343647E-007
   239.079375000000        -4.477760791368668E-007
   239.293125000000        -3.678929338037287E-007
   239.506875000000        -2.830045949677685E-007
   239.720625000000        -1.963471319321516E-007
   239.934375000000        -1.110722577874995E-007
   240.148125000000        -3.010918663457110E-008
   240.361875000000         4.396068935625663E-008
   240.575625000000         1.090099362158057E-007
   240.789375000000         1.634466003183841E-007
   241.003125000000         2.062670132201303E-007
   241.216875000000         2.370774092233774E-007
   241.430625000000         2.560837182026986E-007
   241.644375000000         2.640507940297285E-007
   241.858125000000         2.622341563054680E-007
   242.071875000000         2.522889172357264E-007
   242.285625000000         2.361618113030220E-007
   242.499375000000         2.159730488127670E-007
   242.713125000000         1.938950222766579E-007
   242.926875000000         1.720347001508452E-007
   243.140625000000         1.523258854002768E-007
   243.354375000000         1.364364778433277E-007
   243.568125000000         1.256945719877376E-007
   243.781875000000         1.210357772355265E-007
   243.995625000000         1.229726994369487E-007
   244.209375000000         1.315861948107695E-007
   244.423125000000         1.465368977148920E-007
   244.636875000000         1.670946971663931E-007
   244.850625000000         1.921833190422928E-007
   245.064375000000         2.204369485800629E-007
   245.278125000000         2.502658546561337E-007
   245.491875000000         2.799281825304667E-007
   245.705625000000         3.076053820655541E-007
   245.919375000000         3.314790511656726E-007
   246.133125000000         3.498072294493524E-007
   246.346875000000         3.609983277672812E-007
   246.560625000000         3.636809068402055E-007
   246.774375000000         3.567674354951705E-007
   246.988125000000         3.395100061753761E-007
   247.201875000000         3.115458241387970E-007
   247.415625000000         2.729301897027619E-007
   247.629375000000         2.241547321386805E-007
   247.843125000000         1.661488892019494E-007
   248.056875000000         1.002630951883776E-007
   248.270625000000         2.823285057976853E-008
   248.484375000000        -4.787622742806059E-008
   248.698125000000        -1.257411890058136E-007
   248.911875000000        -2.028700253035937E-007
   249.125625000000        -2.767019519304350E-007
   249.339375000000        -3.447152217691970E-007
   249.553125000000        -4.045372213517721E-007
   249.766875000000        -4.540511597220544E-007
   249.980625000000        -4.914935903674854E-007
   250.194375000000        -5.155373384642220E-007
   250.408125000000        -5.253551237208295E-007
   250.621875000000        -5.206602245406686E-007
   250.835625000000        -5.017218429161509E-007
   251.049375000000        -4.693543004271805E-007
   251.263125000000        -4.248807114401071E-007
   251.476875000000        -3.700732272034004E-007
   251.690625000000        -3.070732213417777E-007
   251.904375000000        -2.382958097434040E-007
   252.118125000000        -1.663238080176634E-007
   252.331875000000        -9.379659838642404E-008
   252.545625000000        -2.329940476695584E-008
   252.759375000000         4.274181432172592E-008
   252.973125000000         1.021552038756400E-007
   253.186875000000         1.531036973024907E-007
   253.400625000000         1.941485712445694E-007
   253.614375000000         2.242938732466962E-007
   253.828125000000         2.430107148989992E-007
   254.041875000000         2.502413701257356E-007
   254.255625000000         2.463839822069837E-007
   254.469375000000         2.322594360817469E-007
   254.683125000000         2.090625782030430E-007
   254.896875000000         1.783004577687973E-007
   255.110625000000         1.417206202227049E-007
   255.324375000000         1.012327100787577E-007
   255.538125000000         5.882674058122896E-008
   255.751875000000         1.649136788233633E-008
   255.965625000000        -2.386462754974103E-008
   256.179375000000        -6.048469436797837E-008
   256.393125000000        -9.182808866924930E-008
   256.606875000000        -1.166225089199482E-007
   256.820625000000        -1.339041408289542E-007
   257.034375000000        -1.430440479880239E-007
   257.248125000000        -1.437604626767939E-007
   257.461875000000        -1.361171561469496E-007
   257.675625000000        -1.205086657941589E-007
   257.889375000000        -9.763369379299511E-008
   258.103125000000        -6.845843602551942E-008
   258.316875000000        -3.417192489038344E-008
   258.530625000000         3.864343291231223E-009
   258.744375000000         4.417018329613978E-008
   258.958125000000         8.520168302697722E-008
   259.171875000000         1.254053570228611E-007
   259.385625000000         1.632698095137578E-007
   259.599375000000         1.973735951436646E-007
   259.813125000000         2.264283499949693E-007
   260.026875000000         2.493166221410175E-007
   260.240625000000         2.651241217629405E-007
   260.454375000000         2.731663070690628E-007
   260.668125000000         2.730093078595553E-007
   260.881875000000         2.644851629426196E-007
   261.095625000000         2.477012263034006E-007
   261.309375000000         2.230434107395178E-007
   261.523125000000         1.911727297182339E-007
   261.736875000000         1.530144193134727E-007
   261.950625000000         1.097388248868348E-007
   262.164375000000         6.273326946351822E-008
   262.378125000000         1.356431873282063E-008
   262.591875000000        -3.606976007123193E-008
   262.805625000000        -8.439598487507175E-008
   263.019375000000        -1.296320140852387E-007
   263.233125000000        -1.700579758781445E-007
   263.446875000000        -2.040920308237800E-007
   263.660625000000        -2.303661409110845E-007
   263.874375000000        -2.477978862731050E-007
   264.088125000000        -2.556537853819651E-007
   264.301875000000        -2.535995131688327E-007
   264.515625000000        -2.417327284748896E-007
   264.729375000000        -2.205949390585577E-007
   264.943125000000        -1.911599324512272E-007
   265.156875000000        -1.547977273019797E-007
   265.370625000000        -1.132146572540986E-007
   265.584375000000        -6.837196077426926E-008
   265.798125000000        -2.238696714144586E-008
   266.011875000000         2.257751557993477E-008
   266.225625000000         6.442883957178921E-008
   266.439375000000         1.012577238758119E-007
   266.653125000000         1.314414467380692E-007
   266.866875000000         1.537299263319604E-007
   267.080625000000         1.673086698891204E-007
   267.294375000000         1.718341712154143E-007
   267.508125000000         1.674393370038946E-007
   267.721875000000         1.547087595314869E-007
   267.935625000000         1.346259366154138E-007
   268.149375000000         1.084966696650909E-007
   268.363125000000         7.785465849219555E-008
   268.576875000000         4.435659787506218E-008
   268.790625000000         9.674751880247471E-009
   269.004375000000        -2.460501909537374E-008
   269.218125000000        -5.707247051779803E-008
   269.431875000000        -8.656338156577674E-008
   269.645625000000        -1.122068537210178E-007
   269.859375000000        -1.334472424886512E-007
   270.073125000000        -1.500406298720181E-007
   270.286875000000        -1.620278318902948E-007
   270.500625000000        -1.696877608158990E-007
   270.714375000000        -1.734763746129224E-007
   270.928125000000        -1.739573401495498E-007
   271.141875000000        -1.717308597114905E-007
   271.355625000000        -1.673668659634807E-007
   271.569375000000        -1.613480353011947E-007
   271.783125000000        -1.540269038042602E-007
   271.996875000000        -1.455999248141378E-007
   272.210625000000        -1.360997289316600E-007
   272.424375000000        -1.254052817886146E-007
   272.638125000000        -1.132682129987986E-007
   272.851875000000        -9.935241523414072E-008
   273.065625000000        -8.328315522371618E-008
   273.279375000000        -6.470143146980258E-008
   273.493125000000        -4.331915419779375E-008
   273.706875000000        -1.897087947504861E-008
   273.920625000000         8.341751698639948E-009
   274.134375000000         3.841610194690545E-008
   274.348125000000         7.082763869195982E-008
   274.561875000000         1.049237146956962E-007
   274.775625000000         1.398328546722399E-007
   274.989375000000         1.744895474037551E-007
   275.203125000000         2.076737493468656E-007
   275.416875000000         2.380635569585350E-007
   275.630625000000         2.642988066794519E-007
   275.844375000000         2.850527201737653E-007
   276.058125000000         2.991081404517145E-007
   276.271875000000         3.054344238292310E-007
   276.485625000000         3.032606958818447E-007
   276.699375000000         2.921409881201065E-007
   276.913125000000         2.720067919522063E-007
   277.126875000000         2.432028412003618E-007
   277.340625000000         2.065024972726025E-007
   277.554375000000         1.630999769247958E-007
   277.768125000000         1.145778209426695E-007
   277.981875000000         6.284941278341262E-008
   278.195625000000         1.007794796660574E-008
   278.409375000000        -4.142507193320866E-008
   278.623125000000        -8.931711425884776E-008
   278.836875000000        -1.313514948275508E-007
   279.050625000000        -1.655065487740513E-007
   279.264375000000        -1.901090608791638E-007
   279.478125000000        -2.039437309440705E-007
   279.691875000000        -2.063408413080774E-007
   279.905625000000        -1.972352823695249E-007
   280.119375000000        -1.771916416099630E-007
   280.333125000000        -1.473920868306764E-007
   280.546875000000        -1.095861458803982E-007
   280.760625000000        -6.600403925430838E-008
   280.974375000000        -1.923777279661274E-008
   281.188125000000         2.790344748483497E-008
   281.401875000000         7.255494187101825E-008
   281.615625000000         1.119654536700107E-007
   281.829375000000         1.436624738248073E-007
   282.043125000000         1.656032172961654E-007
   282.256875000000         1.763011995778485E-007
   282.470625000000         1.749198079034832E-007
   282.684375000000         1.613263386661045E-007
   282.898125000000         1.361025410626794E-007
   283.111875000000         1.005105895785281E-007
   283.325625000000         5.641640197183311E-008
   283.539375000000         6.175111840395117E-009
   283.753125000000        -4.751391215399841E-008
   283.966875000000        -1.017730219683376E-007
   284.180625000000        -1.537223052953192E-007
   284.394375000000        -2.006540636013548E-007
   284.608125000000        -2.401942839665770E-007
   284.821875000000        -2.704405653018499E-007
   285.035625000000        -2.900676267347734E-007
   285.249375000000        -2.983938115649446E-007
   285.463125000000        -2.954047391046476E-007
   285.676875000000        -2.817332498996874E-007
   285.890625000000        -2.585978190058114E-007
   286.104375000000        -2.277044561381705E-007
   286.318125000000        -1.911195636629548E-007
   286.531875000000        -1.511231066774110E-007
   286.745625000000        -1.100526307842637E-007
   286.959375000000        -7.014906381357692E-008
   287.173125000000        -3.341483923151440E-008
   287.386875000000        -1.493724435720701E-009
   287.600625000000         2.442007252085895E-008
   287.814375000000         4.363825891036252E-008
   288.028125000000         5.599765016622487E-008
   288.241875000000         6.184231745342634E-008
   288.455625000000         6.197145088991842E-008
   288.669375000000         5.755804382352358E-008
   288.883125000000         5.004538102966411E-008
   289.096875000000         4.102959807052612E-008
   289.310625000000         3.213719579127787E-008
   289.524375000000         2.490632440866825E-008
   289.738125000000         2.067993267446050E-008
   289.951875000000         2.051759613516816E-008
   290.165625000000         2.513112230009115E-008
   290.379375000000         3.484703558302275E-008
   290.593125000000         4.959694110899942E-008
   290.806875000000         6.893472281666267E-008
   291.020625000000         9.207770170925009E-008
   291.234375000000         1.179673916877722E-007
   291.448125000000         1.453444344124740E-007
   291.661875000000         1.728317212920340E-007
   291.875625000000         1.990196277416345E-007
   292.089375000000         2.225476599025456E-007
   292.303125000000         2.421775801742711E-007
   292.516875000000         2.568541418730785E-007
   292.730625000000         2.657508151506330E-007
   292.944375000000         2.682992097925567E-007
   293.158125000000         2.642021833433450E-007
   293.371875000000         2.534317656910139E-007
   293.585625000000         2.362139543531691E-007
   293.799375000000         2.130030838089320E-007
   294.013125000000         1.844488204454523E-007
   294.226875000000         1.513588828318337E-007
   294.440625000000         1.146603614652670E-007
   294.654375000000         7.536206081977351E-008
   294.868125000000         3.451967364118429E-008
   295.081875000000        -6.795102953163410E-009
   295.295625000000        -4.752111063174389E-008
   295.509375000000        -8.663018034471411E-008
   295.723125000000        -1.231462573437280E-007
   295.936875000000        -1.561623094698214E-007
   296.150625000000        -1.848562604665737E-007
   296.364375000000        -2.085071046401234E-007
   296.578125000000        -2.265120673332894E-007
   296.791875000000        -2.384052104974144E-007
   297.005625000000        -2.438772957042429E-007
   297.219375000000        -2.427960741366951E-007
   297.433125000000        -2.352255491284530E-007
   297.646875000000        -2.214422286357634E-007
   297.860625000000        -2.019460247024613E-007
   298.074375000000        -1.774633245844579E-007
   298.288125000000        -1.489398952112585E-007
   298.501875000000        -1.175217066250184E-007
   298.715625000000        -8.452246102839479E-008
   298.929375000000        -5.137755347440945E-008
   299.143125000000        -1.958530215215590E-008
   299.356875000000         9.362518342614081E-009
   299.570625000000         3.405763378088646E-008
   299.784375000000         5.325547125575817E-008
   299.998125000000         6.595356423451244E-008
   300.211875000000         7.146266833460583E-008
   300.425625000000         6.946505436132279E-008
   300.639375000000         6.005485784009308E-008
   300.853125000000         4.375623063982835E-008
   301.066875000000         2.151631990195583E-008
   301.280625000000        -5.328288031581179E-009
   301.494375000000        -3.511119070560962E-008
   301.708125000000        -6.591948425735446E-008
   301.921875000000        -9.569656422339351E-008
   302.135625000000        -1.223586084508765E-007
   302.349375000000        -1.439177112932893E-007
   302.563125000000        -1.586038954673539E-007
   302.776875000000        -1.649780428751027E-007
   302.990625000000        -1.620281859359291E-007
   303.204375000000        -1.492425648346672E-007
   303.418125000000        -1.266543141668986E-007
   303.631875000000        -9.485448377647078E-008
   303.845625000000        -5.497218069324349E-008
   304.059375000000        -8.622781109580543E-009
   304.273125000000         4.217276145959661E-008
   304.486875000000         9.509264726840959E-008
   304.700625000000         1.476366664660716E-007
   304.914375000000         1.972590006859826E-007
   305.128125000000         2.415035637931997E-007
   305.341875000000         2.781340979732409E-007
   305.555625000000         3.052517817094659E-007
   305.769375000000         3.213940768070723E-007
   305.983125000000         3.256098472658588E-007
   306.196875000000         3.175073113144166E-007
   306.410625000000         2.972730214639365E-007
   306.624375000000         2.656616932121366E-007
   306.838125000000         2.239582222281973E-007
   307.051875000000         1.739145641679920E-007
   307.265625000000         1.176652463908559E-007
   307.479375000000         5.762610694979216E-008
   307.693125000000        -3.618594228585563E-009
   307.906875000000        -6.343526358074250E-008
   308.120625000000        -1.192607927282613E-007
   308.334375000000        -1.687178118897351E-007
   308.548125000000        -2.097204367270750E-007
   308.761875000000        -2.405660755179125E-007
   308.975625000000        -2.600095007367296E-007
   309.189375000000        -2.673161365232210E-007
   309.403125000000        -2.622923559807022E-007
   309.616875000000        -2.452915058287585E-007
   309.830625000000        -2.171953645591642E-007
   310.044375000000        -1.793717724413958E-007
   310.258125000000        -1.336102180696033E-007
   310.471875000000        -8.203818800788768E-008
   310.685625000000        -2.702203608354371E-008
   310.899375000000         2.894304689458082E-008
   311.113125000000         8.334874021261125E-008
   311.326875000000         1.337893483812438E-007
   311.540625000000         1.780718509429567E-007
   311.754375000000         2.143146812134858E-007
   311.968125000000         2.410301796905396E-007
   312.181875000000         2.571864918993658E-007
   312.395625000000         2.622457814354701E-007
   312.609375000000         2.561769478628412E-007
   312.823125000000         2.394424967234771E-007
   313.036875000000         2.129607112772938E-007
   313.250625000000         1.780457211907322E-007
   313.464375000000         1.363293512515291E-007
   313.678125000000         8.966967127637810E-008
   313.891875000000         4.005188144107750E-008
   314.105625000000        -1.051249667817388E-008
   314.319375000000        -6.008221812740545E-008
   314.533125000000        -1.068732566598991E-007
   314.746875000000        -1.493314655247321E-007
   314.960625000000        -1.861874479301000E-007
   315.174375000000        -2.164914564303452E-007
   315.388125000000        -2.396275806808526E-007
   315.601875000000        -2.553079276515804E-007
   315.815625000000        -2.635488409096629E-007
   316.029375000000        -2.646323484156716E-007
   316.243125000000        -2.590568901948563E-007
   316.456875000000        -2.474818993063028E-007
   316.670625000000        -2.306709593242971E-007
   316.884375000000        -2.094380354037471E-007
   317.098125000000        -1.846006991347354E-007
   317.311875000000        -1.569433919272356E-007
   317.525625000000        -1.271926727632686E-007
   317.739375000000        -9.600516644149537E-008
   317.953125000000        -6.396767115751904E-008
   318.166875000000        -3.160770549958622E-008
   318.380625000000         5.882245206629813E-010
   318.594375000000         3.215209046146392E-008
   318.808125000000         6.261138956154764E-008
   319.021875000000         9.146965223814616E-008
   319.235625000000         1.181939272402359E-007
   319.449375000000         1.422120451191205E-007
   319.663125000000         1.629214393680752E-007
   319.876875000000         1.797100644990432E-007
   320.090625000000         1.919885994662972E-007
   320.304375000000         1.992317859434152E-007
   320.518125000000         2.010255513003319E-007
   320.731875000000         1.971156263297319E-007
   320.945625000000         1.874527904384733E-007
   321.159375000000         1.722297363299162E-007
   321.373125000000         1.519048795121282E-007
   321.586875000000         1.272092403485817E-007
   321.800625000000         9.913374885243221E-008
   322.014375000000         6.889587433402694E-008
   322.228125000000         3.788623742173208E-008
   322.441875000000         7.597669923371846E-009
   322.655625000000        -2.045911441508568E-008
   322.869375000000        -4.484764790780042E-008
   323.083125000000        -6.429903010390189E-008
   323.296875000000        -7.779934286768672E-008
   323.510625000000        -8.466415369877012E-008
   323.724375000000        -8.459379692738140E-008
   323.938125000000        -7.770437957742353E-008
   324.151875000000        -6.453118589809987E-008
   324.365625000000        -4.600321537014442E-008
   324.579375000000        -2.338981403147133E-008
   324.793125000000         1.777438961008421E-009
   325.006875000000         2.780243659725777E-008
   325.220625000000         5.293507998724811E-008
   325.434375000000         7.548679830410709E-008
   325.648125000000         9.394273783095595E-008
   325.861875000000         1.070624961479132E-007
   326.075625000000         1.139621120421585E-007
   326.289375000000         1.141714293314944E-007
   326.503125000000         1.076628144847614E-007
   326.716875000000         9.484936746713823E-008
   326.930625000000         7.655304348119363E-008
   327.144375000000         5.394531427369607E-008
   327.358125000000         2.846496507015185E-008
   327.571875000000         1.719195289813203E-009
   327.785625000000        -2.462474658955502E-008
   327.999375000000        -4.894968000166650E-008
   328.213125000000        -6.979276043486266E-008
   328.426875000000        -8.593697683996071E-008
   328.640625000000        -9.648412356795465E-008
   328.854375000000        -1.009050338374481E-007
   329.068125000000        -9.906463869845313E-008
   329.281875000000        -9.122127604526088E-008
   329.495625000000        -7.800146823645784E-008
   329.709375000000        -6.035297845583087E-008
   329.923125000000        -3.948023464148141E-008
   330.136875000000        -1.676709878080668E-008
   330.350625000000         6.307579869722525E-009
   330.564375000000         2.825615568095967E-008
   330.778125000000         4.766500621081020E-008
   330.991875000000         6.326954335531766E-008
   331.205625000000         7.401788928547226E-008
   331.419375000000         7.912073083686155E-008
   331.633125000000         7.808593417206021E-008
   331.846875000000         7.073750429145195E-008
   332.060625000000         5.721933641760928E-008
   332.274375000000         3.798487796078253E-008
   332.488125000000         1.377427793375841E-008
   332.701875000000        -1.441914975350024E-008
   332.915625000000        -4.539125233357304E-008
   333.129375000000        -7.777631769878351E-008
   333.343125000000        -1.101016052164485E-007
   333.556875000000        -1.408455718439609E-007
   333.770625000000        -1.684983430972245E-007
   333.984375000000        -1.916230049669783E-007
   334.198125000000        -2.089162223062600E-007
   334.411875000000        -2.192665264368094E-007
   334.625625000000        -2.218083872333309E-007
   334.839375000000        -2.159699392713699E-007
   335.053125000000        -2.015120270892465E-007
   335.266875000000        -1.785561351485037E-007
   335.480625000000        -1.475988331007562E-007
   335.694375000000        -1.095106424833611E-007
   335.908125000000        -6.551774198472679E-008
   336.121875000000        -1.716567370468068E-008
   336.335625000000         3.373483733073552E-008
   336.549375000000         8.517874081720895E-008
   336.763125000000         1.350518215538425E-007
   336.976875000000         1.812266513425603E-007
   337.190625000000         2.216648143303156E-007
   337.404375000000         2.545201086251514E-007
   337.618125000000         2.782369593339798E-007
   337.831875000000         2.916381825000280E-007
   338.045625000000         2.939965467362857E-007
   338.259375000000         2.850852873823272E-007
   338.473125000000         2.652038009076142E-007
   338.686875000000         2.351761185652472E-007
   338.900625000000         1.963213366526528E-007
   339.114375000000         1.503968579707300E-007
   339.328125000000         9.951695935001171E-008
   339.541875000000         4.605072945412117E-008
   339.755625000000        -7.495283767212767E-009
   339.969375000000        -5.860340069067202E-008
   340.183125000000        -1.048732021905657E-007
