  -1.60312500000000         1.328255656427079E-023
  -1.38937500000000        -6.106125165532527E-017
  -1.17562500000000        -4.462360820143459E-016
 -0.961875000000000        -2.213105594189472E-015
 -0.748125000000000        -8.821947042654677E-015
 -0.534375000000000        -2.959327793510055E-014
 -0.320625000000000        -8.537014690218608E-014
 -0.106875000000000        -2.153213675884430E-013
  0.106875000000000        -4.822457491066565E-013
  0.320625000000000        -9.739459081257958E-013
  0.534375000000000        -1.799945099592641E-012
  0.748125000000000        -3.083980902536629E-012
  0.961875000000000        -4.952523798933150E-012
   1.17562500000000        -7.518377687554794E-012
   1.38937500000000        -1.085799872088357E-011
   1.60312500000000        -1.498733382041520E-011
   1.81687500000000        -1.983726262478630E-011
   2.03062500000000        -2.523429859826555E-011
   2.24437500000000        -3.089538708641826E-011
   2.45812500000000        -3.643229152624453E-011
   2.67187500000000        -4.137684625240197E-011
   2.88562500000000        -4.521555478379678E-011
   3.09937500000000        -4.744465658745908E-011
   3.31312500000000        -4.762284063572751E-011
   3.52687500000000        -4.543215714404343E-011
   3.74062500000000        -4.072167294667171E-011
   3.95437500000000        -3.354309958635372E-011
   4.16812500000000        -2.415083601204319E-011
   4.38187500000000        -1.298587940543965E-011
   4.59562500000000        -6.356702952880194E-013
   4.80937500000000         1.224076707123284E-011
   5.02312500000000         2.498067955485095E-011
   5.23687500000000         3.699882230999279E-011
   5.45062500000000         4.784664551622910E-011
   5.66437500000000         5.724954024531689E-011
   5.87812500000000         6.511848117183374E-011
   6.09187500000000         7.151855847222434E-011
   6.30562500000000         7.661837852431887E-011
   6.51937500000000         8.062221439143748E-011
   6.73312500000000         8.367922388755110E-011
   6.94687500000000         8.582982117441752E-011
   7.16062500000000         8.695075763370973E-011
   7.37437500000000         8.675941700551793E-011
   7.58812500000000         8.483578843103916E-011
   7.80187500000000         8.069171775903676E-011
   8.01562500000000         7.386361610986638E-011
   8.22937500000000         6.401180155799559E-011
   8.44312500000000         5.100858078730593E-011
   8.65687500000000         3.499913493110712E-011
   8.87062500000000         1.642296408179971E-011
   9.08437500000000        -4.022067246003295E-012
   9.29812500000000        -2.544752856673639E-011
   9.51187500000000        -4.688958209483629E-011
   9.72562500000000        -6.743133062345745E-011
   9.93937500000000        -8.631916660490679E-011
   10.1531250000000        -1.030580584629990E-010
   10.3668750000000        -1.174558374245810E-010
   10.5806250000000        -1.296100525675675E-010
   10.7943750000000        -1.398548268007452E-010
   11.0081250000000        -1.486622288553996E-010
   11.2218750000000        -1.565195455610869E-010
   11.4356250000000        -1.638189035068244E-010
   11.6493750000000        -1.707707608509820E-010
   11.8631250000000        -1.773698200129794E-010
   12.0768750000000        -1.834085633429572E-010
   12.2906250000000        -1.885558530519762E-010
   12.5043750000000        -1.924682556438129E-010
   12.7181250000000        -1.949187720400204E-010
   12.9318750000000        -1.959221740901215E-010
   13.1456250000000        -1.958154414421190E-010
   13.3593750000000        -1.952843092153820E-010
   13.5731250000000        -1.953172888808162E-010
   13.7868750000000        -1.970960577150746E-010
   14.0006250000000        -2.018312711486188E-010
   14.2143750000000        -2.105777073082698E-010
   14.4281250000000        -2.240540487509023E-010
   14.6418750000000        -2.424981279450629E-010
   14.8556250000000        -2.655982735358392E-010
   15.0693750000000        -2.924930520387067E-010
   15.2831250000000        -3.218657277795117E-010
   15.4968750000000        -3.520926070403940E-010
   15.7106250000000        -3.814539192502718E-010
   15.9243750000000        -4.083361553631906E-010
   16.1381250000000        -4.314242970630422E-010
   16.3518750000000        -4.498394355028760E-010
   16.5656250000000        -4.631984669000968E-010
   16.7793750000000        -4.715982173896783E-010
   16.9931250000000        -4.755377091635321E-010
   17.2068750000000        -4.757764035199681E-010
   17.4206250000000        -4.731724054881532E-010
   17.6343750000000        -4.685409921252411E-010
   17.8481250000000        -4.625322898163514E-010
   18.0618750000000        -4.555697258644636E-010
   18.2756250000000        -4.478464146890161E-010
   18.4893750000000        -4.393872429024996E-010
   18.7031250000000        -4.301311953988482E-010
   18.9168750000000        -4.200545649895993E-010
   19.1306250000000        -4.092668776347828E-010
   19.3443750000000        -3.980845060071581E-010
   19.5581250000000        -3.870622519192133E-010
   19.7718750000000        -3.769593439496733E-010
   19.9856250000000        -3.686737563133415E-010
   20.1993750000000        -3.631305863828785E-010
   20.4131250000000        -3.611585630851821E-010
   20.6268750000000        -3.633783541757524E-010
   20.8406250000000        -3.701130993207590E-010
   21.0543750000000        -3.813410849016966E-010
   21.2681250000000        -3.966960382816994E-010
   21.4818750000000        -4.155135572206458E-010
   21.6956250000000        -4.369110855944259E-010
   21.9093750000000        -4.598894949693575E-010
   22.1231250000000        -4.834411418769007E-010
   22.3368750000000        -5.066479337514960E-010
   22.5506250000000        -5.287507541908210E-010
   22.7643750000000        -5.491969323254920E-010
   22.9781250000000        -5.676544708291636E-010
   23.1918750000000        -5.840016491620213E-010
   23.4056250000000        -5.982944927072540E-010
   23.6193750000000        -6.107304489737280E-010
   23.8331250000000        -6.216015758390925E-010
   24.0468750000000        -6.312574540411076E-010
   24.2606250000000        -6.400733665989406E-010
   24.4743750000000        -6.484266772685547E-010
   24.6881250000000        -6.566820372879707E-010
   24.9018750000000        -6.651815128246820E-010
   25.1156250000000        -6.742335770634777E-010
   25.3293750000000        -6.841174661915646E-010
   25.5431250000000        -6.950732154644630E-010
   25.7568750000000        -7.073045932823930E-010
   25.9706250000000        -7.209821836317042E-010
   26.1843750000000        -7.362497463898993E-010
   26.3981250000000        -7.532203291722662E-010
   26.6118750000000        -7.719946255899269E-010
   26.8256250000000        -7.926583118784269E-010
   27.0393750000000        -8.152715307859949E-010
   27.2531250000000        -8.398679881842267E-010
   27.4668750000000        -8.664288324727205E-010
   27.6806250000000        -8.948582672974286E-010
   27.8943750000000        -9.249563629208412E-010
   28.1081250000000        -9.563979063158915E-010
   28.3218750000000        -9.887203175046972E-010
   28.5356250000000        -1.021326326740162E-009
   28.7493750000000        -1.053515160459620E-009
   28.9631250000000        -1.084529983745428E-009
   29.1768750000000        -1.113619482608979E-009
   29.3906250000000        -1.140116501043176E-009
   29.6043750000000        -1.163508723898230E-009
   29.8181250000000        -1.183504515550133E-009
   30.0318750000000        -1.200064849062204E-009
   30.2456250000000        -1.213416909157033E-009
   30.4593750000000        -1.224021773589701E-009
   30.6731250000000        -1.232526384196727E-009
   30.8868750000000        -1.239676479436131E-009
   31.1006250000000        -1.246226003436124E-009
   31.3143750000000        -1.252851430539818E-009
   31.5281250000000        -1.260072888225869E-009
   31.7418750000000        -1.268210933514613E-009
   31.9556250000000        -1.277367366625337E-009
   32.1693750000000        -1.287447420491655E-009
   32.3831250000000        -1.298203062380621E-009
   32.5968750000000        -1.309298862771647E-009
   32.8106250000000        -1.320386639959801E-009
   33.0243750000000        -1.331169646318428E-009
   33.2381250000000        -1.341449092792869E-009
   33.4518750000000        -1.351152428574374E-009
   33.6656250000000        -1.360325905652230E-009
   33.8793750000000        -1.369109583932565E-009
   34.0931250000000        -1.377684389315698E-009
   34.3068750000000        -1.386221585711949E-009
   34.5206250000000        -1.394830967445662E-009
   34.7343750000000        -1.403523977422994E-009
   34.9481250000000        -1.412196189484205E-009
   35.1618750000000        -1.420645881493982E-009
   35.3756250000000        -1.428603905872369E-009
   35.5893750000000        -1.435799460773598E-009
   35.8031250000000        -1.442023113355236E-009
   36.0168750000000        -1.447199485623343E-009
   36.2306250000000        -1.451444310730707E-009
   36.4443750000000        -1.455089988056733E-009
   36.6581250000000        -1.458695498123609E-009
   36.8718750000000        -1.463006824461710E-009
   37.0856250000000        -1.468896269118914E-009
   37.2993750000000        -1.477262653368078E-009
   37.5131250000000        -1.488929580533227E-009
   37.7268750000000        -1.504534439961123E-009
   37.9406250000000        -1.524433812750777E-009
   38.1543750000000        -1.548634296351944E-009
   38.3681250000000        -1.576764525689688E-009
   38.5818750000000        -1.608095125498517E-009
   38.7956250000000        -1.641592154490882E-009
   39.0093750000000        -1.676023135237320E-009
   39.2231250000000        -1.710085798378777E-009
   39.4368750000000        -1.742545379383334E-009
   39.6506250000000        -1.772370863865577E-009
   39.8643750000000        -1.798839934176747E-009
   40.0781250000000        -1.821622200110677E-009
   40.2918750000000        -1.840795969978149E-009
   40.5056250000000        -1.856823544604158E-009
   40.7193750000000        -1.870486663803187E-009
   40.9331250000000        -1.882781366786568E-009
   41.1468750000000        -1.894791354610494E-009
   41.3606250000000        -1.907566821891589E-009
   41.5743750000000        -1.922022804636520E-009
   41.7881250000000        -1.938855854079398E-009
   42.0018750000000        -1.958515693022649E-009
   42.2156250000000        -1.981195255271689E-009
   42.4293750000000        -2.006879715568678E-009
   42.6431250000000        -2.035395030809105E-009
   42.8568750000000        -2.066475255105425E-009
   43.0706250000000        -2.099825876956499E-009
   43.2843750000000        -2.135159733253289E-009
   43.4981250000000        -2.172210250853767E-009
   43.7118750000000        -2.210717409485227E-009
   43.9256250000000        -2.250394826834171E-009
   44.1393750000000        -2.290878264603258E-009
   44.3531250000000        -2.331682392776899E-009
   44.5668750000000        -2.372176871567438E-009
   44.7806250000000        -2.411578907609518E-009
   44.9943750000000        -2.448990726774486E-009
   45.2081250000000        -2.483461018168716E-009
   45.4218750000000        -2.514077107106204E-009
   45.6356250000000        -2.540056201501014E-009
   45.8493750000000        -2.560850397065309E-009
   46.0631250000000        -2.576210657582082E-009
   46.2768750000000        -2.586227859874398E-009
   46.4906250000000        -2.591331765545281E-009
   46.7043750000000        -2.592243067919971E-009
   46.9181250000000        -2.589891782541205E-009
   47.1318750000000        -2.585319053105516E-009
   47.3456250000000        -2.579565539484864E-009
   47.5593750000000        -2.573581159738708E-009
   47.7731250000000        -2.568149732036199E-009
   47.9868750000000        -2.563858560167326E-009
   48.2006250000000        -2.561104801620653E-009
   48.4143750000000        -2.560130291650197E-009
   48.6281250000000        -2.561086542162733E-009
   48.8418750000000        -2.564097978238595E-009
   49.0556250000000        -2.569332451040289E-009
   49.2693750000000        -2.577030412051719E-009
   49.4831250000000        -2.587524111371493E-009
   49.6968750000000        -2.601207127794411E-009
   49.9106250000000        -2.618485501648621E-009
   50.1243750000000        -2.639698976925851E-009
   50.3381250000000        -2.665046929315806E-009
   50.5518750000000        -2.694518671870708E-009
   50.7656250000000        -2.727844512395941E-009
   50.9793750000000        -2.764486189077710E-009
   51.1931250000000        -2.803662913477762E-009
   51.4068750000000        -2.844413376896712E-009
   51.6206250000000        -2.885687182602223E-009
   51.8343750000000        -2.926443854208755E-009
   52.0481250000000        -2.965757150465985E-009
   52.2618750000000        -3.002900959476168E-009
   52.4756250000000        -3.037404112886265E-009
   52.6893750000000        -3.069067439325073E-009
   52.9031250000000        -3.097948593074891E-009
   53.1168750000000        -3.124307532044597E-009
   53.3306250000000        -3.148531313375947E-009
   53.5443750000000        -3.171059084189363E-009
   53.7581250000000        -3.192290713973248E-009
   53.9718750000000        -3.212540632600959E-009
   54.1856250000000        -3.232004633371757E-009
   54.3993750000000        -3.250759750586924E-009
   54.6131250000000        -3.268799669078461E-009
   54.8268750000000        -3.286081759400274E-009
   55.0406250000000        -3.302599846631825E-009
   55.2543750000000        -3.318431596044291E-009
   55.4681250000000        -3.333786540815757E-009
   55.6818750000000        -3.349011093037325E-009
   55.8956250000000        -3.364570126979167E-009
   56.1093750000000        -3.380986805888569E-009
   56.3231250000000        -3.398772502541417E-009
   56.5368750000000        -3.418328007912840E-009
   56.7506250000000        -3.439860694962636E-009
   56.9643750000000        -3.463319217969439E-009
   57.1781250000000        -3.488362188904603E-009
   57.3918750000000        -3.514365121496440E-009
   57.6056250000000        -3.540473592536212E-009
   57.8193750000000        -3.565688705572631E-009
   58.0331250000000        -3.588982542099611E-009
   58.2468750000000        -3.609412111440604E-009
   58.4606250000000        -3.626227252670888E-009
   58.6743750000000        -3.638949466394943E-009
   58.8881250000000        -3.647417664377444E-009
   59.1018750000000        -3.651786407896116E-009
   59.3156250000000        -3.652494466791918E-009
   59.5293750000000        -3.650204818407252E-009
   59.7431250000000        -3.645727629812898E-009
   59.9568750000000        -3.639961634863930E-009
   60.1706250000000        -3.633841074217864E-009
   60.3843750000000        -3.628318598825476E-009
   60.5981250000000        -3.624372284617327E-009
   60.8118750000000        -3.623030087698036E-009
   61.0256250000000        -3.625417473784675E-009
   61.2393750000000        -3.632767692239039E-009
   61.4531250000000        -3.646438343283885E-009
   61.6668750000000        -3.667854939413294E-009
   61.8806250000000        -3.698438320965697E-009
   62.0943750000000        -3.739468022800144E-009
   62.3081250000000        -3.791927858180415E-009
   62.5218750000000        -3.856341579034569E-009
   62.7356250000000        -3.932626752773791E-009
   62.9493750000000        -4.019984026859340E-009
   63.1631250000000        -4.116856360208264E-009
   63.3768750000000        -4.220953830846463E-009
   63.5906250000000        -4.329356989377335E-009
   63.8043750000000        -4.438674662326071E-009
   64.0181250000000        -4.545249064668900E-009
   64.2318750000000        -4.645377478250938E-009
   64.4456250000000        -4.735522801479958E-009
   64.6593750000000        -4.812496179276234E-009
   64.8731250000000        -4.873599634081279E-009
   65.0868750000000        -4.916716218902666E-009
   65.3006250000000        -4.940367074967636E-009
   65.5143750000000        -4.943732921229185E-009
   65.7281250000000        -4.926670331188837E-009
   65.9418750000000        -4.889717933669853E-009
   66.1556250000000        -4.834122461416525E-009
   66.3693750000000        -4.761861796127427E-009
   66.5831250000000        -4.675661454147274E-009
   66.7968750000000        -4.579000494527358E-009
   67.0106250000000        -4.476059495180755E-009
   67.2243750000000        -4.371613965329613E-009
   67.4381250000000        -4.270852056974319E-009
   67.6518750000000        -4.179117352605813E-009
   67.8656250000000        -4.101593762486514E-009
   68.0793750000000        -4.042949345365868E-009
   68.2931250000000        -4.007006800613686E-009
   68.5068750000000        -3.996438556212753E-009
   68.7206250000000        -4.012562363845948E-009
   68.9343750000000        -4.055254986809675E-009
   69.1481250000000        -4.122984734882659E-009
   69.3618750000000        -4.212981708122883E-009
   69.5756250000000        -4.321509159063188E-009
   69.7893750000000        -4.444186548204250E-009
   70.0031250000000        -4.576358485621181E-009
   70.2168750000000        -4.713418663811425E-009
   70.4306250000000        -4.851081716073012E-009
   70.6443750000000        -4.985571415410964E-009
   70.8581250000000        -5.113709051789854E-009
   71.0718750000000        -5.232923954766432E-009
   71.2856250000000        -5.341202576944208E-009
   71.4993750000000        -5.437011005580531E-009
   71.7131250000000        -5.519216828331203E-009
   71.9268750000000        -5.587050116520671E-009
   72.1406250000000        -5.640100653227202E-009
   72.3543750000000        -5.678356552119165E-009
   72.5681250000000        -5.702279980118996E-009
   72.7818750000000        -5.712869239123887E-009
   72.9956250000000        -5.711704355920402E-009
   73.2093750000000        -5.700932519709514E-009
   73.4231250000000        -5.683167218992111E-009
   73.6368750000000        -5.661312336311259E-009
   73.8506250000000        -5.638311004687345E-009
   74.0643750000000        -5.616835186884040E-009
   74.2781250000000        -5.598971360709614E-009
   74.4918750000000        -5.585922834234429E-009
   74.7056250000000        -5.577772891955407E-009
   74.9193750000000        -5.573343336129406E-009
   75.1331250000000        -5.570146460787688E-009
   75.3468750000000        -5.564463084475813E-009
   75.5606250000000        -5.551482928369378E-009
   75.7743750000000        -5.525546033394485E-009
   75.9881250000000        -5.480391308468866E-009
   76.2018750000000        -5.409437645795050E-009
   76.4156250000000        -5.306041353480499E-009
   76.6293750000000        -5.163723184638095E-009
   76.8431250000000        -4.976381159559286E-009
   77.0568750000000        -4.738463046404877E-009
   77.2706250000000        -4.445143853024438E-009
   77.4843750000000        -4.092499910930940E-009
   77.6981250000000        -3.677701357656577E-009
   77.9118750000000        -3.199226475402835E-009
   78.1256250000000        -2.657085052903765E-009
   78.3393750000000        -2.053035111332123E-009
   78.5531250000000        -1.390780060909446E-009
   78.7668750000000        -6.760953894361307E-010
   78.9806250000000         8.312084489408051E-011
   79.1943750000000         8.769034527194468E-010
   79.4081250000000         1.693408914588610E-009
   79.6218750000000         2.519198438250283E-009
   79.8356250000000         3.339651959345213E-009
   80.0493750000000         4.139457563144910E-009
   80.2631250000000         4.903134030599754E-009
   80.4768750000000         5.615609483761095E-009
   80.6906250000000         6.262739380041842E-009
   80.9043750000000         6.831814014811933E-009
   81.1181250000000         7.311974349745869E-009
   81.3318750000000         7.694552316924385E-009
   81.5456250000000         7.973320514591449E-009
   81.7593750000000         8.144644850805935E-009
   81.9731250000000         8.207551005918946E-009
   82.1868750000000         8.163700935510554E-009
   82.4006250000000         8.017295863905226E-009
   82.6143750000000         7.774915019135276E-009
   82.8281250000000         7.445257859275767E-009
   83.0418750000000         7.038863492149698E-009
   83.2556250000000         6.567748176381456E-009
   83.4693750000000         6.045010049253277E-009
   83.6831250000000         5.484394763594497E-009
   83.8968750000000         4.899849013446338E-009
   84.1106250000000         4.305076717386282E-009
   84.3243750000000         3.713106114510539E-009
   84.5381250000000         3.135903697391076E-009
   84.7518750000000         2.584044781994094E-009
   84.9656250000000         2.066443382600264E-009
   85.1793750000000         1.590173353433715E-009
   85.3931250000000         1.160361006533825E-009
   85.6068750000000         7.801624419638199E-010
   85.8206250000000         4.508075009473454E-010
   86.0343750000000         1.717159544208362E-010
   86.2481250000000        -5.934092710751042E-011
   86.4618750000000        -2.460343124614610E-010
   86.6756250000000        -3.932476743884670E-010
   86.8893750000000        -5.068208450743998E-010
   87.1031250000000        -5.932908593213375E-010
   87.3168750000000        -6.596220254953586E-010
   87.5306250000000        -7.129421550395356E-010
   87.7443750000000        -7.602818098663470E-010
   87.9581250000000        -8.083250448749286E-010
   88.1718750000000        -8.631712895695067E-010
   88.3856250000000        -9.301118275591911E-010
   88.5993750000000        -1.013443398479479E-009
   88.8131250000000        -1.116300403847888E-009
   89.0268750000000        -1.240532500425001E-009
   89.2406250000000        -1.386627877520434E-009
   89.4543750000000        -1.553693472902887E-009
   89.6681250000000        -1.739500851904876E-009
   89.8818750000000        -1.940588295762865E-009
   90.0956250000000        -2.152440094019545E-009
   90.3093750000000        -2.369728950663850E-009
   90.5231250000000        -2.586599648955195E-009
   90.7368750000000        -2.797003530890694E-009
   90.9506250000000        -2.995060728942636E-009
   91.1643750000000        -3.175394830659064E-009
   91.3781250000000        -3.333456708941626E-009
   91.5918750000000        -3.465802981968723E-009
   91.8056250000000        -3.570272216640376E-009
   92.0193750000000        -3.646090027052101E-009
   92.2331250000000        -3.693870233154501E-009
   92.4468750000000        -3.715502733072352E-009
   92.6606250000000        -3.713953927120621E-009
   92.8743750000000        -3.692980695716458E-009
   93.0881250000000        -3.656797870645477E-009
   93.3018750000000        -3.609708320138721E-009
   93.5156250000000        -3.555749344156685E-009
   93.7293750000000        -3.498365998717200E-009
   93.9431250000000        -3.440151396911035E-009
   94.1568750000000        -3.382668761092231E-009
   94.3706250000000        -3.326381138218626E-009
   94.5843750000000        -3.270663191173222E-009
   94.7981250000000        -3.213930115568361E-009
   95.0118750000000        -3.153840851810422E-009
   95.2256250000000        -3.087563465648209E-009
   95.4393750000000        -3.012081648374267E-009
   95.6531250000000        -2.924508894875954E-009
   95.8668750000000        -2.822385952946359E-009
   96.0806250000000        -2.703931517338308E-009
   96.2943750000000        -2.568239688341891E-009
   96.5081250000000        -2.415387918682322E-009
   96.7218750000000        -2.246476220284938E-009
   96.9356250000000        -2.063592688906106E-009
   97.1493750000000        -1.869700150216061E-009
   97.3631250000000        -1.668494587457513E-009
   97.5768750000000        -1.464214863320516E-009
   97.7906250000000        -1.261455689234185E-009
   98.0043750000000        -1.064991752747371E-009
   98.2181250000000        -8.796054834154752E-010
   98.4318750000000        -7.099620533967507E-010
   98.6456250000000        -5.604943044465692E-010
   98.8593750000000        -4.353196939872628E-010
   99.0731250000000        -3.381473659237153E-010
   99.2868750000000        -2.722068047386047E-010
   99.5006250000000        -2.401453021946204E-010
   99.7143750000000        -2.439257843470732E-010
   99.9281250000000        -2.846991352788015E-010
   100.141875000000        -3.626872669735932E-010
   100.355625000000        -4.770670182321730E-010
   100.569375000000        -6.258913138511718E-010
   100.783125000000        -8.060695818958442E-010
   100.996875000000        -1.013394629455090E-009
   101.210625000000        -1.242666702617348E-009
   101.424375000000        -1.487875270539834E-009
   101.638125000000        -1.742454180247478E-009
   101.851875000000        -1.999565535329821E-009
   102.065625000000        -2.252414376958069E-009
   102.279375000000        -2.494538944792653E-009
   102.493125000000        -2.720068310400373E-009
   102.706875000000        -2.923921498198810E-009
   102.920625000000        -3.101942296988309E-009
   103.134375000000        -3.250964576160340E-009
   103.348125000000        -3.368827959217875E-009
   103.561875000000        -3.454351867722469E-009
   103.775625000000        -3.507294313986288E-009
   103.989375000000        -3.528307490002946E-009
   104.203125000000        -3.518895765401773E-009
   104.416875000000        -3.481387784501767E-009
   104.630625000000        -3.418911361708045E-009
   104.844375000000        -3.335337587622904E-009
   105.058125000000        -3.235211242330574E-009
   105.271875000000        -3.123604881325471E-009
   105.485625000000        -3.005929411810498E-009
   105.699375000000        -2.887665169806018E-009
   105.913125000000        -2.774066417328413E-009
   106.126875000000        -2.669824172105872E-009
   106.340625000000        -2.578759008063088E-009
   106.554375000000        -2.503565478303066E-009
   106.768125000000        -2.445656852308465E-009
   106.981875000000        -2.405124319266538E-009
   107.195625000000        -2.380844891859854E-009
   107.409375000000        -2.370704306882411E-009
   107.623125000000        -2.371918412869868E-009
   107.836875000000        -2.381436123704057E-009
   108.050625000000        -2.396313234546499E-009
   108.264375000000        -2.414076127058056E-009
   108.478125000000        -2.432961839333205E-009
   108.691875000000        -2.452052875055238E-009
   108.905625000000        -2.471267514505475E-009
   109.119375000000        -2.491223194374268E-009
   109.333125000000        -2.513008948437450E-009
   109.546875000000        -2.537887979511930E-009
   109.760625000000        -2.567013609316122E-009
   109.974375000000        -2.601170512765193E-009
   110.188125000000        -2.640598883466623E-009
   110.401875000000        -2.684938381579538E-009
   110.615625000000        -2.733254318651247E-009
   110.829375000000        -2.784178006689955E-009
   111.043125000000        -2.836094474431942E-009
   111.256875000000        -2.887376864440123E-009
   111.470625000000        -2.936598040488061E-009
   111.684375000000        -2.982704743964606E-009
   111.898125000000        -3.025125318909323E-009
   112.111875000000        -3.063800928446610E-009
   112.325625000000        -3.099152639710092E-009
   112.539375000000        -3.131977160550835E-009
   112.753125000000        -3.163333332817208E-009
   112.966875000000        -3.194389378019593E-009
   113.180625000000        -3.226298877984612E-009
   113.394375000000        -3.260097273755365E-009
   113.608125000000        -3.296608424595329E-009
   113.821875000000        -3.336396240391432E-009
   114.035625000000        -3.379711346895176E-009
   114.249375000000        -3.426448921974302E-009
   114.463125000000        -3.476102471517957E-009
   114.676875000000        -3.527707556184042E-009
   114.890625000000        -3.579797852437678E-009
   115.104375000000        -3.630356940257934E-009
   115.318125000000        -3.676842019460601E-009
   115.531875000000        -3.716221884440040E-009
   115.745625000000        -3.745140424285349E-009
   115.959375000000        -3.760122481411392E-009
   116.173125000000        -3.757888519506534E-009
   116.386875000000        -3.735715883679902E-009
   116.600625000000        -3.691823364116688E-009
   116.814375000000        -3.625735960728445E-009
   117.028125000000        -3.538575146060497E-009
   117.241875000000        -3.433224931725085E-009
   117.455625000000        -3.314342821713666E-009
   117.669375000000        -3.188182738578887E-009
   117.883125000000        -3.062239822526683E-009
   118.096875000000        -2.944741092336172E-009
   118.310625000000        -2.844007509622346E-009
   118.524375000000        -2.767770993044616E-009
   118.738125000000        -2.722498376167294E-009
   118.951875000000        -2.712789439893293E-009
   119.165625000000        -2.740913317305612E-009
   119.379375000000        -2.806529905502547E-009
   119.593125000000        -2.906605718329478E-009
   119.806875000000        -3.035550475364675E-009
   120.020625000000        -3.185531691873594E-009
   120.234375000000        -3.346957254855964E-009
   120.448125000000        -3.509068554000876E-009
   120.661875000000        -3.660597496814776E-009
   120.875625000000        -3.790448013391915E-009
   121.089375000000        -3.888356895037022E-009
   121.303125000000        -3.945492533371953E-009
   121.516875000000        -3.954983893653469E-009
   121.730625000000        -3.912334143683901E-009
   121.944375000000        -3.815745705568500E-009
   122.158125000000        -3.666302200006802E-009
   122.371875000000        -3.468028770440490E-009
   122.585625000000        -3.227818978723933E-009
   122.799375000000        -2.955201060256972E-009
   123.013125000000        -2.661976136100690E-009
   123.226875000000        -2.361704367348816E-009
   123.440625000000        -2.069065016659011E-009
   123.654375000000        -1.799133750605575E-009
   123.868125000000        -1.566585802751931E-009
   124.081875000000        -1.384908034118278E-009
   124.295625000000        -1.265654485497562E-009
   124.509375000000        -1.217820308582038E-009
   124.723125000000        -1.247358399988772E-009
   124.936875000000        -1.356908654517886E-009
   125.150625000000        -1.545729741492046E-009
   125.364375000000        -1.809835186011431E-009
   125.578125000000        -2.142326320486733E-009
   125.791875000000        -2.533848760817146E-009
   126.005625000000        -2.973156369167579E-009
   126.219375000000        -3.447673549688107E-009
   126.433125000000        -3.944069293695354E-009
   126.646875000000        -4.448736395317972E-009
   126.860625000000        -4.948199209805228E-009
   127.074375000000        -5.429426595871114E-009
   127.288125000000        -5.880059364453092E-009
   127.501875000000        -6.288579252983504E-009
   127.715625000000        -6.644465326143339E-009
   127.929375000000        -6.938345508869203E-009
   128.143125000000        -7.162171088358880E-009
   128.356875000000        -7.309439939842108E-009
   128.570625000000        -7.375438033348144E-009
   128.784375000000        -7.357494026830089E-009
   128.998125000000        -7.255222572317345E-009
   129.211875000000        -7.070708765232413E-009
   129.425625000000        -6.808606773581845E-009
   129.639375000000        -6.476137414647027E-009
   129.853125000000        -6.082955601790900E-009
   130.066875000000        -5.640901335081649E-009
   130.280625000000        -5.163638970953800E-009
   130.494375000000        -4.666199210615676E-009
   130.708125000000        -4.164474384441189E-009
   130.921875000000        -3.674655001615805E-009
   131.135625000000        -3.212670356744121E-009
   131.349375000000        -2.793623296566022E-009
   131.563125000000        -2.431249279597890E-009
   131.776875000000        -2.137393283916028E-009
   131.990625000000        -1.921550364151022E-009
   132.204375000000        -1.790426070776868E-009
   132.418125000000        -1.747596020390163E-009
   132.631875000000        -1.793256273388881E-009
   132.845625000000        -1.924098085412303E-009
   133.059375000000        -2.133343736735419E-009
   133.273125000000        -2.410980628237121E-009
   133.486875000000        -2.744169015350449E-009
   133.700625000000        -3.117874737557363E-009
   133.914375000000        -3.515646138607468E-009
   134.128125000000        -3.920536254359190E-009
   134.341875000000        -4.316066787767039E-009
   134.555625000000        -4.687186091139146E-009
   134.769375000000        -5.021105211950300E-009
   134.983125000000        -5.307975498664539E-009
   135.196875000000        -5.541309610045994E-009
   135.410625000000        -5.718128124428219E-009
   135.624375000000        -5.838826112641741E-009
   135.838125000000        -5.906776054018416E-009
   136.051875000000        -5.927713758458203E-009
   136.265625000000        -5.908986749824734E-009
   136.479375000000        -5.858724500315834E-009
   136.693125000000        -5.785042262839675E-009
   136.906875000000        -5.695308311555898E-009
   137.120625000000        -5.595576978938017E-009
   137.334375000000        -5.490188627925597E-009
   137.548125000000        -5.381560804772328E-009
   137.761875000000        -5.270192881531157E-009
   137.975625000000        -5.154822280000472E-009
   138.189375000000        -5.032742174181214E-009
   138.403125000000        -4.900222336823310E-009
   138.616875000000        -4.753004112903281E-009
   138.830625000000        -4.586836903940628E-009
   139.044375000000        -4.398010865827325E-009
   139.258125000000        -4.183865790930839E-009
   139.471875000000        -3.943233622603588E-009
   139.685625000000        -3.676791632492168E-009
   139.899375000000        -3.387295385801051E-009
   140.113125000000        -3.079665078198214E-009
   140.326875000000        -2.760911854370481E-009
   140.540625000000        -2.439883257624083E-009
   140.754375000000        -2.126848501018174E-009
   140.968125000000        -1.832921440997933E-009
   141.181875000000        -1.569370922285540E-009
   141.395625000000        -1.346867166909804E-009
   141.609375000000        -1.174710752494593E-009
   141.823125000000        -1.060123161424512E-009
   142.036875000000        -1.007661564457836E-009
   142.250625000000        -1.018811745274806E-009
   142.464375000000        -1.091797019655824E-009
   142.678125000000        -1.221630587890443E-009
   142.891875000000        -1.400404438314721E-009
   143.105625000000        -1.617795588660080E-009
   143.319375000000        -1.861737796761697E-009
   143.533125000000        -2.119211862491704E-009
   143.746875000000        -2.377071994302217E-009
   143.960625000000        -2.622852604868081E-009
   144.174375000000        -2.845488733473364E-009
   144.388125000000        -3.035899437415132E-009
   144.601875000000        -3.187387099205814E-009
   144.815625000000        -3.295858798811960E-009
   145.029375000000        -3.359839418861085E-009
   145.243125000000        -3.380309480247550E-009
   145.456875000000        -3.360395734388127E-009
   145.670625000000        -3.304946396611784E-009
   145.884375000000        -3.220028986153289E-009
   146.098125000000        -3.112425310226098E-009
   146.311875000000        -2.989123254490980E-009
   146.525625000000        -2.856891633632335E-009
   146.739375000000        -2.721931707864874E-009
   146.953125000000        -2.589639338995036E-009
   147.166875000000        -2.464483420190293E-009
   147.380625000000        -2.350007427330286E-009
   147.594375000000        -2.248909851581417E-009
   147.808125000000        -2.163205219355603E-009
   148.021875000000        -2.094419381868566E-009
   148.235625000000        -2.043781575126962E-009
   148.449375000000        -2.012391641817251E-009
   148.663125000000        -2.001311136581474E-009
   148.876875000000        -2.011571516426575E-009
   149.090625000000        -2.044100698685878E-009
   149.304375000000        -2.099540895004644E-009
   149.518125000000        -2.178009626850039E-009
   149.731875000000        -2.278806541408255E-009
   149.945625000000        -2.400121743478974E-009
   150.159375000000        -2.538783793136488E-009
   150.373125000000        -2.690086408009039E-009
   150.586875000000        -2.847724276868526E-009
   150.800625000000        -3.003885517874636E-009
   151.014375000000        -3.149494062141161E-009
   151.228125000000        -3.274587571405684E-009
   151.441875000000        -3.368861225307159E-009
   151.655625000000        -3.422283119024777E-009
   151.869375000000        -3.425772756977442E-009
   152.083125000000        -3.371869392297524E-009
   152.296875000000        -3.255350461966899E-009
   152.510625000000        -3.073720102915323E-009
   152.724375000000        -2.827537248089545E-009
   152.938125000000        -2.520544821389627E-009
   153.151875000000        -2.159575415782459E-009
   153.365625000000        -1.754236885362229E-009
   153.579375000000        -1.316398432294326E-009
   153.793125000000        -8.595178789260689E-010
   154.006875000000        -3.978556499098720E-010
   154.220625000000         5.436036541132846E-011
   154.434375000000         4.837344270058581E-010
   154.648125000000         8.784296820002688E-010
   154.861875000000         1.228749386837362E-009
   155.075625000000         1.527517978960099E-009
   155.289375000000         1.770277463912888E-009
   155.503125000000         1.955260587684372E-009
   155.716875000000         2.083177358524380E-009
   155.930625000000         2.156845748690586E-009
   156.144375000000         2.180711682586391E-009
   156.358125000000         2.160323884695663E-009
   156.571875000000         2.101808781221792E-009
   156.785625000000         2.011392219318944E-009
   156.999375000000         1.895015285206591E-009
   157.213125000000         1.758061614455866E-009
   157.426875000000         1.605206628365566E-009
   157.640625000000         1.440376549085709E-009
   157.854375000000         1.266816343016488E-009
   158.068125000000         1.087211331650803E-009
   158.281875000000         9.038628734606995E-010
   158.495625000000         7.188796330648081E-010
   158.709375000000         5.343371174665936E-010
   158.923125000000         3.524201811775543E-010
   159.136875000000         1.755064990313343E-010
   159.350625000000         6.213899722707267E-012
   159.564375000000        -1.526321188554000E-010
   159.778125000000        -2.980570199339381E-010
   159.991875000000        -4.270547744625402E-010
   160.205625000000        -5.367238115451742E-010
   160.419375000000        -6.244335533770930E-010
   160.633125000000        -6.879968782345148E-010
   160.846875000000        -7.258334213109714E-010
   161.060625000000        -7.371157732045316E-010
   161.274375000000        -7.218779721159527E-010
   161.488125000000        -6.810862466695548E-010
   161.701875000000        -6.166405673696127E-010
   161.915625000000        -5.313305477231612E-010
   162.129375000000        -4.287099427117243E-010
   162.343125000000        -3.129311382845571E-010
   162.556875000000        -1.885240546363020E-010
   162.770625000000        -6.015913185555386E-011
   162.984375000000         6.759933834632576E-011
   163.198125000000         1.905146270057304E-010
   163.411875000000         3.048594187672044E-010
   163.625625000000         4.075324244820634E-010
   163.839375000000         4.961141369647419E-010
   164.053125000000         5.688403552869890E-010
   164.266875000000         6.245287557045607E-010
   164.480625000000         6.624507254774380E-010
   164.694375000000         6.822004771242272E-010
   164.908125000000         6.835503419924565E-010
   165.121875000000         6.663691685844618E-010
   165.335625000000         6.305706565654736E-010
   165.549375000000         5.761524596136373E-010
   165.763125000000         5.032918780765014E-010
   165.976875000000         4.125185668527260E-010
   166.190625000000         3.049180898064842E-010
   166.404375000000         1.823706037479097E-010
   166.618125000000         4.774977254206538E-011
   166.831875000000        -9.491442912349225E-011
   167.045625000000        -2.403690870025940E-010
   167.259375000000        -3.821885065023244E-010
   167.473125000000        -5.129624065366486E-010
   167.686875000000        -6.246237384703325E-010
   167.900625000000        -7.089190482299478E-010
   168.114375000000        -7.579889596769203E-010
   168.328125000000        -7.650286123878388E-010
   168.541875000000        -7.249861444563303E-010
   168.755625000000        -6.352222478293400E-010
   168.969375000000        -4.960903427510947E-010
   169.183125000000        -3.113718503959992E-010
   169.396875000000        -8.848886153885647E-011
   169.610625000000         1.615138310143328E-010
   169.824375000000         4.242790406286986E-010
   170.038125000000         6.827268386789162E-010
   170.251875000000         9.179173728615682E-010
   170.465625000000         1.110142695259306E-009
   170.679375000000         1.240183578029547E-009
   170.893125000000         1.290664950100134E-009
   171.106875000000         1.247387493570630E-009
   171.320625000000         1.100567331156141E-009
   171.534375000000         8.458502126860443E-010
   171.748125000000         4.850391996401177E-010
   171.961875000000         2.645142377524339E-011
   172.175625000000        -5.151561680110767E-010
   172.389375000000        -1.119076896341260E-009
   172.603125000000        -1.759573424532396E-009
   172.816875000000        -2.407178615389332E-009
   173.030625000000        -3.030276438987129E-009
   173.244375000000        -3.596893136550076E-009
   173.458125000000        -4.076563338253814E-009
   173.671875000000        -4.442159927323494E-009
   173.885625000000        -4.671547672731169E-009
   174.099375000000        -4.748960212018579E-009
   174.313125000000        -4.666018646679184E-009
   174.526875000000        -4.422296353249372E-009
   174.740625000000        -4.025423355323162E-009
   174.954375000000        -3.490716916773642E-009
   175.168125000000        -2.840363523840069E-009
   175.381875000000        -2.102222634954403E-009
   175.595625000000        -1.308338514047535E-009
   175.809375000000        -4.932334887324425E-010
   176.023125000000         3.078828163441081E-010
   176.236875000000         1.060880339571765E-009
   176.450625000000         1.734378076474196E-009
   176.664375000000         2.301200623655947E-009
   176.878125000000         2.739567237538130E-009
   177.091875000000         3.033970956364055E-009
   177.305625000000         3.175688460297825E-009
   177.519375000000         3.162965927493764E-009
   177.733125000000         3.000834449880242E-009
   177.946875000000         2.700618359872704E-009
   178.160625000000         2.279170228101740E-009
   178.374375000000         1.757860393728709E-009
   178.588125000000         1.161411106788802E-009
   178.801875000000         5.166188162665178E-010
   179.015625000000        -1.489765765339678E-010
   179.229375000000        -8.083777479735144E-010
   179.443125000000        -1.436331348581654E-009
   179.656875000000        -2.010373351772045E-009
   179.870625000000        -2.511685674314176E-009
   180.084375000000        -2.925690397513021E-009
   180.298125000000        -3.242402167540796E-009
   180.511875000000        -3.456516953142301E-009
   180.725625000000        -3.567251139460982E-009
   180.939375000000        -3.577965434029193E-009
   181.153125000000        -3.495640499047725E-009
   181.366875000000        -3.330220027217521E-009
   181.580625000000        -3.093909834032178E-009
   181.794375000000        -2.800467895891714E-009
   182.008125000000        -2.464537740555229E-009
   182.221875000000        -2.101060186126033E-009
   182.435625000000        -1.724755347216744E-009
   182.649375000000        -1.349708786713523E-009
   182.863125000000        -9.890607582629236E-010
   183.076875000000        -6.547356780777563E-010
   183.290625000000        -3.572621004846215E-010
   183.504375000000        -1.056199292093280E-010
   183.718125000000         9.286765600087521E-011
   183.931875000000         2.326261593964912E-010
   184.145625000000         3.098793502074170E-010
   184.359375000000         3.226845132109884E-010
   184.573125000000         2.709343146381948E-010
   184.786875000000         1.563161387056142E-010
   185.000625000000        -1.773540927582840E-011
   185.214375000000        -2.461281808498894E-010
   185.428125000000        -5.222015050702075E-010
   185.641875000000        -8.378397653153656E-010
   185.855625000000        -1.183580449301399E-009
   186.069375000000        -1.548729141330548E-009
   186.283125000000        -1.921510092788614E-009
   186.496875000000        -2.289218567128024E-009
   186.710625000000        -2.638461172324090E-009
   186.924375000000        -2.955446511735448E-009
   187.138125000000        -3.226373504401054E-009
   187.351875000000        -3.437914001137776E-009
   187.565625000000        -3.577788898313688E-009
   187.779375000000        -3.635403386465340E-009
   187.993125000000        -3.602515311979533E-009
   188.206875000000        -3.473865049189611E-009
   188.420625000000        -3.247750375343120E-009
   188.634375000000        -2.926436854709705E-009
   188.848125000000        -2.516397545705965E-009
   189.061875000000        -2.028324759899773E-009
   189.275625000000        -1.476902883559367E-009
   189.489375000000        -8.803537855515170E-010
   189.703125000000        -2.597613245779465E-010
   189.916875000000         3.617666379891963E-010
   190.130625000000         9.600528294143048E-010
   190.344375000000         1.510888950610518E-009
   190.558125000000         1.991065257556681E-009
   190.771875000000         2.379380789934703E-009
   190.985625000000         2.657575599724107E-009
   191.199375000000         2.811145672421702E-009
   191.413125000000         2.830045732683300E-009
   191.626875000000         2.709216652848602E-009
   191.840625000000         2.448956018415559E-009
   192.054375000000         2.055089422091188E-009
   192.268125000000         1.538940416995886E-009
   192.481875000000         9.170767958925967E-010
   192.695625000000         2.108276618782506E-010
   192.909375000000        -5.544189664911710E-010
   193.123125000000        -1.350151330928381E-009
   193.336875000000        -2.145840345531691E-009
   193.550625000000        -2.910201105367322E-009
   193.764375000000        -3.612538126650629E-009
   193.978125000000        -4.224120907302154E-009
   194.191875000000        -4.719518501397655E-009
   194.405625000000        -5.077807159015317E-009
   194.619375000000        -5.283621134139620E-009
   194.833125000000        -5.327958440269884E-009
   195.046875000000        -5.208725036644325E-009
   195.260625000000        -4.930983570134103E-009
   195.474375000000        -4.506869558051843E-009
   195.688125000000        -3.955214878026976E-009
   195.901875000000        -3.300833820607644E-009
   196.115625000000        -2.573525462847721E-009
   196.329375000000        -1.806791994339672E-009
   196.543125000000        -1.036334046575917E-009
   196.756875000000        -2.983551076516604E-010
   196.970625000000         3.722376631455392E-010
   197.184375000000         9.436611701578919E-010
   197.398125000000         1.389001071453386E-009
   197.611875000000         1.687772702190977E-009
   197.825625000000         1.827176679527421E-009
   198.039375000000         1.802947855098213E-009
   198.253125000000         1.619713279355821E-009
   198.466875000000         1.290815272073082E-009
   198.680625000000         8.375811351028204E-010
   198.894375000000         2.880674626772903E-010
   199.108125000000        -3.246199527249346E-010
   199.321875000000        -9.643396289129546E-010
   199.535625000000        -1.594099368005871E-009
   199.749375000000        -2.178254822086432E-009
   199.963125000000        -2.684567760864693E-009
   200.176875000000        -3.085993542746987E-009
   200.390625000000        -3.362046777406236E-009
   200.604375000000        -3.499734648425259E-009
   200.818125000000        -3.493966786849692E-009
   201.031875000000        -3.347484892859246E-009
   201.245625000000        -3.070358800868118E-009
   201.459375000000        -2.679088803281887E-009
   201.673125000000        -2.195433378392517E-009
   201.886875000000        -1.645041137241850E-009
   202.100625000000        -1.055968626166050E-009
   202.314375000000        -4.571833562247580E-010
   202.528125000000         1.228780190926426E-010
   202.741875000000         6.576481433574592E-010
   202.955625000000         1.123593920490825E-009
   203.169375000000         1.501179612777781E-009
   203.383125000000         1.775594850306685E-009
   203.596875000000         1.937213437495687E-009
   203.810625000000         1.981792894144389E-009
   204.024375000000         1.910396036724515E-009
   204.238125000000         1.729040954147281E-009
   204.451875000000         1.448154034808405E-009
   204.665625000000         1.081798114966734E-009
   204.879375000000         6.468019998085396E-010
   205.093125000000         1.618128263848347E-010
   205.306875000000        -3.536603954687306E-010
   205.520625000000        -8.801221817387544E-010
   205.734375000000        -1.398878013742335E-009
   205.948125000000        -1.892653604657505E-009
   206.161875000000        -2.346079049760365E-009
   206.375625000000        -2.745996266004551E-009
   206.589375000000        -3.081637727623730E-009
   206.803125000000        -3.344706191979173E-009
   207.016875000000        -3.529370169887265E-009
   207.230625000000        -3.632240299553684E-009
   207.444375000000        -3.652313360407723E-009
   207.658125000000        -3.590950852706710E-009
   207.871875000000        -3.451824280407909E-009
   208.085625000000        -3.240881266944304E-009
   208.299375000000        -2.966265222852808E-009
   208.513125000000        -2.638195239207765E-009
   208.726875000000        -2.268763358143535E-009
   208.940625000000        -1.871620887815549E-009
   209.154375000000        -1.461602452725927E-009
   209.368125000000        -1.054216401012561E-009
   209.581875000000        -6.650841501053318E-010
   209.795625000000        -3.093250050717779E-010
   210.009375000000        -9.218763892585355E-013
   210.223125000000         2.478694344633049E-010
   210.436875000000         4.270703883009881E-010
   210.650625000000         5.294093917342252E-010
   210.864375000000         5.506558580842290E-010
   211.078125000000         4.898093924612550E-010
   211.291875000000         3.491538502272904E-010
   211.505625000000         1.341743942889067E-010
   211.719375000000        -1.466559883432041E-010
   211.933125000000        -4.821963677622718E-010
   212.146875000000        -8.590728715455977E-010
   212.360625000000        -1.262188555998421E-009
   212.574375000000        -1.675307866841978E-009
   212.788125000000        -2.081691842024635E-009
   213.001875000000        -2.464765868213435E-009
   213.215625000000        -2.808798867960257E-009
   213.429375000000        -3.099568221606695E-009
   213.643125000000        -3.324978500835003E-009
   213.856875000000        -3.475621904558118E-009
   214.070625000000        -3.545217192146708E-009
   214.284375000000        -3.530925856003673E-009
   214.498125000000        -3.433520178581445E-009
   214.711875000000        -3.257365312504342E-009
   214.925625000000        -3.010219948322713E-009
   215.139375000000        -2.702903411772450E-009
   215.353125000000        -2.348751114979028E-009
   215.566875000000        -1.963008636998581E-009
   215.780625000000        -1.562103645143914E-009
   215.994375000000        -1.162903649440571E-009
   216.208125000000        -7.819758760780959E-010
   216.421875000000        -4.349043009311751E-010
   216.635625000000        -1.356850461939262E-010
   216.849375000000         1.037697804990110E-010
   217.063125000000         2.739963655016343E-010
   217.276875000000         3.682542827830569E-010
   217.490625000000         3.826698196853836E-010
   217.704375000000         3.163093677973409E-010
   217.918125000000         1.711794917846914E-010
   218.131875000000        -4.784633126273048E-011
   218.345625000000        -3.331212265500378E-010
   218.559375000000        -6.743834238422217E-010
   218.773125000000        -1.058983596563045E-009
   218.986875000000        -1.472156689693904E-009
   219.200625000000        -1.897409791593295E-009
   219.414375000000        -2.316996209388950E-009
   219.628125000000        -2.712500781336652E-009
   219.841875000000        -3.065544206478145E-009
   220.055625000000        -3.358546521835929E-009
   220.269375000000        -3.575559666060593E-009
   220.483125000000        -3.703099940385425E-009
   220.696875000000        -3.730927409140362E-009
   220.910625000000        -3.652734466150512E-009
   221.124375000000        -3.466656586089770E-009
   221.338125000000        -3.175609811923593E-009
   221.551875000000        -2.787379494294991E-009
   221.765625000000        -2.314465843622662E-009
   221.979375000000        -1.773706699364508E-009
   222.193125000000        -1.185632679951985E-009
   222.406875000000        -5.736543164336481E-010
   222.620625000000         3.693352888801397E-011
   222.834375000000         6.200766260457277E-010
   223.048125000000         1.150151314873380E-009
   223.261875000000         1.603191137012123E-009
   223.475625000000         1.958078635387300E-009
   223.689375000000         2.197654310919417E-009
   223.903125000000         2.309685192590267E-009
   224.116875000000         2.287609890345143E-009
   224.330625000000         2.131029512844064E-009
   224.544375000000         1.845878498483074E-009
   224.758125000000         1.444238492310109E-009
   224.971875000000         9.437833970148984E-010
   225.185625000000         3.668585252882768E-010
   225.399375000000        -2.607515516679715E-010
   225.613125000000        -9.113186212002368E-010
   225.826875000000        -1.556805965225132E-009
   226.040625000000        -2.170543841423334E-009
   226.254375000000        -2.728811542162464E-009
   226.468125000000        -3.212195217024906E-009
   226.681875000000        -3.606634966098512E-009
   226.895625000000        -3.904044991461386E-009
   227.109375000000        -4.102501589200634E-009
   227.323125000000        -4.205979531539261E-009
   227.536875000000        -4.223667612728109E-009
   227.750625000000        -4.168965867053752E-009
   227.964375000000        -4.058235903825773E-009
   228.178125000000        -3.909429465531993E-009
   228.391875000000        -3.740726751305864E-009
   228.605625000000        -3.569257898213287E-009
   228.819375000000        -3.410031734757662E-009
   229.033125000000        -3.275099319083379E-009
   229.246875000000        -3.173015689520865E-009
   229.460625000000        -3.108577857916770E-009
   229.674375000000        -3.082864998449758E-009
   229.888125000000        -3.093495514692611E-009
   230.101875000000        -3.135110044620365E-009
   230.315625000000        -3.199993459325801E-009
   230.529375000000        -3.278799108563451E-009
   230.743125000000        -3.361315805278567E-009
   230.956875000000        -3.437223709896192E-009
   231.170625000000        -3.496797051670466E-009
   231.384375000000        -3.531504884010210E-009
   231.598125000000        -3.534467898218673E-009
   231.811875000000        -3.500757964061992E-009
   232.025625000000        -3.427509556834356E-009
   232.239375000000        -3.313851511721082E-009
   232.453125000000        -3.160666328050099E-009
   232.666875000000        -2.970223387710135E-009
   232.880625000000        -2.745716803039395E-009
   233.094375000000        -2.490780520001105E-009
   233.308125000000        -2.209033122525602E-009
   233.521875000000        -1.903719295440407E-009
   233.735625000000        -1.577499044028070E-009
   233.949375000000        -1.232404727506927E-009
   234.163125000000        -8.700009126578030E-010
   234.376875000000        -4.916963464549361E-010
   234.590625000000        -9.921137548058349E-011
   234.804375000000         3.048878450393535E-010
   235.018125000000         7.166541316623830E-010
   235.231875000000         1.130278664964217E-009
   235.445625000000         1.537760182447627E-009
   235.659375000000         1.928769884323429E-009
   235.873125000000         2.290744840654937E-009
   236.086875000000         2.609232274277223E-009
   236.300625000000         2.868489371416332E-009
   236.514375000000         3.052265481964226E-009
   236.728125000000         3.144762516690656E-009
   236.941875000000         3.131676301257260E-009
   237.155625000000         3.001257930371503E-009
   237.369375000000         2.745308387731579E-009
   237.583125000000         2.360048561371132E-009
   237.796875000000         1.846782164922709E-009
   238.010625000000         1.212301919034547E-009
   238.224375000000         4.690186321013117E-010
   238.438125000000        -3.652371435230759E-010
   238.651875000000        -1.267727421917911E-009
   238.865625000000        -2.211622789145503E-009
   239.079375000000        -3.167082728235632E-009
   239.293125000000        -4.102559565730455E-009
   239.506875000000        -4.986249543186599E-009
   239.720625000000        -5.787617858837970E-009
   239.934375000000        -6.478897636123830E-009
   240.148125000000        -7.036507678692121E-009
   240.361875000000        -7.442244247152974E-009
   240.575625000000        -7.684229959569374E-009
   240.789375000000        -7.757519094932572E-009
   241.003125000000        -7.664336941926470E-009
   241.216875000000        -7.413909368147467E-009
   241.430625000000        -7.021949181280341E-009
   241.644375000000        -6.509731952034348E-009
   241.858125000000        -5.902930985739475E-009
   242.071875000000        -5.230183525709801E-009
   242.285625000000        -4.521546273457793E-009
   242.499375000000        -3.806885197412632E-009
   242.713125000000        -3.114327941380076E-009
   242.926875000000        -2.468853843710053E-009
   243.140625000000        -1.891093732944419E-009
   243.354375000000        -1.396429271043237E-009
   243.568125000000        -9.944012693579623E-010
   243.781875000000        -6.885019939458894E-010
   243.995625000000        -4.763000369768810E-010
   244.209375000000        -3.499283582423061E-010
   244.423125000000        -2.968727022891456E-010
   244.636875000000        -3.010112935780866E-010
   244.850625000000        -3.438488135705635E-010
   245.064375000000        -4.058422118283215E-010
   245.278125000000        -4.677678041624262E-010
   245.491875000000        -5.120150644484718E-010
   245.705625000000        -5.237516966569242E-010
   245.919375000000        -4.918855685113549E-010
   246.133125000000        -4.097482256457695E-010
   246.346875000000        -2.755004793059948E-010
   246.560625000000        -9.219931227078509E-011
   246.774375000000         1.324429425761832E-010
   246.988125000000         3.866054678449238E-010
   247.201875000000         6.551664385125467E-010
   247.415625000000         9.207200390748252E-010
   247.629375000000         1.164725007408204E-009
   247.843125000000         1.368728605717608E-009
   248.056875000000         1.515577578648697E-009
   248.270625000000         1.590536127260777E-009
   248.484375000000         1.582249418163843E-009
   248.698125000000         1.483487182486946E-009
   248.911875000000         1.291634025661347E-009
   249.125625000000         1.008893326840022E-009
   249.339375000000         6.421874501209690E-010
   249.553125000000         2.027866539455469E-010
   249.766875000000        -2.943012968706376E-010
   249.980625000000        -8.311848396465739E-010
   250.194375000000        -1.388049052506819E-009
   250.408125000000        -1.944241813920639E-009
   250.621875000000        -2.479362335747188E-009
   250.835625000000        -2.974315735133661E-009
   251.049375000000        -3.412276090552686E-009
   251.263125000000        -3.779486661456011E-009
   251.476875000000        -4.065882962781027E-009
   251.690625000000        -4.265488877698169E-009
   251.904375000000        -4.376580087290764E-009
   252.118125000000        -4.401608296166057E-009
   252.331875000000        -4.346889614823454E-009
   252.545625000000        -4.222088932328677E-009
   252.759375000000        -4.039516993979885E-009
   252.973125000000        -3.813309603227391E-009
   253.186875000000        -3.558493201842007E-009
   253.400625000000        -3.290070657642540E-009
   253.614375000000        -3.022113899584704E-009
   253.828125000000        -2.766969154202240E-009
   254.041875000000        -2.534621545886134E-009
   254.255625000000        -2.332247134542176E-009
   254.469375000000        -2.164011407598006E-009
   254.683125000000        -2.031077998552813E-009
   254.896875000000        -1.931867224723104E-009
   255.110625000000        -1.862493877816529E-009
   255.324375000000        -1.817356137378708E-009
   255.538125000000        -1.789801756606152E-009
   255.751875000000        -1.772856840531653E-009
   255.965625000000        -1.759864982621052E-009
   256.179375000000        -1.745071768064883E-009
   256.393125000000        -1.724070016139185E-009
   256.606875000000        -1.694080422079710E-009
   256.820625000000        -1.654071468127127E-009
   257.034375000000        -1.604723861257710E-009
   257.248125000000        -1.548257228924108E-009
   257.461875000000        -1.488143371525002E-009
   257.675625000000        -1.428752468197383E-009
   257.889375000000        -1.374954940740890E-009
   258.103125000000        -1.331702360367073E-009
   258.316875000000        -1.303645395905521E-009
   258.530625000000        -1.294759404287896E-009
   258.744375000000        -1.308062660548309E-009
   258.958125000000        -1.345366470826856E-009
   259.171875000000        -1.407150305543214E-009
   259.385625000000        -1.492486750750476E-009
   259.599375000000        -1.599102083379153E-009
   259.813125000000        -1.723527736173192E-009
   260.026875000000        -1.861330300963604E-009
   260.240625000000        -2.007444218183190E-009
   260.454375000000        -2.156546224245581E-009
   260.668125000000        -2.303458777119056E-009
   260.881875000000        -2.443534091744624E-009
   261.095625000000        -2.572994809752516E-009
   261.309375000000        -2.689166997675216E-009
   261.523125000000        -2.790610844393360E-009
   261.736875000000        -2.877110208027010E-009
   261.950625000000        -2.949518231620385E-009
   262.164375000000        -3.009506609060427E-009
   262.378125000000        -3.059199469890511E-009
   262.591875000000        -3.100791154834871E-009
   262.805625000000        -3.136138073819116E-009
   263.019375000000        -3.166411933244057E-009
   263.233125000000        -3.191841497902405E-009
   263.446875000000        -3.211541611253791E-009
   263.660625000000        -3.223497905186576E-009
   263.874375000000        -3.224656697174250E-009
   264.088125000000        -3.211125342458955E-009
   264.301875000000        -3.178468259732422E-009
   264.515625000000        -3.122054975578284E-009
   264.729375000000        -3.037441249303507E-009
   264.943125000000        -2.920754199311014E-009
   265.156875000000        -2.769062848163560E-009
   265.370625000000        -2.580678957637457E-009
   265.584375000000        -2.355443792798287E-009
   265.798125000000        -2.094897025478169E-009
   266.011875000000        -1.802397520280189E-009
   266.225625000000        -1.483122684843318E-009
   266.439375000000        -1.143978871379086E-009
   266.653125000000        -7.933911338599008E-010
   266.866875000000        -4.410032226609930E-010
   267.080625000000        -9.726092916952901E-011
   267.294375000000         2.270622920464492E-010
   267.508125000000         5.213780682644403E-010
   267.721875000000         7.758205869353534E-010
   267.935625000000         9.817180992120172E-010
   268.149375000000         1.131995684665555E-009
   268.363125000000         1.221457122103166E-009
   268.576875000000         1.246918624065478E-009
   268.790625000000         1.207217416208345E-009
   269.004375000000         1.103064871677978E-009
   269.218125000000         9.368211997652828E-010
   269.431875000000         7.121975262963642E-010
   269.645625000000         4.339646270951090E-010
   269.859375000000         1.076872899741210E-010
   270.073125000000        -2.604478301718630E-010
   270.286875000000        -6.637223035393420E-010
   270.500625000000        -1.094877836846180E-009
   270.714375000000        -1.546012501661597E-009
   270.928125000000        -2.008472001529358E-009
   271.141875000000        -2.472730291005995E-009
   271.355625000000        -2.928348092000907E-009
   271.569375000000        -3.364050526063937E-009
   271.783125000000        -3.767951795174862E-009
   271.996875000000        -4.127945971387657E-009
   272.210625000000        -4.432262772625979E-009
   272.424375000000        -4.670138769410611E-009
   272.638125000000        -4.832567815270401E-009
   272.851875000000        -4.913045156620560E-009
   273.065625000000        -4.908254295492513E-009
   273.279375000000        -4.818592250944953E-009
   273.493125000000        -4.648500412341349E-009
   273.706875000000        -4.406521954259158E-009
   273.920625000000        -4.105093422411929E-009
   274.134375000000        -3.760018168514744E-009
   274.348125000000        -3.389708042796798E-009
   274.561875000000        -3.014160043749960E-009
   274.775625000000        -2.653781423841928E-009
   274.989375000000        -2.328142951258865E-009
   275.203125000000        -2.054682160729609E-009
   275.416875000000        -1.847530918186583E-009
   275.630625000000        -1.716492052115097E-009
   275.844375000000        -1.666266566413675E-009
   276.058125000000        -1.695992014093615E-009
   276.271875000000        -1.799147263005390E-009
   276.485625000000        -1.963835360223708E-009
   276.699375000000        -2.173430453955072E-009
   276.913125000000        -2.407597767919743E-009
   277.126875000000        -2.643563631031328E-009
   277.340625000000        -2.857635497469578E-009
   277.554375000000        -3.026785327563131E-009
   277.768125000000        -3.130270245620685E-009
   277.981875000000        -3.151086568801529E-009
   278.195625000000        -3.077239110153375E-009
   278.409375000000        -2.902666086892272E-009
   278.623125000000        -2.627774512345756E-009
   278.836875000000        -2.259548927613498E-009
   279.050625000000        -1.811211788568288E-009
   279.264375000000        -1.301466654540443E-009
   279.478125000000        -7.533732312749998E-010
   279.691875000000        -1.929422143616041E-010
   279.905625000000         3.524599427049240E-010
   280.119375000000         8.557719059206956E-010
   280.333125000000         1.291863209183330E-009
   280.546875000000         1.639014054896740E-009
   280.760625000000         1.880130504798475E-009
   280.974375000000         2.003680681993158E-009
   281.188125000000         2.004220887240592E-009
   281.401875000000         1.882574999820156E-009
   281.615625000000         1.645623580653087E-009
   281.829375000000         1.305731449165558E-009
   282.043125000000         8.799177879160375E-010
   282.256875000000         3.887585460088052E-010
   282.470625000000        -1.448056419417109E-010
   282.684375000000        -6.967761253419894E-010
   282.898125000000        -1.243351528745696E-009
   283.111875000000        -1.762126480158906E-009
   283.325625000000        -2.233131157193118E-009
   283.539375000000        -2.639705923399729E-009
   283.753125000000        -2.969153225415157E-009
   283.966875000000        -3.213156749340933E-009
   284.180625000000        -3.367977838708709E-009
   284.394375000000        -3.434415364666768E-009
   284.608125000000        -3.417552814649684E-009
   284.821875000000        -3.326330603984799E-009
   285.035625000000        -3.172914634103256E-009
   285.249375000000        -2.971977354009411E-009
   285.463125000000        -2.739851658447361E-009
   285.676875000000        -2.493645003365317E-009
   285.890625000000        -2.250344692862785E-009
   286.104375000000        -2.025951238082697E-009
   286.318125000000        -1.834714176411704E-009
   286.531875000000        -1.688472653324972E-009
   286.745625000000        -1.596162790337984E-009
   286.959375000000        -1.563511877510296E-009
   287.173125000000        -1.592897080169479E-009
   287.386875000000        -1.683433639813615E-009
   287.600625000000        -1.831189825380842E-009
   287.814375000000        -2.029562775243423E-009
   288.028125000000        -2.269766921461097E-009
   288.241875000000        -2.541367356058146E-009
   288.455625000000        -2.832864473533595E-009
   288.669375000000        -3.132247200273078E-009
   288.883125000000        -3.427530844202425E-009
   289.096875000000        -3.707231097910943E-009
   289.310625000000        -3.960757927468200E-009
   289.524375000000        -4.178762919422487E-009
   289.738125000000        -4.353369438122140E-009
   289.951875000000        -4.478363190371430E-009
   290.165625000000        -4.549277655741790E-009
   290.379375000000        -4.563431154283965E-009
   290.593125000000        -4.519869651712291E-009
   290.806875000000        -4.419266126663003E-009
   291.020625000000        -4.263754970092639E-009
   291.234375000000        -4.056737909465106E-009
   291.448125000000        -3.802659244986409E-009
   291.661875000000        -3.506793068270172E-009
   291.875625000000        -3.175059900438524E-009
   292.089375000000        -2.813876565146977E-009
   292.303125000000        -2.430096931069367E-009
   292.516875000000        -2.030996923127016E-009
   292.730625000000        -1.624322801836259E-009
   292.944375000000        -1.218385104617529E-009
   293.158125000000        -8.221485865204658E-010
   293.371875000000        -4.452864013611337E-010
   293.585625000000        -9.815755940966512E-011
   293.799375000000         2.083383631280536E-010
   294.013125000000         4.630453978805039E-010
   294.226875000000         6.549829935549246E-010
   294.440625000000         7.739275811984089E-010
   294.654375000000         8.110882400360882E-010
   294.868125000000         7.598461363228993E-010
   295.081875000000         6.164842680734580E-010
   295.295625000000         3.808332490081615E-010
   295.509375000000         5.678074957387136E-011
   295.723125000000        -3.474396900902501E-010
   295.936875000000        -8.191998401463187E-010
   296.150625000000        -1.341730606951021E-009
   296.364375000000        -1.894629568192554E-009
   296.578125000000        -2.454669351727353E-009
   296.791875000000        -2.996816573539279E-009
   297.005625000000        -3.495450204835307E-009
   297.219375000000        -3.925676160559683E-009
   297.433125000000        -4.264716328020502E-009
   297.646875000000        -4.493222989057882E-009
   297.860625000000        -4.596523007240217E-009
   298.074375000000        -4.565629905312312E-009
   298.288125000000        -4.398037238976252E-009
   298.501875000000        -4.098156561699028E-009
   298.715625000000        -3.677412066352480E-009
   298.929375000000        -3.153954894463635E-009
   299.143125000000        -2.551979301936732E-009
   299.356875000000        -1.900651948050105E-009
   299.570625000000        -1.232754143078183E-009
   299.784375000000        -5.830382169535707E-010
   299.998125000000         1.358604563864269E-011
   300.211875000000         5.239046367595570E-010
   300.425625000000         9.182482062203493E-010
   300.639375000000         1.172165475010266E-009
   300.853125000000         1.267851899684602E-009
   301.066875000000         1.195264335120880E-009
   301.280625000000         9.528042524762491E-010
   301.494375000000         5.475870132922763E-010
   301.708125000000        -4.758002203320751E-012
   301.921875000000        -6.807351714571208E-010
   302.135625000000        -1.450055185595564E-009
   302.349375000000        -2.277078218727101E-009
   302.563125000000        -3.122532202386101E-009
   302.776875000000        -3.945507036945905E-009
   302.990625000000        -4.705489950068872E-009
   303.204375000000        -5.364514728617240E-009
   303.418125000000        -5.889129288209098E-009
   303.631875000000        -6.252243599303263E-009
   303.845625000000        -6.434629224563881E-009
   304.059375000000        -6.426051674944757E-009
   304.273125000000        -6.225908013495082E-009
   304.486875000000        -5.843386546613618E-009
   304.700625000000        -5.297041805528266E-009
   304.914375000000        -4.613875467242750E-009
   305.128125000000        -3.827910782232065E-009
   305.341875000000        -2.978375707293118E-009
   305.555625000000        -2.107573593239413E-009
   305.769375000000        -1.258589543344515E-009
   305.983125000000        -4.729466687152947E-010
   306.196875000000         2.116300492868860E-010
   306.410625000000         7.632172955079228E-010
   306.624375000000         1.157354074376832E-009
   306.838125000000         1.378268646991552E-009
   307.051875000000         1.419589990771530E-009
   307.265625000000         1.284541666086222E-009
   307.479375000000         9.855748191157984E-010
   307.693125000000         5.435191742639837E-010
   307.906875000000        -1.375543863571687E-011
   308.120625000000        -6.530208746649722E-010
   308.334375000000        -1.337662804781841E-009
   308.548125000000        -2.029811048543552E-009
   308.761875000000        -2.692476315165543E-009
   308.975625000000        -3.291600607354003E-009
   309.189375000000        -3.797867036485945E-009
   309.403125000000        -4.188155797392532E-009
   309.616875000000        -4.446582854220822E-009
   309.830625000000        -4.565027295697688E-009
   310.044375000000        -4.543159653982758E-009
   310.258125000000        -4.387956984479630E-009
   310.471875000000        -4.112801358376481E-009
   310.685625000000        -3.736232991543057E-009
   310.899375000000        -3.280456348666221E-009
   311.113125000000        -2.769783934148155E-009
   311.326875000000        -2.229105265221799E-009
   311.540625000000        -1.682495393867292E-009
   311.754375000000        -1.152080555266448E-009
   311.968125000000        -6.572049764498244E-010
   312.181875000000        -2.139061566248524E-010
   312.395625000000         1.653052973085635E-010
   312.609375000000         4.714056755742757E-010
   312.823125000000         6.986358945584510E-010
   313.036875000000         8.441572325705620E-010
   313.250625000000         9.076704080629804E-010
   313.464375000000         8.910458666108540E-010
   313.678125000000         7.980133559881446E-010
   313.891875000000         6.339386950566625E-010
   314.105625000000         4.056484137113441E-010
   314.319375000000         1.213412848095345E-010
   314.533125000000        -2.095241284376351E-010
   314.746875000000        -5.763105387857983E-010
   314.960625000000        -9.673863788135696E-010
   315.174375000000        -1.370351547742591E-009
   315.388125000000        -1.772387133752535E-009
   315.601875000000        -2.160675418922865E-009
   315.815625000000        -2.522917373294896E-009
   316.029375000000        -2.847890323095596E-009
   316.243125000000        -3.126012575954252E-009
   316.456875000000        -3.349893250064817E-009
   316.670625000000        -3.514762542782253E-009
   316.884375000000        -3.618826395257968E-009
   317.098125000000        -3.663399217613763E-009
   317.311875000000        -3.652891899583939E-009
   317.525625000000        -3.594559031175313E-009
   317.739375000000        -3.498057280544720E-009
   317.953125000000        -3.374813125189899E-009
   318.166875000000        -3.237247252684937E-009
   318.380625000000        -3.097900270853186E-009
   318.594375000000        -2.968532922482202E-009
   318.808125000000        -2.859275581520162E-009
   319.021875000000        -2.777884009724366E-009
   319.235625000000        -2.729183594936812E-009
   319.449375000000        -2.714736229040848E-009
   319.663125000000        -2.732768285817643E-009
   319.876875000000        -2.778360449757421E-009
   320.090625000000        -2.843886934198576E-009
   320.304375000000        -2.919650319120938E-009
   320.518125000000        -2.994668838338727E-009
   320.731875000000        -3.057527595837271E-009
   320.945625000000        -3.097253531631750E-009
   321.159375000000        -3.104109554141679E-009
   321.373125000000        -3.070276377050968E-009
   321.586875000000        -2.990394142738676E-009
   321.800625000000        -2.861883260767532E-009
   322.014375000000        -2.685117129775002E-009
   322.228125000000        -2.463392091946271E-009
   322.441875000000        -2.202734245369238E-009
   322.655625000000        -1.911564940133846E-009
   322.869375000000        -1.600252360788747E-009
   323.083125000000        -1.280568773786938E-009
   323.296875000000        -9.650849057869525E-010
   323.510625000000        -6.665321332760332E-010
   323.724375000000        -3.971334502416097E-010
   323.938125000000        -1.679831106052603E-010
   324.151875000000         1.155965699149125E-011
   324.365625000000         1.343701171090324E-010
   324.579375000000         1.959697523503523E-010
   324.793125000000         1.947847867635386E-010
   325.006875000000         1.322501727390774E-010
   325.220625000000         1.274183451875049E-011
   325.434375000000        -1.566622357628616E-010
   325.648125000000        -3.665871556297654E-010
   325.861875000000        -6.058908816529350E-010
   326.075625000000        -8.623078744396878E-010
   326.289375000000        -1.123140835165210E-009
   326.503125000000        -1.375980327679167E-009
   326.716875000000        -1.609387114977175E-009
   326.930625000000        -1.813515805813775E-009
   327.144375000000        -1.980626110723551E-009
   327.358125000000        -2.105489330913193E-009
   327.571875000000        -2.185623862607275E-009
   327.785625000000        -2.221386904501803E-009
   327.999375000000        -2.215912452766712E-009
   328.213125000000        -2.174859992082858E-009
   328.426875000000        -2.106032553706197E-009
   328.640625000000        -2.018840084933936E-009
   328.854375000000        -1.923648182030607E-009
   329.068125000000        -1.831051555842246E-009
   329.281875000000        -1.751084801228760E-009
   329.495625000000        -1.692471458380712E-009
   329.709375000000        -1.661918132383443E-009
   329.923125000000        -1.663545256537069E-009
   330.136875000000        -1.698495684189596E-009
   330.350625000000        -1.764777663183879E-009
   330.564375000000        -1.857339996563222E-009
   330.778125000000        -1.968434140753149E-009
   330.991875000000        -2.088199254942874E-009
   331.205625000000        -2.205467425004652E-009
   331.419375000000        -2.308709621895005E-009
   331.633125000000        -2.387058394763776E-009
   331.846875000000        -2.431309047757803E-009
   332.060625000000        -2.434833781421625E-009
   332.274375000000        -2.394304548760022E-009
   332.488125000000        -2.310183069173905E-009
   332.701875000000        -2.186904943348630E-009
   332.915625000000        -2.032758248033053E-009
   333.129375000000        -1.859423380320227E-009
   333.343125000000        -1.681233598367248E-009
   333.556875000000        -1.514178989288050E-009
   333.770625000000        -1.374719519421261E-009
   333.984375000000        -1.278507382890532E-009
   334.198125000000        -1.239097833955511E-009
   334.411875000000        -1.266750290687772E-009
   334.625625000000        -1.367414076308255E-009
   334.839375000000        -1.541993851367484E-009
   335.053125000000        -1.785949333764472E-009
   335.266875000000        -2.089287251611359E-009
   335.480625000000        -2.436963002053867E-009
   335.694375000000        -2.809687926032815E-009
   335.908125000000        -3.185066101551919E-009
   336.121875000000        -3.539038359481069E-009
   336.335625000000        -3.847497176828476E-009
   336.549375000000        -4.087960837041808E-009
   336.763125000000        -4.241205617931945E-009
   336.976875000000        -4.292714765254784E-009
   337.190625000000        -4.233828240503577E-009
   337.404375000000        -4.062543497644653E-009
   337.618125000000        -3.783852153173999E-009
   337.831875000000        -3.409631957703106E-009
   338.045625000000        -2.958053245100127E-009
   338.259375000000        -2.452576657817134E-009
   338.473125000000        -1.920565988407911E-009
   338.686875000000        -1.391626203958442E-009
   338.900625000000        -8.957677120749480E-010
   339.114375000000        -4.614951294984629E-010
   339.328125000000        -1.139728015329454E-010
   339.541875000000         1.266424516015774E-010
   339.755625000000         2.465661736507782E-010
   339.969375000000         2.393709766592362E-010
   340.183125000000         1.064933340111629E-010
