  -1.60312500000000         1.953371262434089E-025
  -1.38937500000000         1.965686224214672E-025
  -1.17562500000000         2.071051972693864E-025
 -0.961875000000000         5.202962189257690E-025
 -0.748125000000000         3.286608883141738E-024
 -0.534375000000000         1.922147234810931E-023
 -0.320625000000000         9.118573976785198E-023
 -0.106875000000000         3.636308160527006E-022
  0.106875000000000         1.255852876724756E-021
  0.320625000000000         3.830725724169477E-021
  0.534375000000000         1.047295582917027E-020
  0.748125000000000         2.597873689774241E-020
  0.961875000000000         5.910624442865069E-020
   1.17562500000000         1.245525234756071E-019
   1.38937500000000         2.452329085957997E-019
   1.60312500000000         4.546611092505023E-019
   1.81687500000000         7.991876569199792E-019
   2.03062500000000         1.339835997946115E-018
   2.24437500000000         2.153482525515349E-018
   2.45812500000000         3.333164464934920E-018
   2.67187500000000         4.987408658293235E-018
   2.88562500000000         7.238496327901015E-018
   3.09937500000000         1.021976680308087E-017
   3.31312500000000         1.407210874932904E-017
   3.52687500000000         1.893991686710278E-017
   3.74062500000000         2.496690120796962E-017
   3.95437500000000         3.229207421857405E-017
   4.16812500000000         4.104638929481137E-017
   4.38187500000000         5.135029127008256E-017
   4.59562500000000         6.331246506382034E-017
   4.80937500000000         7.702990694863479E-017
   5.02312500000000         9.258923144547314E-017
   5.23687500000000         1.100690896208778E-016
   5.45062500000000         1.295433239913898E-016
   5.66437500000000         1.510844139836564E-016
   5.87812500000000         1.747667742292913E-016
   6.09187500000000         2.006693714485558E-016
   6.30562500000000         2.288772637392340E-016
   6.51937500000000         2.594817452892870E-016
   6.73312500000000         2.925789897562792E-016
   6.94687500000000         3.282672822407734E-016
   7.16062500000000         3.666430952822454E-016
   7.37437500000000         4.077964280944183E-016
   7.58812500000000         4.518060694682430E-016
   7.80187500000000         4.987353350775990E-016
   8.01562500000000         5.486289123113219E-016
   8.22937500000000         6.015112575058460E-016
   8.44312500000000         6.573868352937531E-016
   8.65687500000000         7.162421614381397E-016
   8.87062500000000         7.780494413579974E-016
   9.08437500000000         8.427712314441685E-016
   9.29812500000000         9.103654783030313E-016
   9.51187500000000         9.807901029446431E-016
   9.72562500000000         1.054006411348335E-015
   9.93937500000000         1.129980739981076E-015
   10.1531250000000         1.208684014667051E-015
   10.3668750000000         1.290089258751782E-015
   10.5806250000000         1.374167456571976E-015
   10.7943750000000         1.460882399754663E-015
   11.0081250000000         1.550185467000664E-015
   11.2218750000000         1.642011347849447E-015
   11.4356250000000         1.736275532984261E-015
   11.6493750000000         1.832874284005228E-015
   11.8631250000000         1.931687337154732E-015
   12.0768750000000         2.032583198382670E-015
   12.2906250000000         2.135426515489180E-015
   12.5043750000000         2.240086517734568E-015
   12.7181250000000         2.346445540798443E-015
   12.9318750000000         2.454406312449781E-015
   13.1456250000000         2.563897170448007E-015
   13.3593750000000         2.674874391124486E-015
   13.5731250000000         2.787321406277230E-015
   13.7868750000000         2.901245076852615E-015
   14.0006250000000         3.016669632046588E-015
   14.2143750000000         3.133629175258407E-015
   14.4281250000000         3.252159867640639E-015
   14.6418750000000         3.372292807697467E-015
   14.8556250000000         3.494048539386174E-015
   15.0693750000000         3.617433824221481E-015
   15.2831250000000         3.742440832723520E-015
   15.4968750000000         3.869048738144343E-015
   15.7106250000000         3.997227218669624E-015
   15.9243750000000         4.126941336626843E-015
   16.1381250000000         4.258157062597496E-015
   16.3518750000000         4.390846817973048E-015
   16.5656250000000         4.524994521349661E-015
   16.7793750000000         4.660599798413349E-015
   16.9931250000000         4.797681166947069E-015
   17.2068750000000         4.936278180511872E-015
   17.4206250000000         5.076452585414211E-015
   17.6343750000000         5.218288476594764E-015
   17.8481250000000         5.361891580978302E-015
   18.0618750000000         5.507387608394751E-015
   18.2756250000000         5.654919622240647E-015
   18.4893750000000         5.804644482108245E-015
   18.7031250000000         5.956728349650138E-015
   18.9168750000000         6.111341474084758E-015
   19.1306250000000         6.268652563366832E-015
   19.3443750000000         6.428823191186541E-015
   19.5581250000000         6.592002746504533E-015
   19.7718750000000         6.758324474227612E-015
   19.9856250000000         6.927902979939800E-015
   20.1993750000000         7.100833452004656E-015
   20.4131250000000         7.277192574285891E-015
   20.6268750000000         7.457040792705239E-015
   20.8406250000000         7.640425472295991E-015
   21.0543750000000         7.827384286145438E-015
   21.2681250000000         8.017948188931248E-015
   21.4818750000000         8.212143466893555E-015
   21.6956250000000         8.409992618840176E-015
   21.9093750000000         8.611514079797980E-015
   22.1231250000000         8.816721165228028E-015
   22.3368750000000         9.025620804023740E-015
   22.5506250000000         9.238212794651586E-015
   22.7643750000000         9.454490231264529E-015
   22.9781250000000         9.674441556077848E-015
   23.1918750000000         9.898054379775415E-015
   23.4056250000000         1.012532081629510E-014
   23.6193750000000         1.035624368130515E-014
   23.8331250000000         1.059084265741852E-014
   24.0468750000000         1.082915937828977E-014
   24.2606250000000         1.107126039697666E-014
   24.4743750000000         1.131723739372645E-014
   24.6881250000000         1.156720418790228E-014
   24.9018750000000         1.182129077666274E-014
   25.1156250000000         1.207963496613725E-014
   25.3293750000000         1.234237262934147E-014
   25.5431250000000         1.260962784317090E-014
   25.7568750000000         1.288150419152461E-014
   25.9706250000000         1.315807832950961E-014
   26.1843750000000         1.343939663682219E-014
   26.3981250000000         1.372547526215318E-014
   26.6118750000000         1.401630334688317E-014
   26.8256250000000         1.431184877282304E-014
   27.0393750000000         1.461206533821083E-014
   27.2531250000000         1.491689998052160E-014
   27.4668750000000         1.522629868681972E-014
   27.6806250000000         1.554020971633750E-014
   27.8943750000000         1.585858319782206E-014
   28.1081250000000         1.618136663603357E-014
   28.3218750000000         1.650849643228281E-014
   28.5356250000000         1.683988644185810E-014
   28.7493750000000         1.717541524218945E-014
   28.9631250000000         1.751491465872619E-014
   29.1768750000000         1.785816254745011E-014
   29.3906250000000         1.820488315286494E-014
   29.6043750000000         1.855475802767378E-014
   29.8181250000000         1.890744964982192E-014
   30.0318750000000         1.926263841861238E-014
   30.2456250000000         1.962007134728798E-014
   30.4593750000000         1.997961826468121E-014
   30.6731250000000         2.034132843220193E-014
   30.8868750000000         2.070547804992084E-014
   31.1006250000000         2.107259739428012E-014
   31.3143750000000         2.144346627440210E-014
   31.5281250000000         2.181906828594511E-014
   31.7418750000000         2.220049837316252E-014
   31.9556250000000         2.258882455040027E-014
   32.1693750000000         2.298491263279957E-014
   32.3831250000000         2.338923171885010E-014
   32.5968750000000         2.380166654475984E-014
   32.8106250000000         2.422136914394765E-014
   33.0243750000000         2.464668477357849E-014
   33.2381250000000         2.507518439826811E-014
   33.4518750000000         2.550382739072328E-014
   33.6656250000000         2.592926311906226E-014
   33.8793750000000         2.634826009414013E-014
   34.0931250000000         2.675822806434097E-014
   34.3068750000000         2.715777512008428E-014
   34.5206250000000         2.754722233958628E-014
   34.7343750000000         2.792898644096135E-014
   34.9481250000000         2.830774051380605E-014
   35.1618750000000         2.869027615022744E-014
   35.3756250000000         2.908501858319221E-014
   35.5893750000000         2.950118820494688E-014
   35.8031250000000         2.994765354312526E-014
   36.0168750000000         3.043157654203625E-014
   36.2306250000000         3.095700295604107E-014
   36.4443750000000         3.152359054994324E-014
   36.6581250000000         3.212568696780439E-014
   36.8718750000000         3.275196119422272E-014
   37.0856250000000         3.338575339401628E-014
   37.2993750000000         3.400623783924291E-014
   37.5131250000000         3.459039722481951E-014
   37.7268750000000         3.511569325557339E-014
   37.9406250000000         3.556320101437211E-014
   38.1543750000000         3.592086952585219E-014
   38.3681250000000         3.618649417327028E-014
   38.5818750000000         3.636995390029100E-014
   38.7956250000000         3.649428811360517E-014
   39.0093750000000         3.659527044964742E-014
   39.2231250000000         3.671927675697089E-014
   39.4368750000000         3.691943252639276E-014
   39.6506250000000         3.725024227037263E-014
   39.8643750000000         3.776112629766504E-014
   40.0781250000000         3.848949056119660E-014
   40.2918750000000         3.945410502231052E-014
   40.5056250000000         4.064964015040373E-014
   40.7193750000000         4.204319150528951E-014
   40.9331250000000         4.357350063181657E-014
   41.1468750000000         4.515335963338590E-014
   41.3606250000000         4.667538249727065E-014
   41.5743750000000         4.802096457513757E-014
   41.7881250000000         4.907186886886114E-014
   42.0018750000000         4.972351386541506E-014
   42.2156250000000         4.989873531899813E-014
   42.4293750000000         4.956059109457198E-014
   42.6431250000000         4.872270473739460E-014
   42.8568750000000         4.745571847381693E-014
   43.0706250000000         4.588865515281134E-014
   43.2843750000000         4.420436158256290E-014
   43.4981250000000         4.262869935256350E-014
   43.7118750000000         4.141372766577201E-014
   43.9256250000000         4.081574051896119E-014
   44.1393750000000         4.106962667126376E-014
   44.3531250000000         4.236156111613321E-014
   44.5668750000000         4.480245919260599E-014
   44.7806250000000         4.840488060574060E-014
   44.9943750000000         5.306612049451666E-014
   45.2081250000000         5.856003854351619E-014
   45.4218750000000         6.453973823898073E-014
   45.6356250000000         7.055251671983353E-014
   45.8493750000000         7.606757972003475E-014
   46.0631250000000         8.051589647069831E-014
   46.2768750000000         8.334031963337631E-014
   46.4906250000000         8.405280404860934E-014
   46.7043750000000         8.229433596050654E-014
   46.9181250000000         7.789216037418380E-014
   47.1318750000000         7.090820734822938E-014
   47.3456250000000         6.167240455406831E-014
   47.5593750000000         5.079494191127512E-014
   47.7731250000000         3.915260679749719E-014
   47.9868750000000         2.784606226123131E-014
   48.2006250000000         1.812735183197942E-014
   48.4143750000000         1.129985512870014E-014
   48.6281250000000         8.596172955749154E-015
   48.8418750000000         1.104269321027297E-014
   49.0556250000000         1.932252056017656E-014
   49.2693750000000         3.365065274618521E-014
   49.4831250000000         5.367637267673967E-014
   49.6968750000000         7.842747441133144E-014
   49.9106250000000         1.063089361693673E-013
   50.1243750000000         1.351649339302557E-013
   50.3381250000000         1.624077831310939E-013
   50.5518750000000         1.852108394699906E-013
   50.7656250000000         2.007551201177454E-013
   50.9793750000000         2.065121307768863E-013
   51.1931250000000         2.005389199490654E-013
   51.4068750000000         1.817565773027381E-013
   51.6206250000000         1.501810289531582E-013
   51.8343750000000         1.070756689546534E-013
   52.0481250000000         5.499944731941477E-014
   52.2618750000000        -2.268489207670771E-015
   52.4756250000000        -5.993602433546197E-014
   52.6893750000000        -1.125328777869658E-013
   52.9031250000000        -1.543548900767472E-013
   53.1168750000000        -1.799861643136349E-013
   53.3306250000000        -1.848557187634846E-013
   53.5443750000000        -1.657768551879953E-013
   53.7581250000000        -1.214135426143994E-013
   53.9718750000000        -5.261964530448455E-014
   54.1856250000000         3.739583727971792E-014
   54.3993750000000         1.431114324176885E-013
   54.6131250000000         2.569600415479232E-013
   54.8268750000000         3.698153736691349E-013
   55.0406250000000         4.716711659148612E-013
   55.2543750000000         5.524651109490636E-013
   55.4681250000000         6.029813495402127E-013
   55.6818750000000         6.157526659127407E-013
   55.8956250000000         5.858778309274759E-013
   56.1093750000000         5.116719152790148E-013
   56.3231250000000         3.950780806928327E-013
   56.5368750000000         2.417877178610481E-013
   56.7506250000000         6.104035012896008E-014
   56.9643750000000        -1.348967516815770E-013
   57.1781250000000        -3.315395294622774E-013
   57.3918750000000        -5.132309230598634E-013
   57.6056250000000        -6.643363255918273E-013
   57.8193750000000        -7.704932812519437E-013
   58.0331250000000        -8.198106737746616E-013
   58.2468750000000        -8.039151884677867E-013
   58.4606250000000        -7.187551053151216E-013
   58.6743750000000        -5.650923354776057E-013
   58.8881250000000        -3.486409561919475E-013
   59.1018750000000        -7.984152085889160E-014
   59.3156250000000         2.267080981826328E-013
   59.5293750000000         5.531159101194854E-013
   59.7431250000000         8.792807255845700E-013
   59.9568750000000         1.184111628135656E-012
   60.1706250000000         1.446789390682851E-012
   60.3843750000000         1.647981438905455E-012
   60.5981250000000         1.770934909879912E-012
   60.8118750000000         1.802392071674485E-012
   61.0256250000000         1.733296056354494E-012
   61.2393750000000         1.559279212174192E-012
   61.4531250000000         1.280947998700339E-012
   61.6668750000000         9.039941667549802E-013
   61.8806250000000         4.391696671411791E-013
   62.0943750000000        -9.783890760482304E-014
   62.3081250000000        -6.866114340194360E-013
   62.5218750000000        -1.302264658446823E-012
   62.7356250000000        -1.915809243626868E-012
   62.9493750000000        -2.494635554958012E-012
   63.1631250000000        -3.003191646144832E-012
   63.3768750000000        -3.403930283706337E-012
   63.5906250000000        -3.658603094215292E-012
   63.8043750000000        -3.729965934061926E-012
   64.0181250000000        -3.583928859674581E-012
   64.2318750000000        -3.192137091520661E-012
   64.4456250000000        -2.534908793276857E-012
   64.6593750000000        -1.604386192068916E-012
   64.8731250000000        -4.076853382123247E-013
   65.0868750000000         1.030235144349757E-012
   65.3006250000000         2.664315726277336E-012
   65.5143750000000         4.428103332875892E-012
   65.7281250000000         6.233774100501227E-012
   65.9418750000000         7.973778845683650E-012
   66.1556250000000         9.524336982898352E-012
   66.3693750000000         1.075088515400058E-011
   66.5831250000000         1.151543479902665E-011
   66.7968750000000         1.168561766097076E-011
   67.0106250000000         1.114501274480860E-011
   67.2243750000000         9.804168305276659E-012
   67.4381250000000         7.611575385678768E-012
   67.6518750000000         4.563732772690621E-012
   67.8656250000000         7.133829581591156E-013
   68.0793750000000        -3.824992387032378E-012
   68.2931250000000        -8.873242740867340E-012
   68.5068750000000        -1.419184462158764E-011
   68.7206250000000        -1.948684256437317E-011
   68.9343750000000        -2.442155150676641E-011
   69.1481250000000        -2.863278915804794E-011
   69.3618750000000        -3.175103870771468E-011
   69.5756250000000        -3.342358167052372E-011
   69.7893750000000        -3.333931784709046E-011
   70.0031250000000        -3.125373385997476E-011
   70.2168750000000        -2.701231994224832E-011
   70.4306250000000        -2.057068739621359E-011
   70.6443750000000        -1.200971932964168E-011
   70.8581250000000        -1.544298301041471E-012
   71.0718750000000         1.047551074592957E-011
   71.2856250000000         2.357150311364668E-011
   71.4993750000000         3.715276410898914E-011
   71.7131250000000         5.053908522215501E-011
   71.9268750000000         6.299140186462819E-011
   72.1406250000000         7.374776524196624E-011
   72.3543750000000         8.206292228729278E-011
   72.5681250000000         8.724926037896760E-011
   72.7818750000000         8.871670714454647E-011
   72.9956250000000         8.600917827082183E-011
   73.2093750000000         7.883534302991747E-011
   73.4231250000000         6.709181920053707E-011
   73.6368750000000         5.087739328921347E-011
   73.8506250000000         3.049745302374889E-011
   74.0643750000000         6.458471703408351E-012
   74.2781250000000        -2.054695342247878E-011
   74.4918750000000        -4.966338753537206E-011
   74.7056250000000        -7.990252347958348E-011
   74.9193750000000        -1.101777930492813E-010
   75.1331250000000        -1.393413744725729E-010
   75.3468750000000        -1.662213163682081E-010
   75.5606250000000        -1.896566565491671E-010
   75.7743750000000        -2.085287438282400E-010
   75.9881250000000        -2.217874402571720E-010
   76.2018750000000        -2.284714446254785E-010
   76.4156250000000        -2.277225810587345E-010
   76.6293750000000        -2.187944806549845E-010
   76.8431250000000        -2.010565923450964E-010
   77.0568750000000        -1.739948418554044E-010
   77.2706250000000        -1.372104773918587E-010
   77.4843750000000        -9.041867633375701E-011
   77.6981250000000        -3.344833640134656E-011
   77.9118750000000         3.375584570292411E-011
   78.1256250000000         1.111283605588460E-010
   78.3393750000000         1.984748305574322E-010
   78.5531250000000         2.954613736236502E-010
   78.7668750000000         4.016023785396796E-010
   78.9806250000000         5.162481198582785E-010
   79.1943750000000         6.385739295599457E-010
   79.4081250000000         7.675727496611979E-010
   79.6218750000000         9.020527981525597E-010
   79.8356250000000         1.040641794232530E-009
   80.0493750000000         1.181798733100003E-009
   80.2631250000000         1.323833619524057E-009
   80.4768750000000         1.464934921234968E-009
   80.6906250000000         1.603203854313078E-009
   80.9043750000000         1.736694030835632E-009
   81.1181250000000         1.863454545632999E-009
   81.3318750000000         1.981574302826115E-009
   81.5456250000000         2.089225314276757E-009
   81.7593750000000         2.184702849701985E-009
   81.9731250000000         2.266460667349910E-009
   82.1868750000000         2.333140068235849E-009
   82.4006250000000         2.383592141093086E-009
   82.6143750000000         2.416893231791718E-009
   82.8281250000000         2.432354306774544E-009
   83.0418750000000         2.429525413928468E-009
   83.2556250000000         2.408196814898498E-009
   83.4693750000000         2.368398525276070E-009
   83.6831250000000         2.310399930007073E-009
   83.8968750000000         2.234710841829857E-009
   84.1106250000000         2.142084866440840E-009
   84.3243750000000         2.033525277932353E-009
   84.5381250000000         1.910292858615327E-009
   84.7518750000000         1.773914397304760E-009
   84.9656250000000         1.626189852573570E-009
   85.1793750000000         1.469195651818194E-009
   85.3931250000000         1.305281281351818E-009
   85.6068750000000         1.137056277279248E-009
   85.8206250000000         9.673649787157358E-010
   86.0343750000000         7.992469551210397E-010
   86.2481250000000         6.358818426417413E-010
   86.4618750000000         4.805183699564105E-010
   86.6756250000000         3.363885506121003E-010
   86.8893750000000         2.066092790101403E-010
   87.1031250000000         9.407479496126471E-011
   87.3168750000000         1.344579545714924E-012
   87.5306250000000        -6.946787865195669E-011
   87.7443750000000        -1.167994316008701E-010
   87.9581250000000        -1.397285023654798E-010
   88.1718750000000        -1.380471459431258E-010
   88.3856250000000        -1.123084739649533E-010
   88.5993750000000        -6.384495140715196E-011
   88.8131250000000         5.245607062034153E-012
   89.0268750000000         9.214791718698951E-011
   89.2406250000000         1.934107729633560E-010
   89.4543750000000         3.050601834209221E-010
   89.6681250000000         4.227401762491354E-010
   89.8818750000000         5.418756436246954E-010
   90.0956250000000         6.578501528164397E-010
   90.3093750000000         7.661905382093211E-010
   90.5231250000000         8.627494112083463E-010
   90.7368750000000         9.438765253748253E-010
   90.9506250000000         1.006570243730291E-009
   91.1643750000000         1.048601170793279E-009
   91.3781250000000         1.068601299913578E-009
   91.5918750000000         1.066113723275053E-009
   91.8056250000000         1.041599967195910E-009
   92.0193750000000         9.964042368475033E-010
   92.2331250000000         9.326761546909670E-010
   92.4468750000000         8.532558206765484E-010
   92.6606250000000         7.615270753863054E-010
   92.8743750000000         6.612465852851174E-010
   93.0881250000000         5.563576854382284E-010
   93.3018750000000         4.507987279499286E-010
   93.5156250000000         3.483159432485255E-010
   93.7293750000000         2.522905098412739E-010
   93.9431250000000         1.655886655908312E-010
   94.1568750000000         9.044233367290841E-011
   94.3706250000000         2.836596376532132E-011
   94.5843750000000        -1.988678659025821E-011
   94.7981250000000        -5.432515673591912E-011
   95.0118750000000        -7.568309041920274E-011
   95.2256250000000        -8.534385586958083E-011
   95.4393750000000        -8.523255658568386E-011
   95.6531250000000        -7.768324419375289E-011
   95.8668750000000        -6.528855608306541E-011
   96.0806250000000        -5.074053191427716E-011
   96.2943750000000        -3.667148775321496E-011
   96.5081250000000        -2.550354952411989E-011
   96.7218750000000        -1.931470382512822E-011
   96.9356250000000        -1.972807547928708E-011
   97.1493750000000        -2.782967029584219E-011
   97.3631250000000        -4.411812601906535E-011
   97.5768750000000        -6.848819982833089E-011
   97.7906250000000        -1.002478932868551E-010
   98.0043750000000        -1.381673757068236E-010
   98.2181250000000        -1.805563032265447E-010
   98.4318750000000        -2.253648159454298E-010
   98.6456250000000        -2.703024823018932E-010
   98.8593750000000        -3.129687805941431E-010
   99.0731250000000        -3.509883732080501E-010
   99.2868750000000        -3.821444311917345E-010
   99.5006250000000        -4.045035797555849E-010
   99.7143750000000        -4.165266200360134E-010
   99.9281250000000        -4.171599905672601E-010
   100.141875000000        -4.059039097032750E-010
   100.355625000000        -3.828542329479878E-010
   100.569375000000        -3.487162144517778E-010
   100.783125000000        -3.047895326932343E-010
   100.996875000000        -2.529250865076026E-010
   101.210625000000        -1.954551568994773E-010
   101.424375000000        -1.350995378595652E-010
   101.638125000000        -7.485114759574653E-011
   101.851875000000        -1.784542686712528E-011
   102.065625000000         3.278149718670786E-011
   102.279375000000         7.404036537579811E-011
   102.493125000000         1.032361499654269E-010
   102.706875000000         1.181090852841643E-010
   102.920625000000         1.169631671631555E-010
   103.134375000000         9.877606351242230E-011
   103.348125000000         6.328473650998520E-011
   103.561875000000         1.104167181189333E-011
   103.775625000000        -5.656254394352622E-011
   103.989375000000        -1.373134539097678E-010
   104.203125000000        -2.282255755512601E-010
   104.416875000000        -3.256340878418961E-010
   104.630625000000        -4.253238304698570E-010
   104.844375000000        -5.226922042155747E-010
   105.058125000000        -6.129406433300285E-010
   105.271875000000        -6.912874742059746E-010
   105.485625000000        -7.531932932337485E-010
   105.699375000000        -7.945886109111939E-010
   105.913125000000        -8.120925386632441E-010
   106.126875000000        -8.032108490412752E-010
   106.340625000000        -7.665019087923001E-010
   106.554375000000        -7.016998279291275E-010
   106.768125000000        -6.097857083052599E-010
   106.981875000000        -4.930000890218698E-010
   107.195625000000        -3.547925006170055E-010
   107.409375000000        -1.997073326351908E-010
   107.623125000000        -3.320882015177327E-011
   107.836875000000         1.385483450957512E-010
   108.050625000000         3.089927114038129E-010
   108.264375000000         4.714408305010657E-010
   108.478125000000         6.194173065474651E-010
   108.691875000000         7.469726640716544E-010
   108.905625000000         8.489809139826193E-010
   109.119375000000         9.213991891503534E-010
   109.333125000000         9.614734989398275E-010
   109.546875000000         9.678774687367344E-010
   109.760625000000         9.407747502384159E-010
   109.974375000000         8.818003905174718E-010
   110.188125000000         7.939615386599728E-010
   110.401875000000         6.814630995258420E-010
   110.615625000000         5.494689363683054E-010
   110.829375000000         4.038135983923788E-010
   111.043125000000         2.506829569265991E-010
   111.256875000000         9.628428676715908E-011
   111.470625000000        -5.347297247520245E-011
   111.684375000000        -1.932653873992204E-010
   111.898125000000        -3.185946085230380E-010
   112.111875000000        -4.259630508485566E-010
   112.325625000000        -5.129766846608872E-010
   112.539375000000        -5.783709772227848E-010
   112.753125000000        -6.219618457116651E-010
   112.966875000000        -6.445291193655854E-010
   113.180625000000        -6.476450027726649E-010
   113.394375000000        -6.334639682267214E-010
   113.608125000000        -6.044930532670797E-010
   113.821875000000        -5.633624852263530E-010
   114.035625000000        -5.126158191416486E-010
   114.249375000000        -4.545364250587309E-010
   114.463125000000        -3.910234028602943E-010
   114.676875000000        -3.235251686009780E-010
   114.890625000000        -2.530334728115114E-010
   115.104375000000        -1.801349632487572E-010
   115.318125000000        -1.051120918693137E-010
   115.531875000000        -2.808065814028682E-011
   115.745625000000         5.085202441469404E-011
   115.959375000000         1.314261650784900E-010
   116.173125000000         2.130837296808272E-010
   116.386875000000         2.948543776412760E-010
   116.600625000000         3.752866087326332E-010
   116.814375000000         4.524333886068096E-010
   117.028125000000         5.238964320984020E-010
   117.241875000000         5.869278391523627E-010
   117.455625000000         6.385823904831009E-010
   117.669375000000         6.759089971804928E-010
   117.883125000000         6.961659840940129E-010
   118.096875000000         6.970424027431226E-010
   118.310625000000         6.768666273444268E-010
   118.524375000000         6.347841616903459E-010
   118.738125000000         5.708888076782453E-010
   118.951875000000         4.862949173390218E-010
   119.165625000000         3.831430546649370E-010
   119.379375000000         2.645366326867149E-010
   119.593125000000         1.344125185665163E-010
   119.806875000000        -2.646239790010663E-012
   120.020625000000        -1.416429415612235E-010
   120.234375000000        -2.774289678013484E-010
   120.448125000000        -4.049765607835951E-010
   120.661875000000        -5.196438252217302E-010
   120.875625000000        -6.174139449345246E-010
   121.089375000000        -6.950928005380109E-010
   121.303125000000        -7.504525305937583E-010
   121.516875000000        -7.823128003897713E-010
   121.730625000000        -7.905562684412958E-010
   121.944375000000        -7.760795815676817E-010
   122.158125000000        -7.406858006270197E-010
   122.371875000000        -6.869281128873609E-010
   122.585625000000        -6.179177397216785E-010
   122.799375000000        -5.371109006245070E-010
   123.013125000000        -4.480904445543515E-010
   123.226875000000        -3.543573065358212E-010
   123.440625000000        -2.591453867736077E-010
   123.654375000000        -1.652709601367618E-010
   123.868125000000        -7.502454890279287E-011
   124.081875000000         9.890385126198765E-012
   124.295625000000         8.837125293080623E-011
   124.509375000000         1.598854737199413E-010
   124.723125000000         2.244008075959209E-010
   124.936875000000         2.822851729632786E-010
   125.150625000000         3.341858704562060E-010
   125.364375000000         3.808989244465413E-010
   125.578125000000         4.232392030058939E-010
   125.791875000000         4.619211579142356E-010
   126.005625000000         4.974585617564028E-010
   126.219375000000         5.300896715218001E-010
   126.433125000000         5.597320009934582E-010
   126.646875000000         5.859685253834351E-010
   126.860625000000         6.080648474919640E-010
   127.074375000000         6.250147771747205E-010
   127.288125000000         6.356100336952098E-010
   127.501875000000         6.385284538583614E-010
   127.715625000000         6.324342187788580E-010
   127.929375000000         6.160832036154191E-010
   128.143125000000         5.884265819706934E-010
   128.356875000000         5.487062312614524E-010
   128.570625000000         4.965362236282204E-010
   128.784375000000         4.319656780530281E-010
   128.998125000000         3.555194215979772E-010
   129.211875000000         2.682141930534968E-010
   129.425625000000         1.715494589566842E-010
   129.639375000000         6.747324484141972E-011
   129.853125000000        -4.167533545201394E-011
   130.066875000000        -1.532439875137806E-010
   130.280625000000        -2.643616746484241E-010
   130.494375000000        -3.720448204320724E-010
   130.708125000000        -4.733098715920261E-010
   130.921875000000        -5.652864395072835E-010
   131.135625000000        -6.453251534450042E-010
   131.349375000000        -7.110945895930519E-010
   131.563125000000        -7.606621970340640E-010
   131.776875000000        -7.925550171442622E-010
   131.990625000000        -8.057971572721201E-010
   132.204375000000        -7.999223806117665E-010
   132.418125000000        -7.749617368683399E-010
   132.631875000000        -7.314077877432722E-010
   132.845625000000        -6.701585681765913E-010
   133.059375000000        -5.924458525721520E-010
   133.273125000000        -4.997534510822223E-010
   133.486875000000        -3.937320426848074E-010
   133.700625000000        -2.761173790533708E-010
   133.914375000000        -1.486585156734682E-010
   134.128125000000        -1.306202973919472E-011
   134.341875000000         1.290430073730104E-010
   134.555625000000         2.761161580185891E-010
   134.769375000000         4.266916554899415E-010
   134.983125000000         5.793403147556740E-010
   135.196875000000         7.326104866653587E-010
   135.410625000000         8.849533196404130E-010
   135.624375000000         1.034639413849277E-009
   135.838125000000         1.179675351046513E-009
   136.051875000000         1.317729431447884E-009
   136.265625000000         1.446076151767775E-009
   136.479375000000         1.561568459467716E-009
   136.693125000000         1.660645605034639E-009
   136.906875000000         1.739382520997295E-009
   137.120625000000         1.793584164220131E-009
   137.334375000000         1.818925291568408E-009
   137.548125000000         1.811132862016322E-009
   137.761875000000         1.766204865926477E-009
   137.975625000000         1.680656091859784E-009
   138.189375000000         1.551778380785556E-009
   138.403125000000         1.377900512439912E-009
   138.616875000000         1.158631227717231E-009
   138.830625000000         8.950681919393339E-010
   139.044375000000         5.899560783897862E-010
   139.258125000000         2.477784722968861E-010
   139.471875000000        -1.252290348934544E-010
   139.685625000000        -5.211534475685160E-010
   139.899375000000        -9.305708890027679E-010
   140.113125000000        -1.342803923233951E-009
   140.326875000000        -1.746262824541090E-009
   140.540625000000        -2.128858189154662E-009
   140.754375000000        -2.478466895099087E-009
   140.968125000000        -2.783428790976649E-009
   141.181875000000        -3.033048009870915E-009
   141.395625000000        -3.218070785480114E-009
   141.609375000000        -3.331111338408812E-009
   141.823125000000        -3.366998939600587E-009
   142.036875000000        -3.323022658806275E-009
   142.250625000000        -3.199055447501977E-009
   142.464375000000        -2.997545831757487E-009
   142.678125000000        -2.723373221443410E-009
   142.891875000000        -2.383571196256067E-009
   143.105625000000        -1.986931554418454E-009
   143.319375000000        -1.543509823364311E-009
   143.533125000000        -1.064059762245544E-009
   143.746875000000        -5.594296195242121E-010
   143.960625000000        -3.995612959054106E-011
   144.174375000000         4.851068414499683E-010
   144.388125000000         1.008089581185317E-009
   144.601875000000         1.523306184363204E-009
   144.815625000000         2.027327010276480E-009
   145.029375000000         2.519106139262675E-009
   145.243125000000         2.999955029327918E-009
   145.456875000000         3.473363218492413E-009
   145.670625000000         3.944676545763680E-009
   145.884375000000         4.420652318740498E-009
   146.098125000000         4.908918534158917E-009
   146.311875000000         5.417370149936083E-009
   146.525625000000         5.953539136433247E-009
   146.739375000000         6.523976382018138E-009
   146.953125000000         7.133682446274404E-009
   147.166875000000         7.785620767016899E-009
   147.380625000000         8.480341515389360E-009
   147.594375000000         9.215737269090535E-009
   147.808125000000         9.986943546308577E-009
   148.021875000000         1.078638857720952E-008
   148.235625000000         1.160398806320022E-008
   148.449375000000         1.242747263409714E-008
   148.663125000000         1.324282873933970E-008
   148.876875000000         1.403482818251174E-008
   149.090625000000         1.478761768978560E-008
   149.304375000000         1.548533792274458E-008
   149.518125000000         1.611274120351560E-008
   149.731875000000         1.665577879297145E-008
   149.945625000000         1.710213162541973E-008
   150.159375000000         1.744166265154100E-008
   150.373125000000         1.766677402121149E-008
   150.586875000000         1.777265787504787E-008
   150.800625000000         1.775743514265588E-008
   151.014375000000         1.762218213557002E-008
   151.228125000000         1.737084959730603E-008
   151.441875000000         1.701008302402977E-008
   151.655625000000         1.654895636498067E-008
   151.869375000000         1.599863359568815E-008
   152.083125000000         1.537197414250711E-008
   152.296875000000         1.468309879557840E-008
   152.510625000000         1.394693269349566E-008
   152.724375000000         1.317874133697457E-008
   152.938125000000         1.239367453909033E-008
   153.151875000000         1.160633188657371E-008
   153.365625000000         1.083036178928043E-008
   153.579375000000         1.007810462162348E-008
   153.793125000000         9.360288863502507E-009
   154.006875000000         8.685787547078995E-009
   154.220625000000         8.061440697603952E-009
   154.434375000000         7.491947788292342E-009
   154.648125000000         6.979832468487591E-009
   154.861875000000         6.525479932338470E-009
   155.075625000000         6.127245249743677E-009
   155.289375000000         5.781628787715112E-009
   155.503125000000         5.483512548941827E-009
   155.716875000000         5.226448923721701E-009
   155.930625000000         5.002991106145838E-009
   156.144375000000         4.805052408737763E-009
   156.358125000000         4.624280081452781E-009
   156.571875000000         4.452428161468826E-009
   156.785625000000         4.281713492642167E-009
   156.999375000000         4.105139465459599E-009
   157.213125000000         3.916773295698001E-009
   157.426875000000         3.711964774812601E-009
   157.640625000000         3.487497308959327E-009
   157.854375000000         3.241665568259487E-009
   158.068125000000         2.974277983170761E-009
   158.281875000000         2.686586393362215E-009
   158.495625000000         2.381149092960001E-009
   158.709375000000         2.061637040018294E-009
   158.923125000000         1.732595848636875E-009
   159.136875000000         1.399178151137212E-009
   159.350625000000         1.066861868993015E-009
   159.564375000000         7.411698153502130E-010
   159.778125000000         4.274049124207361E-010
   159.991875000000         1.304132768733802E-010
   160.205625000000        -1.456152844492726E-010
   160.419375000000        -3.973029517808152E-010
   160.633125000000        -6.221925720787831E-010
   160.846875000000        -8.188092450072310E-010
   161.060625000000        -9.866773627328620E-010
   161.274375000000        -1.126297664222133E-009
   161.488125000000        -1.239090128679730E-009
   161.701875000000        -1.327309020333756E-009
   161.915625000000        -1.393936173349859E-009
   162.129375000000        -1.442557819081137E-009
   162.343125000000        -1.477229118505914E-009
   162.556875000000        -1.502329316010872E-009
   162.770625000000        -1.522409325291572E-009
   162.984375000000        -1.542032813451008E-009
   163.198125000000        -1.565611626340169E-009
   163.411875000000        -1.597236777082995E-009
   163.625625000000        -1.640507187651010E-009
   163.839375000000        -1.698359823133975E-009
   164.053125000000        -1.772906599306162E-009
   164.266875000000        -1.865285223475784E-009
   164.480625000000        -1.975532661459689E-009
   164.694375000000        -2.102490927386934E-009
   164.908125000000        -2.243755123549132E-009
   165.121875000000        -2.395672940650698E-009
   165.335625000000        -2.553403085819006E-009
   165.549375000000        -2.711037367786684E-009
   165.763125000000        -2.861787579309922E-009
   165.976875000000        -2.998234121885277E-009
   166.190625000000        -3.112628843326346E-009
   166.404375000000        -3.197240180288412E-009
   166.618125000000        -3.244724803464644E-009
   166.831875000000        -3.248506915013105E-009
   167.045625000000        -3.203144445896401E-009
   167.259375000000        -3.104660853691868E-009
   167.473125000000        -2.950822125791794E-009
   167.686875000000        -2.741340925067314E-009
   167.900625000000        -2.477993434236321E-009
   168.114375000000        -2.164639118069088E-009
   168.328125000000        -1.807139007208917E-009
   168.541875000000        -1.413173843222351E-009
   168.755625000000        -9.919691252835471E-010
   168.969375000000        -5.539393948304112E-010
   169.183125000000        -1.102686602968744E-010
   169.396875000000         3.275525596714339E-010
   169.610625000000         7.482106891522862E-010
   169.824375000000         1.141049016663052E-009
   170.038125000000         1.496520195639506E-009
   170.251875000000         1.806588793005734E-009
   170.465625000000         2.065063821086526E-009
   170.679375000000         2.267844602674121E-009
   170.893125000000         2.413067496893083E-009
   171.106875000000         2.501145754602524E-009
   171.320625000000         2.534699871079539E-009
   171.534375000000         2.518381055394587E-009
   171.748125000000         2.458595637127605E-009
   171.961875000000         2.363143180723642E-009
   172.175625000000         2.240785575694921E-009
   172.389375000000         2.100768217980966E-009
   172.603125000000         1.952317398745609E-009
   172.816875000000         1.804139986361095E-009
   173.030625000000         1.663952260148685E-009
   173.244375000000         1.538064199416700E-009
   173.458125000000         1.431043567279005E-009
   173.671875000000         1.345480740910306E-009
   173.885625000000         1.281870494472096E-009
   174.099375000000         1.238620995078624E-009
   174.313125000000         1.212193377446819E-009
   174.526875000000         1.197367760495889E-009
   174.740625000000         1.187623876090724E-009
   174.954375000000         1.175617066352356E-009
   175.168125000000         1.153723764182836E-009
   175.381875000000         1.114625181574558E-009
   175.595625000000         1.051894220536877E-009
   175.809375000000         9.605489326717559E-010
   176.023125000000         8.375364057806888E-010
   176.236875000000         6.821138248100026E-010
   176.450625000000         4.960985567210913E-010
   176.664375000000         2.839662010746272E-010
   176.878125000000         5.278423790376614E-011
   177.091875000000        -1.880213258255840E-010
   177.305625000000        -4.270586689880570E-010
   177.519375000000        -6.515045319192434E-010
   177.733125000000        -8.477533512596315E-010
   177.946875000000        -1.002146505538093E-009
   178.160625000000        -1.101741266740489E-009
   178.374375000000        -1.135075684662715E-009
   178.588125000000        -1.092884894112570E-009
   178.801875000000        -9.687263016351256E-010
   179.015625000000        -7.594756734109060E-010
   179.229375000000        -4.656630359653780E-010
   179.443125000000        -9.162609454655095E-011
   179.656875000000         3.545309698993267E-010
   179.870625000000         8.611745669397586E-010
   180.084375000000         1.413564890360550E-009
   180.298125000000         1.994445102983702E-009
   180.511875000000         2.584767163470275E-009
   180.725625000000         3.164517448955259E-009
   180.939375000000         3.713599959693787E-009
   181.153125000000         4.212731930693168E-009
   181.366875000000         4.644306248304705E-009
   181.580625000000         4.993177152410850E-009
   181.794375000000         5.247330127049091E-009
   182.008125000000         5.398403343793020E-009
   182.221875000000         5.442036115246530E-009
   182.435625000000         5.378029053608913E-009
   182.649375000000         5.210310476748426E-009
   182.863125000000         4.946713512009377E-009
   183.076875000000         4.598577783592854E-009
   183.290625000000         4.180198046612994E-009
   183.504375000000         3.708149234831555E-009
   183.718125000000         3.200522795090896E-009
   183.931875000000         2.676112668586172E-009
   184.145625000000         2.153590736251795E-009
   184.359375000000         1.650710971487928E-009
   184.573125000000         1.183579040960205E-009
   184.786875000000         7.660198589181746E-010
   185.000625000000         4.090699059069971E-010
   185.214375000000         1.206143023875135E-010
   185.428125000000        -9.481894440512542E-011
   185.641875000000        -2.361030316371016E-010
   185.855625000000        -3.053981930529715E-010
   186.069375000000        -3.078901508680309E-010
   186.283125000000        -2.513987813938188E-010
   186.496875000000        -1.458802461848746E-010
   186.710625000000        -2.850202231101107E-012
   186.924375000000         1.652414011244002E-010
   187.138125000000         3.456521034053040E-010
   187.351875000000         5.259737205659470E-010
   187.565625000000         6.947143706175842E-010
   187.779375000000         8.418091904710018E-010
   187.993125000000         9.590376485370745E-010
   188.206875000000         1.040330793844970E-009
   188.420625000000         1.081957912318082E-009
   188.634375000000         1.082588560553312E-009
   188.848125000000         1.043232475760463E-009
   189.061875000000         9.670660755040831E-010
   189.275625000000         8.591598372931496E-010
   189.489375000000         7.261254946039378E-010
   189.703125000000         5.757054615822343E-010
   189.916875000000         4.163290270167091E-010
   190.130625000000         2.566605387087950E-010
   190.344375000000         1.051640150517321E-010
   190.558125000000        -3.029355915311390E-011
   190.771875000000        -1.427814172206356E-010
   190.985625000000        -2.265722729493700E-010
   191.199375000000        -2.773284078178621E-010
   191.413125000000        -2.922028542919449E-010
   191.626875000000        -2.698574780059995E-010
   191.840625000000        -2.104049304894724E-010
   192.054375000000        -1.152859034957213E-010
   192.268125000000         1.290343382610241E-011
   192.481875000000         1.706167228666784E-010
   192.695625000000         3.535775075062978E-010
   192.909375000000         5.569968035636315E-010
   193.123125000000         7.757727728084926E-010
   193.336875000000         1.004660271814998E-009
   193.550625000000         1.238402114380256E-009
   193.764375000000         1.471818537978942E-009
   193.978125000000         1.699856204593014E-009
   194.191875000000         1.917602675497289E-009
   194.405625000000         2.120276268778725E-009
   194.619375000000         2.303204171139592E-009
   194.833125000000         2.461803340294153E-009
   195.046875000000         2.591578911287956E-009
   195.260625000000         2.688153441329869E-009
   195.474375000000         2.747337457490199E-009
   195.688125000000         2.765247606328177E-009
   195.901875000000         2.738473561529569E-009
   196.115625000000         2.664289141234421E-009
   196.329375000000         2.540897304796101E-009
   196.543125000000         2.367693352437489E-009
   196.756875000000         2.145526240976932E-009
   196.970625000000         1.876934899328428E-009
   197.184375000000         1.566335128914250E-009
   197.398125000000         1.220133329288833E-009
   197.611875000000         8.467459710341432E-010
   197.825625000000         4.565083585160394E-010
   198.039375000000         6.146253815752457E-011
   198.253125000000        -3.249781758031958E-010
   198.466875000000        -6.884821717338289E-010
   198.680625000000        -1.014355492781559E-009
   198.894375000000        -1.288178034762406E-009
   199.108125000000        -1.496490048466097E-009
   199.321875000000        -1.627493370305236E-009
   199.535625000000        -1.671728198424953E-009
   199.749375000000        -1.622684979858330E-009
   199.963125000000        -1.477312251621492E-009
   200.176875000000        -1.236385092212569E-009
   200.390625000000        -9.047050304307998E-010
   200.604375000000        -4.911105101235255E-010
   200.818125000000        -8.286870981127825E-012
   201.031875000000         5.276242818244283E-010
   201.245625000000         1.097605114055392E-009
   201.459375000000         1.680508714439884E-009
   201.673125000000         2.253940896238873E-009
   201.886875000000         2.795235537187594E-009
   202.100625000000         3.282475775914446E-009
   202.314375000000         3.695509322265164E-009
   202.528125000000         4.016904890438144E-009
   202.741875000000         4.232798476773647E-009
   202.955625000000         4.333582862972149E-009
   203.169375000000         4.314401146093432E-009
   203.383125000000         4.175414929955438E-009
   203.596875000000         3.921829558053517E-009
   203.810625000000         3.563671795926722E-009
   204.024375000000         3.115328952318454E-009
   204.238125000000         2.594871774681988E-009
   204.451875000000         2.023195761672630E-009
   204.665625000000         1.423026033702872E-009
   204.879375000000         8.178389081073712E-010
   205.093125000000         2.307582878435239E-010
   205.306875000000        -3.165134807966435E-010
   205.520625000000        -8.046726569792786E-010
   205.734375000000        -1.217646974793277E-009
   205.948125000000        -1.543240987649844E-009
   206.161875000000        -1.773561953607464E-009
   206.375625000000        -1.905207687982147E-009
   206.589375000000        -1.939212249204731E-009
   206.803125000000        -1.880759887002434E-009
   207.016875000000        -1.738691395656406E-009
   207.230625000000        -1.524838961676550E-009
   207.444375000000        -1.253234982318873E-009
   207.658125000000        -9.392465529235576E-010
   207.871875000000        -5.986900043272285E-010
   208.085625000000        -2.469789053865399E-010
   208.299375000000         1.016455128452099E-010
   208.513125000000         4.347600950831028E-010
   208.726875000000         7.422502402284483E-010
   208.940625000000         1.016625355872287E-009
   209.154375000000         1.253151955683886E-009
   209.368125000000         1.449809357629575E-009
   209.581875000000         1.607084225988259E-009
   209.795625000000         1.727629726904357E-009
   210.009375000000         1.815822251730380E-009
   210.223125000000         1.877253126463116E-009
   210.436875000000         1.918194315493796E-009
   210.650625000000         1.945075913525044E-009
   210.864375000000         1.964009474751871E-009
   211.078125000000         1.980385396111324E-009
   211.291875000000         1.998565216862840E-009
   211.505625000000         2.021681454690153E-009
   211.719375000000         2.051549118773475E-009
   211.933125000000         2.088684937130833E-009
   212.146875000000         2.132423144549371E-009
   212.360625000000         2.181110823018876E-009
   212.574375000000         2.232361561676544E-009
   212.788125000000         2.283343761562274E-009
   213.001875000000         2.331079270184872E-009
   213.215625000000         2.372729088193821E-009
   213.429375000000         2.405845440050025E-009
   213.643125000000         2.428573260633882E-009
   213.856875000000         2.439788788320430E-009
   214.070625000000         2.439168116072098E-009
   214.284375000000         2.427183878570125E-009
   214.498125000000         2.405033407270318E-009
   214.711875000000         2.374506363151984E-009
   214.925625000000         2.337803801941948E-009
   215.139375000000         2.297323636639185E-009
   215.353125000000         2.255429395337446E-009
   215.566875000000         2.214219950042717E-009
   215.780625000000         2.175317500333510E-009
   215.994375000000         2.139689584242673E-009
   216.208125000000         2.107518369215718E-009
   216.421875000000         2.078127117055440E-009
   216.635625000000         2.049969736891520E-009
   216.849375000000         2.020684997556421E-009
   217.063125000000         1.987212549685795E-009
   217.276875000000         1.945963702627969E-009
   217.490625000000         1.893036197200689E-009
   217.704375000000         1.824459268986829E-009
   217.918125000000         1.736453316182697E-009
   218.131875000000         1.625687612795466E-009
   218.345625000000         1.489519804131593E-009
   218.559375000000         1.326202360961079E-009
   218.773125000000         1.135043636333971E-009
   218.986875000000         9.165144671103347E-010
   219.200625000000         6.722951249315577E-010
   219.414375000000         4.052615355497707E-010
   219.628125000000         1.194137172721883E-010
   219.841875000000        -1.802469866171553E-010
   220.055625000000        -4.878823776114957E-010
   220.269375000000        -7.970120587745622E-010
   220.483125000000        -1.100725806268777E-009
   220.696875000000        -1.391901317063020E-009
   220.910625000000        -1.663416152061475E-009
   221.124375000000        -1.908344711375921E-009
   221.338125000000        -2.120133709791299E-009
   221.551875000000        -2.292752562867016E-009
   221.765625000000        -2.420818018593264E-009
   221.979375000000        -2.499694954848699E-009
   222.193125000000        -2.525577229317822E-009
   222.406875000000        -2.495553607713028E-009
   222.620625000000        -2.407663994287419E-009
   222.834375000000        -2.260950439900836E-009
   223.048125000000        -2.055505811826769E-009
   223.261875000000        -1.792520781540312E-009
   223.475625000000        -1.474327207968323E-009
   223.689375000000        -1.104433401224031E-009
   223.903125000000        -6.875444980430562E-010
   224.116875000000        -2.295595941082487E-010
   224.330625000000         2.624633710546360E-010
   224.544375000000         7.803835173769326E-010
   224.758125000000         1.315100618618227E-009
   224.971875000000         1.856730543941516E-009
   225.185625000000         2.394833037961609E-009
   225.399375000000         2.918688048725896E-009
   225.613125000000         3.417612299058889E-009
   225.826875000000         3.881303482253838E-009
   226.040625000000         4.300195784576031E-009
   226.254375000000         4.665807791107612E-009
   226.468125000000         4.971062533676106E-009
   226.681875000000         5.210559690274804E-009
   226.895625000000         5.380781806330667E-009
   227.109375000000         5.480219793084386E-009
   227.323125000000         5.509407637859080E-009
   227.536875000000         5.470861882263279E-009
   227.750625000000         5.368927543188722E-009
   227.964375000000         5.209538273702890E-009
   228.178125000000         4.999904189109348E-009
   228.391875000000         4.748145463505233E-009
   228.605625000000         4.462893165723097E-009
   228.819375000000         4.152880601197239E-009
   229.033125000000         3.826548548627171E-009
   229.246875000000         3.491686264624758E-009
   229.460625000000         3.155127151847581E-009
   229.674375000000         2.822513839637675E-009
   229.888125000000         2.498142488830768E-009
   230.101875000000         2.184890827252763E-009
   230.315625000000         1.884229175451388E-009
   230.529375000000         1.596308921991349E-009
   230.743125000000         1.320118871245408E-009
   230.956875000000         1.053696835113823E-009
   231.170625000000         7.943818858403617E-010
   231.384375000000         5.390918334172294E-010
   231.598125000000         2.846106438425482E-010
   231.811875000000         2.787150322414047E-011
   232.025625000000        -2.337771617197065E-010
   232.239375000000        -5.023334110731764E-010
   232.453125000000        -7.789398324728570E-010
   232.666875000000        -1.063724357404749E-009
   232.880625000000        -1.355688382983225E-009
   233.094375000000        -1.652645040111774E-009
   233.308125000000        -1.951209013059361E-009
   233.521875000000        -2.246838089570122E-009
   233.735625000000        -2.533925524337701E-009
   233.949375000000        -2.805941234862387E-009
   234.163125000000        -3.055618724865166E-009
   234.376875000000        -3.275183378402665E-009
   234.590625000000        -3.456616359085231E-009
   234.804375000000        -3.591946803372229E-009
   235.018125000000        -3.673563384917887E-009
   235.231875000000        -3.694534762684176E-009
   235.445625000000        -3.648927055143661E-009
   235.659375000000        -3.532105467087001E-009
   235.873125000000        -3.341006689887162E-009
   236.086875000000        -3.074368831118748E-009
   236.300625000000        -2.732906493263590E-009
   236.514375000000        -2.319420246347516E-009
   236.728125000000        -1.838832095435758E-009
   236.941875000000        -1.298141537232302E-009
   237.155625000000        -7.063002793904991E-010
   237.369375000000        -7.400746468836157E-011
   237.583125000000         5.865689263350314E-010
   237.796875000000         1.262135163138309E-009
   238.010625000000         1.938666756217646E-009
   238.224375000000         2.601840110136397E-009
   238.438125000000         3.237483702259261E-009
   238.651875000000         3.832030618631538E-009
   238.865625000000         4.372954152709849E-009
   239.079375000000         4.849168937146198E-009
   239.293125000000         5.251381661869630E-009
   239.506875000000         5.572377715410521E-009
   239.720625000000         5.807232919110386E-009
   239.934375000000         5.953442734396889E-009
   240.148125000000         6.010964735646881E-009
   240.361875000000         5.982173587882641E-009
   240.575625000000         5.871731101892988E-009
   240.789375000000         5.686377038932748E-009
   241.003125000000         5.434649113573772E-009
   241.216875000000         5.126543037886134E-009
   241.430625000000         4.773125430840987E-009
   241.644375000000         4.386113971153422E-009
   241.858125000000         3.977440298041216E-009
   242.071875000000         3.558811862564090E-009
   242.285625000000         3.141289196005996E-009
   242.499375000000         2.734894873069677E-009
   242.713125000000         2.348269774794256E-009
   242.926875000000         1.988391056424130E-009
   243.140625000000         1.660364452399719E-009
   243.354375000000         1.367301164863638E-009
   243.568125000000         1.110286565383042E-009
   243.781875000000         8.884443099866661E-010
   243.995625000000         6.990952933363446E-010
   244.209375000000         5.380062780153110E-010
   244.423125000000         3.997182245894698E-010
   244.636875000000         2.779395759527515E-010
   244.850625000000         1.659853268813806E-010
   245.064375000000         5.723898116133337E-011
   245.278125000000        -5.438818576354035E-011
   245.491875000000        -1.740274584117986E-010
   245.705625000000        -3.054791990503061E-010
   245.919375000000        -4.509200496498064E-010
   246.133125000000        -6.107114041356440E-010
   246.346875000000        -7.833241241622660E-010
   246.560625000000        -9.653874314686106E-010
   246.774375000000        -1.151861865628033E-009
   246.988125000000        -1.336327696962496E-009
   247.201875000000        -1.511371867227662E-009
   247.415625000000        -1.669049068174237E-009
   247.629375000000        -1.801386609459801E-009
   247.843125000000        -1.900898835820195E-009
   248.056875000000        -1.961075447272311E-009
   248.270625000000        -1.976809380208637E-009
   248.484375000000        -1.944733919999638E-009
   248.698125000000        -1.863445196865940E-009
   248.911875000000        -1.733594697937752E-009
   249.125625000000        -1.557846246875883E-009
   249.339375000000        -1.340702255767209E-009
   249.553125000000        -1.088214070835997E-009
   249.766875000000        -8.076000536639617E-010
   249.980625000000        -5.068018958104947E-010
   250.194375000000        -1.940139572950496E-010
   250.408125000000         1.227782239454014E-010
   250.621875000000         4.362157904042312E-010
   250.835625000000         7.399108869676430E-010
   251.049375000000         1.028694536287310E-009
   251.263125000000         1.298753932982942E-009
   251.476875000000         1.547654766775415E-009
   251.690625000000         1.774254008094794E-009
   251.904375000000         1.978517610818957E-009
   252.118125000000         2.161265018829687E-009
   252.331875000000         2.323867588096580E-009
   252.545625000000         2.467930660996348E-009
   252.759375000000         2.594988918522861E-009
   252.973125000000         2.706241915060122E-009
   253.186875000000         2.802351736020061E-009
   253.400625000000         2.883318072293141E-009
   253.614375000000         2.948438369554898E-009
   253.828125000000         2.996352833816712E-009
   254.041875000000         3.025166685312400E-009
   254.255625000000         3.032635787211695E-009
   254.469375000000         3.016397120654201E-009
   254.683125000000         2.974222832023510E-009
   254.896875000000         2.904275836539668E-009
   255.110625000000         2.805346120271005E-009
   255.324375000000         2.677049665507479E-009
   255.538125000000         2.519975929188081E-009
   255.751875000000         2.335774553575489E-009
   255.965625000000         2.127176988289812E-009
   256.179375000000         1.897953495338993E-009
   256.393125000000         1.652810216958273E-009
   256.606875000000         1.397234344292691E-009
   256.820625000000         1.137297793175282E-009
   257.034375000000         8.794311545805374E-010
   257.248125000000         6.301801308424053E-010
   257.461875000000         3.959563610088062E-010
   257.675625000000         1.827936888852968E-010
   257.889375000000        -3.880249211446187E-012
   258.103125000000        -1.594485540641366E-010
   258.316875000000        -2.802784609037328E-010
   258.530625000000        -3.638575935399918E-010
   258.744375000000        -4.088882207642956E-010
   258.958125000000        -4.153357836524570E-010
   259.171875000000        -3.844291385543172E-010
   259.385625000000        -3.186112884285359E-010
   259.599375000000        -2.214409388557736E-010
   259.813125000000        -9.744705942626124E-011
   260.026875000000         4.805925651766371E-011
   260.240625000000         2.092090404051831E-010
   260.454375000000         3.798268689309379E-010
   260.668125000000         5.536983341633861E-010
   260.881875000000         7.248406434788965E-010
   261.095625000000         8.877622567860875E-010
   261.309375000000         1.037697129553239E-009
   261.523125000000         1.170799776845282E-009
   261.736875000000         1.284289075129084E-009
   261.950625000000         1.376531444612388E-009
   262.164375000000         1.447057669208205E-009
   262.378125000000         1.496511877963870E-009
   262.591875000000         1.526535813088429E-009
   262.805625000000         1.539596073700892E-009
   263.019375000000         1.538766160577145E-009
   263.233125000000         1.527478485174971E-009
   263.446875000000         1.509263734152078E-009
   263.660625000000         1.487495878277850E-009
   263.874375000000         1.465160578310968E-009
   264.088125000000         1.444662795954502E-009
   264.301875000000         1.427686221089147E-009
   264.515625000000         1.415112949461683E-009
   264.729375000000         1.407007051639260E-009
   264.943125000000         1.402660684754058E-009
   265.156875000000         1.400696649648853E-009
   265.370625000000         1.399217197093191E-009
   265.584375000000         1.395985780771772E-009
   265.798125000000         1.388626585073132E-009
   266.011875000000         1.374826143187952E-009
   266.225625000000         1.352522193966145E-009
   266.439375000000         1.320066963768576E-009
   266.653125000000         1.276355049617136E-009
   266.866875000000         1.220909686228063E-009
   267.080625000000         1.153925019292618E-009
   267.294375000000         1.076265692565706E-009
   267.508125000000         9.894282347035017E-010
   267.721875000000         8.954711236425913E-010
   267.935625000000         7.969218325635487E-010
   268.149375000000         6.966695602127659E-010
   268.363125000000         5.978517779058334E-010
   268.576875000000         5.037413539134944E-010
   268.790625000000         4.176390977811925E-010
   269.004375000000         3.427744109256602E-010
   269.218125000000         2.822146590967867E-010
   269.431875000000         2.387821953045543E-010
   269.645625000000         2.149768947283104E-010
   269.859375000000         2.129017605764901E-010
   270.073125000000         2.341896567942426E-010
   270.286875000000         2.799304404095637E-010
   270.500625000000         3.505995185124827E-010
   270.714375000000         4.459908749979921E-010
   270.928125000000         5.651595831350354E-010
   271.141875000000         7.063804145321107E-010
   271.355625000000         8.671300775384069E-010
   271.569375000000         1.044100643253804E-009
   271.783125000000         1.233250721191121E-009
   271.996875000000         1.429898926209236E-009
   272.210625000000         1.628861257005771E-009
   272.424375000000         1.824630424668941E-009
   272.638125000000         2.011591261687597E-009
   272.851875000000         2.184262500462526E-009
   273.065625000000         2.337551845406428E-009
   273.279375000000         2.467008755407634E-009
   273.493125000000         2.569058014028371E-009
   273.706875000000         2.641197197327170E-009
   273.920625000000         2.682142627428493E-009
   274.134375000000         2.691911257452227E-009
   274.348125000000         2.671829968425941E-009
   274.561875000000         2.624468653589590E-009
   274.775625000000         2.553498817586068E-009
   274.989375000000         2.463484779858616E-009
   275.203125000000         2.359619494123644E-009
   275.416875000000         2.247421071326914E-009
   275.630625000000         2.132408993047075E-009
   275.844375000000         2.019780504045326E-009
   276.058125000000         1.914107678663069E-009
   276.271875000000         1.819074196065360E-009
   276.485625000000         1.737268083427950E-009
   276.699375000000         1.670042843786755E-009
   276.913125000000         1.617454798914861E-009
   277.126875000000         1.578279510364971E-009
   277.340625000000         1.550105164023900E-009
   277.554375000000         1.529496161518004E-009
   277.768125000000         1.512216151814827E-009
   277.981875000000         1.493496585382800E-009
   278.195625000000         1.468334727993066E-009
   278.409375000000         1.431803995139851E-009
   278.623125000000         1.379359445772095E-009
   278.836875000000         1.307122221768789E-009
   279.050625000000         1.212128499590651E-009
   279.264375000000         1.092530957773255E-009
   279.478125000000         9.477436632010194E-010
   279.691875000000         7.785244410414504E-010
   279.905625000000         5.869920280094833E-010
   280.119375000000         3.765784468199207E-010
   280.333125000000         1.519199397644074E-010
   280.546875000000        -8.130764788169284E-011
   280.760625000000        -3.166010139329458E-010
   280.974375000000        -5.468793898784171E-010
   281.188125000000        -7.647615060795121E-010
   281.401875000000        -9.628579454210837E-010
   281.615625000000        -1.134067022731545E-009
   281.829375000000        -1.271862450062699E-009
   282.043125000000        -1.370561524846697E-009
   282.256875000000        -1.425563365429335E-009
   282.470625000000        -1.433547779523455E-009
   282.684375000000        -1.392626658573588E-009
   282.898125000000        -1.302441328379192E-009
   283.111875000000        -1.164201045886170E-009
   283.325625000000        -9.806598102636208E-010
   283.539375000000        -7.560308467696282E-010
   283.753125000000        -4.958405064206256E-010
   283.966875000000        -2.067258643467957E-010
   284.180625000000         1.038170726139369E-010
   284.394375000000         4.277250248087303E-010
   284.608125000000         7.566869782448170E-010
   284.821875000000         1.082477472560818E-009
   285.035625000000         1.397287874080568E-009
   285.249375000000         1.694038938556647E-009
   285.463125000000         1.966657919498595E-009
   285.676875000000         2.210304451413100E-009
   285.890625000000         2.421531510118162E-009
   286.104375000000         2.598370918541025E-009
   286.318125000000         2.740337022343045E-009
   286.531875000000         2.848347098302495E-009
   286.745625000000         2.924562474673779E-009
   286.959375000000         2.972159851045639E-009
   287.173125000000         2.995047467598799E-009
   287.386875000000         2.997545137655295E-009
   287.600625000000         2.984050299680032E-009
   287.814375000000         2.958713816322241E-009
   288.028125000000         2.925149015300482E-009
   288.241875000000         2.886195345215993E-009
   288.455625000000         2.843754092483518E-009
   288.669375000000         2.798708129264080E-009
   288.883125000000         2.750931050007667E-009
   289.096875000000         2.699383845279098E-009
   289.310625000000         2.642290074345600E-009
   289.524375000000         2.577373972559285E-009
   289.738125000000         2.502140665095191E-009
   289.951875000000         2.414174152789566E-009
   290.165625000000         2.311427332383904E-009
   290.379375000000         2.192479164019502E-009
   290.593125000000         2.056737143531586E-009
   290.806875000000         1.904568206845236E-009
   291.020625000000         1.737347633935223E-009
   291.234375000000         1.557422833484556E-009
   291.448125000000         1.367996395809881E-009
   291.661875000000         1.172939803633299E-009
   291.875625000000         9.765550435414963E-010
   292.089375000000         7.833055377850760E-010
   292.303125000000         5.975399568084529E-010
   292.516875000000         4.232324197326786E-010
   292.730625000000         2.637603994481201E-010
   292.944375000000         1.217375821789048E-010
   293.158125000000        -1.086576348162603E-012
   293.371875000000        -1.038552429521606E-010
   293.585625000000        -1.865618295810160E-010
   293.799375000000        -2.499443856533781E-010
   294.013125000000        -2.953296047686535E-010
   294.226875000000        -3.244431876820308E-010
   294.440625000000        -3.392054907068789E-010
   294.654375000000        -3.415317414086238E-010
   294.868125000000        -3.331546780101334E-010
   295.081875000000        -3.154844877122584E-010
   295.295625000000        -2.895167394661749E-010
   295.509375000000        -2.557940780705805E-010
   295.723125000000        -2.144222610050311E-010
   295.936875000000        -1.651361617616063E-010
   296.150625000000        -1.074070646981792E-010
   296.364375000000        -4.057927714979253E-011
   296.578125000000         3.597799031302903E-011
   296.791875000000         1.227182769546837E-010
   297.005625000000         2.197793163614689E-010
   297.219375000000         3.268708286361780E-010
   297.433125000000         4.431985809044792E-010
   297.646875000000         5.674313496074837E-010
   297.860625000000         6.977137885352510E-010
   298.074375000000         8.317245404150937E-010
   298.288125000000         9.667755040423610E-010
   298.501875000000         1.099945212370188E-009
   298.715625000000         1.228236958805683E-009
   298.929375000000         1.348750734151089E-009
   299.143125000000         1.458857248052748E-009
   299.356875000000         1.556362294400364E-009
   299.570625000000         1.639650423138987E-009
   299.784375000000         1.707798211689535E-009
   299.998125000000         1.760649276167303E-009
   300.211875000000         1.798845402393895E-009
   300.425625000000         1.823810681341466E-009
   300.639375000000         1.837688175696138E-009
   300.853125000000         1.843231299771246E-009
   301.066875000000         1.843654645212781E-009
   301.280625000000         1.842451317017192E-009
   301.494375000000         1.843185852690458E-009
   301.708125000000         1.849273385392440E-009
   301.921875000000         1.863756795323996E-009
   302.135625000000         1.889094104559223E-009
   302.349375000000         1.926968262606141E-009
   302.563125000000         1.978130723456976E-009
   302.776875000000         2.042288841246945E-009
   302.990625000000         2.118045156693317E-009
   303.204375000000         2.202894191293539E-009
   303.418125000000         2.293279525322763E-009
   303.631875000000         2.384710852166964E-009
   303.845625000000         2.471937539736236E-009
   304.059375000000         2.549172165029495E-009
   304.273125000000         2.610354695342239E-009
   304.486875000000         2.649445631483196E-009
   304.700625000000         2.660734642755188E-009
   304.914375000000         2.639150114046388E-009
   305.128125000000         2.580554653999851E-009
   305.341875000000         2.482011995722444E-009
   305.555625000000         2.342011827377255E-009
   305.769375000000         2.160640845984534E-009
   305.983125000000         1.939690624777101E-009
   306.196875000000         1.682695587549352E-009
   306.410625000000         1.394897343399483E-009
   306.624375000000         1.083134700899337E-009
   306.838125000000         7.556617103831841E-010
   307.051875000000         4.218989541772632E-010
   307.265625000000         9.212592030610875E-011
   307.479375000000        -2.228754128529706E-010
   307.693125000000        -5.122137262412194E-010
   307.906875000000        -7.653046449807255E-010
   308.120625000000        -9.722954007795671E-010
   308.334375000000        -1.124482338837310E-009
   308.548125000000        -1.214705344778217E-009
   308.761875000000        -1.237703272094702E-009
   308.975625000000        -1.190414880828225E-009
   309.189375000000        -1.072210699765797E-009
   309.403125000000        -8.850426560812783E-010
   309.616875000000        -6.335003403421412E-010
   309.830625000000        -3.247654432740059E-010
   310.044375000000         3.154076061275800E-011
   310.258125000000         4.236180159911864E-010
   310.471875000000         8.378523413498817E-010
   310.685625000000         1.259277499581853E-009
   310.899375000000         1.672119032695019E-009
   311.113125000000         2.060402062028458E-009
   311.326875000000         2.408599316142599E-009
   311.540625000000         2.702291885507049E-009
   311.754375000000         2.928812384633713E-009
   311.968125000000         3.077838861173518E-009
   312.181875000000         3.141908188190573E-009
   312.395625000000         3.116819964661010E-009
   312.609375000000         3.001906151453128E-009
   312.823125000000         2.800147657541385E-009
   313.036875000000         2.518126583756465E-009
   313.250625000000         2.165811408653849E-009
   313.464375000000         1.756181529448597E-009
   313.678125000000         1.304706643083419E-009
   313.891875000000         8.287048364714074E-010
   314.105625000000         3.466103482748843E-010
   314.319375000000        -1.228127524575155E-010
   314.533125000000        -5.612716424430087E-010
   314.746875000000        -9.517205869133464E-010
   314.960625000000        -1.279073360020484E-009
   315.174375000000        -1.530818157355860E-009
   315.388125000000        -1.697506991374206E-009
   315.601875000000        -1.773099133583820E-009
   315.815625000000        -1.755146660645168E-009
   316.029375000000        -1.644818951513549E-009
   316.243125000000        -1.446771455406969E-009
   316.456875000000        -1.168871654569162E-009
   316.670625000000        -8.218014384976862E-010
   316.884375000000        -4.185597848248151E-010
   317.098125000000         2.610743952048414E-011
   317.311875000000         4.963225743583136E-010
   317.525625000000         9.757086071148699E-010
   317.739375000000         1.448013174265326E-009
   317.953125000000         1.897701112910978E-009
   318.166875000000         2.310495970505362E-009
   318.380625000000         2.673854596534502E-009
   318.594375000000         2.977362655295767E-009
   318.808125000000         3.213042391827276E-009
   319.021875000000         3.375567121177366E-009
   319.235625000000         3.462379652547510E-009
   319.449375000000         3.473714241054024E-009
   319.663125000000         3.412523774755341E-009
   319.876875000000         3.284315876305885E-009
   320.090625000000         3.096903549569438E-009
   320.304375000000         2.860078025711648E-009
   320.518125000000         2.585213604334271E-009
   320.731875000000         2.284816523431575E-009
   320.945625000000         1.972032141696749E-009
   321.159375000000         1.660126834186055E-009
   321.373125000000         1.361962802536958E-009
   321.586875000000         1.089485281126711E-009
   321.800625000000         8.532421871810100E-010
   322.014375000000         6.619559579186641E-010
   322.228125000000         5.221660415546395E-010
   322.441875000000         4.379582356198506E-010
   322.655625000000         4.107938510986397E-010
   322.869375000000         4.394476590022631E-010
   323.083125000000         5.200589501191722E-010
   323.296875000000         6.462950619341136E-010
   323.510625000000         8.096216796440247E-010
   323.724375000000         9.996693842771446E-010
   323.938125000000         1.204681563176818E-009
   324.151875000000         1.412025139647344E-009
   324.365625000000         1.608742788766669E-009
   324.579375000000         1.782123493890324E-009
   324.793125000000         1.920267510798845E-009
   325.006875000000         2.012622035886624E-009
   325.220625000000         2.050465067663649E-009
   325.434375000000         2.027317019813522E-009
   325.648125000000         1.939262480067055E-009
   325.861875000000         1.785167991613768E-009
   326.075625000000         1.566785737560548E-009
   326.289375000000         1.288737407634352E-009
   326.503125000000         9.583771917975398E-010
   326.716875000000         5.855376447609884E-010
   326.930625000000         1.821669563580907E-010
   327.144375000000        -2.381292100466272E-010
   327.358125000000        -6.606238560478545E-010
   327.571875000000        -1.070061533983163E-009
   327.785625000000        -1.451283685783232E-009
   327.999375000000        -1.789859974672127E-009
   328.213125000000        -2.072698053892535E-009
   328.426875000000        -2.288604329726825E-009
   328.640625000000        -2.428769685882385E-009
   328.854375000000        -2.487156865327212E-009
   329.068125000000        -2.460770199675859E-009
   329.281875000000        -2.349793498723436E-009
   329.495625000000        -2.157587946288106E-009
   329.709375000000        -1.890548503608123E-009
   329.923125000000        -1.557824252271839E-009
   330.136875000000        -1.170914934434857E-009
   330.350625000000        -7.431622791302937E-010
   330.564375000000        -2.891601680841729E-010
   330.778125000000         1.758880346864202E-010
   330.991875000000         6.368338477776026E-010
   331.205625000000         1.079237400161870E-009
   331.419375000000         1.489978704830490E-009
   331.633125000000         1.857796856582079E-009
   331.846875000000         2.173731286163290E-009
   332.060625000000         2.431444305609974E-009
   332.274375000000         2.627410348062515E-009
   332.488125000000         2.760964202617804E-009
   332.701875000000         2.834207801013618E-009
   332.915625000000         2.851782346601690E-009
   333.129375000000         2.820519414411369E-009
   333.343125000000         2.748990748439687E-009
   333.556875000000         2.646981535453455E-009
   333.770625000000         2.524915695294420E-009
   333.984375000000         2.393264011895418E-009
   334.198125000000         2.261966623554054E-009
   334.411875000000         2.139900456599639E-009
   334.625625000000         2.034419660628020E-009
   334.839375000000         1.950993098610474E-009
   335.053125000000         1.892957646646291E-009
   335.266875000000         1.861399718486915E-009
   335.480625000000         1.855170361076776E-009
   335.694375000000         1.871031829279957E-009
   335.908125000000         1.903926134472461E-009
   336.121875000000         1.947349082488611E-009
   336.335625000000         1.993807176337248E-009
   336.549375000000         2.035329834973784E-009
   336.763125000000         2.064005995856794E-009
   336.976875000000         2.072512574749736E-009
   337.190625000000         2.054602602698667E-009
   337.404375000000         2.005523184544621E-009
   337.618125000000         1.922337638076439E-009
   337.831875000000         1.804132062889512E-009
   338.045625000000         1.652093817178332E-009
   338.259375000000         1.469457508340331E-009
   338.473125000000         1.261322609457904E-009
   338.686875000000         1.034355132746252E-009
   338.900625000000         7.963933507985923E-010
   339.114375000000         5.559838207943680E-010
   339.328125000000         3.218784776259547E-010
   339.541875000000         1.025259770480779E-010
   339.755625000000        -9.440940604915397E-011
   339.969375000000        -2.624702152398522E-010
   340.183125000000        -3.967428484687998E-010
