  -1.60312500000000         4.068216598796556E-017
  -1.38937500000000         2.308796436152099E-011
  -1.17562500000000         1.710418593854936E-010
 -0.961875000000000         8.574403210821820E-010
 -0.748125000000000         3.450371532453031E-009
 -0.534375000000000         1.168681054044355E-008
 -0.320625000000000         3.408235316547385E-008
 -0.106875000000000         8.703268939958358E-008
  0.106875000000000         1.976725347701637E-007
  0.320625000000000         4.053989735893271E-007
  0.534375000000000         7.614710294723033E-007
  0.748125000000000         1.326373786013454E-006
  0.961875000000000         2.164718864219000E-006
   1.17562500000000         3.337145930599251E-006
   1.38937500000000         4.889321577674006E-006
   1.60312500000000         6.839069297279347E-006
   1.81687500000000         9.163930397505165E-006
   2.03062500000000         1.179098719504945E-005
   2.24437500000000         1.459191894701752E-005
   2.45812500000000         1.738723674567526E-005
   2.67187500000000         1.994348103378777E-005
   2.88562500000000         2.201348975251223E-005
   3.09937500000000         2.332903139848212E-005
   3.31312500000000         2.366733460675957E-005
   3.52687500000000         2.282524277376687E-005
   3.74062500000000         2.071264520508587E-005
   3.95437500000000         1.728738201125056E-005
   4.16812500000000         1.262892574927202E-005
   4.38187500000000         6.888571180881067E-006
   4.59562500000000         2.860223686454192E-007
   4.80937500000000        -6.929222943937693E-006
   5.02312500000000        -1.450785865585413E-005
   5.23687500000000        -2.223267849493426E-005
   5.45062500000000        -2.995162680245141E-005
   5.66437500000000        -3.756075398314766E-005
   5.87812500000000        -4.505339507310624E-005
   6.09187500000000        -5.241201440954808E-005
   6.30562500000000        -5.966382770902832E-005
   6.51937500000000        -6.674541345196957E-005
   6.73312500000000        -7.355568681672915E-005
   6.94687500000000        -7.982947438360463E-005
   7.16062500000000        -8.523286247554740E-005
   7.37437500000000        -8.928939294907854E-005
   7.58812500000000        -9.149781841772204E-005
   7.80187500000000        -9.136211199016749E-005
   8.01562500000000        -8.848372860311514E-005
   8.22937500000000        -8.264303872399570E-005
   8.44312500000000        -7.386240999109190E-005
   8.65687500000000        -6.242557889135614E-005
   8.87062500000000        -4.888489394259301E-005
   9.08437500000000        -3.397674675717919E-005
   9.29812500000000        -1.860208474816214E-005
   9.51187500000000        -3.637596495323936E-006
   9.72562500000000         1.010540588712098E-005
   9.93937500000000         2.206185709835786E-005
   10.1531250000000         3.190307099543637E-005
   10.3668750000000         3.965644232345130E-005
   10.5806250000000         4.558448922260367E-005
   10.7943750000000         5.020632781154413E-005
   11.0081250000000         5.410645210137697E-005
   11.2218750000000         5.789220723134789E-005
   11.4356250000000         6.200186329201289E-005
   11.6493750000000         6.669093322654599E-005
   11.8631250000000         7.193878872807301E-005
   12.0768750000000         7.749583068875696E-005
   12.2906250000000         8.294631773169852E-005
   12.5043750000000         8.780088586277867E-005
   12.7181250000000         9.166749108726985E-005
   12.9318750000000         9.432331220382200E-005
   13.1456250000000         9.583334652547712E-005
   13.3593750000000         9.658067161292433E-005
   13.5731250000000         9.723903005726777E-005
   13.7868750000000         9.868433451128047E-005
   14.0006250000000         1.018595829886830E-004
   14.2143750000000         1.076144473158680E-004
   14.4281250000000         1.165529692105040E-004
   14.6418750000000         1.288989645555035E-004
   14.8556250000000         1.444430972934833E-004
   15.0693750000000         1.625556793720822E-004
   15.2831250000000         1.822296076227698E-004
   15.4968750000000         2.022339993517415E-004
   15.7106250000000         2.212782237109427E-004
   15.9243750000000         2.381895344181073E-004
   16.1381250000000         2.520696056948068E-004
   16.3518750000000         2.623957545899182E-004
   16.5656250000000         2.690701137321508E-004
   16.7793750000000         2.723867066046178E-004
   16.9931250000000         2.729559438145061E-004
   17.2068750000000         2.715700848464692E-004
   17.4206250000000         2.690410018254126E-004
   17.6343750000000         2.660510332733642E-004
   17.8481250000000         2.631012966435376E-004
   18.0618750000000         2.603764332480064E-004
   18.2756250000000         2.578159092402238E-004
   18.4893750000000         2.551237750352392E-004
   18.7031250000000         2.518852498457277E-004
   18.9168750000000         2.476725630697807E-004
   19.1306250000000         2.421599418448576E-004
   19.3443750000000         2.352144856611560E-004
   19.5581250000000         2.269490436140267E-004
   19.7718750000000         2.177313894267184E-004
   19.9856250000000         2.081500489313408E-004
   20.1993750000000         1.989446607898013E-004
   20.4131250000000         1.909161238665840E-004
   20.6268750000000         1.848296001296894E-004
   20.8406250000000         1.813289309240845E-004
   21.0543750000000         1.808685084792985E-004
   21.2681250000000         1.836848869191208E-004
   21.4818750000000         1.897694180153407E-004
   21.6956250000000         1.988992506790986E-004
   21.9093750000000         2.106600406955839E-004
   22.1231250000000         2.245018602138681E-004
   22.3368750000000         2.397851492180677E-004
   22.5506250000000         2.558401794543048E-004
   22.7643750000000         2.720003530215512E-004
   22.9781250000000         2.876459648046688E-004
   23.1918750000000         3.022381605976819E-004
   23.4056250000000         3.153328862127187E-004
   23.6193750000000         3.266182943183673E-004
   23.8331250000000         3.359148923996392E-004
   24.0468750000000         3.431829102580154E-004
   24.2606250000000         3.485166135630784E-004
   24.4743750000000         3.521293885632883E-004
   24.6881250000000         3.543346671237795E-004
   24.9018750000000         3.554826650016920E-004
   25.1156250000000         3.559969341486483E-004
   25.3293750000000         3.562553836392763E-004
   25.5431250000000         3.566586408523690E-004
   25.7568750000000         3.575419146365608E-004
   25.9706250000000         3.592195872490314E-004
   26.1843750000000         3.619857707180060E-004
   26.3981250000000         3.661263094868389E-004
   26.6118750000000         3.719382681055350E-004
   26.8256250000000         3.797372256696849E-004
   27.0393750000000         3.898493861030121E-004
   27.2531250000000         4.025796616207595E-004
   27.4668750000000         4.182039570700603E-004
   27.6806250000000         4.368666489726714E-004
   27.8943750000000         4.585544187546406E-004
   28.1081250000000         4.830438545870134E-004
   28.3218750000000         5.098713324478990E-004
   28.5356250000000         5.383384286122865E-004
   28.7493750000000         5.675469943758338E-004
   28.9631250000000         5.964679373482947E-004
   29.1768750000000         6.240350342492662E-004
   29.3906250000000         6.492510080016775E-004
   29.6043750000000         6.712908154839827E-004
   29.8181250000000         6.895873352115938E-004
   30.0318750000000         7.038781350243342E-004
   30.2456250000000         7.142258221097015E-004
   30.4593750000000         7.209776869183295E-004
   30.6731250000000         7.247193905147791E-004
   30.8868750000000         7.261745233190189E-004
   31.1006250000000         7.261027609021630E-004
   31.3143750000000         7.252162364896194E-004
   31.5281250000000         7.240840352696856E-004
   31.7418750000000         7.231436016876597E-004
   31.9556250000000         7.226208725956830E-004
   32.1693750000000         7.226292838521443E-004
   32.3831250000000         7.231396976873240E-004
   32.5968750000000         7.241022242600396E-004
   32.8106250000000         7.254567473729484E-004
   33.0243750000000         7.271739477630145E-004
   33.2381250000000         7.293074749945542E-004
   33.4518750000000         7.319543712900011E-004
   33.6656250000000         7.352478530111443E-004
   33.8793750000000         7.393167977918878E-004
   34.0931250000000         7.442427071407641E-004
   34.3068750000000         7.500241295251167E-004
   34.5206250000000         7.565586824482025E-004
   34.7343750000000         7.636416460976811E-004
   34.9481250000000         7.709842764827726E-004
   35.1618750000000         7.782555808937377E-004
   35.3756250000000         7.851338358173942E-004
   35.5893750000000         7.913650197329446E-004
   35.8031250000000         7.967890457573605E-004
   36.0168750000000         8.014157223150960E-004
   36.2306250000000         8.053844777177672E-004
   36.4443750000000         8.090126956366298E-004
   36.6581250000000         8.126942789264619E-004
   36.8718750000000         8.169296424099660E-004
   37.0856250000000         8.221754701999420E-004
   37.2993750000000         8.288737606794550E-004
   37.5131250000000         8.372982453697319E-004
   37.7268750000000         8.475945850203961E-004
   37.9406250000000         8.596972742592674E-004
   38.1543750000000         8.733492971361372E-004
   38.3681250000000         8.881229762498667E-004
   38.5818750000000         9.034648573571110E-004
   38.7956250000000         9.187608074272956E-004
   39.0093750000000         9.334094753591247E-004
   39.2231250000000         9.469041927602771E-004
   39.4368750000000         9.588818561541694E-004
   39.6506250000000         9.692149362233267E-004
   39.8643750000000         9.779993395853585E-004
   40.0781250000000         9.855700055863188E-004
   40.2918750000000         9.924613333938282E-004
   40.5056250000000         9.993455311020083E-004
   40.7193750000000         1.006949842659132E-003
   40.9331250000000         1.015960573850308E-003
   41.1468750000000         1.026934594706791E-003
   41.3606250000000         1.040221252281088E-003
   41.5743750000000         1.055936592493380E-003
   41.7881250000000         1.073939441161134E-003
   42.0018750000000         1.093860248301581E-003
   42.2156250000000         1.115163305149134E-003
   42.4293750000000         1.137230903809117E-003
   42.6431250000000         1.159454772423585E-003
   42.8568750000000         1.181319283274676E-003
   43.0706250000000         1.202464421055361E-003
   43.2843750000000         1.222720324742791E-003
   43.4981250000000         1.242075289201788E-003
   43.7118750000000         1.260684742830862E-003
   43.9256250000000         1.278743339457492E-003
   44.1393750000000         1.296446959641081E-003
   44.3531250000000         1.313900670295893E-003
   44.5668750000000         1.331066733153979E-003
   44.7806250000000         1.347742686696089E-003
   44.9943750000000         1.363578422021601E-003
   45.2081250000000         1.378129554341653E-003
   45.4218750000000         1.390932975579481E-003
   45.6356250000000         1.401605829963852E-003
   45.8493750000000         1.409928534492168E-003
   46.0631250000000         1.415910026200589E-003
   46.2768750000000         1.419813290264627E-003
   46.4906250000000         1.422138994580705E-003
   46.7043750000000         1.423565586332504E-003
   46.9181250000000         1.424856951408469E-003
   47.1318750000000         1.426752024870026E-003
   47.3456250000000         1.429856518357811E-003
   47.5593750000000         1.434555778803741E-003
   47.7731250000000         1.440964269695656E-003
   47.9868750000000         1.448921675371984E-003
   48.2006250000000         1.458035798265133E-003
   48.4143750000000         1.467767818553976E-003
   48.6281250000000         1.477534030623385E-003
   48.8418750000000         1.486827381577322E-003
   49.0556250000000         1.495315212536369E-003
   49.2693750000000         1.502908595225274E-003
   49.4831250000000         1.509794338709851E-003
   49.6968750000000         1.516380162375068E-003
   49.9106250000000         1.523275715701032E-003
   50.1243750000000         1.531163038423129E-003
   50.3381250000000         1.540692144684551E-003
   50.5518750000000         1.552367946050463E-003
   50.7656250000000         1.566463520376662E-003
   50.9793750000000         1.582963645438808E-003
   51.1931250000000         1.601570041990913E-003
   51.4068750000000         1.621723997892181E-003
   51.6206250000000         1.642690089046716E-003
   51.8343750000000         1.663659453275471E-003
   52.0481250000000         1.683861491890647E-003
   52.2618750000000         1.702667208725280E-003
   52.4756250000000         1.719671171467131E-003
   52.6893750000000         1.734731853622023E-003
   52.9031250000000         1.747969672367702E-003
   53.1168750000000         1.759729378905233E-003
   53.3306250000000         1.770519851228864E-003
   53.5443750000000         1.780910986246934E-003
   53.7581250000000         1.791442261942226E-003
   53.9718750000000         1.802538132921127E-003
   54.1856250000000         1.814456599339580E-003
   54.3993750000000         1.827244990488991E-003
   54.6131250000000         1.840775653933220E-003
   54.8268750000000         1.854767583799726E-003
   55.0406250000000         1.868869384949147E-003
   55.2543750000000         1.882734893114644E-003
   55.4681250000000         1.896101335070920E-003
   55.6818750000000         1.908848729890499E-003
   55.8956250000000         1.921029566769086E-003
   56.1093750000000         1.932863170883746E-003
   56.3231250000000         1.944695473516375E-003
   56.5368750000000         1.956933605811499E-003
   56.7506250000000         1.969956589451372E-003
   56.9643750000000         1.984046652124292E-003
   57.1781250000000         1.999304886825201E-003
   57.3918750000000         2.015616997907230E-003
   57.6056250000000         2.032677744781974E-003
   57.8193750000000         2.049969867486485E-003
   58.0331250000000         2.066918754567161E-003
   58.2468750000000         2.082895070755651E-003
   58.4606250000000         2.097406175940939E-003
   58.6743750000000         2.110092076545600E-003
   58.8881250000000         2.120874490278557E-003
   59.1018750000000         2.129885172177744E-003
   59.3156250000000         2.137529697862341E-003
   59.5293750000000         2.144356517761730E-003
   59.7431250000000         2.151001857625194E-003
   59.9568750000000         2.158099031335855E-003
   60.1706250000000         2.166140479770873E-003
   60.3843750000000         2.175460757397083E-003
   60.5981250000000         2.186148317734293E-003
   60.8118750000000         2.198115993986453E-003
   61.0256250000000         2.211074634611253E-003
   61.2393750000000         2.224687339958555E-003
   61.4531250000000         2.238579396661350E-003
   61.6668750000000         2.252495148189849E-003
   61.8806250000000         2.266302953844359E-003
   62.0943750000000         2.280059682745044E-003
   62.3081250000000         2.293994434720552E-003
   62.5218750000000         2.308468608098751E-003
   62.7356250000000         2.323907842146757E-003
   62.9493750000000         2.340725309118618E-003
   63.1631250000000         2.359217641469779E-003
   63.3768750000000         2.379575720279152E-003
   63.5906250000000         2.401767136763619E-003
   63.8043750000000         2.425623834927385E-003
   64.0181250000000         2.450789255178139E-003
   64.2318750000000         2.476830714110902E-003
   64.4456250000000         2.503253636141915E-003
   64.6593750000000         2.529558269011052E-003
   64.8731250000000         2.555275643078548E-003
   65.0868750000000         2.579980044238781E-003
   65.3006250000000         2.603286873106974E-003
   65.5143750000000         2.624839239045241E-003
   65.7281250000000         2.644294607635068E-003
   65.9418750000000         2.661320051148119E-003
   66.1556250000000         2.675605591620693E-003
   66.3693750000000         2.686898417551771E-003
   66.5831250000000         2.695051754186460E-003
   66.7968750000000         2.700078930615724E-003
   67.0106250000000         2.702219178541321E-003
   67.2243750000000         2.701949392016997E-003
   67.4381250000000         2.700006276725089E-003
   67.6518750000000         2.697332921658995E-003
   67.8656250000000         2.695005788009684E-003
   68.0793750000000         2.694124552206392E-003
   68.2931250000000         2.695703022464681E-003
   68.5068750000000         2.700529314552960E-003
   68.7206250000000         2.709102710397124E-003
   68.9343750000000         2.721564513387011E-003
   69.1481250000000         2.737708369091439E-003
   69.3618750000000         2.757030344126766E-003
   69.5756250000000         2.778830940383278E-003
   69.7893750000000         2.802320094401998E-003
   70.0031250000000         2.826738534917099E-003
   70.2168750000000         2.851453839542497E-003
   70.4306250000000         2.876003927049324E-003
   70.6443750000000         2.900128456572271E-003
   70.8581250000000         2.923718134832458E-003
   71.0718750000000         2.946742212396527E-003
   71.2856250000000         2.969169107595920E-003
   71.4993750000000         2.990878115628305E-003
   71.7131250000000         3.011611013982147E-003
   71.9268750000000         3.030947502133974E-003
   72.1406250000000         3.048360472945291E-003
   72.3543750000000         3.063260798631820E-003
   72.5681250000000         3.075130542160817E-003
   72.7818750000000         3.083629450243081E-003
   72.9956250000000         3.088693288105879E-003
   73.2093750000000         3.090599216744429E-003
   73.4231250000000         3.089975497118632E-003
   73.6368750000000         3.087756066235481E-003
   73.8506250000000         3.085083572711352E-003
   74.0643750000000         3.083177069291977E-003
   74.2781250000000         3.083186459018619E-003
   74.4918750000000         3.086058157903570E-003
   74.7056250000000         3.092428397807870E-003
   74.9193750000000         3.102604414451688E-003
   75.1331250000000         3.116526001193588E-003
   75.3468750000000         3.133857282062199E-003
   75.5606250000000         3.154068857190367E-003
   75.7743750000000         3.176558779646963E-003
   75.9881250000000         3.200761686906902E-003
   76.2018750000000         3.226242053580949E-003
   76.4156250000000         3.252715658911997E-003
   76.6293750000000         3.280098833386185E-003
   76.8431250000000         3.308422454536509E-003
   77.0568750000000         3.337787380903233E-003
   77.2706250000000         3.368261990018159E-003
   77.4843750000000         3.399806927415171E-003
   77.6981250000000         3.432183374737820E-003
   77.9118750000000         3.464983093155727E-003
   78.1256250000000         3.497569000379636E-003
   78.3393750000000         3.529178967043702E-003
   78.5531250000000         3.558972896450549E-003
   78.7668750000000         3.586131823452894E-003
   78.9806250000000         3.609951826389084E-003
   79.1943750000000         3.629922579573922E-003
   79.4081250000000         3.645780797099775E-003
   79.6218750000000         3.657531332654973E-003
   79.8356250000000         3.665437900807655E-003
   80.0493750000000         3.669984518095896E-003
   80.2631250000000         3.671818676588434E-003
   80.4768750000000         3.671683775319156E-003
   80.6906250000000         3.670351469775283E-003
   80.9043750000000         3.668568274650632E-003
   81.1181250000000         3.667009560887652E-003
   81.3318750000000         3.666252500114008E-003
   81.5456250000000         3.666762640944825E-003
   81.7593750000000         3.668892210670324E-003
   81.9731250000000         3.672884297771120E-003
   82.1868750000000         3.678877943838445E-003
   82.4006250000000         3.686917274660893E-003
   82.6143750000000         3.696936052634566E-003
   82.8281250000000         3.708790312281384E-003
   83.0418750000000         3.722200253386081E-003
   83.2556250000000         3.736810719029889E-003
   83.4693750000000         3.752115414554788E-003
   83.6831250000000         3.767540510439632E-003
   83.8968750000000         3.782408482700453E-003
   84.1106250000000         3.795988707509728E-003
   84.3243750000000         3.807536536844403E-003
   84.5381250000000         3.816344720154782E-003
   84.7518750000000         3.821800028517312E-003
   84.9656250000000         3.823440234807062E-003
   85.1793750000000         3.821005106255693E-003
   85.3931250000000         3.814474217925573E-003
   85.6068750000000         3.804087410377740E-003
   85.8206250000000         3.790341555296871E-003
   86.0343750000000         3.773960631712543E-003
   86.2481250000000         3.755851055380960E-003
   86.4618750000000         3.737028489864426E-003
   86.6756250000000         3.718535354272830E-003
   86.8893750000000         3.701353089121184E-003
   87.1031250000000         3.686355593688713E-003
   87.3168750000000         3.674189288582999E-003
   87.5306250000000         3.665314067876562E-003
   87.7443750000000         3.659913952459682E-003
   87.9581250000000         3.658003210209357E-003
   88.1718750000000         3.659379303864334E-003
   88.3856250000000         3.663760824843770E-003
   88.5993750000000         3.670784105328595E-003
   88.8131250000000         3.680093924200184E-003
   89.0268750000000         3.691370354437462E-003
   89.2406250000000         3.704350080089705E-003
   89.4543750000000         3.718819728604489E-003
   89.6681250000000         3.734593764516486E-003
   89.8818750000000         3.751480101021571E-003
   90.0956250000000         3.769243684135051E-003
   90.3093750000000         3.787584495562245E-003
   90.5231250000000         3.806118165828784E-003
   90.7368750000000         3.824396593772986E-003
   90.9506250000000         3.841935353533233E-003
   91.1643750000000         3.858275899184036E-003
   91.3781250000000         3.873039293644343E-003
   91.5918750000000         3.885989640904512E-003
   91.8056250000000         3.897080896409529E-003
   92.0193750000000         3.906482037790812E-003
   92.2331250000000         3.914571529484548E-003
   92.4468750000000         3.921905268866877E-003
   92.6606250000000         3.929155672249776E-003
   92.8743750000000         3.937035176417289E-003
   93.0881250000000         3.946212650373598E-003
   93.3018750000000         3.957238881752503E-003
   93.5156250000000         3.970480476096811E-003
   93.7293750000000         3.986094852920162E-003
   93.9431250000000         4.004009158535360E-003
   94.1568750000000         4.023959210755220E-003
   94.3706250000000         4.045520851399970E-003
   94.5843750000000         4.068166291033865E-003
   94.7981250000000         4.091336553517005E-003
   95.0118750000000         4.114495161735768E-003
   95.2256250000000         4.137177576107418E-003
   95.4393750000000         4.159029934638526E-003
   95.6531250000000         4.179809015916285E-003
   95.8668750000000         4.199401114791668E-003
   96.0806250000000         4.217791366077387E-003
   96.2943750000000         4.235036524520751E-003
   96.5081250000000         4.251257007778264E-003
   96.7218750000000         4.266544538840367E-003
   96.9356250000000         4.281004694569192E-003
   97.1493750000000         4.294675272529070E-003
   97.3631250000000         4.307533910158714E-003
   97.5768750000000         4.319485417184746E-003
   97.7906250000000         4.330372263901661E-003
   98.0043750000000         4.339995061244483E-003
   98.2181250000000         4.348142832022087E-003
   98.4318750000000         4.354634172402744E-003
   98.6456250000000         4.359361151876381E-003
   98.8593750000000         4.362331554354746E-003
   99.0731250000000         4.363700650300564E-003
   99.2868750000000         4.363787420628933E-003
   99.5006250000000         4.363067269256296E-003
   99.7143750000000         4.362141515768043E-003
   99.9281250000000         4.361681624363408E-003
   100.141875000000         4.362356002822469E-003
   100.355625000000         4.364749391033414E-003
   100.569375000000         4.369282472897360E-003
   100.783125000000         4.376152049496788E-003
   100.996875000000         4.385317305208364E-003
   101.210625000000         4.396449884991382E-003
   101.424375000000         4.409053348221535E-003
   101.638125000000         4.422450416071861E-003
   101.851875000000         4.435966383211513E-003
   102.065625000000         4.448961764898691E-003
   102.279375000000         4.460968834535224E-003
   102.493125000000         4.471746737727054E-003
   102.706875000000         4.481310026241934E-003
   102.920625000000         4.489912830591427E-003
   103.134375000000         4.497992330854849E-003
   103.348125000000         4.506074625687847E-003
   103.561875000000         4.514666135817370E-003
   103.775625000000         4.524176771459357E-003
   103.989375000000         4.534808943780753E-003
   104.203125000000         4.546540271777222E-003
   104.416875000000         4.559113331932328E-003
   104.630625000000         4.572098321357004E-003
   104.844375000000         4.584969279250737E-003
   105.058125000000         4.597228713195852E-003
   105.271875000000         4.608503042410623E-003
   105.485625000000         4.618617205120225E-003
   105.699375000000         4.627683543609911E-003
   105.913125000000         4.636064739932342E-003
   106.126875000000         4.644377708335648E-003
   106.340625000000         4.653393697190885E-003
   106.554375000000         4.663940669052385E-003
   106.768125000000         4.676795122505890E-003
   106.981875000000         4.692573150622300E-003
   107.195625000000         4.711668949581914E-003
   107.409375000000         4.734179481733849E-003
   107.623125000000         4.759985544432251E-003
   107.836875000000         4.788679613270483E-003
   108.050625000000         4.819744144637652E-003
   108.264375000000         4.852508069763208E-003
   108.478125000000         4.886331542394896E-003
   108.691875000000         4.920559476817431E-003
   108.905625000000         4.954647378233425E-003
   109.119375000000         4.988113604942579E-003
   109.333125000000         5.020562719185077E-003
   109.546875000000         5.051669747422174E-003
   109.760625000000         5.081153229284329E-003
   109.974375000000         5.108768634305141E-003
   110.188125000000         5.134309351139950E-003
   110.401875000000         5.157622892521216E-003
   110.615625000000         5.178639991038898E-003
   110.829375000000         5.197408650064936E-003
   111.043125000000         5.214121768559817E-003
   111.256875000000         5.229133358348534E-003
   111.470625000000         5.242955026697889E-003
   111.684375000000         5.256226647818314E-003
   111.898125000000         5.269665306443730E-003
   112.111875000000         5.283995158026719E-003
   112.325625000000         5.299870096424885E-003
   112.539375000000         5.317799154654071E-003
   112.753125000000         5.338086663626332E-003
   112.966875000000         5.360797483578804E-003
   113.180625000000         5.385748940947025E-003
   113.394375000000         5.412535416518538E-003
   113.608125000000         5.440576422075895E-003
   113.821875000000         5.469183403152290E-003
   114.035625000000         5.497633218533910E-003
   114.249375000000         5.525237986826895E-003
   114.463125000000         5.551401976935638E-003
   114.676875000000         5.575658095207912E-003
   114.890625000000         5.597682739443378E-003
   115.104375000000         5.617290661534704E-003
   115.318125000000         5.634413899503332E-003
   115.531875000000         5.649071674788981E-003
   115.745625000000         5.661340055721926E-003
   115.959375000000         5.671326609132753E-003
   116.173125000000         5.679157255287139E-003
   116.386875000000         5.684975192780803E-003
   116.600625000000         5.688949372955002E-003
   116.814375000000         5.691286463389747E-003
   117.028125000000         5.692276511611207E-003
   117.241875000000         5.692250549601917E-003
   117.455625000000         5.691649204510245E-003
   117.669375000000         5.690945218090720E-003
   117.883125000000         5.690681879079615E-003
   118.096875000000         5.691379243782752E-003
   118.310625000000         5.693524536514927E-003
   118.524375000000         5.697509908339030E-003
   118.738125000000         5.703607316570748E-003
   118.951875000000         5.711936141223579E-003
   119.165625000000         5.722461929766455E-003
   119.379375000000         5.735011814143607E-003
   119.593125000000         5.749310275031193E-003
   119.806875000000         5.765028655925241E-003
   120.020625000000         5.781841479530864E-003
   120.234375000000         5.799485648092998E-003
   120.448125000000         5.817776725798147E-003
   120.661875000000         5.836684226127401E-003
   120.875625000000         5.856284357763785E-003
   121.089375000000         5.876761384275559E-003
   121.303125000000         5.898362561512070E-003
   121.516875000000         5.921341397885365E-003
   121.730625000000         5.945900454124469E-003
   121.944375000000         5.972135690231134E-003
   122.158125000000         5.999998470019581E-003
   122.371875000000         6.029277903156515E-003
   122.585625000000         6.059607146645432E-003
   122.799375000000         6.090492994233404E-003
   123.013125000000         6.121363648601395E-003
   123.226875000000         6.151627122593060E-003
   123.440625000000         6.180729629473590E-003
   123.654375000000         6.208208780209077E-003
   123.868125000000         6.233728517783125E-003
   124.081875000000         6.257099264545738E-003
   124.295625000000         6.278277873096418E-003
   124.509375000000         6.297351828704461E-003
   124.723125000000         6.314514392829356E-003
   124.936875000000         6.330041892227472E-003
   125.150625000000         6.344234491801846E-003
   125.364375000000         6.357465593835893E-003
   125.578125000000         6.370087013594748E-003
   125.791875000000         6.382504390217314E-003
   126.005625000000         6.395110138428604E-003
   126.219375000000         6.408330853601007E-003
   126.433125000000         6.422594773284303E-003
   126.646875000000         6.438317224290505E-003
   126.860625000000         6.455876560120133E-003
   127.074375000000         6.475579938909497E-003
   127.288125000000         6.497628091778615E-003
   127.501875000000         6.522088634169098E-003
   127.715625000000         6.548875761671456E-003
   127.929375000000         6.577771331069967E-003
   128.143125000000         6.608409406369868E-003
   128.356875000000         6.640353578377486E-003
   128.570625000000         6.673133578728730E-003
   128.784375000000         6.706302339394607E-003
   128.998125000000         6.739486339125019E-003
   129.211875000000         6.772417524542707E-003
   129.425625000000         6.804942279488494E-003
   129.639375000000         6.837006407987167E-003
   129.853125000000         6.868618772970386E-003
   130.066875000000         6.899801267925108E-003
   130.280625000000         6.930532931623524E-003
   130.494375000000         6.960737554551457E-003
   130.708125000000         6.990207458166239E-003
   130.921875000000         7.018665821447386E-003
   131.135625000000         7.045775973468042E-003
   131.349375000000         7.071206013647236E-003
   131.563125000000         7.094683758076132E-003
   131.776875000000         7.116088522081568E-003
   131.990625000000         7.135485498027189E-003
   132.204375000000         7.153156042893364E-003
   132.418125000000         7.169579246630825E-003
   132.631875000000         7.185388887002935E-003
   132.845625000000         7.201268613078685E-003
   133.059375000000         7.217927227985039E-003
   133.273125000000         7.235907977349759E-003
   133.486875000000         7.255609519301368E-003
   133.700625000000         7.277142423249465E-003
   133.914375000000         7.300394382145249E-003
   134.128125000000         7.325006476126607E-003
   134.341875000000         7.350452530517265E-003
   134.555625000000         7.376119825749919E-003
   134.769375000000         7.401399629655530E-003
   134.983125000000         7.425767639615110E-003
   135.196875000000         7.448844681885097E-003
   135.410625000000         7.470429327197752E-003
   135.624375000000         7.490481061728404E-003
   135.838125000000         7.509114397993838E-003
   136.051875000000         7.526526218111627E-003
   136.265625000000         7.542952378153571E-003
   136.479375000000         7.558611214926464E-003
   136.693125000000         7.573669665639255E-003
   136.906875000000         7.588230335787888E-003
   137.120625000000         7.602340291674943E-003
   137.334375000000         7.616024137119794E-003
   137.548125000000         7.629295016515311E-003
   137.761875000000         7.642244252274327E-003
   137.975625000000         7.655001716017555E-003
   138.189375000000         7.667800175796768E-003
   138.403125000000         7.680929503222322E-003
   138.616875000000         7.694711002150049E-003
   138.830625000000         7.709473003824023E-003
   139.044375000000         7.725439341050309E-003
   139.258125000000         7.742752241333368E-003
   139.471875000000         7.761385321878946E-003
   139.685625000000         7.781145437783701E-003
   139.899375000000         7.801676365146359E-003
   140.113125000000         7.822494189597646E-003
   140.326875000000         7.843032904170611E-003
   140.540625000000         7.862724502144930E-003
   140.754375000000         7.881007165122548E-003
   140.968125000000         7.897460402184430E-003
   141.181875000000         7.911768554912555E-003
   141.395625000000         7.923804328181955E-003
   141.609375000000         7.933607044284899E-003
   141.823125000000         7.941371747314095E-003
   142.036875000000         7.947415652690654E-003
   142.250625000000         7.952131786289543E-003
   142.464375000000         7.955937244689886E-003
   142.678125000000         7.959221195013093E-003
   142.891875000000         7.962300128379785E-003
   143.105625000000         7.965384049795451E-003
   143.319375000000         7.968558408282990E-003
   143.533125000000         7.971784939396039E-003
   143.746875000000         7.974919505646588E-003
   143.960625000000         7.977743347912420E-003
   144.174375000000         7.980011737805553E-003
   144.388125000000         7.981504446506932E-003
   144.601875000000         7.982071527768368E-003
   144.815625000000         7.981672682872858E-003
   145.029375000000         7.980397724412216E-003
   145.243125000000         7.978465373016920E-003
   145.456875000000         7.976198515809633E-003
   145.670625000000         7.973977730711611E-003
   145.884375000000         7.972179431967598E-003
   146.098125000000         7.971108386937690E-003
   146.311875000000         7.970933832447005E-003
   146.525625000000         7.971638086030755E-003
   146.739375000000         7.973010912495361E-003
   146.953125000000         7.974659880080833E-003
   147.166875000000         7.976008642460872E-003
   147.380625000000         7.976436789840538E-003
   147.594375000000         7.975284546949778E-003
   147.808125000000         7.971996639670425E-003
   148.021875000000         7.966161283776101E-003
   148.235625000000         7.957579478404392E-003
   148.449375000000         7.946278904156683E-003
   148.663125000000         7.932474486952310E-003
   148.876875000000         7.916536204820830E-003
   149.090625000000         7.898921540511531E-003
   149.304375000000         7.880088937450482E-003
   149.518125000000         7.860427394770358E-003
   149.731875000000         7.840203005981062E-003
   149.945625000000         7.819531137643543E-003
   150.159375000000         7.798398090323920E-003
   150.373125000000         7.776665348836090E-003
   150.586875000000         7.754155947738446E-003
   150.800625000000         7.730688760623095E-003
   151.014375000000         7.706138990576864E-003
   151.228125000000         7.680472123033405E-003
   151.441875000000         7.653751063757374E-003
   151.655625000000         7.626127388845745E-003
   151.869375000000         7.597804159586631E-003
   152.083125000000         7.568983906870556E-003
   152.296875000000         7.539828321138122E-003
   152.510625000000         7.510427159777793E-003
   152.724375000000         7.480790466539562E-003
   152.938125000000         7.450865392860704E-003
   153.151875000000         7.420563286706889E-003
   153.365625000000         7.389832745432260E-003
   153.579375000000         7.358693687755398E-003
   153.793125000000         7.327291301187506E-003
   154.006875000000         7.295906226358580E-003
   154.220625000000         7.264918867831698E-003
   154.434375000000         7.234793627290202E-003
   154.648125000000         7.205992759869839E-003
   154.861875000000         7.178891925443661E-003
   155.075625000000         7.153698138567194E-003
   155.289375000000         7.130403688013426E-003
   155.503125000000         7.108731449685200E-003
   155.716875000000         7.088173244673204E-003
   155.930625000000         7.068027329480902E-003
   156.144375000000         7.047496154061954E-003
   156.358125000000         7.025786522207714E-003
   156.571875000000         7.002254526741028E-003
   156.785625000000         6.976424717337381E-003
   156.999375000000         6.948145538146437E-003
   157.213125000000         6.917523019989607E-003
   157.426875000000         6.884954727604714E-003
   157.640625000000         6.851051008667695E-003
   157.854375000000         6.816545868701599E-003
   158.068125000000         6.782204585865791E-003
   158.281875000000         6.748729661524704E-003
   158.495625000000         6.716694558494744E-003
   158.709375000000         6.686503514969921E-003
   158.923125000000         6.658382503267545E-003
   159.136875000000         6.632421535425297E-003
   159.350625000000         6.608587706835692E-003
   159.564375000000         6.586805593751053E-003
   159.778125000000         6.566997056357333E-003
   159.991875000000         6.549107654916795E-003
   160.205625000000         6.533114722602718E-003
   160.419375000000         6.519020672306817E-003
   160.633125000000         6.506804564816790E-003
   160.846875000000         6.496372911150962E-003
   161.060625000000         6.487514303415463E-003
   161.274375000000         6.479862352841263E-003
   161.488125000000         6.472883968707864E-003
   161.701875000000         6.465894460732177E-003
   161.915625000000         6.458102863054919E-003
   162.129375000000         6.448683275010759E-003
   162.343125000000         6.436860382857599E-003
   162.556875000000         6.422002758317625E-003
   162.770625000000         6.403703754426386E-003
   162.984375000000         6.381843746844560E-003
   163.198125000000         6.356622792414526E-003
   163.411875000000         6.328557176101507E-003
   163.625625000000         6.298443199121777E-003
   163.839375000000         6.267290737214894E-003
   164.053125000000         6.236236259091751E-003
   164.266875000000         6.206447352075550E-003
   164.480625000000         6.179025180473797E-003
   164.694375000000         6.154923513040922E-003
   164.908125000000         6.134883225038705E-003
   165.121875000000         6.119398755683944E-003
   165.335625000000         6.108676867303823E-003
   165.549375000000         6.102690726212041E-003
   165.763125000000         6.101168306941726E-003
   165.976875000000         6.103643498165849E-003
   166.190625000000         6.109500017193562E-003
   166.404375000000         6.118015326960200E-003
   166.618125000000         6.128401553617251E-003
   166.831875000000         6.139839744034980E-003
   167.045625000000         6.151507848917736E-003
   167.259375000000         6.162607420621561E-003
   167.473125000000         6.172381950803298E-003
   167.686875000000         6.180135986670809E-003
   167.900625000000         6.185264653020456E-003
   168.114375000000         6.187270860327650E-003
   168.328125000000         6.185789932267995E-003
   168.541875000000         6.180610284685418E-003
   168.755625000000         6.171688785215739E-003
   168.969375000000         6.159155766313294E-003
   169.183125000000         6.143308418947271E-003
   169.396875000000         6.124593314226609E-003
   169.610625000000         6.103578618921158E-003
   169.824375000000         6.080917939687650E-003
   170.038125000000         6.057313273176030E-003
   170.251875000000         6.033479919149927E-003
   170.465625000000         6.010118297920913E-003
   170.679375000000         5.987896674902633E-003
   170.893125000000         5.967441560960408E-003
   171.106875000000         5.949337641846169E-003
   171.320625000000         5.934130132712693E-003
   171.534375000000         5.922312667596394E-003
   171.748125000000         5.914322692257128E-003
   171.961875000000         5.910508727390454E-003
   172.175625000000         5.911090882481075E-003
   172.389375000000         5.916108632910973E-003
   172.603125000000         5.925365003072951E-003
   172.816875000000         5.938383216584953E-003
   173.030625000000         5.954381293720557E-003
   173.244375000000         5.972272488925356E-003
   173.458125000000         5.990738026619894E-003
   173.671875000000         6.008260486590431E-003
   173.885625000000         6.023281176751041E-003
   174.099375000000         6.034313220672844E-003
   174.313125000000         6.040072912886181E-003
   174.526875000000         6.039621557444828E-003
   174.740625000000         6.032433937639772E-003
   174.954375000000         6.018439695969150E-003
   175.168125000000         5.998000417183220E-003
   175.381875000000         5.971833657369687E-003
   175.595625000000         5.940887901616063E-003
   175.809375000000         5.906261642072339E-003
   176.023125000000         5.869004340559707E-003
   176.236875000000         5.830059840514927E-003
   176.450625000000         5.790175783469237E-003
   176.664375000000         5.749891506928944E-003
   176.878125000000         5.709569337082876E-003
   177.091875000000         5.669468621417758E-003
   177.305625000000         5.629837903137785E-003
   177.519375000000         5.591003317314045E-003
   177.733125000000         5.553440070056776E-003
   177.946875000000         5.517801818854412E-003
   178.160625000000         5.484877710368123E-003
   178.374375000000         5.455560391212260E-003
   178.588125000000         5.430719855369338E-003
   178.801875000000         5.411093172762915E-003
   179.015625000000         5.397167512606397E-003
   179.229375000000         5.389115552980649E-003
   179.443125000000         5.386731527533997E-003
   179.656875000000         5.389468051002294E-003
   179.870625000000         5.396487860721926E-003
   180.084375000000         5.406772785200988E-003
   180.298125000000         5.419247673659837E-003
   180.511875000000         5.432897502156729E-003
   180.725625000000         5.446858273825386E-003
   180.939375000000         5.460470153198372E-003
   181.153125000000         5.473283665066029E-003
   181.366875000000         5.485029578709358E-003
   181.580625000000         5.495549752115842E-003
   181.794375000000         5.504720478748435E-003
   182.008125000000         5.512382729229289E-003
   182.221875000000         5.518296621879997E-003
   182.435625000000         5.522131357485620E-003
   182.649375000000         5.523495067932926E-003
   182.863125000000         5.521992449168907E-003
   183.076875000000         5.517302310182702E-003
   183.290625000000         5.509255487183343E-003
   183.504375000000         5.497891771550692E-003
   183.718125000000         5.483483346827665E-003
   183.931875000000         5.466525258337814E-003
   184.145625000000         5.447683661329574E-003
   184.359375000000         5.427717371750705E-003
   184.573125000000         5.407388644422239E-003
   184.786875000000         5.387379352926405E-003
   185.000625000000         5.368229568876174E-003
   185.214375000000         5.350309229283814E-003
   185.428125000000         5.333825954641076E-003
   185.641875000000         5.318864731637244E-003
   185.855625000000         5.305448143189275E-003
   186.069375000000         5.293599168854358E-003
   186.283125000000         5.283389752477203E-003
   186.496875000000         5.274963981190465E-003
   186.710625000000         5.268529827907245E-003
   186.924375000000         5.264317734237544E-003
   187.138125000000         5.262510714674346E-003
   187.351875000000         5.263172540447557E-003
   187.565625000000         5.266179114600265E-003
   187.779375000000         5.271177326258601E-003
   187.993125000000         5.277577778945667E-003
   188.206875000000         5.284593705894311E-003
   188.420625000000         5.291304633841221E-003
   188.634375000000         5.296757163891386E-003
   188.848125000000         5.300069470353826E-003
   189.061875000000         5.300528343170513E-003
   189.275625000000         5.297658842929550E-003
   189.489375000000         5.291258272541716E-003
   189.703125000000         5.281390975218183E-003
   189.916875000000         5.268341049311294E-003
   190.130625000000         5.252544843305701E-003
   190.344375000000         5.234508894402811E-003
   190.558125000000         5.214733140997521E-003
   190.771875000000         5.193653845085712E-003
   190.985625000000         5.171614276559217E-003
   191.199375000000         5.148867322416479E-003
   191.413125000000         5.125598997577034E-003
   191.626875000000         5.101982615349309E-003
   191.840625000000         5.078232237197970E-003
   192.054375000000         5.054619355644828E-003
   192.268125000000         5.031561213523324E-003
   192.481875000000         5.009537138917228E-003
   192.695625000000         4.989148811678694E-003
   192.909375000000         4.971006081359220E-003
   193.123125000000         4.955714403447727E-003
   193.336875000000         4.943776262407407E-003
   193.550625000000         4.935568264745902E-003
   193.764375000000         4.931258043645222E-003
   193.978125000000         4.930831876569791E-003
   194.191875000000         4.934050848578423E-003
   194.405625000000         4.940491051786851E-003
   194.619375000000         4.949572223646855E-003
   194.833125000000         4.960597429654844E-003
   195.046875000000         4.972797295066700E-003
   195.260625000000         4.985398021954318E-003
   195.474375000000         4.997606500783417E-003
   195.688125000000         5.008695186982334E-003
   195.901875000000         5.017983677000887E-003
   196.115625000000         5.024911681946611E-003
   196.329375000000         5.029001478065767E-003
   196.543125000000         5.029919928615189E-003
   196.756875000000         5.027468173454187E-003
   196.970625000000         5.021585034870660E-003
   197.184375000000         5.012356023057485E-003
   197.398125000000         4.999995194350808E-003
   197.611875000000         4.984823105231399E-003
   197.825625000000         4.967246793834354E-003
   198.039375000000         4.947706735413252E-003
   198.253125000000         4.926696658682194E-003
   198.466875000000         4.904673727984823E-003
   198.680625000000         4.882101542444308E-003
   198.894375000000         4.859407126942709E-003
   199.108125000000         4.836993286189147E-003
   199.321875000000         4.815250885804872E-003
   199.535625000000         4.794572137293346E-003
   199.749375000000         4.775361176572008E-003
   199.963125000000         4.758042137620342E-003
   200.176875000000         4.743053107666123E-003
   200.390625000000         4.730819930425130E-003
   200.604375000000         4.721730711320762E-003
   200.818125000000         4.716095459904653E-003
   201.031875000000         4.714102370835613E-003
   201.245625000000         4.715781045953507E-003
   201.459375000000         4.720971161101941E-003
   201.673125000000         4.729307879842373E-003
   201.886875000000         4.740228016281655E-003
   202.100625000000         4.752990844789210E-003
   202.314375000000         4.766716585388035E-003
   202.528125000000         4.780439236130925E-003
   202.741875000000         4.793166582822245E-003
   202.955625000000         4.803942605995299E-003
   203.169375000000         4.811909882714225E-003
   203.383125000000         4.816356616043753E-003
   203.596875000000         4.816739311161308E-003
   203.810625000000         4.812749744084160E-003
   204.024375000000         4.804291432252658E-003
   204.238125000000         4.791491869701581E-003
   204.451875000000         4.774685746602775E-003
   204.665625000000         4.754386615959796E-003
   204.879375000000         4.731256399375722E-003
   205.093125000000         4.706054464243001E-003
   205.306875000000         4.679617276610541E-003
   205.520625000000         4.652785708613173E-003
   205.734375000000         4.626387284449161E-003
   205.948125000000         4.601197077220064E-003
   206.161875000000         4.577909126653092E-003
   206.375625000000         4.557120125821270E-003
   206.589375000000         4.539318642112881E-003
   206.803125000000         4.524879306565604E-003
   207.016875000000         4.514056117091796E-003
   207.230625000000         4.506980496734708E-003
   207.444375000000         4.503655524557479E-003
   207.658125000000         4.503949321447692E-003
   207.871875000000         4.507588168814536E-003
   208.085625000000         4.514149417504732E-003
   208.299375000000         4.523064481008629E-003
   208.513125000000         4.533629334082996E-003
   208.726875000000         4.545028330632110E-003
   208.940625000000         4.556373086605531E-003
   209.154375000000         4.566753672526887E-003
   209.368125000000         4.575300751545220E-003
   209.581875000000         4.581247391981788E-003
   209.795625000000         4.583996861724497E-003
   210.009375000000         4.583143153246502E-003
   210.223125000000         4.578532870249055E-003
   210.436875000000         4.570227123265228E-003
   210.650625000000         4.558512954565493E-003
   210.864375000000         4.543844439990850E-003
   211.078125000000         4.526790069377334E-003
   211.291875000000         4.507980486248062E-003
   211.505625000000         4.488049726757884E-003
   211.719375000000         4.467593824630230E-003
   211.933125000000         4.447151450314702E-003
   212.146875000000         4.427196413477988E-003
   212.360625000000         4.408147487013096E-003
   212.574375000000         4.390385264178185E-003
   212.788125000000         4.374268664193280E-003
   213.001875000000         4.360143023309568E-003
   213.215625000000         4.348334518237973E-003
   213.429375000000         4.339129018857197E-003
   213.643125000000         4.332737171105643E-003
   213.856875000000         4.329255296194454E-003
   214.070625000000         4.328624515407606E-003
   214.284375000000         4.330605130441493E-003
   214.498125000000         4.334770999455608E-003
   214.711875000000         4.340527898627208E-003
   214.925625000000         4.347157125311671E-003
   215.139375000000         4.353880058015881E-003
   215.353125000000         4.359931783970394E-003
   215.566875000000         4.364636500453218E-003
   215.780625000000         4.367468407207690E-003
   215.994375000000         4.368092799527659E-003
   216.208125000000         4.366378207801117E-003
   216.421875000000         4.362382737214800E-003
   216.635625000000         4.356319499852446E-003
   216.849375000000         4.348483011348128E-003
   217.063125000000         4.339231250923182E-003
   217.276875000000         4.328908512346213E-003
   217.490625000000         4.317823789846696E-003
   217.704375000000         4.306235392905491E-003
   217.918125000000         4.294360809893814E-003
   218.131875000000         4.282386361899542E-003
   218.345625000000         4.270497674562466E-003
   218.559375000000         4.258912167528149E-003
   218.773125000000         4.247872710678017E-003
   218.986875000000         4.237652626429389E-003
   219.200625000000         4.228534184788842E-003
   219.414375000000         4.220777788782816E-003
   219.628125000000         4.214577715605154E-003
   219.841875000000         4.210023210025098E-003
   220.055625000000         4.207087354701312E-003
   220.269375000000         4.205618337491371E-003
   220.483125000000         4.205317749514586E-003
   220.696875000000         4.205836787821948E-003
   220.910625000000         4.206744427336010E-003
   221.124375000000         4.207658855302989E-003
   221.338125000000         4.208218374195065E-003
   221.551875000000         4.208167157426015E-003
   221.765625000000         4.207347326008163E-003
   221.979375000000         4.205700128081869E-003
   222.193125000000         4.203243867986678E-003
   222.406875000000         4.200040879239996E-003
   222.620625000000         4.196167091522640E-003
   222.834375000000         4.191652607691051E-003
   223.048125000000         4.186505169380939E-003
   223.261875000000         4.180674740844891E-003
   223.475625000000         4.174075102528287E-003
   223.689375000000         4.166602240874332E-003
   223.903125000000         4.158165120943581E-003
   224.116875000000         4.148708865483467E-003
   224.330625000000         4.138253223683762E-003
   224.544375000000         4.126876895175284E-003
   224.758125000000         4.114732585901603E-003
   224.971875000000         4.102026743072023E-003
   225.185625000000         4.088995416591155E-003
   225.399375000000         4.075906669419240E-003
   225.613125000000         4.063011820728103E-003
   225.826875000000         4.050547764767056E-003
   226.040625000000         4.038730166414979E-003
   226.254375000000         4.027757335375894E-003
   226.468125000000         4.017819224907250E-003
   226.681875000000         4.009110460231352E-003
   226.895625000000         4.001813755256486E-003
   227.109375000000         3.996127566638718E-003
   227.323125000000         3.992234144840443E-003
   227.536875000000         3.990285577779501E-003
   227.750625000000         3.990375442697940E-003
   227.964375000000         3.992517730892359E-003
   228.178125000000         3.996620685972696E-003
   228.391875000000         4.002481958430505E-003
   228.605625000000         4.009777104252754E-003
   228.819375000000         4.018103253565720E-003
   229.033125000000         4.026979083237199E-003
   229.246875000000         4.035886706656766E-003
   229.460625000000         4.044306727300604E-003
   229.674375000000         4.051756652766476E-003
   229.888125000000         4.057813210163489E-003
   230.101875000000         4.062137017976733E-003
   230.315625000000         4.064486041684545E-003
   230.529375000000         4.064707930835683E-003
   230.743125000000         4.062768129184469E-003
   230.956875000000         4.058722707165760E-003
   231.170625000000         4.052729406197891E-003
   231.384375000000         4.045047229582845E-003
   231.598125000000         4.036009255564492E-003
   231.811875000000         4.026064885364227E-003
   232.025625000000         4.015701723599499E-003
   232.239375000000         4.005493268182489E-003
   232.453125000000         3.995996775105690E-003
   232.666875000000         3.987795860128855E-003
   232.880625000000         3.981365473860534E-003
   233.094375000000         3.977120277197919E-003
   233.308125000000         3.975296119910439E-003
   233.521875000000         3.975968542845089E-003
   233.735625000000         3.979013941044954E-003
   233.949375000000         3.984123150562985E-003
   234.163125000000         3.990800806089633E-003
   234.376875000000         3.998420308726101E-003
   234.590625000000         4.006243123435633E-003
   234.804375000000         4.013493871123191E-003
   235.018125000000         4.019397220903342E-003
   235.231875000000         4.023253613765582E-003
   235.445625000000         4.024434416653185E-003
   235.659375000000         4.022470506699029E-003
   235.873125000000         4.017033014215676E-003
   236.086875000000         4.007985014817535E-003
   236.300625000000         3.995360445769899E-003
   236.514375000000         3.979385934756168E-003
   236.728125000000         3.960450631775378E-003
   236.941875000000         3.939111058874309E-003
   237.155625000000         3.916051456051984E-003
   237.369375000000         3.892055344141513E-003
   237.583125000000         3.867962576904996E-003
   237.796875000000         3.844623821766908E-003
   238.010625000000         3.822845495814145E-003
   238.224375000000         3.803348658407774E-003
   238.438125000000         3.786718971499728E-003
   238.651875000000         3.773384568114747E-003
   238.865625000000         3.763593754389940E-003
   239.079375000000         3.757414786083478E-003
   239.293125000000         3.754747076179993E-003
   239.506875000000         3.755345562530349E-003
   239.720625000000         3.758850883155535E-003
   239.934375000000         3.764820878012821E-003
   240.148125000000         3.772759278889982E-003
   240.361875000000         3.782137572906703E-003
   240.575625000000         3.792409672252124E-003
   240.789375000000         3.803020444032292E-003
   241.003125000000         3.813411040761961E-003
   241.216875000000         3.823026112565456E-003
   241.430625000000         3.831329209476203E-003
   241.644375000000         3.837816664900033E-003
   241.858125000000         3.842059724598840E-003
   242.071875000000         3.843738232816038E-003
   242.285625000000         3.842680866356024E-003
   242.499375000000         3.838906726534086E-003
   242.713125000000         3.832627420723760E-003
   242.926875000000         3.824296575385989E-003
   243.140625000000         3.814533452154368E-003
   243.354375000000         3.804125816178178E-003
   243.568125000000         3.793931991388709E-003
   243.781875000000         3.784821289425546E-003
   243.995625000000         3.777567094716156E-003
   244.209375000000         3.772794997037323E-003
   244.423125000000         3.770887106527834E-003
   244.636875000000         3.771970948077324E-003
   244.850625000000         3.775893190444070E-003
   245.064375000000         3.782252219008361E-003
   245.278125000000         3.790440646508328E-003
   245.491875000000         3.799752813331639E-003
   245.705625000000         3.809401068296701E-003
   245.919375000000         3.818633804350093E-003
   246.133125000000         3.826790850724787E-003
   246.346875000000         3.833330834926236E-003
   246.560625000000         3.837885077223031E-003
   246.774375000000         3.840238105954188E-003
   246.988125000000         3.840317569245022E-003
   247.201875000000         3.838159868443067E-003
   247.415625000000         3.833876236041599E-003
   247.629375000000         3.827622767276974E-003
   247.843125000000         3.819549105703288E-003
   248.056875000000         3.809851005505087E-003
   248.270625000000         3.798703268689826E-003
   248.484375000000         3.786309974503227E-003
   248.698125000000         3.772921133227953E-003
   248.911875000000         3.758841222982607E-003
   249.125625000000         3.744458491397659E-003
   249.339375000000         3.730244010582021E-003
   249.553125000000         3.716742931468198E-003
   249.766875000000         3.704546511050018E-003
   249.980625000000         3.694249277829459E-003
   250.194375000000         3.686393806097476E-003
   250.408125000000         3.681410737866970E-003
   250.621875000000         3.679560999624194E-003
   250.835625000000         3.680889893523211E-003
   251.049375000000         3.685198373980890E-003
   251.263125000000         3.692040254151341E-003
   251.476875000000         3.700745223204368E-003
   251.690625000000         3.710484750687606E-003
   251.904375000000         3.720326558144476E-003
   252.118125000000         3.729319258768355E-003
   252.331875000000         3.736600910328798E-003
   252.545625000000         3.741442122540668E-003
   252.759375000000         3.743349395304403E-003
   252.973125000000         3.742074344592086E-003
   253.186875000000         3.737631360173950E-003
   253.400625000000         3.730265483695404E-003
   253.614375000000         3.720414878841751E-003
   253.828125000000         3.708616857447935E-003
   254.041875000000         3.695476016334282E-003
   254.255625000000         3.681576026077307E-003
   254.469375000000         3.667428750885568E-003
   254.683125000000         3.653473364075423E-003
   254.896875000000         3.640001833779234E-003
   255.110625000000         3.627251784130920E-003
   255.324375000000         3.615375111516969E-003
   255.538125000000         3.604488631534767E-003
   255.751875000000         3.594703671121056E-003
   255.965625000000         3.586138820710987E-003
   256.179375000000         3.578926169020832E-003
   256.393125000000         3.573198399820952E-003
   256.606875000000         3.569064584843902E-003
   256.820625000000         3.566579401393323E-003
   257.034375000000         3.565715185513619E-003
   257.248125000000         3.566342543758177E-003
   257.461875000000         3.568224634935774E-003
   257.675625000000         3.571029172101569E-003
   257.889375000000         3.574354615270038E-003
   258.103125000000         3.577767229827241E-003
   258.316875000000         3.580840483092627E-003
   258.530625000000         3.583193290020595E-003
   258.744375000000         3.584513677259615E-003
   258.958125000000         3.584575378098885E-003
   259.171875000000         3.583237149170393E-003
   259.385625000000         3.580432487315689E-003
   259.599375000000         3.576155705239754E-003
   259.813125000000         3.570455467854624E-003
   260.026875000000         3.563416922507210E-003
   260.240625000000         3.555203558618943E-003
   260.454375000000         3.546022643498223E-003
   260.668125000000         3.536198940821179E-003
   260.881875000000         3.526158809655153E-003
   261.095625000000         3.516449508271239E-003
   261.309375000000         3.507727860240274E-003
   261.523125000000         3.500724123747231E-003
   261.736875000000         3.496188105904167E-003
   261.950625000000         3.494808821467574E-003
   262.164375000000         3.497136357849315E-003
   262.378125000000         3.503505787706079E-003
   262.591875000000         3.513984869480956E-003
   262.805625000000         3.528353825979087E-003
   263.019375000000         3.546124959907820E-003
   263.233125000000         3.566554910235755E-003
   263.446875000000         3.588790515285857E-003
   263.660625000000         3.611885974006351E-003
   263.874375000000         3.634979953479210E-003
   264.088125000000         3.657291621125335E-003
   264.301875000000         3.678234761306313E-003
   264.515625000000         3.697394419935841E-003
   264.729375000000         3.714505549087904E-003
   264.943125000000         3.729410198742207E-003
   265.156875000000         3.741982563965213E-003
   265.370625000000         3.752059765916994E-003
   265.584375000000         3.759400122947126E-003
   265.798125000000         3.763665547910106E-003
   266.011875000000         3.764440324152539E-003
   266.225625000000         3.761289389743448E-003
   266.439375000000         3.753836761926587E-003
   266.653125000000         3.741826912393289E-003
   266.866875000000         3.725267582208258E-003
   267.080625000000         3.704392011802780E-003
   267.294375000000         3.679747661920767E-003
   267.508125000000         3.652125326686205E-003
   267.721875000000         3.622504883267015E-003
   267.935625000000         3.591954746977750E-003
   268.149375000000         3.561528044832449E-003
   268.363125000000         3.532167462619333E-003
   268.576875000000         3.504615645955853E-003
   268.790625000000         3.479406768100537E-003
   269.004375000000         3.456827860888634E-003
   269.218125000000         3.436981987585326E-003
   269.431875000000         3.419831774352221E-003
   269.645625000000         3.405281247284657E-003
   269.859375000000         3.393236161834183E-003
   270.073125000000         3.383643706864607E-003
   270.286875000000         3.376509736593320E-003
   270.500625000000         3.371883988965761E-003
   270.714375000000         3.369819864137378E-003
   270.928125000000         3.370323327486855E-003
   271.141875000000         3.373300079372697E-003
   271.355625000000         3.378517625299051E-003
   271.569375000000         3.385592170046486E-003
   271.783125000000         3.394004316223301E-003
   271.996875000000         3.403143722968110E-003
   272.210625000000         3.412372540076584E-003
   272.424375000000         3.421097517845354E-003
   272.638125000000         3.428836794123871E-003
   272.851875000000         3.435269302909917E-003
   273.065625000000         3.440262228132598E-003
   273.279375000000         3.443834915862721E-003
   273.493125000000         3.446181332185196E-003
   273.706875000000         3.447572776828411E-003
   273.920625000000         3.448316294174881E-003
   274.134375000000         3.448709254447202E-003
   274.348125000000         3.448997752608586E-003
   274.561875000000         3.449365164645708E-003
   274.775625000000         3.449947094284216E-003
   274.989375000000         3.450849987776228E-003
   275.203125000000         3.452229110783468E-003
   275.416875000000         3.454256605124161E-003
   275.630625000000         3.457198259386117E-003
   275.844375000000         3.461399490623853E-003
   276.058125000000         3.467256649333210E-003
   276.271875000000         3.475187072980952E-003
   276.485625000000         3.485542122406550E-003
   276.699375000000         3.498561593536613E-003
   276.913125000000         3.514270558654334E-003
   277.126875000000         3.532496964546694E-003
   277.340625000000         3.552775444973395E-003
   277.554375000000         3.574427634610097E-003
   277.768125000000         3.596561278930658E-003
   277.981875000000         3.618155078085206E-003
   278.195625000000         3.638141129997524E-003
   278.409375000000         3.655498182984701E-003
   278.623125000000         3.669343571771887E-003
   278.836875000000         3.678993932325549E-003
   279.050625000000         3.684013654224270E-003
   279.264375000000         3.684236436129063E-003
   279.478125000000         3.679755481140085E-003
   279.691875000000         3.670891051180311E-003
   279.905625000000         3.658142889835621E-003
   280.119375000000         3.642133262850749E-003
   280.333125000000         3.623548421791038E-003
   280.546875000000         3.603091092924222E-003
   280.760625000000         3.581438472044944E-003
   280.974375000000         3.559215356479501E-003
   281.188125000000         3.536982433202052E-003
   281.401875000000         3.515236973970679E-003
   281.615625000000         3.494420823469839E-003
   281.829375000000         3.474932161645199E-003
   282.043125000000         3.457138020224234E-003
   282.256875000000         3.441381788707999E-003
   282.470625000000         3.427984788383366E-003
   282.684375000000         3.417237386161118E-003
   282.898125000000         3.409365951557000E-003
   283.111875000000         3.404543169097247E-003
   283.325625000000         3.402833609940860E-003
   283.539375000000         3.404184894970684E-003
   283.753125000000         3.408402089630441E-003
   283.966875000000         3.415157058107449E-003
   284.180625000000         3.423967288415833E-003
   284.394375000000         3.434234890861877E-003
   284.608125000000         3.445273720433886E-003
   284.821875000000         3.456353052455676E-003
   285.035625000000         3.466747536928438E-003
   285.249375000000         3.475790073010067E-003
   285.463125000000         3.482915539019391E-003
   285.676875000000         3.487698724774799E-003
   285.890625000000         3.489871816654345E-003
   286.104375000000         3.489337402818423E-003
   286.318125000000         3.486161437439600E-003
   286.531875000000         3.480554981481592E-003
   286.745625000000         3.472849177183420E-003
   286.959375000000         3.463463767515297E-003
   287.173125000000         3.452880532220892E-003
   287.386875000000         3.441614568279314E-003
   287.600625000000         3.430192673624244E-003
   287.814375000000         3.419136259892586E-003
   288.028125000000         3.408948310570304E-003
   288.241875000000         3.400103259200691E-003
   288.455625000000         3.393036951075127E-003
   288.669375000000         3.388136795361885E-003
   288.883125000000         3.385731033817976E-003
   289.096875000000         3.386077269397620E-003
   289.310625000000         3.389351572305468E-003
   289.524375000000         3.395638138350714E-003
   289.738125000000         3.404923614172570E-003
   289.951875000000         3.417093262846303E-003
   290.165625000000         3.431932327751854E-003
   290.379375000000         3.449130028340527E-003
   290.593125000000         3.468285347353541E-003
   290.806875000000         3.488914951392897E-003
   291.020625000000         3.510461782577000E-003
   291.234375000000         3.532304399655131E-003
   291.448125000000         3.553769632822738E-003
   291.661875000000         3.574148938208345E-003
   291.875625000000         3.592720289770896E-003
   292.089375000000         3.608779204597953E-003
   292.303125000000         3.621674743774861E-003
   292.516875000000         3.630851568357659E-003
   292.730625000000         3.635894075751429E-003
   292.944375000000         3.636565718200481E-003
   293.158125000000         3.632838969953918E-003
   293.371875000000         3.624909778181035E-003
   293.585625000000         3.613192668470888E-003
   293.799375000000         3.598296578836634E-003
   294.013125000000         3.580981602001483E-003
   294.226875000000         3.562101689517483E-003
   294.440625000000         3.542542026957955E-003
   294.654375000000         3.523158933519642E-003
   294.868125000000         3.504729871508737E-003
   295.081875000000         3.487919542520341E-003
   295.295625000000         3.473264302491932E-003
   295.509375000000         3.461173967592375E-003
   295.723125000000         3.451946810741650E-003
   295.936875000000         3.445788391278180E-003
   296.150625000000         3.442830124710332E-003
   296.364375000000         3.443135369618463E-003
   296.578125000000         3.446696140013700E-003
   296.791875000000         3.453414985032034E-003
   297.005625000000         3.463079071533271E-003
   297.219375000000         3.475331632190607E-003
   297.433125000000         3.489653599018385E-003
   297.646875000000         3.505359901611213E-003
   297.860625000000         3.521619345657531E-003
   298.074375000000         3.537500050727678E-003
   298.288125000000         3.552036197879283E-003
   298.501875000000         3.564309066571124E-003
   298.715625000000         3.573531144249449E-003
   298.929375000000         3.579119672858741E-003
   299.143125000000         3.580748343232357E-003
   299.356875000000         3.578368115559047E-003
   299.570625000000         3.572195334979579E-003
   299.784375000000         3.562668087006294E-003
   299.998125000000         3.550378354203177E-003
   300.211875000000         3.535995796765877E-003
   300.425625000000         3.520193187250310E-003
   300.639375000000         3.503584176265930E-003
   300.853125000000         3.486687848868022E-003
   301.066875000000         3.469916693740762E-003
   301.280625000000         3.453588329715434E-003
   301.494375000000         3.437971855147681E-003
   301.708125000000         3.423312164175131E-003
   301.921875000000         3.409874784229742E-003
   302.135625000000         3.397968249309074E-003
   302.349375000000         3.387947240107643E-003
   302.563125000000         3.380195738281646E-003
   302.776875000000         3.375091164307733E-003
   302.990625000000         3.372958606112036E-003
   303.204375000000         3.374022396548633E-003
   303.418125000000         3.378365589080085E-003
   303.631875000000         3.385907889206926E-003
   303.845625000000         3.396399099173860E-003
   304.059375000000         3.409434435736525E-003
   304.273125000000         3.424485033304036E-003
   304.486875000000         3.440938289488394E-003
   304.700625000000         3.458141990910493E-003
   304.914375000000         3.475444345170780E-003
   305.128125000000         3.492223985502763E-003
   305.341875000000         3.507912713818247E-003
   305.555625000000         3.522008766143974E-003
   305.769375000000         3.534089736345411E-003
   305.983125000000         3.543794915128187E-003
   306.196875000000         3.550882285349935E-003
   306.410625000000         3.555177922826504E-003
   306.624375000000         3.556643878302926E-003
   306.838125000000         3.555352135828378E-003
   307.051875000000         3.551529964455659E-003
   307.265625000000         3.545494899893618E-003
   307.479375000000         3.537715475458861E-003
   307.693125000000         3.528717332950591E-003
   307.906875000000         3.519077771006276E-003
   308.120625000000         3.509365478336525E-003
   308.334375000000         3.500095498291755E-003
   308.548125000000         3.491701723993966E-003
   308.761875000000         3.484515096992851E-003
   308.975625000000         3.478754628812105E-003
   309.189375000000         3.474550066475667E-003
   309.403125000000         3.471958718538616E-003
   309.616875000000         3.471001286615026E-003
   309.830625000000         3.471687350052490E-003
   310.044375000000         3.474035356576895E-003
   310.258125000000         3.478064731759180E-003
   310.471875000000         3.483787201748845E-003
   310.685625000000         3.491180014995628E-003
   310.899375000000         3.500146730798472E-003
   311.113125000000         3.510490783408476E-003
   311.326875000000         3.521899319824418E-003
   311.540625000000         3.533948708295319E-003
   311.754375000000         3.546129707465012E-003
   311.968125000000         3.557894973243938E-003
   312.181875000000         3.568719411934940E-003
   312.395625000000         3.578134722854059E-003
   312.609375000000         3.585837059338554E-003
   312.823125000000         3.591642765121837E-003
   313.036875000000         3.595555193939350E-003
   313.250625000000         3.597681122311965E-003
   313.464375000000         3.598239653790122E-003
   313.678125000000         3.597449168448468E-003
   313.891875000000         3.595497026285017E-003
   314.105625000000         3.592479556756003E-003
   314.319375000000         3.588378401903662E-003
   314.533125000000         3.583063711435369E-003
   314.746875000000         3.576361762930287E-003
   314.960625000000         3.568052821606949E-003
   315.174375000000         3.557976636549437E-003
   315.388125000000         3.546079715909868E-003
   315.601875000000         3.532453953553312E-003
   315.815625000000         3.517365463532920E-003
   316.029375000000         3.501231157713418E-003
   316.243125000000         3.484583229329097E-003
   316.456875000000         3.468006634738138E-003
   316.670625000000         3.452073196334980E-003
   316.884375000000         3.437283366462276E-003
   317.098125000000         3.424024885536563E-003
   317.311875000000         3.412558037885164E-003
   317.525625000000         3.403027941672348E-003
   317.739375000000         3.395498318151417E-003
   317.953125000000         3.389998179711657E-003
   318.166875000000         3.386569985980697E-003
   318.380625000000         3.385296188950887E-003
   318.594375000000         3.386310755333422E-003
   318.808125000000         3.389787115905197E-003
   319.021875000000         3.395907269316308E-003
   319.235625000000         3.404796380527268E-003
   319.449375000000         3.416466151823920E-003
   319.663125000000         3.430793575062509E-003
   319.876875000000         3.447428695417392E-003
   320.090625000000         3.465877263731421E-003
   320.304375000000         3.485468397651084E-003
   320.518125000000         3.505437350709576E-003
   320.731875000000         3.524990874313524E-003
   320.945625000000         3.543384334877663E-003
   321.159375000000         3.559988032292316E-003
   321.373125000000         3.574332772023397E-003
   321.586875000000         3.586128772398390E-003
   321.800625000000         3.595257916881175E-003
   322.014375000000         3.601742518864031E-003
   322.228125000000         3.605701360117947E-003
   322.441875000000         3.607302297631540E-003
   322.655625000000         3.606724042909904E-003
   322.869375000000         3.604133447024513E-003
   323.083125000000         3.599682721751783E-003
   323.296875000000         3.593525277989860E-003
   323.510625000000         3.585843717494449E-003
   323.724375000000         3.576882700198381E-003
   323.938125000000         3.566976178110489E-003
   324.151875000000         3.556559920136848E-003
   324.365625000000         3.546167196182860E-003
   324.579375000000         3.536400380619081E-003
   324.793125000000         3.527889378793512E-003
   325.006875000000         3.521237673526260E-003
   325.220625000000         3.516966475471875E-003
   325.434375000000         3.515465231649855E-003
   325.648125000000         3.516955752673832E-003
   325.861875000000         3.521473685456879E-003
   326.075625000000         3.528867666883006E-003
   326.289375000000         3.538813971637596E-003
   326.503125000000         3.550846529251498E-003
   326.716875000000         3.564382079012926E-003
   326.930625000000         3.578760381683228E-003
   327.144375000000         3.593275504789513E-003
   327.358125000000         3.607204065644866E-003
   327.571875000000         3.619832408406060E-003
   327.785625000000         3.630483552869713E-003
   327.999375000000         3.638546441036657E-003
   328.213125000000         3.643508296768997E-003
   328.426875000000         3.644988206481068E-003
   328.640625000000         3.642778736394971E-003
   328.854375000000         3.636845735446555E-003
   329.068125000000         3.627387897023120E-003
   329.281875000000         3.614808126085661E-003
   329.495625000000         3.599711221273635E-003
   329.709375000000         3.582856418959357E-003
   329.923125000000         3.565113320607670E-003
   330.136875000000         3.547376594883036E-003
   330.350625000000         3.530513404592742E-003
   330.564375000000         3.515279825097173E-003
   330.778125000000         3.502275576754378E-003
   330.991875000000         3.491906373487433E-003
   331.205625000000         3.484382416613149E-003
   331.419375000000         3.479732258187815E-003
   331.633125000000         3.477847048959230E-003
   331.846875000000         3.478509984457786E-003
   332.060625000000         3.481452792672958E-003
   332.274375000000         3.486401081998906E-003
   332.488125000000         3.493103435389608E-003
   332.701875000000         3.501339526308367E-003
   332.915625000000         3.510917571009060E-003
   333.129375000000         3.521651250437250E-003
   333.343125000000         3.533330149312665E-003
   333.556875000000         3.545689865006042E-003
   333.770625000000         3.558390417687018E-003
   333.984375000000         3.571008824834172E-003
   334.198125000000         3.583050717179279E-003
   334.411875000000         3.593981069210419E-003
   334.625625000000         3.603271905852507E-003
   334.839375000000         3.610456535544300E-003
   335.053125000000         3.615190030286722E-003
   335.266875000000         3.617297210159041E-003
   335.480625000000         3.616804459119797E-003
   335.694375000000         3.613949243622901E-003
   335.908125000000         3.609164828010133E-003
   336.121875000000         3.603017855745625E-003
   336.335625000000         3.596172082733935E-003
   336.549375000000         3.589299492961716E-003
   336.763125000000         3.582993160734095E-003
   336.976875000000         3.577733744336418E-003
   337.190625000000         3.573775501308850E-003
   337.404375000000         3.571201067535858E-003
   337.618125000000         3.569882150839968E-003
   337.831875000000         3.569534105629497E-003
   338.045625000000         3.569781184224480E-003
   338.259375000000         3.570233622509958E-003
   338.473125000000         3.570562021514664E-003
   338.686875000000         3.570562412008429E-003
   338.900625000000         3.570197365890656E-003
   339.114375000000         3.569604893185241E-003
   339.328125000000         3.569074347019709E-003
   339.541875000000         3.568992761799090E-003
   339.755625000000         3.569770194653438E-003
   339.969375000000         3.571757242141432E-003
   340.183125000000         3.575171280158026E-003
