  -1.60312500000000         4.868622453784250E-021
  -1.38937500000000         3.137134038820143E-018
  -1.17562500000000         2.601711018572996E-017
 -0.961875000000000         1.315578825294530E-016
 -0.748125000000000         5.161380399103591E-016
 -0.534375000000000         1.666284637116220E-015
 -0.320625000000000         4.478867578031044E-015
 -0.106875000000000         9.933115647925784E-015
  0.106875000000000         1.749587792557497E-014
  0.320625000000000         2.125539129374370E-014
  0.534375000000000         3.191994540027636E-015
  0.748125000000000        -7.606696439622554E-014
  0.961875000000000        -2.877204931194230E-013
   1.17562500000000        -7.447576433453563E-013
   1.38937500000000        -1.609878697223372E-012
   1.60312500000000        -3.100257689352055E-012
   1.81687500000000        -5.488466616199586E-012
   2.03062500000000        -9.099155007557279E-012
   2.24437500000000        -1.430096403184033E-011
   2.45812500000000        -2.149427563863511E-011
   2.67187500000000        -3.109485564515870E-011
   2.88562500000000        -4.351442484256745E-011
   3.09937500000000        -5.913954620011546E-011
   3.31312500000000        -7.831018069537931E-011
   3.52687500000000        -1.013006219283936E-010
   3.74062500000000        -1.283039185840623E-010
   3.95437500000000        -1.594222135748861E-010
   4.16812500000000        -1.946646264759842E-010
   4.38187500000000        -2.339529702285713E-010
   4.59562500000000        -2.771356077245821E-010
   4.80937500000000        -3.240081290955636E-010
   5.02312500000000        -3.743389772655136E-010
   5.23687500000000        -4.278968808501048E-010
   5.45062500000000        -4.844757993670321E-010
   5.66437500000000        -5.439141958433819E-010
   5.87812500000000        -6.061053212671577E-010
   6.09187500000000        -6.709954180318700E-010
   6.30562500000000        -7.385692062967785E-010
   6.51937500000000        -8.088244022181464E-010
   6.73312500000000        -8.817377190367134E-010
   6.94687500000000        -9.572273421094509E-010
   7.16062500000000        -1.035117281335594E-009
   7.37437500000000        -1.115110972727738E-009
   7.58812500000000        -1.196779466559899E-009
   7.80187500000000        -1.279566737451296E-009
   8.01562500000000        -1.362814619319981E-009
   8.22937500000000        -1.445804881166121E-009
   8.44312500000000        -1.527812871527274E-009
   8.65687500000000        -1.608165580293771E-009
   8.87062500000000        -1.686295324654321E-009
   9.08437500000000        -1.761779822227696E-009
   9.29812500000000        -1.834361772940754E-009
   9.51187500000000        -1.903943876252619E-009
   9.72562500000000        -1.970559503595725E-009
   9.93937500000000        -2.034323492264426E-009
   10.1531250000000        -2.095371247096382E-009
   10.3668750000000        -2.153797317548028E-009
   10.5806250000000        -2.209604760664878E-009
   10.7943750000000        -2.262675173581439E-009
   11.0081250000000        -2.312767034846182E-009
   11.2218750000000        -2.359543559374281E-009
   11.4356250000000        -2.402626729277743E-009
   11.6493750000000        -2.441669146405982E-009
   11.8631250000000        -2.476430427915082E-009
   12.0768750000000        -2.506845243987197E-009
   12.2906250000000        -2.533068425749519E-009
   12.5043750000000        -2.555488027919111E-009
   12.7181250000000        -2.574701308365843E-009
   12.9318750000000        -2.591455322032611E-009
   13.1456250000000        -2.606560597770918E-009
   13.3593750000000        -2.620789522577431E-009
   13.5731250000000        -2.634776621211050E-009
   13.7868750000000        -2.648936078886204E-009
   14.0006250000000        -2.663409828852231E-009
   14.2143750000000        -2.678054836984020E-009
   14.4281250000000        -2.692471029917388E-009
   14.6418750000000        -2.706065809487941E-009
   14.8556250000000        -2.718145454220168E-009
   15.0693750000000        -2.728017954101809E-009
   15.2831250000000        -2.735092804472806E-009
   15.4968750000000        -2.738964088554577E-009
   15.7106250000000        -2.739466091627062E-009
   15.9243750000000        -2.736696794974937E-009
   16.1381250000000        -2.731009233455666E-009
   16.3518750000000        -2.722976077380601E-009
   16.5656250000000        -2.713336388214878E-009
   16.7793750000000        -2.702934516677667E-009
   16.9931250000000        -2.692660165247683E-009
   17.2068750000000        -2.683397312460757E-009
   17.4206250000000        -2.675985028690655E-009
   17.6343750000000        -2.671190357537972E-009
   17.8481250000000        -2.669691004860198E-009
   18.0618750000000        -2.672062637896606E-009
   18.2756250000000        -2.678767746343089E-009
   18.4893750000000        -2.690142135648938E-009
   18.7031250000000        -2.706378693679701E-009
   18.9168750000000        -2.727510946449700E-009
   19.1306250000000        -2.753399611370696E-009
   19.3443750000000        -2.783727580796197E-009
   19.5581250000000        -2.818007363379078E-009
   19.7718750000000        -2.855603646948026E-009
   19.9856250000000        -2.895770560992985E-009
   20.1993750000000        -2.937700529260728E-009
   20.4131250000000        -2.980578290050323E-009
   20.6268750000000        -3.023632810073096E-009
   20.8406250000000        -3.066180071612105E-009
   21.0543750000000        -3.107650543931654E-009
   21.2681250000000        -3.147598887265025E-009
   21.4818750000000        -3.185697071599309E-009
   21.6956250000000        -3.221714895317673E-009
   21.9093750000000        -3.255495009709837E-009
   22.1231250000000        -3.286930154129430E-009
   22.3368750000000        -3.315949180374769E-009
   22.5506250000000        -3.342516392906363E-009
   22.7643750000000        -3.366644109660217E-009
   22.9781250000000        -3.388414796141756E-009
   23.1918750000000        -3.408005925318091E-009
   23.4056250000000        -3.425708461319822E-009
   23.6193750000000        -3.441930162303177E-009
   23.8331250000000        -3.457177579221091E-009
   24.0468750000000        -3.472013666389655E-009
   24.2606250000000        -3.486994781777611E-009
   24.4743750000000        -3.502594562971902E-009
   24.6881250000000        -3.519126274474108E-009
   24.9018750000000        -3.536678157388129E-009
   25.1156250000000        -3.555074477296598E-009
   25.3293750000000        -3.573872375928498E-009
   25.5431250000000        -3.592398721262707E-009
   25.7568750000000        -3.609823927399265E-009
   25.9706250000000        -3.625262916564876E-009
   26.1843750000000        -3.637887315704947E-009
   26.3981250000000        -3.647029058764881E-009
   26.6118750000000        -3.652254999402166E-009
   26.8256250000000        -3.653394841187622E-009
   27.0393750000000        -3.650511870932072E-009
   27.2531250000000        -3.643814478435347E-009
   27.4668750000000        -3.633516639979019E-009
   27.6806250000000        -3.619667476147114E-009
   27.8943750000000        -3.601979445454751E-009
   28.1081250000000        -3.579688812703471E-009
   28.3218750000000        -3.551486099890838E-009
   28.5356250000000        -3.515549197766443E-009
   28.7493750000000        -3.469701025807767E-009
   28.9631250000000        -3.411697984113460E-009
   29.1768750000000        -3.339634432221943E-009
   29.3906250000000        -3.252424429125421E-009
   29.6043750000000        -3.150297424898223E-009
   29.8181250000000        -3.035227011039233E-009
   30.0318750000000        -2.911198272243956E-009
   30.2456250000000        -2.784220274311793E-009
   30.4593750000000        -2.662007684680910E-009
   30.6731250000000        -2.553287488143545E-009
   30.8868750000000        -2.466736323383845E-009
   31.1006250000000        -2.409617341137269E-009
   31.3143750000000        -2.386253696100175E-009
   31.5281250000000        -2.396539759522221E-009
   31.7418750000000        -2.434740444634981E-009
   31.9556250000000        -2.488849851911077E-009
   32.1693750000000        -2.540762040102289E-009
   32.3831250000000        -2.567442762208784E-009
   32.5968750000000        -2.543179841927955E-009
   32.8106250000000        -2.442836472533347E-009
   33.0243750000000        -2.245852911437495E-009
   33.2381250000000        -1.940561468822094E-009
   33.4518750000000        -1.528221318649566E-009
   33.6656250000000        -1.026080413406868E-009
   33.8793750000000        -4.687585585439137E-010
   34.0931250000000         9.266109313503692E-011
   34.3068750000000         5.942317940829799E-010
   34.5206250000000         9.655149128245241E-010
   34.7343750000000         1.138398077053237E-009
   34.9481250000000         1.057591805674249E-009
   35.1618750000000         6.916190566436283E-010
   35.3756250000000         4.278233289772574E-011
   35.5893750000000        -8.455724868495843E-010
   35.8031250000000        -1.886126730899491E-009
   36.0168750000000        -2.950321730411447E-009
   36.2306250000000        -3.877523514364517E-009
   36.4443750000000        -4.490612890845909E-009
   36.6581250000000        -4.617070518231725E-009
   36.8718750000000        -4.113668972855128E-009
   37.0856250000000        -2.892022059723889E-009
   37.2993750000000        -9.416186834947560E-010
   37.5131250000000         1.653286920477822E-009
   37.7268750000000         4.706349522208335E-009
   37.9406250000000         7.934072744081535E-009
   38.1543750000000         1.097450927017441E-008
   38.3681250000000         1.341961291527797E-008
   38.5818750000000         1.485929495651309E-008
   38.7956250000000         1.493338168558769E-008
   39.0093750000000         1.338604488972973E-008
   39.2231250000000         1.011613194247459E-008
   39.4368750000000         5.216375525548979E-009
   39.6506250000000        -1.005138221545754E-009
   39.8643750000000        -8.026564699705211E-009
   40.0781250000000        -1.514013718106196E-008
   40.2918750000000        -2.150661727998677E-008
   40.5056250000000        -2.623353647423194E-008
   40.7193750000000        -2.847118051215318E-008
   40.9331250000000        -2.751741115027760E-008
   41.1468750000000        -2.292031279957124E-008
   41.3606250000000        -1.456661616486916E-008
   41.5743750000000        -2.744111629907045E-009
   41.7881250000000         1.183210210465464E-008
   42.0018750000000         2.803676295028054E-008
   42.2156250000000         4.439822286566184E-008
   42.4293750000000         5.920741680635370E-008
   42.6431250000000         7.066566763793065E-008
   42.8568750000000         7.706033221021589E-008
   43.0706250000000         7.695342760562477E-008
   43.2843750000000         6.936570634734175E-008
   43.4981250000000         5.393749366851258E-008
   43.7118750000000         3.104813516738823E-008
   43.9256250000000         1.878142055167891E-009
   44.1393750000000        -3.159806474010789E-008
   44.3531250000000        -6.669578619041316E-008
   44.5668750000000        -1.001809527632840E-007
   44.7806250000000        -1.285026083560418E-007
   44.9943750000000        -1.480846041766712E-007
   45.2081250000000        -1.556578537255060E-007
   45.4218750000000        -1.486090471331430E-007
   45.6356250000000        -1.253175182368383E-007
   45.8493750000000        -8.544938910700432E-008
   46.0631250000000        -3.017754246527708E-008
   46.2768750000000         3.770228993274570E-008
   46.4906250000000         1.137847318880141E-007
   46.7043750000000         1.922156545828107E-007
   46.9181250000000         2.660094291977275E-007
   47.1318750000000         3.275190164193054E-007
   47.3456250000000         3.690412047836930E-007
   47.5593750000000         3.835240163022056E-007
   47.7731250000000         3.653280639039096E-007
   47.9868750000000         3.109799632385696E-007
   48.2006250000000         2.198454877371623E-007
   48.4143750000000         9.464480802073710E-008
   48.6281250000000        -5.826647269021332E-008
   48.8418750000000        -2.289174084238469E-007
   49.0556250000000        -4.040918281694742E-007
   49.2693750000000        -5.680709284118203E-007
   49.4831250000000        -7.037371304142245E-007
   49.6968750000000        -7.939894500655589E-007
   49.9106250000000        -8.233805475100899E-007
   50.1243750000000        -7.798481523687017E-007
   50.3381250000000        -6.563832887690754E-007
   50.5518750000000        -4.524592161660213E-007
   50.7656250000000        -1.750422265375145E-007
   50.9793750000000         1.609788018924850E-007
   51.1931250000000         5.330717831287915E-007
   51.4068750000000         9.121233124679380E-007
   51.6206250000000         1.264287055311576E-006
   51.8343750000000         1.553542974371801E-006
   52.0481250000000         1.744809304551875E-006
   52.2618750000000         1.807372520449489E-006
   52.4756250000000         1.718338619757146E-006
   52.6893750000000         1.465770301113123E-006
   52.9031250000000         1.051165908391388E-006
   53.1168750000000         4.909616956938671E-007
   53.3306250000000        -1.831998968495695E-007
   53.5443750000000        -9.255993406370895E-007
   53.7581250000000        -1.679009625192029E-006
   53.9718750000000        -2.378612859980272E-006
   54.1856250000000        -2.957029889069773E-006
   54.3993750000000        -3.350098762183981E-006
   54.6131250000000        -3.502932252913425E-006
   54.8268750000000        -3.375716291229095E-006
   55.0406250000000        -2.948690093877813E-006
   55.2543750000000        -2.225780659838199E-006
   55.4681250000000        -1.236449800874920E-006
   55.6818750000000        -3.544616765661688E-008
   55.8956250000000         1.299672342596635E-006
   56.1093750000000         2.673183573723580E-006
   56.3231250000000         3.977748522996140E-006
   56.5368750000000         5.102407135344768E-006
   56.7506250000000         5.941412238361827E-006
   56.9643750000000         6.403184846985117E-006
   57.1781250000000         6.418629745122293E-006
   57.3918750000000         5.948074925348550E-006
   57.6056250000000         4.986192243856803E-006
   57.8193750000000         3.564412666647420E-006
   58.0331250000000         1.750554383440385E-006
   58.2468750000000        -3.543828556742285E-007
   58.4606250000000        -2.622060838564368E-006
   58.6743750000000        -4.904859792843830E-006
   58.8881250000000        -7.045536372125435E-006
   59.1018750000000        -8.887738089857170E-006
   59.3156250000000        -1.028656810977379E-005
   59.5293750000000        -1.111840933301477E-005
   59.7431250000000        -1.128930611591448E-005
   59.9568750000000        -1.074135541895877E-005
   60.1706250000000        -9.456759180790057E-006
   60.3843750000000        -7.459413176350361E-006
   60.5981250000000        -4.814128477642860E-006
   60.8118750000000        -1.623773727864478E-006
   61.0256250000000         1.975233316946657E-006
   61.2393750000000         5.818585150860531E-006
   61.4531250000000         9.720400965127039E-006
   61.6668750000000         1.347978807236593E-005
   61.8806250000000         1.688738127749748E-005
   62.0943750000000         1.973177930324303E-005
   62.3081250000000         2.180599435898965E-005
   62.5218750000000         2.291420389097741E-005
   62.7356250000000         2.287920709113841E-005
   62.9493750000000         2.155101173037956E-005
   63.1631250000000         1.881688717618725E-005
   63.3768750000000         1.461300813160883E-005
   63.5906250000000         8.937488141032706E-006
   63.8043750000000         1.864187550569459E-006
   64.0181250000000        -6.443779976950915E-006
   64.2318750000000        -1.572236788208327E-005
   64.4456250000000        -2.559864129010020E-005
   64.6593750000000        -3.558866724172740E-005
   64.8731250000000        -4.510338467621503E-005
   65.0868750000000        -5.346433929067527E-005
   65.3006250000000        -5.993063048862845E-005
   65.5143750000000        -6.373759298929203E-005
   65.7281250000000        -6.414666053191425E-005
   65.9418750000000        -6.050460493408559E-005
   66.1556250000000        -5.230901453121012E-005
   66.3693750000000        -3.927560147964974E-005
   66.5831250000000        -2.140185243534781E-005
   66.7968750000000         9.791919840854595E-007
   67.0106250000000         2.716149476526279E-005
   67.2243750000000         5.605105469251284E-005
   67.4381250000000         8.617858688961003E-005
   67.6518750000000         1.157434267680098E-004
   67.8656250000000         1.426900641048914E-004
   68.0793750000000         1.648161063567798E-004
   68.2931250000000         1.799076134297863E-004
   68.5068750000000         1.858948770690417E-004
   68.7206250000000         1.810191022466603E-004
   68.9343750000000         1.639983556567149E-004
   69.1481250000000         1.341798263574216E-004
   69.3618750000000         9.166509627481990E-005
   69.5756250000000         3.739587193345157E-005
   69.7893750000000        -2.681047958124372E-005
   70.0031250000000        -9.828328339016933E-005
   70.2168750000000        -1.735826251001711E-004
   70.4306250000000        -2.486444597506125E-004
   70.6443750000000        -3.189812943531775E-004
   70.8581250000000        -3.799282898448534E-004
   71.0718750000000        -4.269204588092404E-004
   71.2856250000000        -4.557833749715496E-004
   71.4993750000000        -4.630177916120830E-004
   71.7131250000000        -4.460580274510281E-004
   71.9268750000000        -4.034850381609031E-004
   72.1406250000000        -3.351777295804115E-004
   72.3543750000000        -2.423901227348765E-004
   72.5681250000000        -1.277471554350573E-004
   72.7818750000000         4.842206031224833E-006
   72.9956250000000         1.503497526350132E-004
   73.2093750000000         3.028600928030617E-004
   73.4231250000000         4.558543283794534E-004
   73.6368750000000         6.025258929130747E-004
   73.8506250000000         7.361068879958885E-004
   74.0643750000000         8.501828314940111E-004
   74.2781250000000         9.389751435820118E-004
   74.4918750000000         9.975738201849248E-004
   74.7056250000000         1.022107297833781E-003
   74.9193750000000         1.009842083808129E-003
   75.1331250000000         9.592107989513648E-004
   75.3468750000000         8.697732971448276E-004
   75.5606250000000         7.421209291659139E-004
   75.7743750000000         5.777383118891844E-004
   75.9881250000000         3.788397559181772E-004
   76.2018750000000         1.481985510013855E-004
   76.4156250000000        -1.110134650756155E-004
   76.6293750000000        -3.953611171698017E-004
   76.8431250000000        -7.012448756703989E-004
   77.0568750000000        -1.024957557619268E-003
   77.2706250000000        -1.362698150456842E-003
   77.4843750000000        -1.710547557363393E-003
   77.6981250000000        -2.064415832387404E-003
   77.9118750000000        -2.419974120103032E-003
   78.1256250000000        -2.772586656289323E-003
   78.3393750000000        -3.117258595820566E-003
   78.5531250000000        -3.448614063380844E-003
   78.7668750000000        -3.760915808641646E-003
   78.9806250000000        -4.048133499275776E-003
   79.1943750000000        -4.304062453261628E-003
   79.4081250000000        -4.522489042999634E-003
   79.6218750000000        -4.697393684641433E-003
   79.8356250000000        -4.823177823251005E-003
   80.0493750000000        -4.894898125252400E-003
   80.2631250000000        -4.908489550788984E-003
   80.4768750000000        -4.860959287898523E-003
   80.6906250000000        -4.750535685345885E-003
   80.9043750000000        -4.576760126918413E-003
   81.1181250000000        -4.340514877956350E-003
   81.3318750000000        -4.043985797349220E-003
   81.5456250000000        -3.690564849581877E-003
   81.7593750000000        -3.284702947930341E-003
   81.9731250000000        -2.831728223139893E-003
   82.1868750000000        -2.337647849222731E-003
   82.4006250000000        -1.808952724026737E-003
   82.6143750000000        -1.252443436060534E-003
   82.8281250000000        -6.750930934600470E-004
   83.0418750000000        -8.395799143140818E-005
   83.2556250000000         5.138588217303803E-004
   83.4693750000000         1.111192682797318E-003
   83.6831250000000         1.700759508576981E-003
   83.8968750000000         2.275069550651208E-003
   84.1106250000000         2.826332115560692E-003
   84.3243750000000         3.346373764357356E-003
   84.5381250000000         3.826593427065187E-003
   84.7518750000000         4.257976404733745E-003
   84.9656250000000         4.631185402850286E-003
   85.1793750000000         4.936740781949923E-003
   85.3931250000000         5.165294562689492E-003
   85.6068750000000         5.307993987695600E-003
   85.8206250000000         5.356921341160355E-003
   86.0343750000000         5.305588034690828E-003
   86.2481250000000         5.149453449452110E-003
   86.4618750000000         4.886433370467341E-003
   86.6756250000000         4.517359616046110E-003
   86.8893750000000         4.046352029963254E-003
   87.1031250000000         3.481066529092497E-003
   87.3168750000000         2.832788318980489E-003
   87.5306250000000         2.116347412996900E-003
   87.7443750000000         1.349843721139833E-003
   87.9581250000000         5.541805482710358E-004
   88.1718750000000        -2.475824240006564E-004
   88.3856250000000        -1.031033545100538E-003
   88.5993750000000        -1.771336836398281E-003
   88.8131250000000        -2.444239478507183E-003
   89.0268750000000        -3.027108984962693E-003
   89.2406250000000        -3.499946076948242E-003
   89.4543750000000        -3.846318687374796E-003
   89.6681250000000        -4.054165247698296E-003
   89.8818750000000        -4.116421298868163E-003
   90.0956250000000        -4.031432162801298E-003
   90.3093750000000        -3.803125377492495E-003
   90.5231250000000        -3.440929162793938E-003
   90.7368750000000        -2.959436580125532E-003
   90.9506250000000        -2.377828476170352E-003
   91.1643750000000        -1.719080973539938E-003
   91.3781250000000        -1.008994473975472E-003
   91.5918750000000        -2.750902667397344E-004
   91.8056250000000         4.545725739657239E-004
   92.0193750000000         1.152603557917158E-003
   92.2331250000000         1.793453159177951E-003
   92.4468750000000         2.354496043115154E-003
   92.6606250000000         2.816974761718305E-003
   92.8743750000000         3.166760686407444E-003
   93.0881250000000         3.394898022014675E-003
   93.3018750000000         3.497907246203772E-003
   93.5156250000000         3.477835710962924E-003
   93.7293750000000         3.342054889093203E-003
   93.9431250000000         3.102815332069249E-003
   94.1568750000000         2.776581349058883E-003
   94.3706250000000         2.383177294494216E-003
   94.5843750000000         1.944785795213863E-003
   94.7981250000000         1.484844949148153E-003
   95.0118750000000         1.026896236171630E-003
   95.2256250000000         5.934374070199237E-004
   95.4393750000000         2.048348266837701E-004
   95.6531250000000        -1.216524230189646E-004
   95.8668750000000        -3.726889268255587E-004
   96.0806250000000        -5.394788921947002E-004
   96.2943750000000        -6.181497183165761E-004
   96.5081250000000        -6.098819974575326E-004
   96.7218750000000        -5.207769764800453E-004
   96.9356250000000        -3.614656344371422E-004
   97.1493750000000        -1.464769683701901E-004
   97.3631250000000         1.066038689321390E-004
   97.5768750000000         3.781450094019558E-004
   97.7906250000000         6.475922632470774E-004
   98.0043750000000         8.946483527287214E-004
   98.2181250000000         1.100442545012906E-003
   98.4318750000000         1.248625505102394E-003
   98.6456250000000         1.326327263603649E-003
   98.8593750000000         1.324923054412520E-003
   99.0731250000000         1.240562134699454E-003
   99.2868750000000         1.074428002705200E-003
   99.5006250000000         8.327138915930690E-004
   99.7143750000000         5.263140677541965E-004
   99.9281250000000         1.702482101373081E-004
   100.141875000000        -2.171481302230833E-004
   100.355625000000        -6.152203620841944E-004
   100.569375000000        -1.002121736503122E-003
   100.783125000000        -1.356006144385169E-003
   100.996875000000        -1.656219933992254E-003
   101.210625000000        -1.884427328505103E-003
   101.424375000000        -2.025609507864340E-003
   101.638125000000        -2.068886384916268E-003
   101.851875000000        -2.008121776152091E-003
   102.065625000000        -1.842286089829712E-003
   102.279375000000        -1.575564792372615E-003
   102.493125000000        -1.217214743593728E-003
   102.706875000000        -7.811830941952731E-004
   102.920625000000        -2.855140821380590E-004
   103.134375000000         2.484227424372236E-004
   103.348125000000         7.968438093376420E-004
   103.561875000000         1.334560374865308E-003
   103.775625000000         1.836042378540700E-003
   103.989375000000         2.276496041382157E-003
   104.203125000000         2.632916498565789E-003
   104.416875000000         2.885080019943863E-003
   104.630625000000         3.016443815324023E-003
   104.844375000000         3.014924674375532E-003
   105.058125000000         2.873530574672363E-003
   105.271875000000         2.590821943463115E-003
   105.485625000000         2.171181723358931E-003
   105.699375000000         1.624876177201970E-003
   105.913125000000         9.678919745558942E-004
   106.126875000000         2.215400371600625E-004
   106.340625000000        -5.881767053064001E-004
   106.554375000000        -1.431425861481705E-003
   106.768125000000        -2.275622082036064E-003
   106.981875000000        -3.086689053536910E-003
   107.195625000000        -3.830465504817895E-003
   107.409375000000        -4.474200820437091E-003
   107.623125000000        -4.988074199073508E-003
   107.836875000000        -5.346662205453211E-003
   108.050625000000        -5.530274310161116E-003
   108.264375000000        -5.526075681617266E-003
   108.478125000000        -5.328921853823375E-003
   108.691875000000        -4.941841259287836E-003
   108.905625000000        -4.376118770724075E-003
   109.119375000000        -3.650955547752703E-003
   109.333125000000        -2.792706295741954E-003
   109.546875000000        -1.833722704861848E-003
   109.760625000000        -8.108592102825835E-004
   109.974375000000         2.362779855488874E-004
   110.188125000000         1.267237680099896E-003
   110.401875000000         2.242671998826053E-003
   110.615625000000         3.126206948158725E-003
   110.829375000000         3.886119710967352E-003
   111.043125000000         4.496720036365141E-003
   111.256875000000         4.939354102327749E-003
   111.470625000000         5.202976890197674E-003
   111.684375000000         5.284271193308266E-003
   111.898125000000         5.187325209363366E-003
   112.111875000000         4.922913332161521E-003
   112.325625000000         4.507453400080498E-003
   112.539375000000         3.961735731556629E-003
   112.753125000000         3.309532806037956E-003
   112.966875000000         2.576202228335884E-003
   113.180625000000         1.787389342859130E-003
   113.394375000000         9.679201865225455E-004
   113.608125000000         1.409519284135901E-004
   113.821875000000        -6.725811554938324E-004
   114.035625000000        -1.454219934016548E-003
   114.249375000000        -2.187956058306099E-003
   114.463125000000        -2.859984040434582E-003
   114.676875000000        -3.458304466002880E-003
   114.890625000000        -3.972266267482633E-003
   115.104375000000        -4.392139494477621E-003
   115.318125000000        -4.708803444866903E-003
   115.531875000000        -4.913619014661516E-003
   115.745625000000        -4.998530280768512E-003
   115.959375000000        -4.956411043938767E-003
   116.173125000000        -4.781640290678846E-003
   116.386875000000        -4.470859524537889E-003
   116.600625000000        -4.023837874274822E-003
   116.814375000000        -3.444350663843075E-003
   117.028125000000        -2.740965950193712E-003
   117.241875000000        -1.927632770706400E-003
   117.455625000000        -1.023974872828558E-003
   117.669375000000        -5.521386997056437E-005
   117.883125000000         9.483255535140775E-004
   118.096875000000         1.952141043223871E-003
   118.310625000000         2.918883538102167E-003
   118.524375000000         3.810031465837018E-003
   118.738125000000         4.587812358748398E-003
   118.951875000000         5.217249494142630E-003
   119.165625000000         5.668193978964522E-003
   119.379375000000         5.917196605352171E-003
   119.593125000000         5.949079527955262E-003
   119.806875000000         5.758085055980917E-003
   120.020625000000         5.348506317786749E-003
   120.234375000000         4.734740072183720E-003
   120.448125000000         3.940742656469727E-003
   120.661875000000         2.998912696540464E-003
   120.875625000000         1.948465337112592E-003
   121.089375000000         8.333991093137890E-004
   121.303125000000        -2.998147064070977E-004
   121.516875000000        -1.404671429099474E-003
   121.730625000000        -2.437044474518182E-003
   121.944375000000        -3.357416266588204E-003
   122.158125000000        -4.132790754210179E-003
   122.371875000000        -4.738174368629281E-003
   122.585625000000        -5.157544505916215E-003
   122.799375000000        -5.384261817659336E-003
   123.013125000000        -5.420921776035939E-003
   123.226875000000        -5.278679124818774E-003
   123.440625000000        -4.976113102800576E-003
   123.654375000000        -4.537729309023981E-003
   123.868125000000        -3.992213938569297E-003
   124.081875000000        -3.370566734392745E-003
   124.295625000000        -2.704240026214483E-003
   124.509375000000        -2.023403075183022E-003
   124.723125000000        -1.355434717389131E-003
   124.936875000000        -7.237246709174432E-004
   125.150625000000        -1.468369118792548E-004
   125.364375000000         3.619404813206883E-004
   125.578125000000         7.946633692277940E-004
   125.791875000000         1.148448200595941E-003
   126.005625000000         1.424890174328803E-003
   126.219375000000         1.629252462297185E-003
   126.433125000000         1.769506320145595E-003
   126.646875000000         1.855305554105052E-003
   126.860625000000         1.896976072286761E-003
   127.074375000000         1.904592853517286E-003
   127.288125000000         1.887203709654527E-003
   127.501875000000         1.852243042816571E-003
   127.715625000000         1.805160872573559E-003
   127.929375000000         1.749274190413986E-003
   128.143125000000         1.685830532609281E-003
   128.356875000000         1.614258682811110E-003
   128.570625000000         1.532569486179849E-003
   128.784375000000         1.437861437207659E-003
   128.998125000000         1.326881244617745E-003
   129.211875000000         1.196588941466055E-003
   129.425625000000         1.044680010968231E-003
   129.639375000000         8.700229563083924E-004
   129.853125000000         6.729791346876615E-004
   130.066875000000         4.555817992509521E-004
   130.280625000000         2.215624139096466E-004
   130.494375000000        -2.377629570086514E-005
   130.708125000000        -2.738300930182852E-004
   130.921875000000        -5.210853293021434E-004
   131.135625000000        -7.576044757740560E-004
   131.349375000000        -9.755696739476865E-004
   131.563125000000        -1.167844675185778E-003
   131.776875000000        -1.328513830858569E-003
   131.990625000000        -1.453357689075940E-003
   132.204375000000        -1.540228228237284E-003
   132.418125000000        -1.589292655605809E-003
   132.631875000000        -1.603122730033110E-003
   132.845625000000        -1.586616308945194E-003
   133.059375000000        -1.546748726706608E-003
   133.273125000000        -1.492163040612522E-003
   133.486875000000        -1.432619420505523E-003
   133.700625000000        -1.378334271407336E-003
   133.914375000000        -1.339248352863170E-003
   134.128125000000        -1.324269558587549E-003
   134.341875000000        -1.340539639196324E-003
   134.555625000000        -1.392774656831487E-003
   134.769375000000        -1.482726227369099E-003
   134.983125000000        -1.608804730751354E-003
   135.196875000000        -1.765896970990926E-003
   135.410625000000        -1.945399762797564E-003
   135.624375000000        -2.135478291560425E-003
   135.838125000000        -2.321544627504782E-003
   136.051875000000        -2.486938313002292E-003
   136.265625000000        -2.613778311725271E-003
   136.479375000000        -2.683944566779489E-003
   136.693125000000        -2.680138600623478E-003
   136.906875000000        -2.586966487585454E-003
   137.120625000000        -2.391984452874872E-003
   137.334375000000        -2.086647437234738E-003
   137.548125000000        -1.667104185534661E-003
   137.761875000000        -1.134788597254755E-003
   137.975625000000        -4.967659238596263E-004
   138.189375000000         2.341964742900698E-004
   138.403125000000         1.039851148654512E-003
   138.616875000000         1.896988438410675E-003
   138.830625000000         2.778238268980192E-003
   139.044375000000         3.653128781406520E-003
   139.258125000000         4.489360035558414E-003
   139.471875000000         5.254237541621831E-003
   139.685625000000         5.916198776470007E-003
   139.899375000000         6.446356860358608E-003
   140.113125000000         6.819979910818022E-003
   140.326875000000         7.017822893689551E-003
   140.540625000000         7.027231569709506E-003
   140.754375000000         6.842945711462269E-003
   140.968125000000         6.467541205501660E-003
   141.181875000000         5.911467709748814E-003
   141.395625000000         5.192659606377275E-003
   141.609375000000         4.335722111135759E-003
   141.823125000000         3.370720266051905E-003
   142.036875000000         2.331624566512730E-003
   142.250625000000         1.254491382472173E-003
   142.464375000000         1.754772939655037E-004
   142.678125000000        -8.711977716891711E-004
   142.891875000000        -1.855214640450038E-003
   143.105625000000        -2.751920998006126E-003
   143.319375000000        -3.543781389752941E-003
   143.533125000000        -4.221408493889316E-003
   143.746875000000        -4.784096246776745E-003
   143.960625000000        -5.239805012039647E-003
   144.174375000000        -5.604583159706691E-003
   144.388125000000        -5.901445880504881E-003
   144.601875000000        -6.158768266950162E-003
   144.815625000000        -6.408283051744131E-003
   145.029375000000        -6.682801459534780E-003
   145.243125000000        -7.013796304359991E-003
   145.456875000000        -7.428998178088208E-003
   145.670625000000        -7.950157401817953E-003
   145.884375000000        -8.591116154230584E-003
   146.098125000000        -9.356317387607250E-003
   146.311875000000        -1.023985102203169E-002
   146.525625000000        -1.122510528459135E-002
   146.739375000000        -1.228505418252655E-002
   146.953125000000        -1.338317347314687E-002
   147.166875000000        -1.447493968798632E-002
   147.380625000000        -1.550983222611500E-002
   147.594375000000        -1.643372939523647E-002
   147.808125000000        -1.719156725433268E-002
   148.021875000000        -1.773011636605712E-002
   148.235625000000        -1.800072667828081E-002
   148.449375000000        -1.796189470234982E-002
   148.663125000000        -1.758151935980578E-002
   148.876875000000        -1.683873226025632E-002
   149.090625000000        -1.572521329364586E-002
   149.304375000000        -1.424593154414125E-002
   149.518125000000        -1.241928279170556E-002
   149.731875000000        -1.027662637616017E-002
   149.945625000000        -7.861254172316189E-003
   150.159375000000        -5.226851280264910E-003
   150.373125000000        -2.435530471559645E-003
   150.586875000000         4.444605098459441E-004
   150.800625000000         3.341248598297183E-003
   151.014375000000         6.181946884738052E-003
   151.228125000000         8.895253863762937E-003
   151.441875000000         1.141393294897696E-002
   151.655625000000         1.367707602625651E-002
   151.869375000000         1.563206980469030E-002
   152.083125000000         1.723620131334631E-002
   152.296875000000         1.845785791015703E-002
   152.510625000000         1.927729648512049E-002
   152.724375000000         1.968697513344336E-002
   152.938125000000         1.969145759892558E-002
   153.151875000000         1.930691561537086E-002
   153.365625000000         1.856026651556918E-002
   153.579375000000         1.748799298328679E-002
   153.793125000000         1.613469865759858E-002
   154.006875000000         1.455145769454237E-002
   154.220625000000         1.279401869342557E-002
   154.434375000000         1.092092399452540E-002
   154.648125000000         8.991604622240560E-003
   154.861875000000         7.064509378692408E-003
   155.075625000000         5.195323969022546E-003
   155.289375000000         3.435332611858436E-003
   155.503125000000         1.829970283902724E-003
   155.716875000000         4.176084017216601E-004
   155.930625000000        -7.713898488108794E-004
   156.144375000000        -1.715316346578359E-003
   156.358125000000        -2.401448386623474E-003
   156.571875000000        -2.826054907981456E-003
   156.785625000000        -2.994083172642695E-003
   156.999375000000        -2.918543431902648E-003
   157.213125000000        -2.619622159293993E-003
   157.426875000000        -2.123566732220993E-003
   157.640625000000        -1.461395101085224E-003
   157.854375000000        -6.674920972057873E-004
   158.068125000000         2.218411864006345E-004
   158.281875000000         1.169817625674572E-003
   158.495625000000         2.140509882186313E-003
   158.709375000000         3.100055154249550E-003
   158.923125000000         4.017673199563048E-003
   159.136875000000         4.866465742383346E-003
   159.350625000000         5.623980819535684E-003
   159.564375000000         6.272541412610294E-003
   159.778125000000         6.799352483374820E-003
   159.991875000000         7.196412983485343E-003
   160.205625000000         7.460268480218483E-003
   160.419375000000         7.591645006196894E-003
   160.633125000000         7.595005316434323E-003
   160.846875000000         7.478065109739909E-003
   161.060625000000         7.251299596896248E-003
   161.274375000000         6.927461127003313E-003
   161.488125000000         6.521117753287540E-003
   161.701875000000         6.048212103513576E-003
   161.915625000000         5.525631156708019E-003
   162.129375000000         4.970771750802978E-003
   162.343125000000         4.401084730995538E-003
   162.556875000000         3.833582998823545E-003
   162.770625000000         3.284305202285802E-003
   162.984375000000         2.767736741125930E-003
   163.198125000000         2.296201988627451E-003
   163.411875000000         1.879254624757070E-003
   163.625625000000         1.523105003644597E-003
   163.839375000000         1.230132797473986E-003
   164.053125000000         9.985382143274601E-004
   164.266875000000         8.221847022729996E-004
   164.480625000000         6.906795803654398E-004
   164.694375000000         5.897264669944174E-004
   164.908125000000         5.017653656204325E-004
   165.121875000000         4.068941132739832E-004
   165.335625000000         2.840404293489478E-004
   165.549375000000         1.123292253143290E-004
   165.763125000000        -1.274324797157921E-004
   165.976875000000        -4.512484416519414E-004
   166.190625000000        -8.705104504167074E-004
   166.404375000000        -1.390769640559267E-003
   166.618125000000        -2.010805719991902E-003
   166.831875000000        -2.722083216032655E-003
   167.045625000000        -3.508660868487605E-003
   167.259375000000        -4.347590648495095E-003
   167.473125000000        -5.209808716503304E-003
   167.686875000000        -6.061484587056699E-003
   167.900625000000        -6.865759717376522E-003
   168.114375000000        -7.584775548043350E-003
   168.328125000000        -8.181866305279220E-003
   168.541875000000        -8.623775745639948E-003
   168.755625000000        -8.882750932720944E-003
   168.969375000000        -8.938370730559949E-003
   169.183125000000        -8.778981774927789E-003
   169.396875000000        -8.402639202183652E-003
   169.610625000000        -7.817481592279161E-003
   169.824375000000        -7.041507042489296E-003
   170.038125000000        -6.101757263626048E-003
   170.251875000000        -5.032956148055032E-003
   170.465625000000        -3.875685536527377E-003
   170.679375000000        -2.674211339689055E-003
   170.893125000000        -1.474095666179945E-003
   171.106875000000        -3.197437191732054E-004
   171.320625000000         7.479627861145973E-004
   171.534375000000         1.693801044278413E-003
   171.748125000000         2.489983264489633E-003
   171.961875000000         3.117469789950862E-003
   172.175625000000         3.566746188898709E-003
   172.389375000000         3.838025824749575E-003
   172.603125000000         3.940875510768630E-003
   172.816875000000         3.893297129670055E-003
   173.030625000000         3.720330352859900E-003
   173.244375000000         3.452268939656527E-003
   173.458125000000         3.122604060673643E-003
   173.671875000000         2.765821680082686E-003
   173.885625000000         2.415186765834216E-003
   174.099375000000         2.100644990833694E-003
   174.313125000000         1.846963113286327E-003
   174.526875000000         1.672213240936284E-003
   174.740625000000         1.586684855021169E-003
   174.954375000000         1.592283168573998E-003
   175.168125000000         1.682444609212478E-003
   175.381875000000         1.842571465700263E-003
   175.595625000000         2.050959488733242E-003
   175.809375000000         2.280165847160337E-003
   176.023125000000         2.498741511145060E-003
   176.236875000000         2.673232873895350E-003
   176.450625000000         2.770343034695792E-003
   176.664375000000         2.759134230290481E-003
   176.878125000000         2.613149778915191E-003
   177.091875000000         2.312336728381868E-003
   177.305625000000         1.844659091274810E-003
   177.519375000000         1.207305799402629E-003
   177.733125000000         4.074167876158678E-004
   177.946875000000        -5.377258240247022E-004
   178.160625000000        -1.601067602050260E-003
   178.374375000000        -2.746709839328414E-003
   178.588125000000        -3.931363012526757E-003
   178.801875000000        -5.106263684665091E-003
   179.015625000000        -6.219465844777611E-003
   179.229375000000        -7.218394378653716E-003
   179.443125000000        -8.052530271977094E-003
   179.656875000000        -8.676085548826077E-003
   179.870625000000        -9.050521853662133E-003
   180.084375000000        -9.146770627921475E-003
   180.298125000000        -8.947025191976415E-003
   180.511875000000        -8.445995386777792E-003
   180.725625000000        -7.651542889452409E-003
   180.939375000000        -6.584648507777180E-003
   181.153125000000        -5.278699835108893E-003
   181.366875000000        -3.778126407982586E-003
   181.580625000000        -2.136447532729423E-003
   181.794375000000        -4.138327633602407E-004
   182.008125000000         1.325695719795069E-003
   182.221875000000         3.017267888959015E-003
   182.435625000000         4.598214292251140E-003
   182.649375000000         6.010992089732338E-003
   182.863125000000         7.205830433746565E-003
   183.076875000000         8.142954466456024E-003
   183.290625000000         8.794273318131048E-003
   183.504375000000         9.144450346283597E-003
   183.718125000000         9.191311162237852E-003
   183.931875000000         8.945584163369760E-003
   184.145625000000         8.430006659933469E-003
   184.359375000000         7.677864720445380E-003
   184.573125000000         6.731064353629170E-003
   184.786875000000         5.637853886456771E-003
   185.000625000000         4.450331285734519E-003
   185.214375000000         3.221875272632387E-003
   185.428125000000         2.004635628520717E-003
   185.641875000000         8.472069222069398E-004
   185.855625000000        -2.074076713129511E-004
   186.069375000000        -1.123458076378154E-003
   186.283125000000        -1.873675337044786E-003
   186.496875000000        -2.440032968240899E-003
   186.710625000000        -2.814034242973526E-003
   186.924375000000        -2.996541561172520E-003
   187.138125000000        -2.997184476836679E-003
   187.351875000000        -2.833399607377445E-003
   187.565625000000        -2.529168210168563E-003
   187.779375000000        -2.113525703917755E-003
   187.993125000000        -1.618922093491217E-003
   188.206875000000        -1.079513527740261E-003
   188.420625000000        -5.294635328335541E-004
   188.634375000000        -1.328242147707659E-006
   188.848125000000         4.754064706329455E-004
   189.061875000000         8.755764178884086E-004
   189.275625000000         1.179329723820916E-003
   189.489375000000         1.372819176549028E-003
   189.703125000000         1.448572318036619E-003
   189.916875000000         1.405530167057512E-003
   190.130625000000         1.248761402192042E-003
   190.344375000000         9.888752603150546E-004
   190.558125000000         6.411725623027881E-004
   190.771875000000         2.245891962990404E-004
   190.985625000000        -2.395010310249870E-004
   191.199375000000        -7.285481618706551E-004
   191.413125000000        -1.220071886053314E-003
   191.626875000000        -1.692811565945802E-003
   191.840625000000        -2.127707290473120E-003
   192.054375000000        -2.508651196846840E-003
   192.268125000000        -2.822966026913673E-003
   192.481875000000        -3.061589816252877E-003
   192.695625000000        -3.218970150876421E-003
   192.909375000000        -3.292696570575809E-003
   193.123125000000        -3.282923215280038E-003
   193.336875000000        -3.191653436685277E-003
   193.550625000000        -3.021971765494929E-003
   193.764375000000        -2.777314693274717E-003
   193.978125000000        -2.460869179931146E-003
   194.191875000000        -2.075176388670596E-003
   194.405625000000        -1.621998485880742E-003
   194.619375000000        -1.102479873947835E-003
   194.833125000000        -5.176031511582903E-004
   195.046875000000         1.310928113712753E-004
   195.260625000000         8.405969177720113E-004
   195.474375000000         1.605403481977651E-003
   195.688125000000         2.416494846864109E-003
   195.901875000000         3.260450733225841E-003
   196.115625000000         4.118805326530263E-003
   196.329375000000         4.967760780073165E-003
   196.543125000000         5.778342454696874E-003
   196.756875000000         6.517048440440707E-003
   196.970625000000         7.147006252959048E-003
   197.184375000000         7.629606314643862E-003
   197.398125000000         7.926538584102685E-003
   197.611875000000         8.002119241613488E-003
   197.825625000000         7.825762169234453E-003
   198.039375000000         7.374428002575748E-003
   198.253125000000         6.634873855989856E-003
   198.466875000000         5.605530488839106E-003
   198.680625000000         4.297850632376793E-003
   198.894375000000         2.737001288398253E-003
   199.108125000000         9.618119233311114E-004
   199.321875000000        -9.760632733438384E-004
   199.535625000000        -3.013760912163994E-003
   199.749375000000        -5.079543428001121E-003
   199.963125000000        -7.095748564312402E-003
   200.176875000000        -8.982208019036771E-003
   200.390625000000        -1.065995875149011E-002
   200.604375000000        -1.205505011049329E-002
   200.818125000000        -1.310224145825795E-002
   201.031875000000        -1.374838850344332E-002
   201.245625000000        -1.395533153858585E-002
   201.459375000000        -1.370212398431202E-002
   201.673125000000        -1.298647337040694E-002
   201.886875000000        -1.182530709837146E-002
   202.100625000000        -1.025441982026959E-002
   202.314375000000        -8.327205774020739E-003
   202.528125000000        -6.112525724492442E-003
   202.741875000000        -3.691802177036497E-003
   202.955625000000        -1.155476314888593E-003
   203.169375000000         1.401006099019778E-003
   203.383125000000         3.881486390306103E-003
   203.596875000000         6.193451434803995E-003
   203.810625000000         8.252240830461969E-003
   204.024375000000         9.984888164800263E-003
   204.238125000000         1.133339637728677E-002
   204.451875000000         1.225727285533760E-002
   204.665625000000         1.273518586919813E-002
   204.879375000000         1.276564890253494E-002
   205.093125000000         1.236669135946738E-002
   205.306875000000         1.157453037171482E-002
   205.520625000000         1.044131579526903E-002
   205.734375000000         9.032075404119514E-003
   205.948125000000         7.421036048642345E-003
   206.161875000000         5.687535581553983E-003
   206.375625000000         3.911766550501420E-003
   206.589375000000         2.170603654415400E-003
   206.803125000000         5.337614202659144E-004
   207.016875000000        -9.394936531133844E-004
   207.230625000000        -2.202889947017181E-003
   207.444375000000        -3.224820798004287E-003
   207.658125000000        -3.989062272673853E-003
   207.871875000000        -4.494528421591987E-003
   208.085625000000        -4.754119216130464E-003
   208.299375000000        -4.792776903663744E-003
   208.513125000000        -4.644917501896582E-003
   208.726875000000        -4.351441715578568E-003
   208.940625000000        -3.956550949628788E-003
   209.154375000000        -3.504597936996043E-003
   209.368125000000        -3.037187913363941E-003
   209.581875000000        -2.590716835173751E-003
   209.795625000000        -2.194490733812588E-003
   210.009375000000        -1.869518822738265E-003
   210.223125000000        -1.628016958499402E-003
   210.436875000000        -1.473602243153600E-003
   210.650625000000        -1.402108461783773E-003
   210.864375000000        -1.402909570558596E-003
   211.078125000000        -1.460607542178109E-003
   211.291875000000        -1.556923333658888E-003
   211.505625000000        -1.672626112807887E-003
   211.719375000000        -1.789345491589687E-003
   211.933125000000        -1.891132619747742E-003
   212.146875000000        -1.965666005800714E-003
   212.360625000000        -2.005033730747821E-003
   212.574375000000        -2.006061963236837E-003
   212.788125000000        -1.970197134833222E-003
   213.001875000000        -1.902982927788508E-003
   213.215625000000        -1.813201090404664E-003
   213.429375000000        -1.711765472022392E-003
   213.643125000000        -1.610470775266467E-003
   213.856875000000        -1.520701311325688E-003
   214.070625000000        -1.452201112795396E-003
   214.284375000000        -1.411996208397560E-003
   214.498125000000        -1.403544130727032E-003
   214.711875000000        -1.426166413422130E-003
   214.925625000000        -1.474798549729701E-003
   215.139375000000        -1.540070127309873E-003
   215.353125000000        -1.608706918457430E-003
   215.566875000000        -1.664227633802536E-003
   215.780625000000        -1.687891620956160E-003
   215.994375000000        -1.659840540908837E-003
   216.208125000000        -1.560367306294180E-003
   216.421875000000        -1.371239470347275E-003
   216.635625000000        -1.077001839442983E-003
   216.849375000000        -6.661842755913562E-004
   217.063125000000        -1.323453108145501E-004
   217.276875000000         5.251099076459408E-004
   217.490625000000         1.300387985005106E-003
   217.704375000000         2.181079221532831E-003
   217.918125000000         3.148264971790462E-003
   218.131875000000         4.176965427822010E-003
   218.345625000000         5.236915326590598E-003
   218.559375000000         6.293637743637307E-003
   218.773125000000         7.309769873080340E-003
   218.986875000000         8.246580433973218E-003
   219.200625000000         9.065606966689843E-003
   219.414375000000         9.730333561514700E-003
   219.628125000000         1.020782608772816E-002
   219.841875000000         1.047024311917247E-002
   220.055625000000         1.049614655058893E-002
   220.269375000000         1.027154612579780E-002
   220.483125000000         9.790626198950565E-003
   220.696875000000         9.056120180209801E-003
   220.910625000000         8.079317196545253E-003
   221.124375000000         6.879705283255028E-003
   221.338125000000         5.484274598607575E-003
   221.551875000000         3.926521442700015E-003
   221.765625000000         2.245208122024920E-003
   221.979375000000         4.829440311881610E-004
   222.193125000000        -1.315340860502185E-003
   222.406875000000        -3.103957837112657E-003
   222.620625000000        -4.837987744615153E-003
   222.834375000000        -6.474714368422301E-003
   223.048125000000        -7.974911981818260E-003
   223.261875000000        -9.303948650704968E-003
   223.475625000000        -1.043268009475613E-002
   223.689375000000        -1.133812162451899E-002
   223.903125000000        -1.200389681745355E-002
   224.116875000000        -1.242047034735325E-002
   224.330625000000        -1.258517828045472E-002
   224.544375000000        -1.250207214235867E-002
   224.758125000000        -1.218159349275611E-002
   224.971875000000        -1.164009432401005E-002
   225.185625000000        -1.089921628336668E-002
   225.399375000000        -9.985139582136874E-003
   225.613125000000        -8.927711530868701E-003
   225.826875000000        -7.759465755196720E-003
   226.040625000000        -6.514546784448117E-003
   226.254375000000        -5.227560898502392E-003
   226.468125000000        -3.932382410389796E-003
   226.681875000000        -2.660954026232155E-003
   226.895625000000        -1.442129256440722E-003
   227.109375000000        -3.006125237741663E-004
   227.323125000000         7.439429314671997E-004
   227.536875000000         1.677619376787196E-003
   227.750625000000         2.492646845208582E-003
   227.964375000000         3.187500633869999E-003
   228.178125000000         3.766658587251630E-003
   228.391875000000         4.240014546678563E-003
   228.605625000000         4.621969099988874E-003
   228.819375000000         4.930244229721352E-003
   229.033125000000         5.184492143045338E-003
   229.246875000000         5.404787965341496E-003
   229.460625000000         5.610108864147308E-003
   229.674375000000         5.816906868239478E-003
   229.888125000000         6.037878262717282E-003
   230.101875000000         6.281018997006938E-003
   230.315625000000         6.549034013487791E-003
   230.529375000000         6.839140641413265E-003
   230.743125000000         7.143274750370137E-003
   230.956875000000         7.448676193065038E-003
   231.170625000000         7.738800265973523E-003
   231.384375000000         7.994477319643159E-003
   231.598125000000         8.195225548149700E-003
   231.811875000000         8.320613865520953E-003
   232.025625000000         8.351573159680359E-003
   232.239375000000         8.271564617638947E-003
   232.453125000000         8.067531820326086E-003
   232.666875000000         7.730586738933494E-003
   232.880625000000         7.256405966994505E-003
   233.094375000000         6.645339664188256E-003
   233.308125000000         5.902259099321478E-003
   233.521875000000         5.036187151151881E-003
   233.735625000000         4.059768141002677E-003
   233.949375000000         2.988638250818119E-003
   234.163125000000         1.840755714978578E-003
   234.376875000000         6.357419505079061E-004
   234.590625000000        -6.057275780982753E-004
   234.804375000000        -1.862458674969303E-003
   235.018125000000        -3.113190767448026E-003
   235.231875000000        -4.336970379880675E-003
   235.445625000000        -5.513459766278049E-003
   235.659375000000        -6.623200468944638E-003
   235.873125000000        -7.647852765245723E-003
   236.086875000000        -8.570428988011339E-003
   236.300625000000        -9.375532484851772E-003
   236.514375000000        -1.004960584756084E-002
   236.728125000000        -1.058118351311420E-002
   236.941875000000        -1.096113639090009E-002
   237.155625000000        -1.118289103277131E-002
   237.369375000000        -1.124260383937811E-002
   237.583125000000        -1.113927217297635E-002
   237.796875000000        -1.087476876415421E-002
   238.010625000000        -1.045379270975276E-002
   238.224375000000        -9.883738549568472E-003
   238.438125000000        -9.174493077866884E-003
   238.651875000000        -8.338176397657562E-003
   238.865625000000        -7.388848167991870E-003
   239.079375000000        -6.342201298597813E-003
   239.293125000000        -5.215263257455047E-003
   239.506875000000        -4.026119937191108E-003
   239.720625000000        -2.793669422691532E-003
   239.934375000000        -1.537404148872139E-003
   240.148125000000        -2.772112010014653E-004
   240.361875000000         9.668266973935340E-004
   240.575625000000         2.174651381092360E-003
   240.789375000000         3.326493193585364E-003
   241.003125000000         4.403197780690139E-003
   241.216875000000         5.386627256239038E-003
   241.430625000000         6.260136292319343E-003
   241.644375000000         7.009110469095683E-003
   241.858125000000         7.621540322897172E-003
   242.071875000000         8.088591731825707E-003
   242.285625000000         8.405123359926872E-003
   242.499375000000         8.570096423559640E-003
   242.713125000000         8.586822224821123E-003
   242.926875000000         8.462999333925232E-003
   243.140625000000         8.210504949446988E-003
   243.354375000000         7.844923079441209E-003
   243.568125000000         7.384814367201273E-003
   243.781875000000         6.850756685354118E-003
   243.995625000000         6.264209718511720E-003
   244.209375000000         5.646278167981447E-003
   244.423125000000         5.016464548521228E-003
   244.636875000000         4.391511745918108E-003
   244.850625000000         3.784436062729314E-003
   245.064375000000         3.203842636441933E-003
   245.278125000000         2.653596970182052E-003
   245.491875000000         2.132899878563771E-003
   245.705625000000         1.636780296212594E-003
   245.919375000000         1.156983744800275E-003
   246.133125000000         6.831969709515274E-004
   246.346875000000         2.045147962602026E-004
   246.560625000000        -2.889730224948401E-004
   246.774375000000        -8.046160777639255E-004
   246.988125000000        -1.345807161689710E-003
   247.201875000000        -1.910898224752414E-003
   247.415625000000        -2.492551636024495E-003
   247.629375000000        -3.077618037400417E-003
   247.843125000000        -3.647589781410355E-003
   248.056875000000        -4.179629496246604E-003
   248.270625000000        -4.648120858167450E-003
   248.484375000000        -5.026637823842261E-003
   248.698125000000        -5.290184152474486E-003
   248.911875000000        -5.417521466247607E-003
   249.125625000000        -5.393385019968801E-003
   249.339375000000        -5.210384273523503E-003
   249.553125000000        -4.870401317497676E-003
   249.766875000000        -4.385333594266556E-003
   249.980625000000        -3.777075936174317E-003
   250.194375000000        -3.076696957642698E-003
   250.408125000000        -2.322831333952492E-003
   250.621875000000        -1.559376747790292E-003
   250.835625000000        -8.326463065280766E-004
   251.049375000000        -1.881783627201684E-004
   251.263125000000         3.325588969996943E-004
   251.476875000000         6.953144604244623E-004
   251.690625000000         8.758041323562906E-004
   251.904375000000         8.618393531812883E-004
   252.118125000000         6.546560809266842E-004
   252.331875000000         2.693241079370654E-004
   252.545625000000        -2.658132554758312E-004
   252.759375000000        -9.106454942592542E-004
   252.973125000000        -1.615651958616798E-003
   253.186875000000        -2.324950905642433E-003
   253.400625000000        -2.979831364365318E-003
   253.614375000000        -3.522525324165207E-003
   253.828125000000        -3.899963624921104E-003
   254.041875000000        -4.067264498024577E-003
   254.255625000000        -3.990727709868556E-003
   254.469375000000        -3.650146914141166E-003
   254.683125000000        -3.040304173119781E-003
   254.896875000000        -2.171568977331883E-003
   255.110625000000        -1.069584550555675E-003
   255.324375000000         2.259179193246949E-004
   255.538125000000         1.663085276093317E-003
   255.751875000000         3.180555289369909E-003
   255.965625000000         4.710553298509251E-003
   256.179375000000         6.182292042309861E-003
   256.393125000000         7.525488744629548E-003
   256.606875000000         8.673818950048500E-003
   256.820625000000         9.568140926749973E-003
   257.034375000000         1.015934545767307E-002
   257.248125000000         1.041071127629238E-002
   257.461875000000         1.029967423886956E-002
   257.675625000000         9.818946923129648E-003
   257.889375000000         8.976953545826423E-003
   258.103125000000         7.797572214292799E-003
   258.316875000000         6.319202274334841E-003
   258.530625000000         4.593198839568276E-003
   258.744375000000         2.681739512528989E-003
   258.958125000000         6.552097725391082E-004
   259.171875000000        -1.410786776216386E-003
   259.385625000000        -3.438669714390784E-003
   259.599375000000        -5.352236921345470E-003
   259.813125000000        -7.079985907715114E-003
   260.026875000000        -8.558249516399380E-003
   260.240625000000        -9.733996599831842E-003
   260.454375000000        -1.056715835176601E-002
   260.668125000000        -1.103235909220160E-002
   260.881875000000        -1.111995631335752E-002
   261.095625000000        -1.083632784687767E-002
   261.309375000000        -1.020338256758649E-002
   261.523125000000        -9.257312945275861E-003
   261.736875000000        -8.046650359308464E-003
   261.950625000000        -6.629724507031990E-003
   262.164375000000        -5.071663562996216E-003
   262.378125000000        -3.441099333410737E-003
   262.591875000000        -1.806759352845840E-003
   262.805625000000        -2.341342475654057E-004
   263.019375000000         1.217596852815527E-003
   263.233125000000         2.498217225222260E-003
   263.446875000000         3.568561720737359E-003
   263.660625000000         4.401942133191404E-003
   263.874375000000         4.984848577141755E-003
   264.088125000000         5.316911436089601E-003
   264.301875000000         5.410152969999878E-003
   264.515625000000         5.287598973393913E-003
   264.729375000000         4.981356289755573E-003
   264.943125000000         4.530289383904550E-003
   265.156875000000         3.977447088291045E-003
   265.370625000000         3.367398351105952E-003
   265.584375000000         2.743633355356624E-003
   265.798125000000         2.146174482330028E-003
   266.011875000000         1.609521593920964E-003
   266.225625000000         1.161029798932070E-003
   266.439375000000         8.197873352554470E-004
   266.653125000000         5.960286492436774E-004
   266.866875000000         4.910853439210250E-004
   267.080625000000         4.978473603072173E-004
   267.294375000000         6.016801956134747E-004
   267.508125000000         7.817223926720494E-004
   267.721875000000         1.012471756431912E-003
   267.935625000000         1.265559116163337E-003
   268.149375000000         1.511604888380326E-003
   268.363125000000         1.722055780058725E-003
   268.576875000000         1.870906003449316E-003
   268.790625000000         1.936218469277815E-003
   269.004375000000         1.901375613388873E-003
   269.218125000000         1.756005820644628E-003
   269.431875000000         1.496548935445345E-003
   269.645625000000         1.126442303103448E-003
   269.859375000000         6.559265213551699E-004
   270.073125000000         1.014870833048940E-004
   270.286875000000        -5.150360391002747E-004
   270.500625000000        -1.167624415988167E-003
   270.714375000000        -1.827483684200054E-003
   270.928125000000        -2.464602900528860E-003
   271.141875000000        -3.049392896674837E-003
   271.355625000000        -3.554320481058037E-003
   271.569375000000        -3.955453263579174E-003
   271.783125000000        -4.233831498063985E-003
   271.996875000000        -4.376589004216947E-003
   272.210625000000        -4.377755163905480E-003
   272.424375000000        -4.238684181388482E-003
   272.638125000000        -3.968075959298958E-003
   272.851875000000        -3.581574440518038E-003
   273.065625000000        -3.100953118615375E-003
   273.279375000000        -2.552922320057326E-003
   273.493125000000        -1.967617248173026E-003
   273.706875000000        -1.376847942847953E-003
   273.920625000000        -8.122105333529727E-004
   274.134375000000        -3.031718740871744E-004
   274.348125000000         1.247544126266454E-004
   274.561875000000         4.516241305432296E-004
   274.775625000000         6.643641312141057E-004
   274.989375000000         7.576696521448267E-004
   275.203125000000         7.344313736039205E-004
   275.416875000000         6.056550400979667E-004
   275.630625000000         3.898685407120737E-004
   275.844375000000         1.120443813241248E-004
   276.058125000000        -1.979028102936811E-004
   276.271875000000        -5.069559678170060E-004
   276.485625000000        -7.810620898620997E-004
   276.699375000000        -9.872997161171910E-004
   276.913125000000        -1.096014193685078E-003
   277.126875000000        -1.082788801413698E-003
   277.340625000000        -9.301294700705668E-004
   277.554375000000        -6.287581907716325E-004
   277.768125000000        -1.784340149237258E-004
   277.981875000000         4.117507965236552E-004
   278.195625000000         1.123620288621233E-003
   278.409375000000         1.930698199407805E-003
   278.623125000000         2.799481827314173E-003
   278.836875000000         3.691134267220215E-003
   279.050625000000         4.563498705532323E-003
   279.264375000000         5.373320134937968E-003
   279.478125000000         6.078548373445317E-003
   279.691875000000         6.640592235557964E-003
   279.905625000000         7.026398269435807E-003
   280.119375000000         7.210238378601278E-003
   280.333125000000         7.175108210281845E-003
   280.546875000000         6.913661349011203E-003
   280.760625000000         6.428631701611087E-003
   280.974375000000         5.732726330913910E-003
   281.188125000000         4.848001550450340E-003
   281.401875000000         3.804764429347314E-003
   281.615625000000         2.640068138660783E-003
   281.829375000000         1.395891155831161E-003
   282.043125000000         1.171059134977135E-004
   282.256875000000        -1.150648856274511E-003
   282.470625000000        -2.363076451512609E-003
   282.684375000000        -3.479201313541884E-003
   282.898125000000        -4.463121198899403E-003
   283.111875000000        -5.285452110475757E-003
   283.325625000000        -5.924406854565055E-003
   283.539375000000        -6.366471270461683E-003
   283.753125000000        -6.606665609268552E-003
   283.966875000000        -6.648400590065458E-003
   284.180625000000        -6.502956994131771E-003
   284.394375000000        -6.188633334055706E-003
   284.608125000000        -5.729617681289656E-003
   284.821875000000        -5.154647144702764E-003
   285.035625000000        -4.495522159234668E-003
   285.249375000000        -3.785543353559618E-003
   285.463125000000        -3.057937145964009E-003
   285.676875000000        -2.344333175316632E-003
   285.890625000000        -1.673352845789750E-003
   286.104375000000        -1.069364002776983E-003
   286.318125000000        -5.514520743140747E-004
   286.531875000000        -1.326525854975140E-004
   286.745625000000         1.805167940250451E-004
   286.959375000000         3.881952729631742E-004
   287.173125000000         4.969710527303792E-004
   287.386875000000         5.193230175499948E-004
   287.600625000000         4.727259692385206E-004
   287.814375000000         3.784533203894703E-004
   288.028125000000         2.601324208411707E-004
   288.241875000000         1.421285876433766E-004
   288.455625000000         4.785235595333536E-005
   288.669375000000        -1.901793500182127E-006
   288.883125000000         9.529895880676050E-006
   289.096875000000         9.342576843431364E-005
   289.310625000000         2.547860093939806E-004
   289.524375000000         4.918825828611808E-004
   289.738125000000         7.963025212648733E-004
   289.951875000000         1.153498305054116E-003
   290.165625000000         1.543818251079870E-003
   290.379375000000         1.943948768882190E-003
   290.593125000000         2.328663032649612E-003
   290.806875000000         2.672740943162461E-003
   291.020625000000         2.952906563654952E-003
   291.234375000000         3.149623894102701E-003
   291.448125000000         3.248601008013576E-003
   291.661875000000         3.241875853958299E-003
   291.875625000000         3.128392566327669E-003
   292.089375000000         2.914021734880873E-003
   292.303125000000         2.611027511366717E-003
   292.516875000000         2.237033845062988E-003
   292.730625000000         1.813586618078932E-003
   292.944375000000         1.364443535213377E-003
   293.158125000000         9.137458068454837E-004
   293.371875000000         4.842327902753426E-004
   293.585625000000         9.565226015640260E-005
   293.799375000000        -2.365040492185554E-004
   294.013125000000        -5.018449325649916E-004
   294.226875000000        -6.954525578867215E-004
   294.440625000000        -8.177784614513115E-004
   294.654375000000        -8.741025178577964E-004
   294.868125000000        -8.736336951039961E-004
   295.081875000000        -8.283605366482894E-004
   295.295625000000        -7.517759803083351E-004
   295.509375000000        -6.576041738759552E-004
   295.723125000000        -5.586467668431563E-004
   295.936875000000        -4.658445774270564E-004
   296.150625000000        -3.876205660080018E-004
   296.364375000000        -3.295354909633447E-004
   296.578125000000        -2.942525989730263E-004
   296.791875000000        -2.817761526620204E-004
   297.005625000000        -2.899038389836908E-004
   297.219375000000        -3.148174569901655E-004
   297.433125000000        -3.517308589750573E-004
   297.646875000000        -3.955187264118780E-004
   297.860625000000        -4.412630056710549E-004
   298.074375000000        -4.846733330505454E-004
   298.288125000000        -5.223605298266063E-004
   298.501875000000        -5.519649978756485E-004
   298.715625000000        -5.721615334863593E-004
   298.929375000000        -5.825762089564112E-004
   299.143125000000        -5.836579246888405E-004
   299.356875000000        -5.765464355559749E-004
   299.570625000000        -5.629706267254737E-004
   299.784375000000        -5.451970799646164E-004
   299.998125000000        -5.260318384176031E-004
   300.211875000000        -5.088605207877550E-004
   300.425625000000        -4.976964268835949E-004
   300.639375000000        -4.971956041766352E-004
   300.853125000000        -5.125939695989863E-004
   301.066875000000        -5.495255669671617E-004
   301.280625000000        -6.136928997637478E-004
   301.494375000000        -7.103789410847328E-004
   301.708125000000        -8.438138385072401E-004
   301.921875000000        -1.016434699018464E-003
   302.135625000000        -1.228100922712672E-003
   302.349375000000        -1.475347065966341E-003
   302.563125000000        -1.750767211403542E-003
   302.776875000000        -2.042627070381004E-003
   302.990625000000        -2.334791317274598E-003
   303.204375000000        -2.607033920989195E-003
   303.418125000000        -2.835769717009458E-003
   303.631875000000        -2.995208541818010E-003
   303.845625000000        -3.058892273809071E-003
   304.059375000000        -3.001534061052715E-003
   304.273125000000        -2.801042058227447E-003
   304.486875000000        -2.440581116165683E-003
   304.700625000000        -1.910508395896076E-003
   304.914375000000        -1.210015130826609E-003
   305.128125000000        -3.483177737371120E-004
   305.341875000000         6.547328352174880E-004
   305.555625000000         1.768717632305752E-003
   305.769375000000         2.953436572318935E-003
   305.983125000000         4.160409461672490E-003
   306.196875000000         5.335028565221557E-003
   306.410625000000         6.419250393163633E-003
   306.624375000000         7.354671167122839E-003
   306.838125000000         8.085798995127715E-003
   307.051875000000         8.563318248793755E-003
   307.265625000000         8.747139245231515E-003
   307.479375000000         8.609038950585556E-003
   307.693125000000         8.134724618813123E-003
   307.906875000000         7.325189551886300E-003
   308.120625000000         6.197275225253780E-003
   308.334375000000         4.783403151196835E-003
   308.548125000000         3.130489294679068E-003
   308.761875000000         1.298100161893497E-003
   308.975625000000        -6.440500028295562E-004
   309.189375000000        -2.619129215222850E-003
   309.403125000000        -4.546590231822247E-003
   309.616875000000        -6.345777369219337E-003
   309.830625000000        -7.939565278115776E-003
   310.044375000000        -9.257861301536224E-003
   310.258125000000        -1.024081404810018E-002
   310.471875000000        -1.084158743155504E-002
   310.685625000000        -1.102858037724084E-002
   310.899375000000        -1.078699659118994E-002
   311.113125000000        -1.011969540262192E-002
   311.326875000000        -9.047283135066871E-003
   311.540625000000        -7.607434292802698E-003
   311.754375000000        -5.853462645198642E-003
   311.968125000000        -3.852193508524597E-003
   312.181875000000        -1.681219376414942E-003
   312.395625000000         5.743495681054310E-004
   312.609375000000         2.825502044766222E-003
   312.823125000000         4.983149463975771E-003
   313.036875000000         6.961981495226863E-003
   313.250625000000         8.684170592985858E-003
   313.464375000000         1.008274474022127E-002
   313.678125000000         1.110446008502487E-002
   313.891875000000         1.171202799182245E-002
   314.105625000000         1.188558353903471E-002
   314.319375000000         1.162332300972369E-002
   314.533125000000         1.094128396447919E-002
   314.746875000000         9.872289944906290E-003
   314.960625000000         8.464129252386387E-003
   315.174375000000         6.777080059556729E-003
   315.388125000000         4.880929125120696E-003
   315.601875000000         2.851656009774582E-003
   315.815625000000         7.679672395129253E-004
   316.029375000000        -1.292135296412631E-003
   316.243125000000        -3.254579801570852E-003
   316.456875000000        -5.052095020892222E-003
   316.670625000000        -6.626608127626690E-003
   316.884375000000        -7.931089042191275E-003
   317.098125000000        -8.930798672749204E-003
   317.311875000000        -9.603935793954842E-003
   317.525625000000        -9.941710413123257E-003
   317.739375000000        -9.947898343881661E-003
   317.953125000000        -9.637950975522737E-003
   318.166875000000        -9.037745445465590E-003
   318.380625000000        -8.182063999640320E-003
   318.594375000000        -7.112888385461475E-003
   318.808125000000        -5.877587296350149E-003
   319.021875000000        -4.527064064512261E-003
   319.235625000000        -3.113919868154001E-003
   319.449375000000        -1.690676336524638E-003
   319.663125000000        -3.080918471850823E-004
   319.876875000000         9.864012546729813E-004
   320.090625000000         2.150115635993051E-003
   320.304375000000         3.146363215831693E-003
   320.518125000000         3.945523939168973E-003
   320.731875000000         4.525907756378723E-003
   320.945625000000         4.874388041032109E-003
   321.159375000000         4.986785287041749E-003
   321.373125000000         4.867982250259605E-003
   321.586875000000         4.531756112752699E-003
   321.800625000000         4.000319802206278E-003
   322.014375000000         3.303573048959344E-003
   322.228125000000         2.478073630394022E-003
   322.441875000000         1.565749913594920E-003
   322.655625000000         6.123865906312026E-004
   322.869375000000        -3.340742276746180E-004
   323.083125000000        -1.225365168111539E-003
   323.296875000000        -2.014799833661808E-003
   323.510625000000        -2.659187902670564E-003
   323.724375000000        -3.120689710429179E-003
   323.938125000000        -3.368538797394913E-003
   324.151875000000        -3.380560909252283E-003
   324.365625000000        -3.144420231008092E-003
   324.579375000000        -2.658528442828628E-003
   324.793125000000        -1.932559754195674E-003
   325.006875000000        -9.875256580730142E-004
   325.220625000000         1.446230716832949E-004
   325.434375000000         1.421882617361945E-003
   325.648125000000         2.793566074719732E-003
   325.861875000000         4.202130172862035E-003
   326.075625000000         5.585407799176117E-003
   326.289375000000         6.879171059555704E-003
   326.503125000000         8.019926514615283E-003
   326.716875000000         8.947824086271291E-003
   326.930625000000         9.609545684860117E-003
   327.144375000000         9.961030489861749E-003
   327.358125000000         9.969892340550830E-003
   327.571875000000         9.617391696759100E-003
   327.785625000000         8.899840357909503E-003
   327.999375000000         7.829341157964043E-003
   328.213125000000         6.433796091956150E-003
   328.426875000000         4.756153076483707E-003
   328.640625000000         2.852901620595765E-003
   328.854375000000         7.918685963033361E-004
   329.068125000000        -1.350595542687115E-003
   329.281875000000        -3.492914824334835E-003
   329.495625000000        -5.551916333471756E-003
   329.709375000000        -7.446615168465859E-003
   329.923125000000        -9.101970577539914E-003
   330.136875000000        -1.045242681605252E-002
   330.350625000000        -1.144506073471884E-002
   330.564375000000        -1.204217565872963E-002
   330.778125000000        -1.222320664783736E-002
   330.991875000000        -1.198583430027912E-002
   331.205625000000        -1.134624123073794E-002
   331.419375000000        -1.033848546969258E-002
   331.633125000000        -9.013006548115017E-003
   331.846875000000        -7.434321252420656E-003
   332.060625000000        -5.678005350584356E-003
   332.274375000000        -3.827093484091657E-003
   332.488125000000        -1.968060458318019E-003
   332.701875000000        -1.865719871317960E-004
   332.915625000000         1.436789724825115E-003
   333.129375000000         2.830611522212087E-003
   333.343125000000         3.936332948771141E-003
   333.556875000000         4.711326466273657E-003
   333.770625000000         5.131195014487400E-003
   333.984375000000         5.191140740887491E-003
   334.198125000000         4.906301823047874E-003
   334.411875000000         4.311006026661773E-003
   334.625625000000         3.456947826884840E-003
   334.839375000000         2.410357680692997E-003
   335.053125000000         1.248293854907030E-003
   335.266875000000         5.424512331103610E-005
   335.480625000000        -1.086717506710623E-003
   335.694375000000        -2.092964115819635E-003
   335.908125000000        -2.891206184092984E-003
   336.121875000000        -3.420972024680619E-003
   336.335625000000        -3.638371535385947E-003
   336.549375000000        -3.518900538522002E-003
   336.763125000000        -3.059089659031194E-003
   336.976875000000        -2.276873010727177E-003
   337.190625000000        -1.210633529850354E-003
   337.404375000000         8.303092868001862E-005
   337.618125000000         1.532689927629939E-003
   337.831875000000         3.056400857280091E-003
   338.045625000000         4.566690891366169E-003
   338.259375000000         5.975876580640161E-003
   338.473125000000         7.201372628244272E-003
   338.686875000000         8.170641969095378E-003
   338.900625000000         8.825465259983335E-003
   339.114375000000         9.125257470818887E-003
   339.328125000000         9.049228667745204E-003
   339.541875000000         8.597269836860176E-003
   339.755625000000         7.789536039643918E-003
   339.969375000000         6.664791012046039E-003
   340.183125000000         5.277662228519253E-003
