  -1.60312500000000        -1.530052564895513E-023
  -1.38937500000000        -6.007900276735297E-024
  -1.17562500000000        -2.798000620639976E-022
 -0.961875000000000        -2.637680672810163E-021
 -0.748125000000000        -1.512295995995993E-020
 -0.534375000000000        -6.700909338382135E-020
 -0.320625000000000        -2.471698935875211E-019
 -0.106875000000000        -7.827517096722714E-019
  0.106875000000000        -2.168870341038378E-018
  0.320625000000000        -5.325226599917544E-018
  0.534375000000000        -1.171337666414286E-017
  0.748125000000000        -2.330615847676333E-017
  0.961875000000000        -4.230426780168109E-017
   1.17562500000000        -7.055485973242719E-017
   1.38937500000000        -1.086885549826391E-016
   1.60312500000000        -1.550756412283660E-016
   1.81687500000000        -2.049349955403557E-016
   2.03062500000000        -2.497958588023880E-016
   2.24437500000000        -2.775770140958764E-016
   2.45812500000000        -2.738056144690489E-016
   2.67187500000000        -2.241056129861446E-016
   2.88562500000000        -1.181157057870594E-016
   3.09937500000000         4.552878223074629E-017
   3.31312500000000         2.531467921271009E-016
   3.52687500000000         4.702212688920058E-016
   3.74062500000000         6.370531970970761E-016
   3.95437500000000         6.666782386225829E-016
   4.16812500000000         4.461878766404681E-016
   4.38187500000000        -1.568218965174293E-016
   4.59562500000000        -1.283808308738483E-015
   4.80937500000000        -3.070731261299353E-015
   5.02312500000000        -5.629205123277211E-015
   5.23687500000000        -9.027436582705793E-015
   5.45062500000000        -1.327222682534088E-014
   5.66437500000000        -1.829448783574959E-014
   5.87812500000000        -2.394265219259065E-014
   6.09187500000000        -2.998535597824887E-014
   6.30562500000000        -3.612409275668842E-014
   6.51937500000000        -4.201560539748449E-014
   6.73312500000000        -4.730224794006286E-014
   6.94687500000000        -5.164716039611829E-014
   7.16062500000000        -5.476942516523636E-014
   7.37437500000000        -5.647459879335595E-014
   7.58812500000000        -5.667612231212062E-014
   7.80187500000000        -5.540395092468069E-014
   8.01562500000000        -5.279953668313335E-014
   8.22937500000000        -4.909648828690156E-014
   8.44312500000000        -4.459108448968913E-014
   8.65687500000000        -3.960615719683093E-014
   8.87062500000000        -3.445583804465447E-014
   9.08437500000000        -2.941572301435885E-014
   9.29812500000000        -2.470483952170754E-014
   9.51187500000000        -2.048175959206291E-014
   9.72562500000000        -1.685565385224986E-014
   9.93937500000000        -1.391028446751618E-014
   10.1531250000000        -1.173417780238590E-014
   10.3668750000000        -1.045104366610303E-014
   10.5806250000000        -1.024278120712940E-014
   10.7943750000000        -1.135747654141897E-014
   11.0081250000000        -1.409935200553093E-014
   11.2218750000000        -1.879913634482717E-014
   11.4356250000000        -2.576796386936568E-014
   11.6493750000000        -3.524158882139451E-014
   11.8631250000000        -4.732408534338005E-014
   12.0768750000000        -6.194233090071571E-014
   12.2906250000000        -7.882042832221646E-014
   12.5043750000000        -9.748170444533882E-014
   12.7181250000000        -1.172810351134719E-013
   12.9318750000000        -1.374646651033307E-013
   13.1456250000000        -1.572510600370272E-013
   13.3593750000000        -1.759208373529953E-013
   13.5731250000000        -1.929030762848384E-013
   13.7868750000000        -2.078441207260511E-013
   14.0006250000000        -2.206482225876880E-013
   14.2143750000000        -2.314834525930127E-013
   14.4281250000000        -2.407521792383214E-013
   14.6418750000000        -2.490308200190497E-013
   14.8556250000000        -2.569890972887193E-013
   15.0693750000000        -2.653030635636018E-013
   15.2831250000000        -2.745751983649596E-013
   15.4968750000000        -2.852753393577982E-013
   15.7106250000000        -2.977103534086590E-013
   15.9243750000000        -3.120268428837877E-013
   16.1381250000000        -3.282434633900945E-013
   16.3518750000000        -3.463052163324270E-013
   16.5656250000000        -3.661478020474063E-013
   16.7793750000000        -3.877580047100423E-013
   16.9931250000000        -4.112171666801982E-013
   17.2068750000000        -4.367186045446453E-013
   17.4206250000000        -4.645545351141362E-013
   17.6343750000000        -4.950736831997637E-013
   17.8481250000000        -5.286174238830357E-013
   18.0618750000000        -5.654453535222916E-013
   18.2756250000000        -6.056645981286170E-013
   18.4893750000000        -6.491762463786478E-013
   18.7031250000000        -6.956494334096616E-013
   18.9168750000000        -7.445297419118057E-013
   19.1306250000000        -7.950827330565612E-013
   19.3443750000000        -8.464664803549695E-013
   19.5581250000000        -8.978240466287429E-013
   19.7718750000000        -9.483828763372351E-013
   19.9856250000000        -9.975469826039452E-013
   20.1993750000000        -1.044969244399886E-012
   20.4131250000000        -1.090594480465072E-012
   20.6268750000000        -1.134666987668776E-012
   20.8406250000000        -1.177702466069645E-012
   21.0543750000000        -1.220428352310769E-012
   21.2681250000000        -1.263700737539016E-012
   21.4818750000000        -1.308408263727914E-012
   21.6956250000000        -1.355375826607362E-012
   21.9093750000000        -1.405278458078416E-012
   22.1231250000000        -1.458576335783160E-012
   22.3368750000000        -1.515477551286188E-012
   22.5506250000000        -1.575933225215780E-012
   22.7643750000000        -1.639664781810256E-012
   22.9781250000000        -1.706220088203837E-012
   23.1918750000000        -1.775052138528639E-012
   23.4056250000000        -1.845610921789575E-012
   23.6193750000000        -1.917437689357888E-012
   23.8331250000000        -1.990250946697329E-012
   24.0468750000000        -2.064011506233394E-012
   24.2606250000000        -2.138957417992905E-012
   24.4743750000000        -2.215600519401491E-012
   24.6881250000000        -2.294681501285870E-012
   24.9018750000000        -2.377084173298784E-012
   25.1156250000000        -2.463714957231298E-012
   25.3293750000000        -2.555360218115187E-012
   25.5431250000000        -2.652535977996517E-012
   25.7568750000000        -2.755351658404492E-012
   25.9706250000000        -2.863408339439421E-012
   26.1843750000000        -2.975753852519979E-012
   26.3981250000000        -3.090911974377873E-012
   26.6118750000000        -3.206996645197144E-012
   26.8256250000000        -3.321914100022972E-012
   27.0393750000000        -3.433643153252999E-012
   27.2531250000000        -3.540571714002584E-012
   27.4668750000000        -3.641854997865241E-012
   27.6806250000000        -3.737748733392162E-012
   27.8943750000000        -3.829862036575103E-012
   28.1081250000000        -3.921271965872944E-012
   28.3218750000000        -4.016445866957970E-012
   28.5356250000000        -4.120930101066369E-012
   28.7493750000000        -4.240789324058973E-012
   28.9631250000000        -4.381810356812102E-012
   29.1768750000000        -4.548528660012937E-012
   29.3906250000000        -4.743176094208637E-012
   29.6043750000000        -4.964692745322640E-012
   29.8181250000000        -5.207976830435887E-012
   30.0318750000000        -5.463558123540535E-012
   30.2456250000000        -5.717867215437927E-012
   30.4593750000000        -5.954227652390031E-012
   30.6731250000000        -6.154615850633795E-012
   30.8868750000000        -6.302125784999804E-012
   31.1006250000000        -6.383942459176737E-012
   31.3143750000000        -6.394494910240945E-012
   31.5281250000000        -6.338340602509751E-012
   31.7418750000000        -6.232256376867504E-012
   31.9556250000000        -6.106001262494729E-012
   32.1693750000000        -6.001289351021532E-012
   32.3831250000000        -5.968676132845423E-012
   32.5968750000000        -6.062316445822438E-012
   32.8106250000000        -6.332872508639539E-012
   33.0243750000000        -6.819203488668508E-012
   33.2381250000000        -7.539801971455951E-012
   33.4518750000000        -8.485199559486863E-012
   33.6656250000000        -9.612688263665493E-012
   33.8793750000000        -1.084464560197150E-011
   34.0931250000000        -1.207148361304584E-011
   34.3068750000000        -1.315976281529180E-011
   34.5206250000000        -1.396536027782971E-011
   34.7343750000000        -1.435081862311568E-011
   34.9481250000000        -1.420523075921074E-011
   35.1618750000000        -1.346434814994084E-011
   35.3756250000000        -1.212815794055295E-011
   35.5893750000000        -1.027306046366545E-011
   35.8031250000000        -8.056063169603943E-012
   36.0168750000000        -5.709111164249649E-012
   36.2306250000000        -3.522754540776380E-012
   36.4443750000000        -1.819703584054927E-012
   36.6581250000000        -9.202841784808081E-013
   36.8718750000000        -1.103176062456198E-012
   37.0856250000000        -2.565886187627325E-012
   37.2993750000000        -5.389981285628123E-012
   37.5131250000000        -9.516042184390819E-012
   37.7268750000000        -1.473254058759332E-011
   37.9406250000000        -2.068142081153194E-011
   38.1543750000000        -2.688123256087391E-011
   38.3681250000000        -3.276644572407476E-011
   38.5818750000000        -3.773938529312336E-011
   38.7956250000000        -4.122937992051870E-011
   39.0093750000000        -4.275252171307376E-011
   39.2231250000000        -4.196511478616252E-011
   39.4368750000000        -3.870454523981678E-011
   39.6506250000000        -3.301289295398250E-011
   39.8643750000000        -2.514092104659925E-011
   40.0781250000000        -1.553278079819520E-011
   40.2918750000000        -4.794422785633618E-012
   40.5056250000000         6.349153640981964E-012
   40.7193750000000         1.710146361679222E-011
   40.9331250000000         2.664055498559123E-011
   41.1468750000000         3.415841197753319E-011
   41.3606250000000         3.889110985717680E-011
   41.5743750000000         4.014027894310420E-011
   41.7881250000000         3.728978811331481E-011
   42.0018750000000         2.982435503152555E-011
   42.2156250000000         1.735828649713554E-011
   42.4293750000000        -3.178552676947501E-013
   42.6431250000000        -2.316754894511297E-011
   42.8568750000000        -5.081540886390995E-011
   43.0706250000000        -8.243769663658692E-011
   43.2843750000000        -1.166506054525829E-010
   43.4981250000000        -1.514181142953068E-010
   43.7118750000000        -1.840068709654462E-010
   43.9256250000000        -2.110179245936033E-010
   44.1393750000000        -2.285228854182966E-010
   44.3531250000000        -2.323243993569344E-010
   44.5668750000000        -2.183475397632267E-010
   44.7806250000000        -1.831505420971038E-010
   44.9943750000000        -1.245218540302810E-010
   45.2081250000000        -4.210820768115245E-011
   45.4218750000000         6.200155500123970E-011
   45.6356250000000         1.828264335909770E-010
   45.8493750000000         3.122717718345022E-010
   46.0631250000000         4.392246055537437E-010
   46.2768750000000         5.500343373053799E-010
   46.4906250000000         6.294139407898911E-010
   46.7043750000000         6.617518261637333E-010
   46.9181250000000         6.327711389534894E-010
   47.1318750000000         5.314168555779171E-010
   47.3456250000000         3.517981275969965E-010
   47.5593750000000         9.497116798898892E-011
   47.7731250000000        -2.296762877369734E-010
   47.9868750000000        -6.036781305924647E-010
   48.2006250000000        -9.995917828121541E-010
   48.4143750000000        -1.382102208158688E-009
   48.6281250000000        -1.710195645939727E-009
   48.8418750000000        -1.940362409165629E-009
   49.0556250000000        -2.030666121664370E-009
   49.2693750000000        -1.945392872218536E-009
   49.4831250000000        -1.659881654757062E-009
   49.6968750000000        -1.165051511756359E-009
   49.9106250000000        -4.710944655424697E-010
   50.1243750000000         3.901924480238909E-010
   50.3381250000000         1.364901092481958E-009
   50.5518750000000         2.378676609654214E-009
   50.7656250000000         3.340722087367146E-009
   50.9793750000000         4.150095670950785E-009
   51.1931250000000         4.704008871052707E-009
   51.4068750000000         4.907587854485617E-009
   51.6206250000000         4.684334289342985E-009
   51.8343750000000         3.986345009570925E-009
   52.0481250000000         2.803244704171059E-009
   52.2618750000000         1.168772799956348E-009
   52.4756250000000        -8.359426646678658E-010
   52.6893750000000        -3.083191664378992E-009
   52.9031250000000        -5.404036172409440E-009
   53.1168750000000        -7.598295003085499E-009
   53.3306250000000        -9.448805398173471E-009
   53.5443750000000        -1.073915244065610E-008
   53.7581250000000        -1.127362813566236E-008
   53.9718750000000        -1.089782308596511E-008
   54.1856250000000        -9.518007667584041E-009
   54.3993750000000        -7.117362346132351E-009
   54.6131250000000        -3.767193279789320E-009
   54.8268750000000         3.684697632581121E-010
   55.0406250000000         5.036057107849709E-009
   55.2543750000000         9.903995273890978E-009
   55.4681250000000         1.458246017443722E-008
   55.6818750000000         1.865044900872721E-008
   55.8956250000000         2.168851888870535E-008
   56.1093750000000         2.331486787935544E-008
   56.3231250000000         2.322191327789379E-008
   56.5368750000000         2.121021457342019E-008
   56.7506250000000         1.721654154878867E-008
   56.9643750000000         1.133312745759398E-008
   57.1781250000000         3.815674058171649E-009
   57.3918750000000        -4.921536832699666E-009
   57.6056250000000        -1.432407488262150E-008
   57.8193750000000        -2.372885889626417E-008
   58.0331250000000        -3.240708106716035E-008
   58.2468750000000        -3.961582487229527E-008
   58.4606250000000        -4.465472468050591E-008
   58.6743750000000        -4.692336606068534E-008
   58.8881250000000        -4.597482185349327E-008
   59.1018750000000        -4.156080663786821E-008
   59.3156250000000        -3.366442220052699E-008
   59.5293750000000        -2.251733128721919E-008
   59.7431250000000        -8.599370534884549E-009
   59.9568750000000         7.380003071747057E-009
   60.1706250000000         2.451756860832389E-008
   60.3843750000000         4.176721895199080E-008
   60.5981250000000         5.800234823616735E-008
   60.8118750000000         7.208531634332513E-008
   61.0256250000000         8.293903788207835E-008
   61.2393750000000         8.961567617414410E-008
   61.4531250000000         9.135781286229211E-008
   61.6668750000000         8.764826482631713E-008
   61.8806250000000         7.824583947471360E-008
   62.0943750000000         6.320562685984421E-008
   62.3081250000000         4.288376860587616E-008
   62.5218750000000         1.792785975016513E-008
   62.7356250000000        -1.074491549658432E-008
   62.9493750000000        -4.197925220933503E-008
   63.1631250000000        -7.442002237124342E-008
   63.3768750000000        -1.065549642668515E-007
   63.5906250000000        -1.367600532124372E-007
   63.8043750000000        -1.633468367952636E-007
   64.0181250000000        -1.846121061734428E-007
   64.2318750000000        -1.988912563394932E-007
   64.4456250000000        -2.046173558014655E-007
   64.6593750000000        -2.003881161703151E-007
   64.8731250000000        -1.850424918427280E-007
   65.0868750000000        -1.577474916278803E-007
   65.3006250000000        -1.180939823648525E-007
   65.5143750000000        -6.619794360482141E-008
   65.7281250000000        -2.801021978731890E-009
   65.9418750000000         7.063835752947590E-008
   66.1556250000000         1.518742792609228E-007
   66.3693750000000         2.378354415011888E-007
   66.5831250000000         3.246328644591322E-007
   66.7968750000000         4.076249943545891E-007
   67.0106250000000         4.815494874083389E-007
   67.2243750000000         5.407269274664426E-007
   67.4381250000000         5.793363404020552E-007
   67.6518750000000         5.917559469718464E-007
   67.8656250000000         5.729556267205264E-007
   68.0793750000000         5.189206522625326E-007
   68.2931250000000         4.270800701869176E-007
   68.5068750000000         2.967083360803181E-007
   68.7206250000000         1.292660832341881E-007
   68.9343750000000        -7.135428094552182E-008
   69.1481250000000        -2.987097834596929E-007
   69.3618750000000        -5.438409144972844E-007
   69.5756250000000        -7.954761041432749E-007
   69.7893750000000        -1.040413552954267E-006
   70.0031250000000        -1.264074944890957E-006
   70.2168750000000        -1.451212413496050E-006
   70.4306250000000        -1.586737201605800E-006
   70.6443750000000        -1.656626808688740E-006
   70.8581250000000        -1.648858075975191E-006
   71.0718750000000        -1.554307505895006E-006
   71.2856250000000        -1.367557824851547E-006
   71.4993750000000        -1.087551774214128E-006
   71.7131250000000        -7.180404278847464E-007
   71.9268750000000        -2.677837198706124E-007
   72.1406250000000         2.495252727783604E-007
   72.3543750000000         8.156242910731646E-007
   72.5681250000000         1.408328157282168E-006
   72.7818750000000         2.002433216803361E-006
   72.9956250000000         2.570838701316329E-006
   73.2093750000000         3.085828897332052E-006
   73.4231250000000         3.520448493250519E-006
   73.6368750000000         3.849896147004576E-006
   73.8506250000000         4.052858694829555E-006
   74.0643750000000         4.112710697757449E-006
   74.2781250000000         4.018511032205857E-006
   74.4918750000000         3.765739476249836E-006
   74.7056250000000         3.356730934869784E-006
   74.9193750000000         2.800782071360121E-006
   75.1331250000000         2.113923509621055E-006
   75.3468750000000         1.318369230034963E-006
   75.5606250000000         4.416721226988709E-007
   75.7743750000000        -4.843701714777861E-007
   75.9881250000000        -1.425002875178914E-006
   76.2018750000000        -2.343930424392377E-006
   76.4156250000000        -3.204792377808146E-006
   76.6293750000000        -3.972629322910229E-006
   76.8431250000000        -4.615272683280396E-006
   77.0568750000000        -5.104599200135507E-006
   77.2706250000000        -5.417600484152353E-006
   77.4843750000000        -5.537229631382751E-006
   77.6981250000000        -5.452999621221333E-006
   77.9118750000000        -5.161321213296770E-006
   78.1256250000000        -4.665580539182390E-006
   78.3393750000000        -3.975967857638279E-006
   78.5531250000000        -3.109078469913906E-006
   78.7668750000000        -2.087314208107783E-006
   78.9806250000000        -9.381190308971856E-007
   79.1943750000000         3.069149184788279E-007
   79.4081250000000         1.613033761838956E-006
   79.6218750000000         2.943364994485633E-006
   79.8356250000000         4.259984054861802E-006
   80.0493750000000         5.524974833935793E-006
   80.2631250000000         6.701458841093940E-006
   80.4768750000000         7.754572102404234E-006
   80.6906250000000         8.652372960915464E-006
   80.9043750000000         9.366667473714142E-006
   81.1181250000000         9.873741854983892E-006
   81.3318750000000         1.015499330788214E-005
   81.5456250000000         1.019745164208305E-005
   81.7593750000000         9.994184412981194E-006
   81.9731250000000         9.544578154170640E-006
   82.1868750000000         8.854487881985849E-006
   82.4006250000000         7.936246740786026E-006
   82.6143750000000         6.808527747340329E-006
   82.8281250000000         5.496050374681927E-006
   83.0418750000000         4.029126429556750E-006
   83.2556250000000         2.443042484946356E-006
   83.4693750000000         7.772800955483025E-007
   83.6831250000000        -9.254198927664530E-007
   83.8968750000000        -2.620136582058013E-006
   84.1106250000000        -4.260972702024744E-006
   84.3243750000000        -5.802356519253822E-006
   84.5381250000000        -7.200408731869472E-006
   84.7518750000000        -8.414334608889097E-006
   84.9656250000000        -9.407796152765467E-006
   85.1793750000000        -1.015021505685291E-005
   85.3931250000000        -1.061795510159713E-005
   85.6068750000000        -1.079533270508457E-005
   85.8206250000000        -1.067540682730623E-005
   86.0343750000000        -1.026050440818402E-005
   86.2481250000000        -9.562444944935194E-006
   86.4618750000000        -8.602437493989827E-006
   86.6756250000000        -7.410634994333332E-006
   86.8893750000000        -6.025343914525445E-006
   87.1031250000000        -4.491901291973903E-006
   87.3168750000000        -2.861245659673265E-006
   87.5306250000000        -1.188222503360844E-006
   87.7443750000000         4.703218866105284E-007
   87.9581250000000         2.057592636233699E-006
   88.1718750000000         3.518969513807814E-006
   88.3856250000000         4.804119199856822E-006
   88.5993750000000         5.869010809339888E-006
   88.8131250000000         6.677748422874031E-006
   89.0268750000000         7.204137512111787E-006
   89.2406250000000         7.432908929680515E-006
   89.4543750000000         7.360534521936125E-006
   89.6681250000000         6.995582222296616E-006
   89.8818750000000         6.358575362088513E-006
   90.0956250000000         5.481340418582494E-006
   90.3093750000000         4.405848885571297E-006
   90.5231250000000         3.182581638898130E-006
   90.7368750000000         1.868467184957101E-006
   90.9506250000000         5.244675182928429E-007
   91.1643750000000        -7.870941160991613E-007
   91.3781250000000        -2.005351595673733E-006
   91.5918750000000        -3.073734838568098E-006
   91.8056250000000        -3.942695142511957E-006
   92.0193750000000        -4.572180299272603E-006
   92.2331250000000        -4.933727035678079E-006
   92.4468750000000        -5.012049655485424E-006
   92.6606250000000        -4.806022257511082E-006
   92.8743750000000        -4.328977223071202E-006
   93.0881250000000        -3.608273994960038E-006
   93.3018750000000        -2.684128259163276E-006
   93.5156250000000        -1.607730819619534E-006
   93.7293750000000        -4.387257015010813E-007
   93.9431250000000         7.578439517073202E-007
   94.1568750000000         1.914978219034440E-006
   94.3706250000000         2.967377627364153E-006
   94.5843750000000         3.855120747584778E-006
   94.7981250000000         4.527156569034976E-006
   95.0118750000000         4.944406414214547E-006
   95.2256250000000         5.082282659489358E-006
   95.4393750000000         4.932456165965224E-006
   95.6531250000000         4.503740303671698E-006
   95.8668750000000         3.822005201484402E-006
   96.0806250000000         2.929089087414358E-006
   96.2943750000000         1.880731407054670E-006
   96.5081250000000         7.436114862450567E-007
   96.7218750000000        -4.083667434343432E-007
   96.9356250000000        -1.498352612581698E-006
   97.1493750000000        -2.451156322225420E-006
   97.3631250000000        -3.197924193172444E-006
   97.5768750000000        -3.680604775049467E-006
   97.7906250000000        -3.855930401078547E-006
   98.0043750000000        -3.698656742404942E-006
   98.2181250000000        -3.203837037004544E-006
   98.4318750000000        -2.387956497566607E-006
   98.6456250000000        -1.288813557692980E-006
   98.8593750000000         3.589510424956682E-008
   99.0731250000000         1.511253267500693E-006
   99.2868750000000         3.048958552986550E-006
   99.5006250000000         4.552128387644558E-006
   99.7143750000000         5.920831309173090E-006
   99.9281250000000         7.058043268249131E-006
   100.141875000000         7.875691081472557E-006
   100.355625000000         8.300426078531999E-006
   100.569375000000         8.278772115679558E-006
   100.783125000000         7.781314252843785E-006
   100.996875000000         6.805637102847881E-006
   101.210625000000         5.377783553271646E-006
   101.424375000000         3.552082471471426E-006
   101.638125000000         1.409284308538860E-006
   101.851875000000        -9.469585039623294E-007
   102.065625000000        -3.395129225017042E-006
   102.279375000000        -5.802168710093453E-006
   102.493125000000        -8.030760502958716E-006
   102.706875000000        -9.947186017412196E-006
   102.920625000000        -1.142930494400610E-005
   103.134375000000        -1.237418870707241E-005
   103.348125000000        -1.270493488419280E-005
   103.561875000000        -1.237621941061376E-005
   103.775625000000        -1.137820084740566E-005
   103.989375000000        -9.738474910452478E-006
   104.203125000000        -7.521883954697857E-006
   104.416875000000        -4.828109629471418E-006
   104.630625000000        -1.787110489089153E-006
   104.844375000000         1.447398073869275E-006
   105.058125000000         4.706095225285102E-006
   105.271875000000         7.813397350419337E-006
   105.485625000000         1.059746156476813E-005
   105.699375000000         1.290025964853368E-005
   105.913125000000         1.458710757525990E-005
   106.126875000000         1.555505012433612E-005
   106.340625000000         1.573955372547704E-005
   106.554375000000         1.511905162730200E-005
   106.768125000000         1.371700900074858E-005
   106.981875000000         1.160132452412678E-005
   107.195625000000         8.881050151665744E-006
   107.409375000000         5.700581478867848E-006
   107.623125000000         2.231635972876524E-006
   107.836875000000        -1.336516028412647E-006
   108.050625000000        -4.807982712728381E-006
   108.264375000000        -7.991676334024223E-006
   108.478125000000        -1.071252419684114E-005
   108.691875000000        -1.282176245329290E-005
   108.905625000000        -1.420566299532512E-005
   109.119375000000        -1.479214049110597E-005
   109.333125000000        -1.455482108167171E-005
   109.546875000000        -1.351431751362737E-005
   109.760625000000        -1.173663648808485E-005
   109.974375000000        -9.328830357521760E-006
   110.188125000000        -6.432184153433566E-006
   110.401875000000        -3.213387922550522E-006
   110.615625000000         1.457274678140241E-007
   110.829375000000         3.459224274834259E-006
   111.043125000000         6.548151646356303E-006
   111.256875000000         9.250994245391842E-006
   111.470625000000         1.143282305993817E-005
   111.684375000000         1.299259119737310E-005
   111.898125000000         1.386814896563631E-005
   112.111875000000         1.403871047401958E-005
   112.325625000000         1.352467702414914E-005
   112.539375000000         1.238489851773330E-005
   112.753125000000         1.071162082110274E-005
   112.966875000000         8.623513239571450E-006
   113.180625000000         6.257286398906412E-006
   113.394375000000         3.758489670239152E-006
   113.608125000000         1.272114357331018E-006
   113.821875000000        -1.066377237435156E-006
   114.035625000000        -3.139024434516056E-006
   114.249375000000        -4.851854883149888E-006
   114.463125000000        -6.139512871165220E-006
   114.676875000000        -6.967793448484593E-006
   114.890625000000        -7.333994910802622E-006
   115.104375000000        -7.265151777388691E-006
   115.318125000000        -6.814351094188379E-006
   115.531875000000        -6.055457493119246E-006
   115.745625000000        -5.076669253890116E-006
   115.959375000000        -3.973392938174100E-006
   116.173125000000        -2.840954575460375E-006
   116.386875000000        -1.767659881186922E-006
   116.600625000000        -8.286759920554963E-007
   116.814375000000        -8.113635086293228E-008
   117.028125000000         4.392257785429587E-007
   117.241875000000         7.197240807127329E-007
   117.455625000000         7.705797382664542E-007
   117.669375000000         6.230555063812417E-007
   117.883125000000         3.260425426334573E-007
   118.096875000000        -5.861586885124791E-008
   118.310625000000        -4.616959525742853E-007
   118.524375000000        -8.126356166368672E-007
   118.738125000000        -1.045595249655381E-006
   118.951875000000        -1.105089554926473E-006
   119.165625000000        -9.507780030175304E-007
   119.379375000000        -5.610648795533702E-007
   119.593125000000         6.475290603245391E-008
   119.806875000000         9.059470909220144E-007
   120.020625000000         1.921469612337713E-006
   120.234375000000         3.052637253445881E-006
   120.448125000000         4.227199139994288E-006
   120.661875000000         5.364496929215946E-006
   120.875625000000         6.381347714318463E-006
   121.089375000000         7.198225609017894E-006
   121.303125000000         7.745293632709376E-006
   121.516875000000         7.967844839436643E-006
   121.730625000000         7.830750398315883E-006
   121.944375000000         7.321580111531933E-006
   122.158125000000         6.452153142029790E-006
   122.371875000000         5.258387206610238E-006
   122.585625000000         3.798435469515674E-006
   122.799375000000         2.149223277097301E-006
   123.013125000000         4.016128705594475E-007
   123.226875000000        -1.345475161157425E-006
   123.440625000000        -2.991577133620905E-006
   123.654375000000        -4.441382599694475E-006
   123.868125000000        -5.611139645892116E-006
   124.081875000000        -6.434314617729972E-006
   124.295625000000        -6.866102388137516E-006
   124.509375000000        -6.886463523846875E-006
   124.723125000000        -6.501468829485897E-006
   124.936875000000        -5.742852222932965E-006
   125.150625000000        -4.665800911994774E-006
   125.364375000000        -3.345137984790203E-006
   125.578125000000        -1.870167482445067E-006
   125.791875000000        -3.385472988346130E-007
   126.005625000000         1.150376174651303E-006
   126.219375000000         2.502300882094112E-006
   126.433125000000         3.634296107242026E-006
   126.646875000000         4.480282168477306E-006
   126.860625000000         4.995284949449045E-006
   127.074375000000         5.158177908404401E-006
   127.288125000000         4.972734679610608E-006
   127.501875000000         4.466937495484105E-006
   127.715625000000         3.690611316958627E-006
   127.929375000000         2.711571592174086E-006
   128.143125000000         1.610576430218840E-006
   128.356875000000         4.754544064988164E-007
   128.570625000000        -6.051682657908251E-007
   128.784375000000        -1.548096160355425E-006
   128.998125000000        -2.281314462448487E-006
   129.211875000000        -2.748867528657960E-006
   129.425625000000        -2.914542068727676E-006
   129.639375000000        -2.764120858596978E-006
   129.853125000000        -2.306077423271700E-006
   130.066875000000        -1.570693345371330E-006
   130.280625000000        -6.076896874672959E-007
   130.494375000000         5.174352635438468E-007
   130.708125000000         1.728084945191442E-006
   130.921875000000         2.941919817358698E-006
   131.135625000000         4.076510497765416E-006
   131.349375000000         5.054899117456211E-006
   131.563125000000         5.810695144816205E-006
   131.776875000000         6.292372802070816E-006
   131.990625000000         6.466499464337029E-006
   132.204375000000         6.319703136992019E-006
   132.418125000000         5.859276369984848E-006
   132.631875000000         5.112407419655770E-006
   132.845625000000         4.124120711856681E-006
   133.059375000000         2.954091701168658E-006
   133.273125000000         1.672570853720661E-006
   133.486875000000         3.557035963158469E-007
   133.700625000000        -9.194351208260417E-007
   133.914375000000        -2.079762863091425E-006
   134.128125000000        -3.060750998272816E-006
   134.341875000000        -3.810339395935769E-006
   134.555625000000        -4.291967610653348E-006
   134.769375000000        -4.486548221738886E-006
   134.983125000000        -4.393279890482505E-006
   135.196875000000        -4.029274055161756E-006
   135.410625000000        -3.428045104350502E-006
   135.624375000000        -2.636984649867347E-006
   135.838125000000        -1.714001945544857E-006
   136.051875000000        -7.235610655574767E-007
   136.265625000000         2.676214420296066E-007
   136.479375000000         1.194938672744353E-006
   136.693125000000         2.000037060338456E-006
   136.906875000000         2.634482091114992E-006
   137.120625000000         3.062720683693081E-006
   137.334375000000         3.264162270376687E-006
   137.548125000000         3.234258106136880E-006
   137.761875000000         2.984522318024941E-006
   137.975625000000         2.541504789082586E-006
   138.189375000000         1.944791167523947E-006
   138.403125000000         1.244165270029062E-006
   138.616875000000         4.961204261834624E-007
   138.830625000000        -2.400540539807237E-007
   139.044375000000        -9.063593679245945E-007
   139.258125000000        -1.450084344491211E-006
   139.471875000000        -1.827456395214418E-006
   139.685625000000        -2.006710568659559E-006
   139.899375000000        -1.970376422161332E-006
   140.113125000000        -1.716630184551062E-006
   140.326875000000        -1.259617022429382E-006
   140.540625000000        -6.287118397815097E-007
   140.754375000000         1.332467501549979E-007
   140.968125000000         9.726497151947240E-007
   141.181875000000         1.828578800037299E-006
   141.395625000000         2.636825236610949E-006
   141.609375000000         3.334216486849475E-006
   141.823125000000         3.862976956153224E-006
   142.036875000000         4.174840340894424E-006
   142.250625000000         4.234640201929337E-006
   142.464375000000         4.023131415386789E-006
   142.678125000000         3.538837269524939E-006
   142.891875000000         2.798773103748923E-006
   143.105625000000         1.837964575765960E-006
   143.319375000000         7.077531790741094E-007
   143.533125000000        -5.270407911056971E-007
   143.746875000000        -1.791951684828803E-006
   143.960625000000        -3.007482700991687E-006
   144.174375000000        -4.094226716345646E-006
   144.388125000000        -4.978176341513098E-006
   144.601875000000        -5.595881172233548E-006
   144.815625000000        -5.899106635597679E-006
   145.029375000000        -5.858667546968125E-006
   145.243125000000        -5.467150346342896E-006
   145.456875000000        -4.740299379609882E-006
   145.670625000000        -3.716921500305125E-006
   145.884375000000        -2.457255330838082E-006
   146.098125000000        -1.039851254005244E-006
   146.311875000000         4.428907034726015E-007
   146.525625000000         1.890282236964532E-006
   146.739375000000         3.199680974111505E-006
   146.953125000000         4.273206009532963E-006
   147.166875000000         5.024401898246824E-006
   147.380625000000         5.384404612801955E-006
   147.594375000000         5.307179253271011E-006
   147.808125000000         4.773445681512396E-006
   148.021875000000         3.792982780950869E-006
   148.235625000000         2.405100665534477E-006
   148.449375000000         6.771869103425043E-007
   148.663125000000        -1.298639775227975E-006
   148.876875000000        -3.410605660881595E-006
   149.090625000000        -5.533802847083778E-006
   149.304375000000        -7.537763490401561E-006
   149.518125000000        -9.294613713344995E-006
   149.731875000000        -1.068728171380676E-005
   149.945625000000        -1.161721782623309E-005
   150.159375000000        -1.201110462687941E-005
   150.373125000000        -1.182609203411523E-005
   150.586875000000        -1.105318247130173E-005
   150.800625000000        -9.718508786213814E-006
   151.014375000000        -7.882384907495132E-006
   151.228125000000        -5.636156769800099E-006
   151.441875000000        -3.097028598070411E-006
   151.655625000000        -4.011768472316542E-007
   151.869375000000         2.304418746159162E-006
   152.083125000000         4.870908730792133E-006
   152.296875000000         7.156699684875304E-006
   152.510625000000         9.036183991781916E-006
   152.724375000000         1.040750934915236E-005
   152.938125000000         1.119888540161795E-005
   153.151875000000         1.137302005486666E-005
   153.365625000000         1.092940001550737E-005
   153.579375000000         9.904270459280807E-006
   153.793125000000         8.368317857256060E-006
   154.006875000000         6.422207830161823E-006
   154.220625000000         4.190266660313907E-006
   154.434375000000         1.812711907639947E-006
   154.648125000000        -5.630728938149583E-007
   154.861875000000        -2.791667614674039E-006
   155.075625000000        -4.738576040779064E-006
   155.289375000000        -6.288459949579785E-006
   155.503125000000        -7.352139389405847E-006
   155.716875000000        -7.871933009031655E-006
   155.930625000000        -7.825018843637487E-006
   156.144375000000        -7.224620796659907E-006
   156.358125000000        -6.118961169561458E-006
   156.571875000000        -4.588056588240905E-006
   156.785625000000        -2.738565278842183E-006
   156.999375000000        -6.970101804451966E-007
   157.213125000000         1.398201807812902E-006
   157.426875000000         3.405474354968905E-006
   157.640625000000         5.188899817227556E-006
   157.854375000000         6.626782284948022E-006
   158.068125000000         7.619290135512890E-006
   158.281875000000         8.094775959245122E-006
   158.495625000000         8.014381750146971E-006
   158.709375000000         7.374649263702544E-006
   158.923125000000         6.207973526603583E-006
   159.136875000000         4.580864883408646E-006
   159.350625000000         2.590114447345734E-006
   159.564375000000         3.570820513602386E-007
   159.778125000000        -1.979562278680224E-006
   159.991875000000        -4.272219075317638E-006
   160.205625000000        -6.373369004899134E-006
   160.419375000000        -8.144676895489999E-006
   160.633125000000        -9.465645610484468E-006
   160.846875000000        -1.024129653084927E-005
   161.060625000000        -1.040840549052061E-005
   161.274375000000        -9.939903168418992E-006
   161.488125000000        -8.847152917270480E-006
   161.701875000000        -7.179941127207612E-006
   161.915625000000        -5.024148678395513E-006
   162.129375000000        -2.497209264178683E-006
   162.343125000000         2.584065555442687E-007
   162.556875000000         3.083321612054914E-006
   162.770625000000         5.810534910619854E-006
   162.984375000000         8.275318922013328E-006
   163.198125000000         1.032514770656992E-005
   163.411875000000         1.182906040773679E-005
   163.625625000000         1.268588813700423E-005
   163.839375000000         1.283083039232620E-005
   164.053125000000         1.223995721641606E-005
   164.266875000000         1.093233066041743E-005
   164.480625000000         8.969577377587103E-006
   164.694375000000         6.452895510685830E-006
   164.908125000000         3.517634625448134E-006
   165.121875000000         3.257379309850153E-007
   165.335625000000        -2.943527910876357E-006
   165.549375000000        -6.104017190926156E-006
   165.763125000000        -8.973703444094067E-006
   165.976875000000        -1.138556586687760E-005
   166.190625000000        -1.319769321195393E-005
   166.404375000000        -1.430197158501088E-005
   166.618125000000        -1.463080040611022E-005
   166.831875000000        -1.416139554668725E-005
   167.045625000000        -1.291738394303983E-005
   167.259375000000        -1.096756123697942E-005
   167.473125000000        -8.421862885660268E-006
   167.686875000000        -5.424778275279807E-006
   167.900625000000        -2.146604831641950E-006
   168.114375000000         1.226916494546299E-006
   168.328125000000         4.505931914856590E-006
   168.541875000000         7.508049717242637E-006
   168.755625000000         1.006941519965884E-005
   168.969375000000         1.205456890895603E-005
   169.183125000000         1.336444782208844E-005
   169.396875000000         1.394200994053142E-005
   169.610625000000         1.377512042997860E-005
   169.824375000000         1.289652144399845E-005
   170.038125000000         1.138090549920396E-005
   170.251875000000         9.339309830913992E-006
   170.465625000000         6.911232400063643E-006
   170.679375000000         4.255025788850563E-006
   170.893125000000         1.537241587813630E-006
   171.106875000000        -1.078333735754785E-006
   171.320625000000        -3.441195384145918E-006
   171.534375000000        -5.423472583849872E-006
   171.748125000000        -6.927491459671077E-006
   171.961875000000        -7.891059510584031E-006
   172.175625000000        -8.290153928054449E-006
   172.389375000000        -8.138888947339298E-006
   172.603125000000        -7.486837440385267E-006
   172.816875000000        -6.413973755022840E-006
   173.030625000000        -5.023673742525487E-006
   173.244375000000        -3.434341191873412E-006
   173.458125000000        -1.770317575518481E-006
   173.671875000000        -1.527678609128655E-007
   173.885625000000         1.308782906469508E-006
   174.099375000000         2.523657208958363E-006
   174.313125000000         3.425486683172011E-006
   174.526875000000         3.975587690585012E-006
   174.740625000000         4.164083368828848E-006
   174.954375000000         4.008785509717746E-006
   175.168125000000         3.552023880673724E-006
   175.381875000000         2.855764435796727E-006
   175.595625000000         1.995479337442181E-006
   175.809375000000         1.053311873131954E-006
   176.023125000000         1.111129072076391E-007
   176.236875000000        -7.560888205934321E-007
   176.450625000000        -1.485679680840867E-006
   176.664375000000        -2.031712652412619E-006
   176.878125000000        -2.367539807872246E-006
   177.091875000000        -2.486693021423659E-006
   177.305625000000        -2.402029705840516E-006
   177.519375000000        -2.143302131159633E-006
   177.733125000000        -1.753431318526868E-006
   177.946875000000        -1.283860260450373E-006
   178.160625000000        -7.894197485137453E-007
   178.374375000000        -3.231601252835975E-007
   178.588125000000         6.841603091362241E-008
   178.801875000000         3.493385380864999E-007
   179.015625000000         4.970718365066212E-007
   179.229375000000         5.041375934172885E-007
   179.443125000000         3.783739004468033E-007
   179.656875000000         1.418616987997279E-007
   179.870625000000        -1.713449338183573E-007
   180.084375000000        -5.184585411850103E-007
   180.298125000000        -8.518752827866041E-007
   180.511875000000        -1.123436275552398E-006
   180.725625000000        -1.288688364267915E-006
   180.939375000000        -1.310814433427249E-006
   181.153125000000        -1.163942360495950E-006
   181.366875000000        -8.355998826646366E-007
   181.580625000000        -3.281541342097683E-007
   181.794375000000         3.408469541110664E-007
   182.008125000000         1.139435082261370E-006
   182.221875000000         2.023013364156433E-006
   182.435625000000         2.937044428261252E-006
   182.649375000000         3.820448181498604E-006
   182.863125000000         4.609485914834338E-006
   183.076875000000         5.241886386440188E-006
   183.290625000000         5.660963631027022E-006
   183.504375000000         5.819484151295450E-006
   183.718125000000         5.683060899004806E-006
   183.931875000000         5.232880809792773E-006
   184.145625000000         4.467609353459602E-006
   184.359375000000         3.404357507063927E-006
   184.573125000000         2.078641941942913E-006
   184.786875000000         5.433165340357677E-007
   185.000625000000        -1.133498693004931E-006
   185.214375000000        -2.871417515197963E-006
   185.428125000000        -4.581596653718119E-006
   185.641875000000        -6.171191222666684E-006
   185.855625000000        -7.548254697918235E-006
   186.069375000000        -8.626848851140379E-006
   186.283125000000        -9.332104472849996E-006
   186.496875000000        -9.604959418855307E-006
   186.710625000000        -9.406298670679437E-006
   186.924375000000        -8.720233507148163E-006
   187.138125000000        -7.556284759615171E-006
   187.351875000000        -5.950278832660438E-006
   187.565625000000        -3.963824007081830E-006
   187.779375000000        -1.682306579742576E-006
   187.993125000000         7.885715351854838E-007
   188.206875000000         3.327604344835562E-006
   188.420625000000         5.804044847723633E-006
   188.634375000000         8.084439259196080E-006
   188.848125000000         1.003998075316508E-005
   189.061875000000         1.155397709189141E-005
   189.275625000000         1.252899478393528E-005
   189.489375000000         1.289323667580189E-005
   189.703125000000         1.260573225936987E-005
   189.916875000000         1.165997068778725E-005
   190.130625000000         1.008568374640288E-005
   190.344375000000         7.948586054126475E-006
   190.558125000000         5.347997023426491E-006
   190.771875000000         2.412396590934366E-006
   190.985625000000        -7.069035303123738E-007
   191.199375000000        -3.843667747559786E-006
   191.413125000000        -6.825809160917573E-006
   191.626875000000        -9.485125185067954E-006
   191.840625000000        -1.166713573692513E-005
   192.054375000000        -1.324043756429953E-005
   192.268125000000        -1.410499786450056E-005
   192.481875000000        -1.419885582550202E-005
   192.695625000000        -1.350278025722294E-005
   192.909375000000        -1.204254105245784E-005
   193.123125000000        -9.888585885423253E-006
   193.336875000000        -7.153063796627345E-006
   193.550625000000        -3.984295451032800E-006
   193.764375000000        -5.589465629307266E-007
   193.978125000000         2.927693196936735E-006
   194.191875000000         6.272797595296640E-006
   194.405625000000         9.277831434382715E-006
   194.619375000000         1.176042908309823E-005
   194.833125000000         1.356561105887601E-005
   195.046875000000         1.457564442691845E-005
   195.260625000000         1.471791400408368E-005
   195.474375000000         1.397027295869579E-005
   195.688125000000         1.236347871453698E-005
   195.901875000000         9.980486097588081E-006
   196.115625000000         6.952555371909834E-006
   196.329375000000         3.452327553682297E-006
   196.543125000000        -3.157885257811238E-007
   196.756875000000        -4.127395606645363E-006
   196.970625000000        -7.751381209162182E-006
   197.184375000000        -1.096389836418224E-005
   197.398125000000        -1.356219983891221E-005
   197.611875000000        -1.537745629734644E-005
   197.825625000000        -1.628572862674763E-005
   198.039375000000        -1.621635940244846E-005
   198.253125000000        -1.515719408559843E-005
   198.466875000000        -1.315623136188641E-005
   198.680625000000        -1.031952305214564E-005
   198.894375000000        -6.805383577044776E-006
   199.108125000000        -2.815211483870712E-006
   199.321875000000         1.418545368118552E-006
   199.535625000000         5.646549848090589E-006
   199.749375000000         9.617974426066757E-006
   199.963125000000         1.309615352580878E-005
   200.176875000000         1.587346986127721E-005
   200.390625000000         1.778449006398784E-005
   200.604375000000         1.871646797268620E-005
   200.818125000000         1.861649964258034E-005
   201.031875000000         1.749483210540016E-005
   201.245625000000         1.542408376896707E-005
   201.459375000000         1.253441056974474E-005
   201.673125000000         9.004929188791247E-006
   201.886875000000         5.051966951057642E-006
   202.100625000000         9.149286163579603E-007
   202.314375000000        -3.159263221791848E-006
   202.528125000000        -6.932097581525648E-006
   202.741875000000        -1.018869248773050E-005
   202.955625000000        -1.275126991592092E-005
   203.169375000000        -1.448998286564206E-005
   203.383125000000        -1.533037874794026E-005
   203.596875000000        -1.525702374391407E-005
   203.810625000000        -1.431308651072488E-005
   204.024375000000        -1.259596641984141E-005
   204.238125000000        -1.024933025753629E-005
   204.451875000000        -7.452171481333599E-006
   204.665625000000        -4.405709406868594E-006
   204.879375000000        -1.319087423180119E-006
   205.093125000000         1.605100424358012E-006
   205.306875000000         4.184430818506933E-006
   205.520625000000         6.268477083522847E-006
   205.734375000000         7.748043965733531E-006
   205.948125000000         8.561218910592519E-006
   206.161875000000         8.695890197683126E-006
   206.375625000000         8.188645665734525E-006
   206.589375000000         7.120229740618284E-006
   206.803125000000         5.607981394852073E-006
   207.016875000000         3.795883714438205E-006
   207.230625000000         1.843012337619131E-006
   207.444375000000        -8.873516370054142E-008
   207.658125000000        -1.846719235454455E-006
   207.871875000000        -3.298577540867105E-006
   208.085625000000        -4.341415315035080E-006
   208.299375000000        -4.908553651998363E-006
   208.513125000000        -4.973417127909442E-006
   208.726875000000        -4.550360919374216E-006
   208.940625000000        -3.692463623426928E-006
   209.154375000000        -2.486528611560485E-006
   209.368125000000        -1.045728629054114E-006
   209.581875000000         4.995173619655039E-007
   209.795625000000         2.011738921433130E-006
   210.009375000000         3.356929869260668E-006
   210.223125000000         4.414634380505750E-006
   210.436875000000         5.086904712865713E-006
   210.650625000000         5.305529813038311E-006
   210.864375000000         5.037069256841047E-006
   211.078125000000         4.285388528182655E-006
   211.291875000000         3.091567471826581E-006
   211.505625000000         1.531231556563487E-006
   211.719375000000        -2.904763343081505E-007
   211.933125000000        -2.245917849127438E-006
   212.146875000000        -4.193489568192727E-006
   212.360625000000        -5.987091599887828E-006
   212.574375000000        -7.485917300454665E-006
   212.788125000000        -8.563939469803029E-006
   213.001875000000        -9.118498747695243E-006
   213.215625000000        -9.077464868808379E-006
   213.429375000000        -8.404535812212964E-006
   213.643125000000        -7.102357257923087E-006
   213.856875000000        -5.213277803126807E-006
   214.070625000000        -2.817696283498702E-006
   214.284375000000        -3.009840450053767E-008
   214.498125000000         3.006986887203182E-006
   214.711875000000         6.130762265398493E-006
   214.925625000000         9.167221229985378E-006
   215.139375000000         1.194097261500661E-005
   215.353125000000         1.428526855586419E-005
   215.566875000000         1.605166276861656E-005
   215.780625000000         1.711874672685020E-005
   215.994375000000         1.739946296693349E-005
   216.208125000000         1.684657453747222E-005
   216.421875000000         1.545597320438333E-005
   216.635625000000         1.326763072432422E-005
   216.849375000000         1.036413049559916E-005
   217.063125000000         6.866853624824940E-006
   217.276875000000         2.930026019824191E-006
   217.490625000000        -1.267046211727431E-006
   217.704375000000        -5.529124127958240E-006
   217.918125000000        -9.655060538803232E-006
   218.131875000000        -1.344814920159618E-005
   218.345625000000        -1.672623118406926E-005
   218.559375000000        -1.933100902926884E-005
   218.773125000000        -2.113606894888795E-005
   218.986875000000        -2.205318902020350E-005
   219.200625000000        -2.203661218620134E-005
   219.414375000000        -2.108508032267700E-005
   219.628125000000        -1.924155240983521E-005
   219.841875000000        -1.659065821884912E-005
   220.055625000000        -1.325406133028531E-005
   220.269375000000        -9.384014812218772E-006
   220.483125000000        -5.155483630093557E-006
   220.696875000000        -7.572753454089629E-007
   220.910625000000         3.617338025802736E-006
   221.124375000000         7.780010235147160E-006
   221.338125000000         1.155623951969050E-005
   221.551875000000         1.479337063332766E-005
   221.765625000000         1.736729555500848E-005
   221.979375000000         1.918754686018196E-005
   222.193125000000         2.020056969230407E-005
   222.406875000000         2.039105840453881E-005
   222.620625000000         1.978134698742933E-005
   222.834375000000         1.842894319479928E-005
   223.048125000000         1.642238997137607E-005
   223.261875000000         1.387571998164583E-005
   223.475625000000         1.092183594838508E-005
   223.689375000000         7.705198049433331E-006
   223.903125000000         4.374227521516439E-006
   224.116875000000         1.073841513497273E-006
   224.330625000000        -2.061482257728491E-006
   224.544375000000        -4.913750679715559E-006
   224.758125000000        -7.386307956595147E-006
   224.971875000000        -9.407268631047418E-006
   225.185625000000        -1.093139173960396E-005
   225.399375000000        -1.194035304511197E-005
   225.613125000000        -1.244147081455678E-005
   225.826875000000        -1.246503543172122E-005
   226.040625000000        -1.206047806911344E-005
   226.254375000000        -1.129168285715340E-005
   226.468125000000        -1.023179544454026E-005
   226.681875000000        -8.957904743196446E-006
   226.895625000000        -7.545971815956922E-006
   227.109375000000        -6.066350022131255E-006
   227.323125000000        -4.580185464548757E-006
   227.536875000000        -3.136910295121671E-006
   227.750625000000        -1.772949183401101E-006
   227.964375000000        -5.116583432667625E-007
   228.178125000000         6.355850151306360E-007
   228.391875000000         1.667318768596135E-006
   228.605625000000         2.589211696886194E-006
   228.819375000000         3.410869123960778E-006
   229.033125000000         4.142567054289867E-006
   229.246875000000         4.792252038435399E-006
   229.460625000000         5.363112450944070E-006
   229.674375000000         5.851967769478582E-006
   229.888125000000         6.248640890468879E-006
   230.101875000000         6.536381691586216E-006
   230.315625000000         6.693306631959235E-006
   230.529375000000         6.694718559816883E-006
   230.743125000000         6.516082323173472E-006
   230.956875000000         6.136363494233691E-006
   231.170625000000         5.541395973930891E-006
   231.384375000000         4.726933475809144E-006
   231.598125000000         3.701061117637459E-006
   231.811875000000         2.485694840706067E-006
   232.025625000000         1.116973589552297E-006
   232.239375000000        -3.555548126319381E-007
   232.453125000000        -1.870947039229360E-006
   232.666875000000        -3.359963197698472E-006
   232.880625000000        -4.749040111569985E-006
   233.094375000000        -5.964848046229668E-006
   233.308125000000        -6.939085191307002E-006
   233.521875000000        -7.613139041189568E-006
   233.735625000000        -7.942250238904328E-006
   233.949375000000        -7.898851570470221E-006
   234.163125000000        -7.474818983993941E-006
   234.376875000000        -6.682456791304457E-006
   234.590625000000        -5.554137897545778E-006
   234.804375000000        -4.140623339488131E-006
   235.018125000000        -2.508184801160268E-006
   235.231875000000        -7.347409889086301E-007
   235.445625000000         1.094712961909772E-006
   235.659375000000         2.893059335580504E-006
   235.873125000000         4.576053003227956E-006
   236.086875000000         6.067024272214037E-006
   236.300625000000         7.300988579676313E-006
   236.514375000000         8.227915557017754E-006
   236.728125000000         8.814978571563978E-006
   236.941875000000         9.047683451381743E-006
   237.155625000000         8.929855290768387E-006
   237.369375000000         8.482538926585282E-006
   237.583125000000         7.741936599682221E-006
   237.796875000000         6.756561375417948E-006
   238.010625000000         5.583824373059986E-006
   238.224375000000         4.286296450610126E-006
   238.438125000000         2.927890749592541E-006
   238.651875000000         1.570202601515870E-006
   238.865625000000         2.692197826108250E-007
   239.079375000000        -9.274183996294727E-007
   239.293125000000        -1.982477279116218E-006
   239.506875000000        -2.870410032459143E-006
   239.720625000000        -3.577829620825563E-006
   239.934375000000        -4.103180788728454E-006
   240.148125000000        -4.455670384185452E-006
   240.361875000000        -4.653556520971048E-006
   240.575625000000        -4.721932889282178E-006
   240.789375000000        -4.690172286846211E-006
   241.003125000000        -4.589211862622658E-006
   241.216875000000        -4.448870567107763E-006
   241.430625000000        -4.295386137232049E-006
   241.644375000000        -4.149344288366691E-006
   241.858125000000        -4.024146871232497E-006
   242.071875000000        -3.925129478488887E-006
   242.285625000000        -3.849394012392190E-006
   242.499375000000        -3.786370492613419E-006
   242.713125000000        -3.719068062091732E-006
   242.926875000000        -3.625921488619224E-006
   243.140625000000        -3.483090548712440E-006
   243.354375000000        -3.267029623321182E-006
   243.568125000000        -2.957117381441797E-006
   243.781875000000        -2.538124584516844E-006
   243.995625000000        -2.002303718800131E-006
   244.209375000000        -1.350907879859483E-006
   244.423125000000        -5.949870684739360E-007
   244.636875000000         2.446347881409956E-007
   244.850625000000         1.138233239617763E-006
   245.064375000000         2.048867560110297E-006
   245.278125000000         2.934766250031611E-006
   245.491875000000         3.752241029235860E-006
   245.705625000000         4.458905979884164E-006
   245.919375000000         5.016945346953014E-006
   246.133125000000         5.396161211964551E-006
   246.346875000000         5.576542478461202E-006
   246.560625000000         5.550129029984971E-006
   246.774375000000         5.321997238783831E-006
   246.988125000000         4.910261101268279E-006
   247.201875000000         4.345061582119900E-006
   247.415625000000         3.666598728495124E-006
   247.629375000000         2.922339860504622E-006
   247.843125000000         2.163605993887344E-006
   248.056875000000         1.441791788989530E-006
   248.270625000000         8.045072844590303E-007
   248.484375000000         2.919397345030719E-007
   248.698125000000        -6.627976004443171E-008
   248.911875000000        -2.534562631797193E-007
   249.125625000000        -2.672646976752032E-007
   249.339375000000        -1.201147946887381E-007
   249.553125000000         1.615953140155460E-007
   249.766875000000         5.392966290972531E-007
   249.980625000000         9.650181545438460E-007
   250.194375000000         1.384916941995874E-006
   250.408125000000         1.743322960465258E-006
   250.621875000000         1.987014254977706E-006
   250.835625000000         2.069420031264730E-006
   251.049375000000         1.954452677663007E-006
   251.263125000000         1.619693648324988E-006
   251.476875000000         1.058700557574782E-006
   251.690625000000         2.822606020747551E-007
   251.904375000000        -6.815155059186423E-007
   252.118125000000        -1.788289150210371E-006
   252.331875000000        -2.979731428595638E-006
   252.545625000000        -4.186780630351293E-006
   252.759375000000        -5.333730321673571E-006
   252.973125000000        -6.342903172672238E-006
   253.186875000000        -7.139624808510046E-006
   253.400625000000        -7.657188298370453E-006
   253.614375000000        -7.841494870566910E-006
   253.828125000000        -7.655070501206919E-006
   254.041875000000        -7.080190562130142E-006
   254.255625000000        -6.120894093061001E-006
   254.469375000000        -4.803732867112180E-006
   254.683125000000        -3.177174755687364E-006
   254.896875000000        -1.309661750760407E-006
   255.110625000000         7.135943722492663E-007
   255.324375000000         2.794916385646742E-006
   255.538125000000         4.829332432451649E-006
   255.751875000000         6.710321620543284E-006
   255.965625000000         8.335801390524147E-006
   256.179375000000         9.614002395024635E-006
   256.393125000000         1.046887723265730E-005
   256.606875000000         1.084471231354000E-005
   256.820625000000         1.070965635669074E-005
   257.034375000000         1.005794201065762E-005
   257.248125000000         8.910654971191423E-006
   257.461875000000         7.314992755002120E-006
   257.675625000000         5.342047216229480E-006
   257.889375000000         3.083234844059379E-006
   258.103125000000         6.455808347377407E-007
   258.316875000000        -1.853868578601922E-006
   258.530625000000        -4.294180525217691E-006
   258.744375000000        -6.556862224599371E-006
   258.958125000000        -8.532019029598925E-006
   259.171875000000        -1.012399891078363E-005
   259.385625000000        -1.125621575289806E-005
   259.599375000000        -1.187489908176424E-005
   259.813125000000        -1.195158681338793E-005
   260.026875000000        -1.148425524020134E-005
   260.240625000000        -1.049706129313849E-005
   260.454375000000        -9.038750760495683E-006
   260.668125000000        -7.179857702204673E-006
   260.881875000000        -5.008880694823419E-006
   261.095625000000        -2.627667782771394E-006
   261.309375000000        -1.462723233719786E-007
   261.523125000000         2.322444225842078E-006
   261.736875000000         4.668188479909994E-006
   261.950625000000         6.788332302821659E-006
   262.164375000000         8.592501007762465E-006
   262.378125000000         1.000645961061692E-005
   262.591875000000         1.097514724419115E-005
   262.805625000000         1.146475612478629E-005
   263.019375000000         1.146379839882819E-005
   263.233125000000         1.098314967835598E-005
   263.446875000000         1.005510050299509E-005
   263.660625000000         8.731485244107142E-006
   263.874375000000         7.080991422913058E-006
   264.088125000000         5.185780691746327E-006
   264.301875000000         3.137575653059104E-006
   264.515625000000         1.033384150286836E-006
   264.729375000000        -1.028955493816998E-006
   264.943125000000        -2.955218835529131E-006
   265.156875000000        -4.659040026686634E-006
   265.370625000000        -6.065774445441497E-006
   265.584375000000        -7.115810499724450E-006
   265.798125000000        -7.767182634996577E-006
   266.011875000000        -7.997365291037415E-006
   266.225625000000        -7.804161672238324E-006
   266.439375000000        -7.205640712196289E-006
   266.653125000000        -6.239119018673402E-006
   266.866875000000        -4.959229913487871E-006
   267.080625000000        -3.435166611210182E-006
   267.294375000000        -1.747228586393987E-006
   267.508125000000         1.716327173276586E-008
   267.721875000000         1.767788358173423E-006
   267.935625000000         3.416071504265187E-006
   268.149375000000         4.879430213980461E-006
   268.363125000000         6.085306377432639E-006
   268.576875000000         6.974680250592471E-006
   268.790625000000         7.504890680731163E-006
   269.004375000000         7.651621037072446E-006
   269.218125000000         7.409953036769114E-006
   269.431875000000         6.794438233884414E-006
   269.645625000000         5.838186779370746E-006
   269.859375000000         4.591022577099552E-006
   270.073125000000         3.116800720833676E-006
   270.286875000000         1.490024933356054E-006
   270.500625000000        -2.080621855610794E-007
   270.714375000000        -1.893716420862509E-006
   270.928125000000        -3.485039465481815E-006
   271.141875000000        -4.906211958622707E-006
   271.355625000000        -6.091390312435232E-006
   271.569375000000        -6.988059294028807E-006
   271.783125000000        -7.559656547295213E-006
   271.996875000000        -7.787319486704424E-006
   272.210625000000        -7.670648369776433E-006
   272.424375000000        -7.227430464614088E-006
   272.638125000000        -6.492327120558878E-006
   272.851875000000        -5.514585666170497E-006
   273.065625000000        -4.354898249299974E-006
   273.279375000000        -3.081586344194707E-006
   273.493125000000        -1.766338696990536E-006
   273.706875000000        -4.797679175070352E-007
   273.920625000000         7.129270146028818E-007
   274.134375000000         1.755901473265473E-006
   274.348125000000         2.605935190906062E-006
   274.561875000000         3.234795591327196E-006
   274.775625000000         3.630516463176801E-006
   274.989375000000         3.797488970617268E-006
   275.203125000000         3.755349247535818E-006
   275.416875000000         3.536740022924458E-006
   275.630625000000         3.184115431604345E-006
   275.844375000000         2.745840397460362E-006
   276.058125000000         2.271900946028155E-006
   276.271875000000         1.809582685725176E-006
   276.485625000000         1.399486386255645E-006
   276.699375000000         1.072229333624239E-006
   276.913125000000         8.461290237650965E-007
   277.126875000000         7.260848571354493E-007
   277.340625000000         7.037698231895069E-007
   277.554375000000         7.591262473108282E-007
   277.768125000000         8.630378820941181E-007
   277.981875000000         9.809362506777816E-007
   278.195625000000         1.077003341774379E-006
   278.409375000000         1.118565414146006E-006
   278.623125000000         1.080241403225715E-006
   278.836875000000         9.474186965154497E-007
   279.050625000000         7.186795897116559E-007
   279.264375000000         4.068903242188914E-007
   279.478125000000         3.878420812105355E-008
   279.691875000000        -3.469893517590239E-007
   279.905625000000        -7.032296860807441E-007
   280.119375000000        -9.787007560206501E-007
   280.333125000000        -1.123412274111805E-006
   280.546875000000        -1.094189113079766E-006
   280.760625000000        -8.600025218440706E-007
   280.974375000000        -4.065346890905713E-007
   281.188125000000         2.605045626143358E-007
   281.401875000000         1.113696633223625E-006
   281.615625000000         2.104123731596235E-006
   281.829375000000         3.163564016742077E-006
   282.043125000000         4.208592821616921E-006
   282.256875000000         5.146337690422759E-006
   282.470625000000         5.881479218157771E-006
   282.684375000000         6.323965218336860E-006
   282.898125000000         6.396824137517339E-006
   283.111875000000         6.043432739100153E-006
   283.325625000000         5.233616306570034E-006
   283.539375000000         3.968035631541576E-006
   283.753125000000         2.280437904244649E-006
   283.966875000000         2.375083066236173E-007
   284.180625000000        -2.063757520712436E-006
   284.394375000000        -4.501047992040302E-006
   284.608125000000        -6.933800031429958E-006
   284.821875000000        -9.211873532723283E-006
   285.035625000000        -1.118524787029552E-005
   285.249375000000        -1.271406917136660E-005
   285.463125000000        -1.367834439374646E-005
   285.676875000000        -1.398659804190608E-005
   285.890625000000        -1.358287719194475E-005
   286.104375000000        -1.245160414393678E-005
   286.318125000000        -1.061992408179316E-005
   286.531875000000        -8.157365945421017E-006
   286.745625000000        -5.172815440868379E-006
   286.959375000000        -1.808976719268428E-006
   287.173125000000         1.765338407579928E-006
   287.386875000000         5.364618214876813E-006
   287.600625000000         8.797177424279772E-006
   287.814375000000         1.187616007099752E-005
   288.028125000000         1.443035453595080E-005
   288.241875000000         1.631417528313171E-005
   288.455625000000         1.741622293460835E-005
   288.669375000000         1.766592462205316E-005
   288.883125000000         1.703787351260711E-005
   289.096875000000         1.555362243303363E-005
   289.310625000000         1.328083351719329E-005
   289.524375000000         1.032983563237802E-005
   289.738125000000         6.847786171754406E-006
   289.951875000000         3.010766405347865E-006
   290.165625000000        -9.857464602697522E-007
   290.379375000000        -4.937497517257956E-006
   290.593125000000        -8.642568344891479E-006
   290.806875000000        -1.191236316860391E-005
   291.020625000000        -1.458184697412127E-005
   291.234375000000        -1.651845360718332E-005
   291.448125000000        -1.762915292320869E-005
   291.661875000000        -1.786526730405723E-005
   291.875625000000        -1.722475481952855E-005
   292.089375000000        -1.575182274630780E-005
   292.303125000000        -1.353389325258149E-005
   292.516875000000        -1.069610370453161E-005
   292.730625000000        -7.393677294864608E-006
   292.944375000000        -3.802635323511184E-006
   293.158125000000        -1.094307283377686E-007
   293.371875000000         3.499845134106441E-006
   293.585625000000         6.850000396646782E-006
   293.799375000000         9.786359243371613E-006
   294.013125000000         1.218285368326058E-005
   294.226875000000         1.394809316675579E-005
   294.440625000000         1.502905757576487E-005
   294.654375000000         1.541222894494497E-005
   294.868125000000         1.512216153608669E-005
   295.081875000000         1.421767444098818E-005
   295.295625000000         1.278602108343339E-005
   295.509375000000         1.093553194997925E-005
   295.723125000000         8.787328762610206E-006
   295.936875000000         6.466761450436066E-006
   296.150625000000         4.095219082151653E-006
   296.364375000000         1.782912384092022E-006
   296.578125000000        -3.768766983057947E-007
   296.791875000000        -2.311724644499136E-006
   297.005625000000        -3.971989998523100E-006
   297.219375000000        -5.330725983355860E-006
   297.433125000000        -6.381752631414142E-006
   297.646875000000        -7.136214074293781E-006
   297.860625000000        -7.618067385196284E-006
   298.074375000000        -7.859025151794674E-006
   298.288125000000        -7.893498459508328E-006
   298.501875000000        -7.754058774926973E-006
   298.715625000000        -7.467859958690035E-006
   298.929375000000        -7.054343592657166E-006
   299.143125000000        -6.524404099255194E-006
   299.356875000000        -5.881029513467426E-006
   299.570625000000        -5.121275163450973E-006
   299.784375000000        -4.239286453998435E-006
   299.998125000000        -3.229977051489516E-006
   300.211875000000        -2.092900448266472E-006
   300.425625000000        -8.358323570643746E-007
   300.639375000000         5.223898679038909E-007
   300.853125000000         1.950149899768208E-006
   301.066875000000         3.402723430878073E-006
   301.280625000000         4.823463971978519E-006
   301.494375000000         6.146477087745729E-006
   301.708125000000         7.300605554333890E-006
   301.921875000000         8.214412930131025E-006
   302.135625000000         8.821746875360317E-006
   302.349375000000         9.067396020212727E-006
   302.563125000000         8.912331285365909E-006
   302.776875000000         8.338046094764650E-006
   302.990625000000         7.349577396158366E-006
   303.204375000000         5.976894391161397E-006
   303.418125000000         4.274474707890881E-006
   303.631875000000         2.319036494732892E-006
   303.845625000000         2.055465169643154E-007
   304.059375000000        -1.958234189538100E-006
   304.273125000000        -4.058285995968906E-006
   304.486875000000        -5.981478539418349E-006
   304.700625000000        -7.622811775180311E-006
   304.914375000000        -8.892222910778952E-006
   305.128125000000        -9.720464902985290E-006
   305.341875000000        -1.006363297147520E-005
   305.555625000000        -9.906017692411548E-006
   305.769375000000        -9.261087988174218E-006
   305.983125000000        -8.170544578274817E-006
   306.196875000000        -6.701523468134725E-006
   306.410625000000        -4.942159370259085E-006
   306.624375000000        -2.995831183768136E-006
   306.838125000000        -9.744981315411302E-007
   307.051875000000         1.008409595962514E-006
   307.265625000000         2.845060783243477E-006
   307.479375000000         4.439782328236899E-006
   307.693125000000         5.714682177058839E-006
   307.906875000000         6.613984810810424E-006
   308.120625000000         7.106824252644924E-006
   308.334375000000         7.188350437450341E-006
   308.548125000000         6.879122207874097E-006
   308.761875000000         6.222875919756371E-006
   308.975625000000         5.282864835022824E-006
   309.189375000000         4.137054260048584E-006
   309.403125000000         2.872525213004713E-006
   309.616875000000         1.579481399937584E-006
   309.830625000000         3.452684297510434E-007
   310.044375000000        -7.511995876587070E-007
   310.258125000000        -1.644250859424111E-006
   310.471875000000        -2.285211569877577E-006
   310.685625000000        -2.644894224275970E-006
   310.899375000000        -2.714698766498561E-006
   311.113125000000        -2.506304046871111E-006
   311.326875000000        -2.050023152361310E-006
   311.540625000000        -1.391983979440659E-006
   311.754375000000        -5.903704135954748E-007
   311.968125000000         2.889851519751310E-007
   312.181875000000         1.177333809570346E-006
   312.395625000000         2.007732759911717E-006
   312.609375000000         2.719438655341704E-006
   312.823125000000         3.261687764814103E-006
   313.036875000000         3.596633889189945E-006
   313.250625000000         3.701284070315685E-006
   313.464375000000         3.568350050889672E-006
   313.678125000000         3.206014121107429E-006
   313.891875000000         2.636685316715868E-006
   314.105625000000         1.894890183295601E-006
   314.319375000000         1.024496596166990E-006
   314.533125000000         7.550573848841086E-008
   314.746875000000        -8.993358974221723E-007
   314.960625000000        -1.847856237405566E-006
   315.174375000000        -2.721483671160047E-006
   315.388125000000        -3.477793336168227E-006
   315.601875000000        -4.082439335663573E-006
   315.815625000000        -4.510397813528772E-006
   316.029375000000        -4.746506998829048E-006
   316.243125000000        -4.785348003380884E-006
   316.456875000000        -4.630559331943896E-006
   316.670625000000        -4.293714729870639E-006
   316.884375000000        -3.792915451118923E-006
   317.098125000000        -3.151253138305442E-006
   317.311875000000        -2.395288760185129E-006
   317.525625000000        -1.553668502284635E-006
   317.739375000000        -6.559625291013975E-007
   317.953125000000         2.682285343195667E-007
   318.166875000000         1.189896885153118E-006
   318.380625000000         2.081016844728436E-006
   318.594375000000         2.914767339430059E-006
   318.808125000000         3.665674417010746E-006
   319.021875000000         4.309767108386309E-006
   319.235625000000         4.824832632591773E-006
   319.449375000000         5.190836896013690E-006
   319.663125000000         5.390545920996340E-006
   319.876875000000         5.410346877800734E-006
   320.090625000000         5.241228176821742E-006
   320.304375000000         4.879841285313209E-006
   320.518125000000         4.329537034484273E-006
   320.731875000000         3.601249961399751E-006
   320.945625000000         2.714098379296497E-006
   321.159375000000         1.695576708268250E-006
   321.373125000000         5.812399269763925E-007
   321.586875000000        -5.861838772594706E-007
   321.800625000000        -1.758271018267184E-006
   322.014375000000        -2.882936407769001E-006
   322.228125000000        -3.906938592762571E-006
   322.441875000000        -4.778721286553566E-006
   322.655625000000        -5.451417158120223E-006
   322.869375000000        -5.885812301632790E-006
   323.083125000000        -6.053057879526726E-006
   323.296875000000        -5.936920470089785E-006
   323.510625000000        -5.535384758698644E-006
   323.724375000000        -4.861460049055572E-006
   323.938125000000        -3.943092974506591E-006
   324.151875000000        -2.822149009465823E-006
   324.365625000000        -1.552490395400285E-006
   324.579375000000        -1.972429809442207E-007
   324.793125000000         1.174595704138423E-006
   325.006875000000         2.492004633991764E-006
   325.220625000000         3.686004527352369E-006
   325.434375000000         4.693680604856687E-006
   325.648125000000         5.461901026909414E-006
   325.861875000000         5.950485290953433E-006
   326.075625000000         6.134610441016291E-006
   326.289375000000         6.006291765991456E-006
   326.503125000000         5.574835423241394E-006
   326.716875000000         4.866228930951552E-006
   326.930625000000         3.921506945242322E-006
   327.144375000000         2.794199131820532E-006
   327.358125000000         1.547029299032782E-006
   327.571875000000         2.480857598152962E-007
   327.785625000000        -1.033281616937819E-006
   327.999375000000        -2.230564715398615E-006
   328.213125000000        -3.283929824572140E-006
   328.426875000000        -4.143529974743792E-006
   328.640625000000        -4.772086640297907E-006
   328.854375000000        -5.146584982442548E-006
   329.068125000000        -5.258992420183029E-006
   329.281875000000        -5.115982107756925E-006
   329.495625000000        -4.737715362785388E-006
   329.709375000000        -4.155804609450686E-006
   329.923125000000        -3.410635684548206E-006
   330.136875000000        -2.548270886439543E-006
   330.350625000000        -1.617178582272042E-006
   330.564375000000        -6.650396567901626E-007
   330.778125000000         2.641346231382130E-007
   330.991875000000         1.132373145634199E-006
   331.205625000000         1.909453691683854E-006
   331.419375000000         2.573860810294930E-006
   331.633125000000         3.112970665086653E-006
   331.846875000000         3.522507465174019E-006
   332.060625000000         3.805376918682006E-006
   332.274375000000         3.970031760690941E-006
   332.488125000000         4.028558606988181E-006
   332.701875000000         3.994691410277567E-006
   332.915625000000         3.881953576631040E-006
   333.129375000000         3.702109045773999E-006
   333.343125000000         3.464064754444610E-006
   333.556875000000         3.173316744194629E-006
   333.770625000000         2.831974668900016E-006
   333.984375000000         2.439340114874838E-006
   334.198125000000         1.992958534185197E-006
   334.411875000000         1.490017801629041E-006
   334.625625000000         9.289325835969197E-007
   334.839375000000         3.109356829222446E-007
   335.053125000000        -3.585034183857097E-007
   335.266875000000        -1.068596792845318E-006
   335.480625000000        -1.802626369968085E-006
   335.694375000000        -2.537893204834663E-006
   335.908125000000        -3.246268612665836E-006
   336.121875000000        -3.895335096032940E-006
   336.335625000000        -4.450053726618733E-006
   336.549375000000        -4.874849389509626E-006
   336.763125000000        -5.135969599270462E-006
   336.976875000000        -5.203948963206295E-006
   337.190625000000        -5.056001118374404E-006
   337.404375000000        -4.678163210959872E-006
   337.618125000000        -4.067033709785002E-006
   337.831875000000        -3.230970625993114E-006
   338.045625000000        -2.190651483617442E-006
   338.259375000000        -9.789357536369551E-007
   338.473125000000         3.599879980051271E-007
   338.686875000000         1.772146978338348E-006
   338.900625000000         3.195959533183455E-006
   339.114375000000         4.564945721239984E-006
   339.328125000000         5.810849643483557E-006
   339.541875000000         6.867028134947872E-006
   339.755625000000         7.671944926957560E-006
   339.969375000000         8.172600304240420E-006
   340.183125000000         8.327723503415239E-006
