  -1.60312500000000         9.243848260530004E-020
  -1.38937500000000         8.555323576803191E-017
  -1.17562500000000         6.345397526751500E-016
 -0.961875000000000         3.187023133687512E-015
 -0.748125000000000         1.284713630288078E-014
 -0.534375000000000         4.360165713986524E-014
 -0.320625000000000         1.274802947065840E-013
 -0.106875000000000         3.265575696383316E-013
  0.106875000000000         7.446343004153488E-013
  0.320625000000000         1.534890360470085E-012
  0.534375000000000         2.901386192508013E-012
  0.748125000000000         5.092759669283827E-012
  0.961875000000000         8.389368964834132E-012
   1.17562500000000         1.307724734662562E-011
   1.38937500000000         1.941339815851963E-011
   1.60312500000000         2.757874573826831E-011
   1.81687500000000         3.763518034828621E-011
   2.03062500000000         4.948137982566903E-011
   2.24437500000000         6.282496993226016E-011
   2.45812500000000         7.717511919335186E-011
   2.67187500000000         9.185797943130338E-011
   2.88562500000000         1.060611536303980E-010
   3.09937500000000         1.188897170062930E-010
   3.31312500000000         1.294560615167831E-010
   3.52687500000000         1.369815753859349E-010
   3.74062500000000         1.408647909004836E-010
   3.95437500000000         1.407404976615624E-010
   4.16812500000000         1.365640135289108E-010
   4.38187500000000         1.285464613631604E-010
   4.59562500000000         1.171603769319621E-010
   4.80937500000000         1.030716120697147E-010
   5.02312500000000         8.700907927036490E-011
   5.23687500000000         6.970176845723835E-011
   5.45062500000000         5.180068273859863E-011
   5.66437500000000         3.379149739376474E-011
   5.87812500000000         1.601712606120202E-011
   6.09187500000000        -1.284964299463688E-012
   6.30562500000000        -1.791526805159582E-011
   6.51937500000000        -3.360125498471474E-011
   6.73312500000000        -4.789589377207702E-011
   6.94687500000000        -6.009625905095816E-011
   7.16062500000000        -6.923080005158567E-011
   7.37437500000000        -7.409208295332242E-011
   7.58812500000000        -7.334597256939833E-011
   7.80187500000000        -6.573494879851746E-011
   8.01562500000000        -5.023998639730457E-011
   8.22937500000000        -2.633811167079039E-011
   8.44312500000000         5.875511384853767E-012
   8.65687500000000         4.554385006052296E-011
   8.87062500000000         9.110571162719815E-011
   9.08437500000000         1.403989428689589E-010
   9.29812500000000         1.908910856041232E-010
   9.51187500000000         2.399905972535170E-010
   9.72562500000000         2.853324579973010E-010
   9.93937500000000         3.251117884708484E-010
   10.1531250000000         3.582683266565942E-010
   10.3668750000000         3.845807206021300E-010
   10.5806250000000         4.046348534931390E-010
   10.7943750000000         4.196274844761569E-010
   11.0081250000000         4.311155492592820E-010
   11.2218750000000         4.406890674805235E-010
   11.4356250000000         4.496753680302507E-010
   11.6493750000000         4.589302848815987E-010
   11.8631250000000         4.687127329350065E-010
   12.0768750000000         4.787425255682718E-010
   12.2906250000000         4.883622588667667E-010
   12.5043750000000         4.968131119634085E-010
   12.7181250000000         5.035628179515459E-010
   12.9318750000000         5.085669477475195E-010
   13.1456250000000         5.124972411144657E-010
   13.3593750000000         5.167504386494042E-010
   13.5731250000000         5.233816009848943E-010
   13.7868750000000         5.348082823245631E-010
   14.0006250000000         5.534579556672094E-010
   14.2143750000000         5.813209781492256E-010
   14.4281250000000         6.195873378473050E-010
   14.6418750000000         6.683519730846586E-010
   14.8556250000000         7.265001210404054E-010
   15.0693750000000         7.917730340479098E-010
   15.2831250000000         8.610408782077536E-010
   15.4968750000000         9.307036419416417E-010
   15.7106250000000         9.971656835026578E-010
   15.9243750000000         1.057319635299556E-009
   16.1381250000000         1.108918211097224E-009
   16.3518750000000         1.150833505471775E-009
   16.5656250000000         1.183088852387433E-009
   16.7793750000000         1.206716700462365E-009
   16.9931250000000         1.223485472421938E-009
   17.2068750000000         1.235495117661695E-009
   17.4206250000000         1.244780342841474E-009
   17.6343750000000         1.252939754393631E-009
   17.8481250000000         1.260929123171677E-009
   18.0618750000000         1.268936839035885E-009
   18.2756250000000         1.276486412104976E-009
   18.4893750000000         1.282659586684355E-009
   18.7031250000000         1.286356345505174E-009
   18.9168750000000         1.286667159805862E-009
   19.1306250000000         1.283134406944366E-009
   19.3443750000000         1.275965202864575E-009
   19.5581250000000         1.266095127559106E-009
   19.7718750000000         1.255133457822006E-009
   19.9856250000000         1.245194296700823E-009
   20.1993750000000         1.238624585519702E-009
   20.4131250000000         1.237735506598849E-009
   20.6268750000000         1.244507771735085E-009
   20.8406250000000         1.260379224575930E-009
   21.0543750000000         1.286108383516274E-009
   21.2681250000000         1.321745728323312E-009
   21.4818750000000         1.366661952487539E-009
   21.6956250000000         1.419676826003216E-009
   21.9093750000000         1.479203647661322E-009
   22.1231250000000         1.543439153454066E-009
   22.3368750000000         1.610507820771287E-009
   22.5506250000000         1.678602961680296E-009
   22.7643750000000         1.746090037195875E-009
   22.9781250000000         1.811568712751649E-009
   23.1918750000000         1.873903730886677E-009
   23.4056250000000         1.932248870111975E-009
   23.6193750000000         1.986016677148559E-009
   23.8331250000000         2.034892982225981E-009
   24.0468750000000         2.078768490361310E-009
   24.2606250000000         2.117759221587706E-009
   24.4743750000000         2.152125432694996E-009
   24.6881250000000         2.182253451441611E-009
   24.9018750000000         2.208640620013872E-009
   25.1156250000000         2.231837616813107E-009
   25.3293750000000         2.252508256637475E-009
   25.5431250000000         2.271405995335516E-009
   25.7568750000000         2.289444250541253E-009
   25.9706250000000         2.307746049172236E-009
   26.1843750000000         2.327688029701227E-009
   26.3981250000000         2.350933405098791E-009
   26.6118750000000         2.379400805017926E-009
   26.8256250000000         2.415161832176802E-009
   27.0393750000000         2.460286175242313E-009
   27.2531250000000         2.516612924745581E-009
   27.4668750000000         2.585440305898443E-009
   27.6806250000000         2.667285398082166E-009
   27.8943750000000         2.761598121189525E-009
   28.1081250000000         2.866624958758887E-009
   28.3218750000000         2.979414998191402E-009
   28.5356250000000         3.095908271299709E-009
   28.7493750000000         3.211333495741667E-009
   28.9631250000000         3.320607150822768E-009
   29.1768750000000         3.418977752466189E-009
   29.3906250000000         3.502615092267869E-009
   29.6043750000000         3.569189799104063E-009
   29.8181250000000         3.618353633703742E-009
   30.0318750000000         3.651978612378039E-009
   30.2456250000000         3.674111239963116E-009
   30.4593750000000         3.690687729965162E-009
   30.6731250000000         3.708855134484547E-009
   30.8868750000000         3.736109833421640E-009
   31.1006250000000         3.779158970177178E-009
   31.3143750000000         3.842782752809653E-009
   31.5281250000000         3.928707310159781E-009
   31.7418750000000         4.034748359856541E-009
   31.9556250000000         4.154328603803080E-009
   32.1693750000000         4.276543199955413E-009
   32.3831250000000         4.386898903693465E-009
   32.5968750000000         4.468741566349287E-009
   32.8106250000000         4.505358002395980E-009
   33.0243750000000         4.482605840370776E-009
   33.2381250000000         4.391812750983035E-009
   33.4518750000000         4.232585322407237E-009
   33.6656250000000         4.015094753381996E-009
   33.8793750000000         3.761350350067365E-009
   34.0931250000000         3.505068216018385E-009
   34.3068750000000         3.289717727000975E-009
   34.5206250000000         3.164601871229209E-009
   34.7343750000000         3.179123752189225E-009
   34.9481250000000         3.375538049278631E-009
   35.1618750000000         3.780979410206331E-009
   35.3756250000000         4.399719060627446E-009
   35.5893750000000         5.206890141371362E-009
   35.8031250000000         6.144905078634405E-009
   36.0168750000000         7.123771289919551E-009
   36.2306250000000         8.026113851481457E-009
   36.4443750000000         8.717257453350763E-009
   36.6581250000000         9.060077052032368E-009
   36.8718750000000         8.933440389996125E-009
   37.0856250000000         8.252556941570940E-009
   37.2993750000000         6.988578285540614E-009
   37.5131250000000         5.184710438377619E-009
   37.7268750000000         2.965783797164732E-009
   37.9406250000000         5.386621583715601E-010
   38.1543750000000        -1.818317438876993E-009
   38.3681250000000        -3.777672989543208E-009
   38.5818750000000        -4.995962416481963E-009
   38.7956250000000        -5.155477387413556E-009
   39.0093750000000        -4.010413286020203E-009
   39.2231250000000        -1.432149429728195E-009
   39.4368750000000         2.552452113652923E-009
   39.6506250000000         7.736011826395700E-009
   39.8643750000000         1.372435952070679E-008
   40.0781250000000         1.995300818596340E-008
   40.2918750000000         2.572796972027609E-008
   40.5056250000000         3.028958742478355E-008
   40.7193750000000         3.289489591508847E-008
   40.9331250000000         3.291091771883310E-008
   41.1468750000000         2.990871657271035E-008
   41.3606250000000         2.374663736860757E-008
   41.5743750000000         1.463059804296464E-008
   41.7881250000000         3.140868490095681E-009
   42.0018750000000        -9.782755713495952E-009
   42.2156250000000        -2.290099641817269E-008
   42.4293750000000        -3.477900751502845E-008
   42.6431250000000        -4.392697962581486E-008
   42.8568750000000        -4.896473905335414E-008
   43.0706250000000        -4.879337810929234E-008
   43.2843750000000        -4.275373233831080E-008
   43.4981250000000        -3.075116459306021E-008
   43.7118750000000        -1.332789453296269E-008
   43.9256250000000         8.331369850225433E-009
   44.1393750000000         3.246783451259143E-008
   44.3531250000000         5.689001508514447E-008
   44.5668750000000         7.917781502165646E-008
   44.7806250000000         9.693011564178845E-008
   44.9943750000000         1.080296123777122E-007
   45.2081250000000         1.108940600416721E-007
   45.4218750000000         1.046821446617193E-007
   45.6356250000000         8.942549932697141E-008
   45.8493750000000         6.606537862054700E-008
   46.0631250000000         3.638346391605772E-008
   46.2768750000000         2.828990631682197E-009
   46.4906250000000        -3.174122529983955E-008
   46.7043750000000        -6.438075388027447E-008
   46.9181250000000        -9.238991807246241E-008
   47.1318750000000        -1.136255903476539E-007
   47.3456250000000        -1.267394620438072E-007
   47.5593750000000        -1.313065096210269E-007
   47.7731250000000        -1.278180363744041E-007
   47.9868750000000        -1.175315404968139E-007
   48.2006250000000        -1.021906345332812E-007
   48.4143750000000        -8.364980935556670E-008
   48.6281250000000        -6.345786798670550E-008
   48.8418750000000        -4.246765125708064E-008
   49.0556250000000        -2.054499194471641E-008
   49.2693750000000         3.554727387867171E-009
   49.4831250000000         3.208965403035098E-008
   49.6968750000000         6.798726342182541E-008
   49.9106250000000         1.142603033107587E-007
   50.1243750000000         1.732292588912458E-007
   50.3381250000000         2.456371319965877E-007
   50.5518750000000         3.297762337053654E-007
   50.7656250000000         4.207702563392708E-007
   50.9793750000000         5.101625670159695E-007
   51.1931250000000         5.859500487988399E-007
   51.4068750000000         6.331689376637561E-007
   51.6206250000000         6.350857544401810E-007
   51.8343750000000         5.749755719059286E-007
   52.0481250000000         4.383879999356570E-007
   52.2618750000000         2.157162108819434E-007
   52.4756250000000        -9.519331016839819E-008
   52.6893750000000        -4.867121978511046E-007
   52.9031250000000        -9.397359828091978E-007
   53.1168750000000        -1.422971173466214E-006
   53.3306250000000        -1.893501851827782E-006
   53.5443750000000        -2.298840609352402E-006
   53.7581250000000        -2.580534576385825E-006
   53.9718750000000        -2.679231121240385E-006
   54.1856250000000        -2.540923299896169E-006
   54.3993750000000        -2.123910521519960E-006
   54.6131250000000        -1.405846211579753E-006
   54.8268750000000        -3.901227966959964E-007
   55.0406250000000         8.892142741164257E-007
   55.2543750000000         2.364811545016287E-006
   55.4681250000000         3.936291056328432E-006
   55.6818750000000         5.473953024391028E-006
   55.8956250000000         6.826098146292997E-006
   56.1093750000000         7.829826360524602E-006
   56.3231250000000         8.324789863455881E-006
   56.5368750000000         8.168998608467753E-006
   56.7506250000000         7.255436606670799E-006
   56.9643750000000         5.527987423159804E-006
   57.1781250000000         2.995024528500936E-006
   57.3918750000000        -2.609738525955949E-007
   57.6056250000000        -4.079258355651357E-006
   57.8193750000000        -8.223229723769207E-006
   58.0331250000000        -1.239010231254640E-005
   58.2468750000000        -1.622786036211212E-005
   58.4606250000000        -1.935888168764634E-005
   58.6743750000000        -2.140891521494790E-005
   58.8881250000000        -2.203946377705232E-005
   59.1018750000000        -2.098110925799561E-005
   59.3156250000000        -1.806498285092965E-005
   59.5293750000000        -1.324947666218667E-005
   59.7431250000000        -6.639441462043298E-006
   59.9568750000000         1.504475725895968E-006
   60.1706250000000         1.076805186859582E-005
   60.3843750000000         2.059812076309919E-005
   60.5981250000000         3.032950191706944E-005
   60.8118750000000         3.922309182707345E-005
   61.0256250000000         4.651301091448935E-005
   61.2393750000000         5.145985906693815E-005
   61.4531250000000         5.340650458335940E-005
   61.6668750000000         5.183247501341273E-005
   61.8806250000000         4.640297007557233E-005
   62.0943750000000         3.700878187138625E-005
   62.3081250000000         2.379396317719013E-005
   62.5218750000000         7.168879308695235E-006
   62.7356250000000        -1.219276009886782E-005
   62.9493750000000        -3.337325230857554E-005
   63.1631250000000        -5.524596868138371E-005
   63.3768750000000        -7.652453605751628E-005
   63.5906250000000        -9.582375951718098E-005
   63.8043750000000        -1.117293521226180E-004
   64.0181250000000        -1.228732035504805E-004
   64.2318750000000        -1.280108030192254E-004
   64.4456250000000        -1.260974981501805E-004
   64.6593750000000        -1.163604653492330E-004
   64.8731250000000        -9.836352582571467E-005
   65.0868750000000        -7.206220164528679E-005
   65.3006250000000        -3.784661827643441E-005
   65.5143750000000         3.430004209386557E-006
   65.7281250000000         5.043947044674215E-005
   65.9418750000000         1.013855242638810E-004
   66.1556250000000         1.540317129370392E-004
   66.3693750000000         2.057522258967668E-004
   66.5831250000000         2.536074082672299E-004
   66.7968750000000         2.944450381223416E-004
   67.0106250000000         3.250274850819036E-004
   67.2243750000000         3.421834973066598E-004
   67.4381250000000         3.429816029319260E-004
   67.6518750000000         3.249200265017288E-004
   67.8656250000000         2.861257347176520E-004
   68.0793750000000         2.255529200016648E-004
   68.2931250000000         1.431691284808534E-004
   68.5068750000000         4.011559095561180E-005
   68.7206250000000        -8.117262596472575E-005
   68.9343750000000        -2.169010384776355E-004
   69.1481250000000        -3.619180190661620E-004
   69.3618750000000        -5.097958947692786E-004
   69.5756250000000        -6.529983086047951E-004
   69.7893750000000        -7.831366416487715E-004
   70.0031250000000        -8.913127577659937E-004
   70.2168750000000        -9.685392237519859E-004
   70.4306250000000        -1.006221878960056E-003
   70.6443750000000        -9.966836435706173E-004
   70.8581250000000        -9.337032477688123E-004
   71.0718750000000        -8.130386029604236E-004
   71.2856250000000        -6.329022305862404E-004
   71.4993750000000        -3.943558268701045E-004
   71.7131250000000        -1.015928597709666E-004
   71.9268750000000         2.379178972440026E-004
   72.1406250000000         6.134489164840089E-004
   72.3543750000000         1.011203718362580E-003
   72.5681250000000         1.414683880559753E-003
   72.7818750000000         1.805227187594483E-003
   72.9956250000000         2.162700642561121E-003
   73.2093750000000         2.466322317925087E-003
   73.4231250000000         2.695577388349154E-003
   73.6368750000000         2.831186749737457E-003
   73.8506250000000         2.856081867306094E-003
   74.0643750000000         2.756337256269229E-003
   74.2781250000000         2.522012464716173E-003
   74.4918750000000         2.147858609036087E-003
   74.7056250000000         1.633850242090559E-003
   74.9193750000000         9.855112881820137E-004
   75.1331250000000         2.140134933746536E-004
   75.3468750000000        -6.639632514043300E-004
   75.5606250000000        -1.626607886432547E-003
   75.7743750000000        -2.647580249640400E-003
   75.9881250000000        -3.696815369073477E-003
   76.2018750000000        -4.741497757297436E-003
   76.4156250000000        -5.747165899197134E-003
   76.6293750000000        -6.678901673028260E-003
   76.8431250000000        -7.502556343614260E-003
   77.0568750000000        -8.185964090786070E-003
   77.2706250000000        -8.700095713355536E-003
   77.4843750000000        -9.020108975801149E-003
   77.6981250000000        -9.126257723791690E-003
   77.9118750000000        -9.004628981888339E-003
   78.1256250000000        -8.647685297169779E-003
   78.3393750000000        -8.054598121168469E-003
   78.5531250000000        -7.231366546723806E-003
   78.7668750000000        -6.190723795490558E-003
   78.9806250000000        -4.951841108577414E-003
   79.1943750000000        -3.539844837013624E-003
   79.4081250000000        -1.985167371216756E-003
   79.6218750000000        -3.227560078879479E-004
   79.8356250000000         1.408834046741928E-003
   80.0493750000000         3.168435474401632E-003
   80.2631250000000         4.913326552064651E-003
   80.4768750000000         6.600324826030728E-003
   80.6906250000000         8.186892245802602E-003
   80.9043750000000         9.632228884621740E-003
   81.1181250000000         1.089833394416011E-002
   81.3318750000000         1.195101404262153E-002
   81.5456250000000         1.276081968832871E-002
   81.7593750000000         1.330389130702641E-002
   81.9731250000000         1.356269627861213E-002
   82.1868750000000         1.352663830014976E-002
   82.4006250000000         1.319252025874160E-002
   82.6143750000000         1.256484195930408E-002
   82.8281250000000         1.165591482746519E-002
   83.0418750000000         1.048577740793522E-002
   83.2556250000000         9.081898374572238E-003
   83.4693750000000         7.478658051700443E-003
   83.6831250000000         5.716605203013845E-003
   83.8968750000000         3.841493028305933E-003
   84.1106250000000         1.903106733114705E-003
   84.3243750000000        -4.609562908172568E-005
   84.5381250000000        -1.952497557090628E-003
   84.7518750000000        -3.762952588445034E-003
   84.9656250000000        -5.426476791124100E-003
   85.1793750000000        -6.895947658941672E-003
   85.3931250000000        -8.129746323454510E-003
   85.6068750000000        -9.093277101084525E-003
   85.8206250000000        -9.760298524409457E-003
   86.0343750000000        -1.011400343155529E-002
   86.2481250000000        -1.014779248578888E-002
   86.4618750000000        -9.865695538747318E-003
   86.6756250000000        -9.282408197639747E-003
   86.8893750000000        -8.422926274186995E-003
   87.1031250000000        -7.321777782434855E-003
   87.3168750000000        -6.021869985798999E-003
   87.5306250000000        -4.572986767559817E-003
   87.7443750000000        -3.029988386543737E-003
   87.9581250000000        -1.450780585939076E-003
   88.1718750000000         1.058677598243892E-004
   88.3856250000000         1.582570425981497E-003
   88.5993750000000         2.925540038066518E-003
   88.8131250000000         4.086680901363007E-003
   89.0268750000000         5.025468180505109E-003
   89.2406250000000         5.710530856074276E-003
   89.4543750000000         6.120867477138308E-003
   89.6681250000000         6.246638723233028E-003
   89.8818750000000         6.089498542338924E-003
   90.0956250000000         5.662445379116623E-003
   90.3093750000000         4.989195892799313E-003
   90.5231250000000         4.103104678660863E-003
   90.7368750000000         3.045673922813261E-003
   90.9506250000000         1.864715727632496E-003
   91.1643750000000         6.122461840027513E-004
   91.3781250000000        -6.577966385280104E-004
   91.5918750000000        -1.891909425646645E-003
   91.8056250000000        -3.039348957207951E-003
   92.0193750000000        -4.054319947715878E-003
   92.2331250000000        -4.897924230037511E-003
   92.4468750000000        -5.539779939685497E-003
   92.6606250000000        -5.959233756182003E-003
   92.8743750000000        -6.146107719134539E-003
   93.0881250000000        -6.100943914651586E-003
   93.3018750000000        -5.834734466245486E-003
   93.5156250000000        -5.368149633857747E-003
   93.7293750000000        -4.730302165094467E-003
   93.9431250000000        -3.957110026635872E-003
   94.1568750000000        -3.089340944388885E-003
   94.3706250000000        -2.170439554412832E-003
   94.5843750000000        -1.244250327125055E-003
   94.7981250000000        -3.527559299413653E-004
   95.0118750000000         4.660492041402666E-004
   95.2256250000000         1.180036817089064E-003
   95.4393750000000         1.764473858015043E-003
   95.6531250000000         2.203120850450026E-003
   95.8668750000000         2.488841332813147E-003
   96.0806250000000         2.623691160210020E-003
   96.2943750000000         2.618485535786510E-003
   96.5081250000000         2.491871073815515E-003
   96.7218750000000         2.268958260228457E-003
   96.9356250000000         1.979594711762215E-003
   97.1493750000000         1.656380156593023E-003
   97.3631250000000         1.332538851077642E-003
   97.5768750000000         1.039773341298484E-003
   97.7906250000000         8.062246026209694E-004
   98.0043750000000         6.546576023227390E-004
   98.2181250000000         6.009786012758464E-004
   98.4318750000000         6.531718013245756E-004
   98.6456250000000         8.107193455692041E-004
   98.8593750000000         1.064541533176349E-003
   99.0731250000000         1.397464931129074E-003
   99.2868750000000         1.785196440457451E-003
   99.5006250000000         2.197752878628389E-003
   99.7143750000000         2.601269753141311E-003
   99.9281250000000         2.960090940814447E-003
   100.141875000000         3.239024052499609E-003
   100.355625000000         3.405635199029622E-003
   100.569375000000         3.432452248318171E-003
   100.783125000000         3.298947754072159E-003
   100.996875000000         2.993181533753290E-003
   101.210625000000         2.512998083798301E-003
   101.424375000000         1.866695078791664E-003
   101.638125000000         1.073105284240901E-003
   101.851875000000         1.610642546481769E-004
   102.065625000000        -8.317310967947299E-004
   102.279375000000        -1.860434062785394E-003
   102.493125000000        -2.875257380322426E-003
   102.706875000000        -3.824076398090593E-003
   102.920625000000        -4.655295104289919E-003
   103.134375000000        -5.320822320694175E-003
   103.348125000000        -5.778991038302697E-003
   103.561875000000        -5.997248184573901E-003
   103.775625000000        -5.954446061737427E-003
   103.989375000000        -5.642580800022034E-003
   104.203125000000        -5.067847384063919E-003
   104.416875000000        -4.250914457795231E-003
   104.630625000000        -3.226363847541623E-003
   104.844375000000        -2.041287566693815E-003
   105.058125000000        -7.530863911191675E-004
   105.271875000000         5.734341359951772E-004
   105.485625000000         1.869525553874460E-003
   105.699375000000         3.066328971682385E-003
   105.913125000000         4.098858116276925E-003
   106.126875000000         4.909892509972219E-003
   106.340625000000         5.453534704434910E-003
   106.554375000000         5.698195874906467E-003
   106.768125000000         5.628800732715013E-003
   106.981875000000         5.248044739376414E-003
   107.195625000000         4.576591923358524E-003
   107.409375000000         3.652167032899004E-003
   107.623125000000         2.527567201337211E-003
   107.836875000000         1.267690977900175E-003
   108.050625000000        -5.424863389093212E-005
   108.264375000000        -1.361100677880079E-003
   108.478125000000        -2.576469670354850E-003
   108.691875000000        -3.629424674850253E-003
   108.905625000000        -4.458914319803609E-003
   109.119375000000        -5.017591153596100E-003
   109.333125000000        -5.274783109410605E-003
   109.546875000000        -5.218403637360058E-003
   109.760625000000        -4.855661857022294E-003
   109.974375000000        -4.212515177549883E-003
   110.188125000000        -3.331893520939019E-003
   110.401875000000        -2.270810286977629E-003
   110.615625000000        -1.096554134948644E-003
   110.829375000000         1.177784560486153E-004
   111.043125000000         1.298102157235597E-003
   111.256875000000         2.374179837580661E-003
   111.470625000000         3.284142626746268E-003
   111.684375000000         3.978380836431255E-003
   111.898125000000         4.422539476864926E-003
   112.111875000000         4.599417672360543E-003
   112.325625000000         4.509651652514303E-003
   112.539375000000         4.171150122358511E-003
   112.753125000000         3.617341930375629E-003
   112.966875000000         2.894382109506589E-003
   113.180625000000         2.057536986752899E-003
   113.394375000000         1.167026458297984E-003
   113.608125000000         2.836373813437115E-004
   113.821875000000        -5.355662885240132E-004
   114.035625000000        -1.241124201923943E-003
   114.249375000000        -1.794375609988313E-003
   114.463125000000        -2.169752489219967E-003
   114.676875000000        -2.356024847772170E-003
   114.890625000000        -2.356436358079219E-003
   115.104375000000        -2.187754776623767E-003
   115.318125000000        -1.878344299803563E-003
   115.531875000000        -1.465439586810550E-003
   115.745625000000        -9.918580713065292E-004
   115.959375000000        -5.024241354368345E-004
   116.173125000000        -4.039315666819458E-005
   116.386875000000         3.558453561844303E-004
   116.600625000000         6.555371651266087E-004
   116.814375000000         8.376068081643545E-004
   117.028125000000         8.918413396592392E-004
   117.241875000000         8.191540537317826E-004
   117.455625000000         6.309443803182189E-004
   117.669375000000         3.476430737158551E-004
   117.883125000000        -3.404693036622863E-006
   118.096875000000        -3.905166837756740E-004
   118.310625000000        -7.804789150137006E-004
   118.524375000000        -1.141335910034088E-003
   118.738125000000        -1.444933034530183E-003
   118.951875000000        -1.669007553487448E-003
   119.165625000000        -1.798670907840649E-003
   119.379375000000        -1.827182636227494E-003
   119.593125000000        -1.755981127446788E-003
   119.806875000000        -1.594002271183430E-003
   120.020625000000        -1.356378382403995E-003
   120.234375000000        -1.062661315103625E-003
   120.448125000000        -7.347512011064711E-004
   120.661875000000        -3.947327850499410E-004
   120.875625000000        -6.282343822522287E-005
   121.089375000000         2.443791935183286E-004
   121.303125000000         5.151945496163069E-004
   121.516875000000         7.435920558862515E-004
   121.730625000000         9.293049991258227E-004
   121.944375000000         1.077329705221289E-003
   122.158125000000         1.196871960786840E-003
   122.371875000000         1.299853843033371E-003
   122.585625000000         1.399134491229252E-003
   122.799375000000         1.506624406521665E-003
   123.013125000000         1.631482442220030E-003
   123.226875000000         1.778577051755167E-003
   123.440625000000         1.947369412938633E-003
   123.654375000000         2.131337981441891E-003
   123.868125000000         2.318015285104728E-003
   124.081875000000         2.489652685682671E-003
   124.295625000000         2.624472239965786E-003
   124.509375000000         2.698411599064352E-003
   124.723125000000         2.687222655657683E-003
   124.936875000000         2.568751211345210E-003
   125.150625000000         2.325206065236628E-003
   125.364375000000         1.945223124303158E-003
   125.578125000000         1.425543533106876E-003
   125.791875000000         7.721531832260229E-004
   126.005625000000         7.718295615289657E-007
   126.219375000000        -8.633700410346101E-004
   126.433125000000        -1.786473608671415E-003
   126.646875000000        -2.727785106012091E-003
   126.860625000000        -3.641780535771895E-003
   127.074375000000        -4.480778587281704E-003
   127.288125000000        -5.197806274243554E-003
   127.501875000000        -5.749522867783471E-003
   127.715625000000        -6.099003289164769E-003
   127.929375000000        -6.218192229273220E-003
   128.143125000000        -6.089863729680412E-003
   128.356875000000        -5.708955669984444E-003
   128.570625000000        -5.083191670121902E-003
   128.784375000000        -4.232950948340423E-003
   128.998125000000        -3.190396081827128E-003
   129.211875000000        -1.997915883312862E-003
   129.425625000000        -7.059825661093381E-004
   129.639375000000         6.294435852842731E-004
   129.853125000000         1.949804576823261E-003
   130.066875000000         3.196959271273068E-003
   130.280625000000         4.316149101752057E-003
   130.494375000000         5.258750261128873E-003
   130.708125000000         5.984665510299967E-003
   130.921875000000         6.464234279251286E-003
   131.135625000000         6.679570918311081E-003
   131.349375000000         6.625275555969084E-003
   131.563125000000         6.308497794053553E-003
   131.776875000000         5.748368327598696E-003
   131.990625000000         4.974845686446435E-003
   132.204375000000         4.027053176657671E-003
   132.418125000000         2.951203659424996E-003
   132.631875000000         1.798226349614303E-003
   132.845625000000         6.212200277440979E-004
   133.059375000000        -5.271390472936546E-004
   133.273125000000        -1.597108372470140E-003
   133.486875000000        -2.544191091201898E-003
   133.700625000000        -3.331142584613517E-003
   133.914375000000        -3.929582461718718E-003
   134.128125000000        -4.321142605133298E-003
   134.341875000000        -4.498104343701550E-003
   134.555625000000        -4.463501827542153E-003
   134.769375000000        -4.230693394666723E-003
   134.983125000000        -3.822427250678304E-003
   135.196875000000        -3.269451232243956E-003
   135.410625000000        -2.608737886572428E-003
   135.624375000000        -1.881414677718426E-003
   135.838125000000        -1.130503967863430E-003
   136.051875000000        -3.985877309764631E-004
   136.265625000000         2.744829306027284E-004
   136.479375000000         8.537139763275639E-004
   136.693125000000         1.310817380430232E-003
   136.906875000000         1.625682414027594E-003
   137.120625000000         1.787386982423675E-003
   137.334375000000         1.794689903277107E-003
   137.548125000000         1.655972185403140E-003
   137.761875000000         1.388625262723232E-003
   137.975625000000         1.017915199487133E-003
   138.189375000000         5.753823761918403E-004
   138.403125000000         9.686427301630047E-005
   138.616875000000        -3.797471004743123E-004
   138.830625000000        -8.168834577067971E-004
   139.044375000000        -1.179673547768875E-003
   139.258125000000        -1.438168106349424E-003
   139.471875000000        -1.569278878696674E-003
   139.685625000000        -1.558308629058322E-003
   139.899375000000        -1.399971564842841E-003
   140.113125000000        -1.098833007827573E-003
   140.326875000000        -6.691317979242178E-004
   140.540625000000        -1.339867674695706E-004
   140.754375000000         4.759726605611680E-004
   140.968125000000         1.124474591733964E-003
   141.181875000000         1.771861291379100E-003
   141.395625000000         2.377597387329964E-003
   141.609375000000         2.902874180435526E-003
   141.823125000000         3.313145690515178E-003
   142.036875000000         3.580433573420445E-003
   142.250625000000         3.685250090405762E-003
   142.464375000000         3.618010318204561E-003
   142.678125000000         3.379835499081174E-003
   142.891875000000         2.982686982494017E-003
   143.105625000000         2.448812245968821E-003
   143.319375000000         1.809528308648962E-003
   143.533125000000         1.103410606606611E-003
   143.746875000000         3.739942616503835E-004
   143.960625000000        -3.328729574151240E-004
   144.174375000000        -9.718630012701283E-004
   144.388125000000        -1.501008892945170E-003
   144.601875000000        -1.884376637098598E-003
   144.815625000000        -2.094398645567750E-003
   145.029375000000        -2.113719947419625E-003
   145.243125000000        -1.936438387255509E-003
   145.456875000000        -1.568657643673391E-003
   145.670625000000        -1.028314773567953E-003
   145.884375000000        -3.442893158726709E-004
   146.098125000000         4.451541751195772E-004
   146.311875000000         1.294496852259224E-003
   146.525625000000         2.153540844344994E-003
   146.739375000000         2.970273259484609E-003
   146.953125000000         3.693845978746283E-003
   147.166875000000         4.277492144150363E-003
   147.380625000000         4.681205358388954E-003
   147.594375000000         4.874023542539097E-003
   147.808125000000         4.835784999506371E-003
   148.021875000000         4.558257757114600E-003
   148.235625000000         4.045582484345202E-003
   148.449375000000         3.314011628801361E-003
   148.663125000000         2.390970196114076E-003
   148.876875000000         1.313504085766056E-003
   149.090625000000         1.262176077587750E-004
   149.304375000000        -1.121169428002944E-003
   149.518125000000        -2.376494511400161E-003
   149.731875000000        -3.587894162675866E-003
   149.945625000000        -4.706453407923722E-003
   150.159375000000        -5.688611591070048E-003
   150.373125000000        -6.498192074112035E-003
   150.586875000000        -7.107950126064957E-003
   150.800625000000        -7.500565968080589E-003
   151.014375000000        -7.669046307156297E-003
   151.228125000000        -7.616535331754841E-003
   151.441875000000        -7.355572595494847E-003
   151.655625000000        -6.906868136144410E-003
   151.869375000000        -6.297692499237269E-003
   152.083125000000        -5.559999402546442E-003
   152.296875000000        -4.728410455334573E-003
   152.510625000000        -3.838194093070681E-003
   152.724375000000        -2.923364788862368E-003
   152.938125000000        -2.015014353699855E-003
   153.151875000000        -1.139965988638813E-003
   153.365625000000        -3.198154110467858E-004
   153.579375000000         4.296061281667899E-004
   153.793125000000         1.098342591079428E-003
   154.006875000000         1.682022563276705E-003
   154.220625000000         2.181218221831045E-003
   154.434375000000         2.600525790651785E-003
   154.648125000000         2.947454228671789E-003
   154.861875000000         3.231216755836964E-003
   155.075625000000         3.461520550842184E-003
   155.289375000000         3.647443933298880E-003
   155.503125000000         3.796478445074886E-003
   155.716875000000         3.913796737827144E-003
   155.930625000000         4.001787588675715E-003
   156.144375000000         4.059878351048520E-003
   156.358125000000         4.084644317439475E-003
   156.571875000000         4.070185268011363E-003
   156.785625000000         4.008733065377287E-003
   156.999375000000         3.891441336153718E-003
   157.213125000000         3.709299472128200E-003
   157.426875000000         3.454108432256113E-003
   157.640625000000         3.119454854030949E-003
   157.854375000000         2.701622276650370E-003
   158.068125000000         2.200383195031739E-003
   158.281875000000         1.619622532640547E-003
   158.495625000000         9.677513496624110E-004
   158.709375000000         2.578787396942201E-004
   158.923125000000        -4.922803501713121E-004
   159.136875000000        -1.260773296413823E-003
   159.350625000000        -2.022054925887458E-003
   159.564375000000        -2.747898825546130E-003
   159.778125000000        -3.408551499384880E-003
   159.991875000000        -3.974092651232960E-003
   160.205625000000        -4.415950930398331E-003
   160.419375000000        -4.708510528845118E-003
   160.633125000000        -4.830730928904121E-003
   160.846875000000        -4.767691020698499E-003
   161.060625000000        -4.511961093095134E-003
   161.274375000000        -4.064703277905145E-003
   161.488125000000        -3.436404218813431E-003
   161.701875000000        -2.647154078156779E-003
   161.915625000000        -1.726404038904340E-003
   162.129375000000        -7.121601159810212E-004
   162.343125000000         3.503964794946714E-004
   162.556875000000         1.410834606309380E-003
   162.770625000000         2.415875924983985E-003
   162.984375000000         3.312166780300373E-003
   163.198125000000         4.049274320338084E-003
   163.411875000000         4.582732339722504E-003
   163.625625000000         4.876942953250627E-003
   163.839375000000         4.907733685192920E-003
   164.053125000000         4.664377661221662E-003
   164.266875000000         4.150907944571885E-003
   164.480625000000         3.386595008481360E-003
   164.694375000000         2.405506898283304E-003
   164.908125000000         1.255131585165798E-003
   165.121875000000        -5.893902017413926E-006
   165.335625000000        -1.310837710152274E-003
   165.549375000000        -2.588540687198032E-003
   165.763125000000        -3.767477033923406E-003
   165.976875000000        -4.779952385659188E-003
   166.190625000000        -5.566166039487338E-003
   166.404375000000        -6.077866384479224E-003
   166.618125000000        -6.281351236809700E-003
   166.831875000000        -6.159606408611350E-003
   167.045625000000        -5.713433515915148E-003
   167.259375000000        -4.961487436099452E-003
   167.473125000000        -3.939219608332232E-003
   167.686875000000        -2.696799606425167E-003
   167.900625000000        -1.296158113675980E-003
   168.114375000000         1.926459392292925E-004
   168.328125000000         1.695487347206422E-003
   168.541875000000         3.138393960850827E-003
   168.755625000000         4.451647199626566E-003
   168.969375000000         5.573503706367691E-003
   169.183125000000         6.453313034688101E-003
   169.396875000000         7.053856730522348E-003
   169.610625000000         7.352795707450720E-003
   169.824375000000         7.343180169463597E-003
   170.038125000000         7.033043937688680E-003
   170.251875000000         6.444167500376204E-003
   170.465625000000         5.610146678364071E-003
   170.679375000000         4.573942757235838E-003
   170.893125000000         3.385112874153585E-003
   171.106875000000         2.096925420868320E-003
   171.320625000000         7.635547890399102E-004
   171.534375000000        -5.624751310830597E-004
   171.748125000000        -1.832465604561328E-003
   171.961875000000        -3.003246586347302E-003
   172.175625000000        -4.038366859367161E-003
   172.389375000000        -4.908774307047435E-003
   172.603125000000        -5.593030478831904E-003
   172.816875000000        -6.077135768532691E-003
   173.030625000000        -6.354062907259899E-003
   173.244375000000        -6.423105896160131E-003
   173.458125000000        -6.289148981786633E-003
   173.671875000000        -5.961946955164595E-003
   173.885625000000        -5.455486056788366E-003
   174.099375000000        -4.787466957665075E-003
   174.313125000000        -3.978920964288328E-003
   174.526875000000        -3.053941183009883E-003
   174.740625000000        -2.039485087718389E-003
   174.954375000000        -9.651864689506301E-004
   175.168125000000         1.368949396834220E-004
   175.381875000000         1.232657715134937E-003
   175.595625000000         2.286538413990953E-003
   175.809375000000         3.262329232473486E-003
   176.023125000000         4.124250163111515E-003
   176.236875000000         4.838261516583627E-003
   176.450625000000         5.373570492367208E-003
   176.664375000000         5.704254973259558E-003
   176.878125000000         5.810902020361736E-003
   177.091875000000         5.682140419101470E-003
   177.305625000000         5.315938214423544E-003
   177.519375000000         4.720538795964312E-003
   177.733125000000         3.914923129252719E-003
   177.946875000000         2.928710560730348E-003
   178.160625000000         1.801444682918241E-003
   178.374375000000         5.812516236878624E-004
   178.588125000000        -6.770972344496051E-004
   178.801875000000        -1.914641149648633E-003
   179.015625000000        -3.071085897044208E-003
   179.229375000000        -4.087905991766601E-003
   179.443125000000        -4.911514253987222E-003
   179.656875000000        -5.496306223997284E-003
   179.870625000000        -5.807386692917580E-003
   180.084375000000        -5.822798970516532E-003
   180.298125000000        -5.535103772080800E-003
   180.511875000000        -4.952192081675152E-003
   180.725625000000        -4.097262482609789E-003
   180.939375000000        -3.007945012767917E-003
   181.153125000000        -1.734606966795096E-003
   181.366875000000        -3.379274645994040E-004
   181.580625000000         1.114126560403461E-003
   181.794375000000         2.549753183189823E-003
   182.008125000000         3.897001422282697E-003
   182.221875000000         5.087481469269502E-003
   182.435625000000         6.059890728687884E-003
   182.649375000000         6.763160641241862E-003
   182.863125000000         7.159054578071276E-003
   183.076875000000         7.224082201682826E-003
   183.290625000000         6.950637916377221E-003
   183.504375000000         6.347317325510800E-003
   183.718125000000         5.438412796078531E-003
   183.931875000000         4.262634247428392E-003
   184.145625000000         2.871141420239858E-003
   184.359375000000         1.325006961935473E-003
   184.573125000000        -3.077458448919431E-004
   184.786875000000        -1.955371803034105E-003
   185.000625000000        -3.545734501647685E-003
   185.214375000000        -5.009577961044443E-003
   185.428125000000        -6.283589552225416E-003
   185.641875000000        -7.313122388736696E-003
   185.855625000000        -8.054468101534717E-003
   186.069375000000        -8.476596757649772E-003
   186.283125000000        -8.562308049281101E-003
   186.496875000000        -8.308765336629465E-003
   186.710625000000        -7.727410518521485E-003
   186.924375000000        -6.843282168391964E-003
   187.138125000000        -5.693781328628598E-003
   187.351875000000        -4.326948460145970E-003
   187.565625000000        -2.799331119087556E-003
   187.779375000000        -1.173534894363221E-003
   187.993125000000         4.844400742908869E-004
   188.206875000000         2.107968161866928E-003
   188.420625000000         3.632560974837705E-003
   188.634375000000         4.998512312877445E-003
   188.848125000000         6.153318337680349E-003
   189.061875000000         7.053774300357993E-003
   189.275625000000         7.667661653310121E-003
   189.489375000000         7.974955805946470E-003
   189.703125000000         7.968504798993198E-003
   189.916875000000         7.654152099316109E-003
   190.130625000000         7.050301593921794E-003
   190.344375000000         6.186948462800781E-003
   190.558125000000         5.104224526775792E-003
   190.771875000000         3.850529411585903E-003
   190.985625000000         2.480338005814877E-003
   191.199375000000         1.051788972869347E-003
   191.413125000000        -3.758324257030459E-004
   191.626875000000        -1.744601737218704E-003
   191.840625000000        -3.000341625068825E-003
   192.054375000000        -4.094785742129523E-003
   192.268125000000        -4.987433791960100E-003
   192.481875000000        -5.647030044384172E-003
   192.695625000000        -6.052618412810763E-003
   192.909375000000        -6.194148672966937E-003
   193.123125000000        -6.072629037822567E-003
   193.336875000000        -5.699838877147961E-003
   193.550625000000        -5.097631017926090E-003
   193.764375000000        -4.296865348098572E-003
   193.978125000000        -3.336024373610744E-003
   194.191875000000        -2.259567339067676E-003
   194.405625000000        -1.116083194466973E-003
   194.619375000000         4.369510156998711E-005
   194.833125000000         1.168950901022467E-003
   195.046875000000         2.210853243084250E-003
   195.260625000000         3.124567903673574E-003
   195.474375000000         3.871140693058833E-003
   195.688125000000         4.419181809525961E-003
   195.901875000000         4.746279431409269E-003
   196.115625000000         4.840072376836483E-003
   196.329375000000         4.698916804892880E-003
   196.543125000000         4.332091685700624E-003
   196.756875000000         3.759502915682738E-003
   196.970625000000         3.010866759925251E-003
   197.184375000000         2.124379356390617E-003
   197.398125000000         1.144909161053400E-003
   197.611875000000         1.217815622516414E-004
   197.825625000000        -8.937430577551559E-004
   198.039375000000        -1.851167702562901E-003
   198.253125000000        -2.703480902425461E-003
   198.466875000000        -3.409736482406896E-003
   198.680625000000        -3.937322797991418E-003
   198.894375000000        -4.263764137035996E-003
   199.108125000000        -4.377921087474485E-003
   199.321875000000        -4.280493117652483E-003
   199.535625000000        -3.983773245004785E-003
   199.749375000000        -3.510658151844565E-003
   199.963125000000        -2.892973207282818E-003
   200.176875000000        -2.169225782513940E-003
   200.390625000000        -1.381947109929521E-003
   200.604375000000        -5.748182174199297E-004
   200.818125000000         2.102045000299731E-004
   201.031875000000         9.355461387239427E-004
   201.245625000000         1.570250784519332E-003
   201.459375000000         2.091631658332360E-003
   201.673125000000         2.486214814282734E-003
   201.886875000000         2.749917231176470E-003
   202.100625000000         2.887465886648506E-003
   202.314375000000         2.911130055928716E-003
   202.528125000000         2.838898598878500E-003
   202.741875000000         2.692281813951045E-003
   202.955625000000         2.493948984474898E-003
   203.169375000000         2.265424936177099E-003
   203.383125000000         2.025060481001790E-003
   203.596875000000         1.786463207260092E-003
   203.810625000000         1.557529264268167E-003
   204.024375000000         1.340157830843508E-003
   204.238125000000         1.130663376636737E-003
   204.451875000000         9.208328975290169E-004
   204.665625000000         6.995124486216544E-004
   204.879375000000         4.545554558805020E-004
   205.093125000000         1.749293597472070E-004
   205.306875000000        -1.472394813744594E-004
   205.520625000000        -5.148984646043563E-004
   205.734375000000        -9.247701444845003E-004
   205.948125000000        -1.366670703062914E-003
   206.161875000000        -1.823536892848408E-003
   206.375625000000        -2.272187083769829E-003
   206.589375000000        -2.684773492370617E-003
   206.803125000000        -3.030817595426858E-003
   207.016875000000        -3.279665004529118E-003
   207.230625000000        -3.403154658277972E-003
   207.444375000000        -3.378273680488526E-003
   207.658125000000        -3.189565610728680E-003
   207.871875000000        -2.831076108228284E-003
   208.085625000000        -2.307655075847029E-003
   208.299375000000        -1.635484295234190E-003
   208.513125000000        -8.417607138532238E-004
   208.726875000000         3.646773634961650E-005
   208.940625000000         9.542500382307376E-004
   209.154375000000         1.861338370240872E-003
   209.368125000000         2.705275953473494E-003
   209.581875000000         3.434752131923809E-003
   209.795625000000         4.002989407089251E-003
   210.009375000000         4.370923988823474E-003
   210.223125000000         4.509955844652624E-003
   210.436875000000         4.404074688489284E-003
   210.650625000000         4.051212168485855E-003
   210.864375000000         3.463724144410844E-003
   211.078125000000         2.667966287543173E-003
   211.291875000000         1.702986975496299E-003
   211.505625000000         6.184193828977925E-004
   211.719375000000        -5.282940250649708E-004
   211.933125000000        -1.675169885431700E-003
   212.146875000000        -2.759241184092838E-003
   212.360625000000        -3.720183662774411E-003
   212.574375000000        -4.503790237840010E-003
   212.788125000000        -5.065084671733089E-003
   213.001875000000        -5.370890783689142E-003
   213.215625000000        -5.401709289383806E-003
   213.429375000000        -5.152798455735706E-003
   213.643125000000        -4.634404280109822E-003
   213.856875000000        -3.871137753140076E-003
   214.070625000000        -2.900547782558314E-003
   214.284375000000        -1.770985491341762E-003
   214.498125000000        -5.388960786093967E-004
   214.711875000000         7.342941133459677E-004
   214.925625000000         1.985507054633157E-003
   215.139375000000         3.153362079201773E-003
   215.353125000000         4.181351326610013E-003
   215.566875000000         5.020664089688142E-003
   215.780625000000         5.632509147282796E-003
   215.994375000000         5.989819686233184E-003
   216.208125000000         6.078267402541778E-003
   216.421875000000         5.896557858299605E-003
   216.635625000000         5.456024940068917E-003
   216.849375000000         4.779585076407333E-003
   217.063125000000         3.900148715648658E-003
   217.276875000000         2.858614901913898E-003
   217.490625000000         1.701592769396628E-003
   217.704375000000         4.790004093783920E-004
   217.918125000000        -7.583131913283008E-004
   218.131875000000        -1.960792668500053E-003
   218.345625000000        -3.082140678021237E-003
   218.559375000000        -4.080945634575800E-003
   218.773125000000        -4.921929432529432E-003
   218.986875000000        -5.576804909759455E-003
   219.200625000000        -6.024762797381752E-003
   219.414375000000        -6.252632088213682E-003
   219.628125000000        -6.254774189259823E-003
   219.841875000000        -6.032778815108610E-003
   220.055625000000        -5.595028233481351E-003
   220.269375000000        -4.956187077358496E-003
   220.483125000000        -4.136659252255120E-003
   220.696875000000        -3.162033925860600E-003
   220.910625000000        -2.062522018399583E-003
   221.124375000000        -8.723659146706214E-004
   221.338125000000         3.708090668382555E-004
   221.551875000000         1.626740508139766E-003
   221.765625000000         2.853410821464501E-003
   221.979375000000         4.008095614757294E-003
   222.193125000000         5.048592878681053E-003
   222.406875000000         5.934625538236612E-003
   222.620625000000         6.629384557151035E-003
   222.834375000000         7.101153797637192E-003
   223.048125000000         7.324934291615528E-003
   223.261875000000         7.283967396961851E-003
   223.475625000000         6.971045948339843E-003
   223.689375000000         6.389501682472151E-003
   223.903125000000         5.553766705197106E-003
   224.116875000000         4.489426331706814E-003
   224.330625000000         3.232709022251134E-003
   224.544375000000         1.829394218043682E-003
   224.758125000000         3.331578442235653E-004
   224.971875000000        -1.196585120887330E-003
   225.185625000000        -2.697244603583077E-003
   225.399375000000        -4.105898200046511E-003
   225.613125000000        -5.362261970912506E-003
   225.826875000000        -6.411625514971958E-003
   226.040625000000        -7.207585646623830E-003
   226.254375000000        -7.714422164078983E-003
   226.468125000000        -7.908978604906702E-003
   226.681875000000        -7.781938943199261E-003
   226.895625000000        -7.338425715170719E-003
   227.109375000000        -6.597883540839097E-003
   227.323125000000        -5.593251797002223E-003
   227.536875000000        -4.369468752410165E-003
   227.750625000000        -2.981384553837282E-003
   227.964375000000        -1.491190230786075E-003
   228.178125000000         3.450694971091961E-005
   228.391875000000         1.527815695450071E-003
   228.605625000000         2.922746355154327E-003
   228.819375000000         4.158295507355465E-003
   229.033125000000         5.181281701809396E-003
   229.246875000000         5.948797859362378E-003
   229.460625000000         6.430164814909798E-003
   229.674375000000         6.608294270537397E-003
   229.888125000000         6.480397055773242E-003
   230.101875000000         6.058003060730543E-003
   230.315625000000         5.366291437021986E-003
   230.529375000000         4.442762477543776E-003
   230.743125000000         3.335314698832809E-003
   230.956875000000         2.099820648895529E-003
   231.170625000000         7.973213479235081E-004
   231.384375000000        -5.090194924864989E-004
   231.598125000000        -1.757045695350463E-003
   231.811875000000        -2.888660754916661E-003
   232.025625000000        -3.852641387944378E-003
   232.239375000000        -4.607063285010240E-003
   232.453125000000        -5.121210220202736E-003
   232.666875000000        -5.376866323906852E-003
   232.880625000000        -5.368926742845794E-003
   233.094375000000        -5.105301981321716E-003
   233.308125000000        -4.606133321950177E-003
   233.521875000000        -3.902377947511449E-003
   233.735625000000        -3.033859757256335E-003
   233.949375000000        -2.046912629492988E-003
   234.163125000000        -9.917647394870833E-004
   234.376875000000         8.017609259906233E-005
   234.590625000000         1.118975897581626E-003
   234.804375000000         2.078617612923330E-003
   235.018125000000         2.919105094122436E-003
   235.231875000000         3.608128020605592E-003
   235.445625000000         4.122221442182840E-003
   235.659375000000         4.447389825441930E-003
   235.873125000000         4.579200862483875E-003
   236.086875000000         4.522386221497737E-003
   236.300625000000         4.290012587662217E-003
   236.514375000000         3.902305217595577E-003
   236.728125000000         3.385217100058401E-003
   236.941875000000         2.768839823038897E-003
   237.155625000000         2.085748305503327E-003
   237.369375000000         1.369362176992619E-003
   237.583125000000         6.523936616028817E-004
   237.796875000000        -3.456267186190756E-005
   238.010625000000        -6.642571775369523E-004
   238.224375000000        -1.213800872034784E-003
   238.438125000000        -1.665451122433102E-003
   238.651875000000        -2.007155989612349E-003
   238.865625000000        -2.232850731634611E-003
   239.079375000000        -2.342503194044297E-003
   239.293125000000        -2.341907621415810E-003
   239.506875000000        -2.242230056980212E-003
   239.720625000000        -2.059314022708479E-003
   239.934375000000        -1.812763269640745E-003
   240.148125000000        -1.524829181883789E-003
   240.361875000000        -1.219143395047618E-003
   240.575625000000        -9.193502204098602E-004
   240.789375000000        -6.477069139120465E-004
   241.003125000000        -4.237307571242402E-004
   241.216875000000        -2.629783492962433E-004
   241.430625000000        -1.760427236445120E-004
   241.644375000000        -1.678467057802873E-004
   241.858125000000        -2.372958986685252E-004
   242.071875000000        -3.773322794400309E-004
   242.285625000000        -5.754010393097825E-004
   242.499375000000        -8.143112481653857E-004
   242.713125000000        -1.073438087599732E-003
   242.926875000000        -1.330184027454544E-003
   243.140625000000        -1.561591666333769E-003
   243.354375000000        -1.745984869863962E-003
   243.568125000000        -1.864509425205804E-003
   243.781875000000        -1.902450757998546E-003
   243.995625000000        -1.850224189618641E-003
   244.209375000000        -1.703961357551088E-003
   244.423125000000        -1.465652240227612E-003
   244.636875000000        -1.142842271073984E-003
   244.850625000000        -7.479242902802051E-004
   245.064375000000        -2.971014376821291E-004
   245.278125000000         1.908742639174173E-004
   245.491875000000         6.960649854473960E-004
   245.705625000000         1.198683944698971E-003
   245.919375000000         1.680286152677385E-003
   246.133125000000         2.124713531548150E-003
   246.346875000000         2.518725370620680E-003
   246.560625000000         2.852282330703605E-003
   246.774375000000         3.118492068686496E-003
   246.988125000000         3.313262581006266E-003
   247.201875000000         3.434741286967286E-003
   247.415625000000         3.482640088842314E-003
   247.629375000000         3.457556629652915E-003
   247.843125000000         3.360398569568919E-003
   248.056875000000         3.192001279509007E-003
   248.270625000000         2.953001753951446E-003
   248.484375000000         2.643995912052880E-003
   248.698125000000         2.265966872335675E-003
   248.911875000000         1.820932832721209E-003
   249.125625000000         1.312729430540066E-003
   249.339375000000         7.478169362095535E-004
   249.553125000000         1.359904068093787E-004
   249.766875000000        -5.091272826040708E-004
   249.980625000000        -1.169913609309771E-003
   250.194375000000        -1.824971018548512E-003
   250.408125000000        -2.449784366766985E-003
   250.621875000000        -3.017802633326425E-003
   250.835625000000        -3.501889982108839E-003
   251.049375000000        -3.876048362398046E-003
   251.263125000000        -4.117279000425674E-003
   251.476875000000        -4.207427154369486E-003
   251.690625000000        -4.134846006117913E-003
   251.904375000000        -3.895722707724282E-003
   252.118125000000        -3.494931978640392E-003
   252.331875000000        -2.946318325416039E-003
   252.545625000000        -2.272353671885250E-003
   252.759375000000        -1.503168706182355E-003
   252.973125000000        -6.750087864417151E-004
   253.186875000000         1.717860519373452E-004
   253.400625000000         9.951370156231730E-004
   253.614375000000         1.753749871634573E-003
   253.828125000000         2.409622886829495E-003
   254.041875000000         2.930357728435986E-003
   254.255625000000         3.291107778904627E-003
   254.469375000000         3.476027705279419E-003
   254.683125000000         3.479127920274900E-003
   254.896875000000         3.304484087131969E-003
   255.110625000000         2.965800912600468E-003
   255.324375000000         2.485376952466380E-003
   255.538125000000         1.892559173648271E-003
   255.751875000000         1.221809395956041E-003
   255.965625000000         5.105272150746707E-004
   256.179375000000        -2.032156120025905E-004
   256.393125000000        -8.828761565652322E-004
   256.606875000000        -1.495436608835563E-003
   256.820625000000        -2.013078359011268E-003
   257.034375000000        -2.414445959091420E-003
   257.248125000000        -2.685446885264533E-003
   257.461875000000        -2.819568169101244E-003
   257.675625000000        -2.817724683292940E-003
   257.889375000000        -2.687683779401440E-003
   258.103125000000        -2.443135237946769E-003
   258.316875000000        -2.102492888884855E-003
   258.530625000000        -1.687524225525408E-003
   258.744375000000        -1.221906916191358E-003
   258.958125000000        -7.298068948205376E-004
   259.171875000000        -2.345626786849348E-004
   259.385625000000         2.424540053941566E-004
   259.599375000000         6.827488836438252E-004
   259.813125000000         1.071354024996918E-003
   260.026875000000         1.397201527399812E-003
   260.240625000000         1.653227266488012E-003
   260.454375000000         1.836226705699642E-003
   260.668125000000         1.946498728410146E-003
   260.881875000000         1.987324057887777E-003
   261.095625000000         1.964331713116306E-003
   261.309375000000         1.884809946664998E-003
   261.523125000000         1.757017255948996E-003
   261.736875000000         1.589544565162230E-003
   261.950625000000         1.390771928160836E-003
   262.164375000000         1.168452656169732E-003
   262.378125000000         9.294453333279287E-004
   262.591875000000         6.796005907836766E-004
   262.805625000000         4.237957080916813E-004
   263.019375000000         1.660971017153761E-004
   263.233125000000        -8.998045988036612E-005
   263.446875000000        -3.411575864474087E-004
   263.660625000000        -5.840616532648808E-004
   263.874375000000        -8.149315985726490E-004
   264.088125000000        -1.029398702399727E-003
   264.301875000000        -1.222378640761947E-003
   264.515625000000        -1.388099232284374E-003
   264.729375000000        -1.520274668047509E-003
   264.943125000000        -1.612421788656418E-003
   265.156875000000        -1.658298506265188E-003
   265.370625000000        -1.652430216312012E-003
   265.584375000000        -1.590678415326287E-003
   265.798125000000        -1.470797964591629E-003
   266.011875000000        -1.292926427890038E-003
   266.225625000000        -1.059951160312514E-003
   266.439375000000        -7.777073433338659E-004
   266.653125000000        -4.549724525329738E-004
   266.866875000000        -1.032387390307321E-004
   267.080625000000         2.637361586106193E-004
   267.294375000000         6.305810109757847E-004
   267.508125000000         9.811273349040065E-004
   267.721875000000         1.299336629761513E-003
   267.935625000000         1.570273209461551E-003
   268.149375000000         1.781050895213488E-003
   268.363125000000         1.921681284542176E-003
   268.576875000000         1.985756769168336E-003
   268.790625000000         1.970912528068231E-003
   269.004375000000         1.879027471791088E-003
   269.218125000000         1.716143261596704E-003
   269.431875000000         1.492101501183445E-003
   269.645625000000         1.219920304232343E-003
   269.859375000000         9.149510103191869E-004
   270.073125000000         5.938723549704026E-004
   270.286875000000         2.735916841289086E-004
   270.500625000000        -2.987000624163843E-005
   270.714375000000        -3.024307613631903E-004
   270.928125000000        -5.328635243776566E-004
   271.141875000000        -7.135096447084789E-004
   271.355625000000        -8.407380467090975E-004
   271.569375000000        -9.151151061204299E-004
   271.783125000000        -9.412697075078340E-004
   271.996875000000        -9.274585432122935E-004
   272.210625000000        -8.848572152833004E-004
   272.424375000000        -8.266219007676512E-004
   272.638125000000        -7.667831026069436E-004
   272.851875000000        -7.190463142741139E-004
   273.065625000000        -6.955834046040258E-004
   273.279375000000        -7.059024852778350E-004
   273.493125000000        -7.558824755499808E-004
   273.706875000000        -8.470512945202939E-004
   273.920625000000        -9.761736517680843E-004
   274.134375000000        -1.135196168923833E-003
   274.348125000000        -1.311574809384164E-003
   274.561875000000        -1.488983466182152E-003
   274.775625000000        -1.648374567766939E-003
   274.989375000000        -1.769334536525048E-003
   275.203125000000        -1.831650924399357E-003
   275.416875000000        -1.816986195081979E-003
   275.630625000000        -1.710537486517844E-003
   275.844375000000        -1.502554065217420E-003
   276.058125000000        -1.189585906242767E-003
   276.271875000000        -7.753485873995610E-004
   276.485625000000        -2.711113787067305E-004
   276.699375000000         3.044539188959479E-004
   276.913125000000         9.259880001015993E-004
   277.126875000000         1.562705173858057E-003
   277.340625000000         2.180139071451028E-003
   277.554375000000         2.742269945682193E-003
   277.768125000000         3.213894936495623E-003
   277.981875000000         3.563076277644958E-003
   278.195625000000         3.763487992459914E-003
   278.409375000000         3.796481016913528E-003
   278.623125000000         3.652700612358031E-003
   278.836875000000         3.333117853279977E-003
   279.050625000000         2.849377102168628E-003
   279.264375000000         2.223410774303681E-003
   279.478125000000         1.486327495643954E-003
   279.691875000000         6.766355232721201E-004
   279.905625000000        -1.620846065240727E-004
   280.119375000000        -9.839002253179444E-004
   280.333125000000        -1.743449347502091E-003
   280.546875000000        -2.398858531825612E-003
   280.760625000000        -2.914446878553091E-003
   280.974375000000        -3.263022323070608E-003
   281.188125000000        -3.427606575560205E-003
   281.401875000000        -3.402467833609469E-003
   281.615625000000        -3.193392189949319E-003
   281.829375000000        -2.817181187101007E-003
   282.043125000000        -2.300419635527055E-003
   282.256875000000        -1.677610104065075E-003
   282.470625000000        -9.888143908378239E-004
   282.684375000000        -2.769745851347255E-004
   282.898125000000         4.148951030618361E-004
   283.111875000000         1.046450680246782E-003
   283.325625000000         1.582510314379149E-003
   283.539375000000         1.995134818150686E-003
   283.753125000000         2.265169712777884E-003
   283.966875000000         2.383163597367425E-003
   284.180625000000         2.349623358164897E-003
   284.394375000000         2.174613156033462E-003
   284.608125000000         1.876747800552097E-003
   284.821875000000         1.481669169766992E-003
   285.035625000000         1.020124505249984E-003
   285.249375000000         5.257861765699702E-004
   285.463125000000         3.296311022400899E-005
   285.676875000000        -4.256454999296521E-004
   285.890625000000        -8.210126986762380E-004
   286.104375000000        -1.129538457354881E-003
   286.318125000000        -1.334396745293093E-003
   286.531875000000        -1.426404343378501E-003
   286.745625000000        -1.404372864484498E-003
   286.959375000000        -1.274938512322995E-003
   287.173125000000        -1.051896238116162E-003
   287.386875000000        -7.550943949331481E-004
   287.600625000000        -4.089712149330062E-004
   287.814375000000        -4.083417414223483E-005
   288.028125000000         3.210034066756304E-004
   288.241875000000         6.491079860762222E-004
   288.455625000000         9.187142871261653E-004
   288.669375000000         1.109305707336343E-003
   288.883125000000         1.205890875089980E-003
   289.096875000000         1.199901545783251E-003
   289.310625000000         1.089662517447549E-003
   289.524375000000         8.804126309792984E-004
   289.738125000000         5.838853501893321E-004
   289.951875000000         2.174859153875050E-004
   290.165625000000        -1.968723267142331E-004
   290.379375000000        -6.341888864121971E-004
   290.593125000000        -1.067956083059529E-003
   290.806875000000        -1.471792081135016E-003
   291.020625000000        -1.821021146514394E-003
   291.234375000000        -2.094102799510785E-003
   291.448125000000        -2.273825829169249E-003
   291.661875000000        -2.348202868365147E-003
   291.875625000000        -2.311024672383198E-003
   292.089375000000        -2.162058380793200E-003
   292.303125000000        -1.906898771260503E-003
   292.516875000000        -1.556503845558766E-003
   292.730625000000        -1.126464335484777E-003
   292.944375000000        -6.360696502251632E-004
   293.158125000000        -1.072397435130231E-004
   293.371875000000         4.366066943198863E-004
   293.585625000000         9.716818805130551E-004
   293.799375000000         1.474899598904133E-003
   294.013125000000         1.924842111467885E-003
   294.226875000000         2.302592060094618E-003
   294.440625000000         2.592411434987832E-003
   294.654375000000         2.782261446760977E-003
   294.868125000000         2.864166245646801E-003
   295.081875000000         2.834429261775094E-003
   295.295625000000         2.693713378503715E-003
   295.509375000000         2.446995575972594E-003
   295.723125000000         2.103403897253713E-003
   295.936875000000         1.675940695749268E-003
   296.150625000000         1.181092360227211E-003
   296.364375000000         6.383232834526230E-004
   296.578125000000         6.945173214079865E-005
   296.791875000000        -5.020918762338458E-004
   297.005625000000        -1.052117804100200E-003
   297.219375000000        -1.556625658190243E-003
   297.433125000000        -1.992822824501302E-003
   297.646875000000        -2.340175027219905E-003
   297.860625000000        -2.581440459665316E-003
   298.074375000000        -2.703630273339929E-003
   298.288125000000        -2.698833257260492E-003
   298.501875000000        -2.564842469395484E-003
   298.715625000000        -2.305527118696644E-003
   298.929375000000        -1.930904292940080E-003
   299.143125000000        -1.456881710404541E-003
   299.356875000000        -9.046634546596672E-004
   299.570625000000        -2.998340132467133E-004
   299.784375000000         3.288401175762647E-004
   299.998125000000         9.508296641386859E-004
   300.211875000000         1.535402458895413E-003
   300.425625000000         2.053230827311440E-003
   300.639375000000         2.477947374502871E-003
   300.853125000000         2.787551866268464E-003
   301.066875000000         2.965581448817292E-003
   301.280625000000         3.001972988430457E-003
   301.494375000000         2.893568374140051E-003
   301.708125000000         2.644239197454218E-003
   301.921875000000         2.264633943475842E-003
   302.135625000000         1.771576244097593E-003
   302.349375000000         1.187164577082737E-003
   302.563125000000         5.376401888203057E-004
   302.776875000000        -1.479002560734750E-004
   302.990625000000        -8.388682066358514E-004
   303.204375000000        -1.504548061890427E-003
   303.418125000000        -2.115398365363200E-003
   303.631875000000        -2.644238365810070E-003
   303.845625000000        -3.067284847688038E-003
   304.059375000000        -3.365019773393453E-003
   304.273125000000        -3.522882631507451E-003
   304.486875000000        -3.531790861124715E-003
   304.700625000000        -3.388496386687250E-003
   304.914375000000        -3.095786001336623E-003
   305.128125000000        -2.662528748665621E-003
   305.341875000000        -2.103565977811988E-003
   305.555625000000        -1.439431344153231E-003
   305.769375000000        -6.958809426748152E-004
   305.983125000000         9.678979324123211E-005
   306.196875000000         9.046639688386038E-004
   306.410625000000         1.691369029268386E-003
   306.624375000000         2.419488382008022E-003
   306.838125000000         3.052195352200366E-003
   307.051875000000         3.555060205685369E-003
   307.265625000000         3.897953429614433E-003
   307.479375000000         4.056942394196289E-003
   307.693125000000         4.016057445994412E-003
   307.906875000000         3.768790769568499E-003
   308.120625000000         3.319189791531439E-003
   308.334375000000         2.682418318673405E-003
   308.548125000000         1.884683566867986E-003
   308.761875000000         9.624648845791314E-004
   308.975625000000        -3.897201226236246E-005
   309.189375000000        -1.067736718221165E-003
   309.403125000000        -2.068056271768531E-003
   309.616875000000        -2.983448481567597E-003
   309.830625000000        -3.760131719545803E-003
   310.044375000000        -4.350444120370554E-003
   310.258125000000        -4.716029720853889E-003
   310.471875000000        -4.830552974198403E-003
   310.685625000000        -4.681726947682889E-003
   310.899375000000        -4.272483178299443E-003
   311.113125000000        -3.621169652444497E-003
   311.326875000000        -2.760733174599779E-003
   311.540625000000        -1.736917825518095E-003
   311.754375000000        -6.055859770540224E-004
   311.968125000000         5.706639273137601E-004
   312.181875000000         1.726353710162326E-003
   312.395625000000         2.797189449272359E-003
   312.609375000000         3.724050054054124E-003
   312.823125000000         4.456622901136196E-003
   313.036875000000         4.956436125376584E-003
   313.250625000000         5.199083470947870E-003
   313.464375000000         5.175499086319676E-003
   313.678125000000         4.892211060925447E-003
   313.891875000000         4.370577891004348E-003
   314.105625000000         3.645085289613215E-003
   314.319375000000         2.760846053329022E-003
   314.533125000000         1.770498157927464E-003
   314.746875000000         7.307322230567687E-004
   314.960625000000        -3.013031800255405E-004
   315.174375000000        -1.271471720848573E-003
   315.388125000000        -2.131768251051136E-003
   315.601875000000        -2.842895274211062E-003
   315.815625000000        -3.376153311378052E-003
   316.029375000000        -3.714556870177113E-003
   316.243125000000        -3.853146190937557E-003
   316.456875000000        -3.798521982490788E-003
   316.670625000000        -3.567681863846190E-003
   316.884375000000        -3.186279820498269E-003
   317.098125000000        -2.686461226654035E-003
   317.311875000000        -2.104444478117928E-003
   317.525625000000        -1.478025673463710E-003
   317.739375000000        -8.441756913379688E-004
   317.953125000000        -2.368808805196598E-004
   318.166875000000         3.146485168210048E-004
   318.380625000000         7.873116516059321E-004
   318.594375000000         1.164938830394098E-003
   318.808125000000         1.438586882764579E-003
   319.021875000000         1.606330099453209E-003
   319.235625000000         1.672601742787673E-003
   319.449375000000         1.647168476547048E-003
   319.663125000000         1.543840282922398E-003
   319.876875000000         1.379030584499459E-003
   320.090625000000         1.170284932368424E-003
   320.304375000000         9.348918253680411E-004
   320.518125000000         6.886765502798798E-004
   320.731875000000         4.450593992577210E-004
   320.945625000000         2.144346683936107E-004
   321.159375000000         3.898262713326900E-006
   321.373125000000        -1.826784107225737E-004
   321.586875000000        -3.442600684154812E-004
   321.800625000000        -4.820030909169508E-004
   322.014375000000        -5.984349478844235E-004
   322.228125000000        -6.965522101267341E-004
   322.441875000000        -7.789383722792800E-004
   322.655625000000        -8.470002452237586E-004
   322.869375000000        -9.004101627814917E-004
   323.083125000000        -9.368213855814932E-004
   323.296875000000        -9.518973452688971E-004
   323.510625000000        -9.396639146038785E-004
   323.724375000000        -8.931604189477335E-004
   323.938125000000        -8.053326613364743E-004
   324.151875000000        -6.700829287408979E-004
   324.365625000000        -4.833706755772855E-004
   324.579375000000        -2.442457295097853E-004
   324.793125000000         4.430494971737431E-005
   325.006875000000         3.748050600321702E-004
   325.220625000000         7.351172984741612E-004
   325.434375000000         1.108706489701109E-003
   325.648125000000         1.475352883657884E-003
   325.861875000000         1.812288470320056E-003
   326.075625000000         2.095686876941636E-003
   326.289375000000         2.302399480430735E-003
   326.503125000000         2.411800649266002E-003
   326.716875000000         2.407586763782134E-003
   326.930625000000         2.279369111541824E-003
   327.144375000000         2.023910932119719E-003
   327.358125000000         1.645883413565573E-003
   327.571875000000         1.158052525873255E-003
   327.785625000000         5.808551326992626E-004
   327.999375000000        -5.862525985425614E-005
   328.213125000000        -7.282202416622719E-004
   328.426875000000        -1.392664691536715E-003
   328.640625000000        -2.015861261414057E-003
   328.854375000000        -2.563244780095609E-003
   329.068125000000        -3.004059635907046E-003
   329.281875000000        -3.313369501314965E-003
   329.495625000000        -3.473641534940801E-003
   329.709375000000        -3.475784401879089E-003
   329.923125000000        -3.319567603820892E-003
   330.136875000000        -3.013404096063772E-003
   330.350625000000        -2.573533714406620E-003
   330.564375000000        -2.022696132891204E-003
   330.778125000000        -1.388423939788914E-003
   330.991875000000        -7.011149138454561E-004
   331.205625000000         7.944962202198391E-006
   331.419375000000         7.084408086986896E-004
   331.633125000000         1.372624414843524E-003
   331.846875000000         1.976534706612202E-003
   332.060625000000         2.500776388625687E-003
   332.274375000000         2.930839659093453E-003
   332.488125000000         3.256993103395054E-003
   332.701875000000         3.473825332830967E-003
   332.915625000000         3.579543997941192E-003
   333.129375000000         3.575160003148360E-003
   333.343125000000         3.463688177969226E-003
   333.556875000000         3.249483191982427E-003
   333.770625000000         2.937802799197514E-003
   333.984375000000         2.534652829515344E-003
   334.198125000000         2.046924220311352E-003
   334.411875000000         1.482787046599328E-003
   334.625625000000         8.522653611823558E-004
   334.839375000000         1.678846380802492E-004
   335.053125000000        -5.547353475916672E-004
   335.266875000000        -1.296472800358632E-003
   335.480625000000        -2.034599112964730E-003
   335.694375000000        -2.743066779019135E-003
   335.908125000000        -3.393239451090386E-003
   336.121875000000        -3.955065137632650E-003
   336.335625000000        -4.398642154539172E-003
   336.549375000000        -4.696078713873789E-003
   336.763125000000        -4.823506302600689E-003
   336.976875000000        -4.763078840046764E-003
   337.190625000000        -4.504777284190080E-003
   337.404375000000        -4.047844529222775E-003
   337.618125000000        -3.401697945173985E-003
   337.831875000000        -2.586204823751192E-003
   338.045625000000        -1.631255820551430E-003
   338.259375000000        -5.756285444961345E-004
   338.473125000000         5.348076283948965E-004
   338.686875000000         1.649439151935558E-003
   338.900625000000         2.715655385349111E-003
   339.114375000000         3.681808531185849E-003
   339.328125000000         4.500181871381951E-003
   339.541875000000         5.129760830219946E-003
   339.755625000000         5.538617208064372E-003
   339.969375000000         5.705747620402923E-003
   340.183125000000         5.622249613132073E-003
