  -1.60312500000000         4.555436214067134E-020
  -1.38937500000000         2.926219222374338E-017
  -1.17562500000000         1.848194559344772E-016
 -0.961875000000000         8.026965426032807E-016
 -0.748125000000000         2.795714286691750E-015
 -0.534375000000000         7.965891301199355E-015
 -0.320625000000000         1.835067422782824E-014
 -0.106875000000000         3.268322584136225E-014
  0.106875000000000         3.807946213664184E-014
  0.320625000000000        -2.902728867226960E-015
  0.534375000000000        -1.661115097640336E-013
  0.748125000000000        -5.754927843763479E-013
  0.961875000000000        -1.404891110109710E-012
   1.17562500000000        -2.871479886156331E-012
   1.38937500000000        -5.223220033170133E-012
   1.60312500000000        -8.721846559846795E-012
   1.81687500000000        -1.362396796036404E-011
   2.03062500000000        -2.016025090614069E-011
   2.24437500000000        -2.851164639709258E-011
   2.45812500000000        -3.879419319864802E-011
   2.67187500000000        -5.103579516648498E-011
   2.88562500000000        -6.517070024786577E-011
   3.09937500000000        -8.102926567071216E-011
   3.31312500000000        -9.834509217970989E-011
   3.52687500000000        -1.167701474274412E-010
   3.74062500000000        -1.358922774209210E-010
   3.95437500000000        -1.552730558265536E-010
   4.16812500000000        -1.744805151778728E-010
   4.38187500000000        -1.931297187644636E-010
   4.59562500000000        -2.109183513736487E-010
   4.80937500000000        -2.276549480039552E-010
   5.02312500000000        -2.432769646973319E-010
   5.23687500000000        -2.578496185503051E-010
   5.45062500000000        -2.715437710817615E-010
   5.66437500000000        -2.846049678782373E-010
   5.87812500000000        -2.973002992448109E-010
   6.09187500000000        -3.098585008928473E-010
   6.30562500000000        -3.224108629893378E-010
   6.51937500000000        -3.349476953392536E-010
   6.73312500000000        -3.472821696297937E-010
   6.94687500000000        -3.590534848519581E-010
   7.16062500000000        -3.697412681411933E-010
   7.37437500000000        -3.787377156449558E-010
   7.58812500000000        -3.854119342466101E-010
   7.80187500000000        -3.892058050880923E-010
   8.01562500000000        -3.897217445604271E-010
   8.22937500000000        -3.867953253449715E-010
   8.44312500000000        -3.805309002564657E-010
   8.65687500000000        -3.713073104242030E-010
   8.87062500000000        -3.597312333002451E-010
   9.08437500000000        -3.465564632927403E-010
   9.29812500000000        -3.325729001042940E-010
   9.51187500000000        -3.184877156792288E-010
   9.72562500000000        -3.048163998118299E-010
   9.93937500000000        -2.918057163865454E-010
   10.1531250000000        -2.794013463685928E-010
   10.3668750000000        -2.672753362199097E-010
   10.5806250000000        -2.548995701365747E-010
   10.7943750000000        -2.416656969189744E-010
   11.0081250000000        -2.270300809967401E-010
   11.2218750000000        -2.106450023071179E-010
   11.4356250000000        -1.924723769065611E-010
   11.6493750000000        -1.728367892056138E-010
   11.8631250000000        -1.524149676046667E-010
   12.0768750000000        -1.321681067543168E-010
   12.2906250000000        -1.131949974545431E-010
   12.5043750000000        -9.657905793345211E-011
   12.7181250000000        -8.319432636346214E-011
   12.9318750000000        -7.356837461214310E-011
   13.1456250000000        -6.776753872873696E-011
   13.3593750000000        -6.536859981173560E-011
   13.5731250000000        -6.550483769581821E-011
   13.7868750000000        -6.698131598983113E-011
   14.0006250000000        -6.844558427708460E-011
   14.2143750000000        -6.858373157591220E-011
   14.4281250000000        -6.630462335618499E-011
   14.6418750000000        -6.089799250864142E-011
   14.8556250000000        -5.212792311452786E-011
   15.0693750000000        -4.024634478387441E-011
   15.2831250000000        -2.595108558803308E-011
   15.4968750000000        -1.027145552794187E-011
   15.7106250000000         5.574350756137550E-012
   15.9243750000000         2.033719686607971E-011
   16.1381250000000         3.287975302184547E-011
   16.3518750000000         4.228428042905970E-011
   16.5656250000000         4.791164158938764E-011
   16.7793750000000         4.941581139037526E-011
   16.9931250000000         4.671847099543921E-011
   17.2068750000000         3.995149660152732E-011
   17.4206250000000         2.940320534094958E-011
   17.6343750000000         1.545921480110948E-011
   17.8481250000000        -1.430183897967703E-012
   18.0618750000000        -2.076053457134348E-011
   18.2756250000000        -4.197732223784808E-011
   18.4893750000000        -6.444971220284473E-011
   18.7031250000000        -8.747129861131605E-011
   18.9168750000000        -1.102573822775516E-010
   19.1306250000000        -1.319757397902646E-010
   19.3443750000000        -1.517947343664656E-010
   19.5581250000000        -1.689517693330023E-010
   19.7718750000000        -1.828263225401978E-010
   19.9856250000000        -1.930044521494753E-010
   20.1993750000000        -1.993227363206371E-010
   20.4131250000000        -2.018726862720669E-010
   20.6268750000000        -2.009766238825253E-010
   20.8406250000000        -1.971264080614311E-010
   21.0543750000000        -1.909014031156264E-010
   21.2681250000000        -1.828842655007043E-010
   21.4818750000000        -1.735899738844208E-010
   21.6956250000000        -1.634189030125445E-010
   21.9093750000000        -1.526523427620935E-010
   22.1231250000000        -1.414776635031055E-010
   22.3368750000000        -1.300453890848429E-010
   22.5506250000000        -1.185367164739441E-010
   22.7643750000000        -1.072196975972039E-010
   22.9781250000000        -9.648263205462373E-011
   23.1918750000000        -8.682617895202647E-011
   23.4056250000000        -7.881158480684313E-011
   23.6193750000000        -7.297041269825142E-011
   23.8331250000000        -6.969547659215916E-011
   24.0468750000000        -6.912171328913702E-011
   24.2606250000000        -7.105246577945906E-011
   24.4743750000000        -7.491039919634702E-011
   24.6881250000000        -7.977228152607094E-011
   24.9018750000000        -8.445586269868417E-011
   25.1156250000000        -8.767344638640037E-011
   25.3293750000000        -8.821332443839526E-011
   25.5431250000000        -8.513259681735959E-011
   25.7568750000000        -7.791026761827253E-011
   25.9706250000000        -6.654811053948443E-011
   26.1843750000000        -5.157492235006629E-011
   26.3981250000000        -3.396185481891209E-011
   26.6118750000000        -1.493583535451837E-011
   26.8256250000000         4.270649057856329E-012
   27.0393750000000         2.270451122799058E-011
   27.2531250000000         3.996114956007887E-011
   27.4668750000000         5.639289447575045E-011
   27.6806250000000         7.318992500406891E-011
   27.8943750000000         9.231211656188972E-011
   28.1081250000000         1.162552074266892E-010
   28.3218750000000         1.476298247383103E-010
   28.5356250000000         1.886218910455016E-010
   28.7493750000000         2.403668524274823E-010
   28.9631250000000         3.023516663496861E-010
   29.1768750000000         3.719271817580518E-010
   29.3906250000000         4.440728472152897E-010
   29.6043750000000         5.115014613432654E-010
   29.8181250000000         5.651807735946448E-010
   30.0318750000000         5.953220455424426E-010
   30.2456250000000         5.927761807234292E-010
   30.4593750000000         5.507334298579290E-010
   30.6731250000000         4.665315669829078E-010
   30.8868750000000         3.433038927569814E-010
   31.1006250000000         1.911427247548063E-010
   31.3143750000000         2.746448027064825E-011
   31.5281250000000        -1.237083485470731E-010
   31.7418750000000        -2.337249624495137E-010
   31.9556250000000        -2.725618892566656E-010
   32.1693750000000        -2.131661873862320E-010
   32.3831250000000        -3.647799606637227E-011
   32.5968750000000         2.634994723782460E-010
   32.8106250000000         6.753858552906005E-010
   33.0243750000000         1.167735184202731E-009
   33.2381250000000         1.688792933836108E-009
   33.4518750000000         2.169360518070586E-009
   33.6656250000000         2.529033916948820E-009
   33.8793750000000         2.685673496973580E-009
   34.0931250000000         2.567375875460995E-009
   34.3068750000000         2.125683314695216E-009
   34.5206250000000         1.348310778792912E-009
   34.7343750000000         2.693094713003111E-010
   34.9481250000000        -1.025391542682662E-009
   35.1618750000000        -2.398914880995651E-009
   35.3756250000000        -3.672072007854886E-009
   35.5893750000000        -4.640019872821756E-009
   35.8031250000000        -5.096160188463928E-009
   36.0168750000000        -4.861219923928629E-009
   36.2306250000000        -3.814352323585471E-009
   36.4443750000000        -1.922156462205285E-009
   36.6581250000000         7.389272001157225E-010
   36.8718750000000         3.971262698144866E-009
   37.0856250000000         7.459351693726439E-009
   37.2993750000000         1.079003662186771E-008
   37.5131250000000         1.348978189483485E-008
   37.7268750000000         1.507688572369623E-008
   37.9406250000000         1.512403331137466E-008
   38.1543750000000         1.332449558773993E-008
   38.3681250000000         9.553667173462994E-009
   38.5818750000000         3.917041984292477E-009
   38.7956250000000        -3.223832823360560E-009
   39.0093750000000        -1.125417228408224E-008
   39.2231250000000        -1.934150441538116E-008
   39.4368750000000        -2.650416966111568E-008
   39.6506250000000        -3.170882446374738E-008
   39.8643750000000        -3.398873322663358E-008
   40.0781250000000        -3.257100928898504E-008
   40.2918750000000        -2.699839514539920E-008
   40.5056250000000        -1.723008854344449E-008
   40.7193750000000        -3.706931694415050E-009
   40.9331250000000         1.263108946635019E-008
   41.1468750000000         3.038269627125331E-008
   41.3606250000000         4.778054709438010E-008
   41.5743750000000         6.283937837894967E-008
   41.7881250000000         7.354624720759250E-008
   42.0018750000000         7.807631041229888E-008
   42.2156250000000         7.501337300647342E-008
   42.4293750000000         6.355218433333363E-008
   42.6431250000000         4.365951935393623E-008
   42.8568750000000         1.617359945107148E-008
   43.0706250000000        -1.717387645309329E-008
   43.2843750000000        -5.382234584663119E-008
   43.4981250000000        -9.053519968627332E-008
   43.7118750000000        -1.236342365815570E-007
   43.9256250000000        -1.493013714860017E-007
   44.1393750000000        -1.639262944347075E-007
   44.3531250000000        -1.644734384336459E-007
   44.5668750000000        -1.488380616633914E-007
   44.7806250000000        -1.161598854033481E-007
   44.9943750000000        -6.706346730429554E-008
   45.2081250000000        -3.797347187725926E-009
   45.4218750000000         6.975109308118098E-008
   45.6356250000000         1.481813410362894E-007
   45.8493750000000         2.248537853247308E-007
   46.0631250000000         2.923096920247642E-007
   46.2768750000000         3.428232426935776E-007
   46.4906250000000         3.690592551334951E-007
   46.7043750000000         3.647973314844850E-007
   46.9181250000000         3.256707350878369E-007
   47.1318750000000         2.498575664006106E-007
   47.3456250000000         1.386541375936591E-007
   47.5593750000000        -3.142450870734974E-009
   47.7731250000000        -1.671120744934373E-007
   47.9868750000000        -3.414081656500937E-007
   48.2006250000000        -5.113120729595659E-007
   48.4143750000000        -6.601562752642963E-007
   48.6281250000000        -7.705925501013222E-007
   48.8418750000000        -8.261413514999278E-007
   49.0556250000000        -8.129175467047723E-007
   49.2693750000000        -7.213898239838462E-007
   49.4831250000000        -5.480015397813387E-007
   49.6968750000000        -2.964646090030762E-007
   49.9106250000000         2.146018846945008E-008
   50.1243750000000         3.858604678242397E-007
   50.3381250000000         7.693663260903951E-007
   50.5518750000000         1.138695171949878E-006
   50.7656250000000         1.457019350889952E-006
   50.9793750000000         1.687037055472617E-006
   51.1931250000000         1.794534698785223E-006
   51.4068750000000         1.752146277487495E-006
   51.6206250000000         1.542953070757069E-006
   51.8343750000000         1.163535060800597E-006
   52.0481250000000         6.260914204164671E-007
   52.2618750000000        -4.070460500019332E-008
   52.4756250000000        -7.923611324720292E-007
   52.6893750000000        -1.570851205717657E-006
   52.9031250000000        -2.308488141386299E-006
   53.1168750000000        -2.933188702567114E-006
   53.3306250000000        -3.374756022985507E-006
   53.5443750000000        -3.571671521225210E-006
   53.7581250000000        -3.477781433674805E-006
   53.9718750000000        -3.068213745630398E-006
   54.1856250000000        -2.343875415440956E-006
   54.3993750000000        -1.333961993814797E-006
   54.6131250000000        -9.605897207473193E-008
   54.8268750000000         1.286383759764381E-006
   55.0406250000000         2.709182999078018E-006
   55.2543750000000         4.054881880824810E-006
   55.4681250000000         5.202015045147382E-006
   55.6818750000000         6.035445850462474E-006
   55.8956250000000         6.456891087579654E-006
   56.1093750000000         6.394675987292341E-006
   56.3231250000000         5.811779678415805E-006
   56.5368750000000         4.711341840635724E-006
   56.7506250000000         3.138998304553121E-006
   56.9643750000000         1.181681074378223E-006
   57.1781250000000        -1.037167407597612E-006
   57.3918750000000        -3.365684707244444E-006
   57.6056250000000        -5.634387166362549E-006
   57.8193750000000        -7.668813556064408E-006
   58.0331250000000        -9.302959854059902E-006
   58.2468750000000        -1.039235934233414E-005
   58.4606250000000        -1.082568026365548E-005
   58.6743750000000        -1.053384211556758E-005
   58.8881250000000        -9.495880263675505E-006
   59.1018750000000        -7.741094872995689E-006
   59.3156250000000        -5.347373149615985E-006
   59.5293750000000        -2.435936541527645E-006
   59.7431250000000         8.369023155654784E-007
   59.9568750000000         4.290121749517135E-006
   60.1706250000000         7.729492174868511E-006
   60.3843750000000         1.095912541053212E-005
   60.5981250000000         1.379207644871938E-005
   60.8118750000000         1.605919606382689E-005
   61.0256250000000         1.761572365370421E-005
   61.2393750000000         1.834546309636715E-005
   61.4531250000000         1.816275504881652E-005
   61.6668750000000         1.701279683178132E-005
   61.8806250000000         1.487111619868928E-005
   62.0943750000000         1.174313433460252E-005
   62.3081250000000         7.664725836126005E-006
   62.5218750000000         2.704486159081118E-006
   62.7356250000000        -3.031941596171194E-006
   62.9493750000000        -9.395617334905642E-006
   63.1631250000000        -1.618683463414535E-005
   63.3768750000000        -2.314770613383982E-005
   63.5906250000000        -2.995657447973793E-005
   63.8043750000000        -3.622635502167257E-005
   64.0181250000000        -4.150901365688056E-005
   64.2318750000000        -4.530818311628772E-005
   64.4456250000000        -4.710139263123907E-005
   64.6593750000000        -4.637253440153003E-005
   64.8731250000000        -4.265406147671687E-005
   65.0868750000000        -3.557709281063049E-005
   65.3006250000000        -2.492621664390211E-005
   65.5143750000000        -1.069448511669282E-005
   65.7281250000000         6.866952554145751E-006
   65.9418750000000         2.721076064191195E-005
   66.1556250000000         4.947312616861857E-005
   66.3693750000000         7.247693747171240E-005
   66.5831250000000         9.476281966795479E-005
   66.7968750000000         1.146504614495496E-004
   67.0106250000000         1.303301493684837E-004
   67.2243750000000         1.399815224654351E-004
   67.4381250000000         1.419135156360599E-004
   67.6518750000000         1.347165650975043E-004
   67.8656250000000         1.174157140779968E-004
   68.0793750000000         8.961158184610498E-005
   68.2931250000000         5.159550187793323E-005
   68.5068750000000         4.425678372409305E-006
   68.7206250000000        -5.004696326018862E-005
   68.9343750000000        -1.092114843650325E-004
   69.1481250000000        -1.697922985523306E-004
   69.3618750000000        -2.280063454954054E-004
   69.5756250000000        -2.797758705641815E-004
   69.7893750000000        -3.209853131990491E-004
   70.0031250000000        -3.477660674692609E-004
   70.2168750000000        -3.567891766009304E-004
   70.4306250000000        -3.455437791926729E-004
   70.6443750000000        -3.125786498371736E-004
   70.8581250000000        -2.576856354650597E-004
   71.0718750000000        -1.820071735584419E-004
   71.2856250000000        -8.805519989006787E-005
   71.4993750000000         2.036475179151049E-005
   71.7131250000000         1.383231000078344E-004
   71.9268750000000         2.600206594319327E-004
   72.1406250000000         3.791120524323140E-004
   72.3543750000000         4.890760817949156E-004
   72.5681250000000         5.836066531741524E-004
   72.7818750000000         6.569955593758564E-004
   72.9956250000000         7.044785608935081E-004
   73.2093750000000         7.225187740122086E-004
   73.4231250000000         7.090062372288835E-004
   73.6368750000000         6.633592788751748E-004
   73.8506250000000         5.865213768704520E-004
   74.0643750000000         4.808558722347863E-004
   74.2781250000000         3.499493870681480E-004
   74.4918750000000         1.983423238362970E-004
   74.7056250000000         3.121068340447102E-005
   74.9193750000000        -1.459729199018060E-004
   75.1331250000000        -3.277700963018384E-004
   75.3468750000000        -5.090720258645894E-004
   75.5606250000000        -6.853360955755391E-004
   75.7743750000000        -8.527468730956177E-004
   75.9881250000000        -1.008292247100935E-003
   76.2018750000000        -1.149754114693607E-003
   76.4156250000000        -1.275621474330961E-003
   76.6293750000000        -1.384941352281308E-003
   76.8431250000000        -1.477128902695038E-003
   77.0568750000000        -1.551761688639415E-003
   77.2706250000000        -1.608384209256010E-003
   77.4843750000000        -1.646347083436877E-003
   77.6981250000000        -1.664701103922283E-003
   77.9118750000000        -1.662160067685933E-003
   78.1256250000000        -1.637138516513284E-003
   78.3393750000000        -1.587862087287824E-003
   78.5531250000000        -1.512539948363881E-003
   78.7668750000000        -1.409581644719662E-003
   78.9806250000000        -1.277835343669851E-003
   79.1943750000000        -1.116821535729908E-003
   79.4081250000000        -9.269360290701720E-004
   79.6218750000000        -7.095986295665366E-004
   79.8356250000000        -4.673289831545915E-004
   80.0493750000000        -2.037381700748214E-004
   80.2631250000000         7.656693698397194E-005
   80.4768750000000         3.681606690086253E-004
   80.6906250000000         6.650426297295110E-004
   80.9043750000000         9.609275076035678E-004
   81.1181250000000         1.249554354029788E-003
   81.3318750000000         1.524986751066125E-003
   81.5456250000000         1.781875918102027E-003
   81.7593750000000         2.015662342964967E-003
   81.9731250000000         2.222697655074332E-003
   82.1868750000000         2.400276603799690E-003
   82.4006250000000         2.546578368794412E-003
   82.6143750000000         2.660526080012163E-003
   82.8281250000000         2.741582388764335E-003
   83.0418750000000         2.789506285187842E-003
   83.2556250000000         2.804101323343523E-003
   83.4693750000000         2.784987435177516E-003
   83.6831250000000         2.731427308959684E-003
   83.8968750000000         2.642233903430718E-003
   84.1106250000000         2.515778399815922E-003
   84.3243750000000         2.350108372550534E-003
   84.5381250000000         2.143175021206954E-003
   84.7518750000000         1.893156933586582E-003
   84.9656250000000         1.598857083878131E-003
   85.1793750000000         1.260140615299763E-003
   85.3931250000000         8.783742922049719E-004
   85.6068750000000         4.568250060977983E-004
   85.8206250000000         9.747924028125500E-007
   86.0343750000000        -4.812864318837695E-004
   86.2481250000000        -9.796219680106698E-004
   86.4618750000000        -1.481384618981318E-003
   86.6756250000000        -1.971937059813820E-003
   86.8893750000000        -2.435151464938044E-003
   87.1031250000000        -2.854069595840976E-003
   87.3168750000000        -3.211691434446816E-003
   87.5306250000000        -3.491849206335314E-003
   87.7443750000000        -3.680115161917940E-003
   87.9581250000000        -3.764686455567884E-003
   88.1718750000000        -3.737189308377777E-003
   88.3856250000000        -3.593347497235142E-003
   88.5993750000000        -3.333466924264215E-003
   88.8131250000000        -2.962698148099787E-003
   89.0268750000000        -2.491051619904976E-003
   89.2406250000000        -1.933155088731736E-003
   89.4543750000000        -1.307758225200943E-003
   89.6681250000000        -6.370049123288702E-004
   89.8818750000000         5.449215284472693E-005
   90.0956250000000         7.407278337458350E-004
   90.3093750000000         1.395476005400860E-003
   90.5231250000000         1.993494424527155E-003
   90.7368750000000         2.511699331434539E-003
   90.9506250000000         2.930247840075919E-003
   91.1643750000000         3.233471482781759E-003
   91.3781250000000         3.410612723669382E-003
   91.5918750000000         3.456327227074370E-003
   91.8056250000000         3.370927422801263E-003
   92.0193750000000         3.160356637563020E-003
   92.2331250000000         2.835896941485344E-003
   92.4468750000000         2.413627118745802E-003
   92.6606250000000         1.913659137190112E-003
   92.8743750000000         1.359191620135143E-003
   93.0881250000000         7.754267247278568E-004
   93.3018750000000         1.884022735326924E-004
   93.5156250000000        -3.762061120435611E-004
   93.7293750000000        -8.942577183163820E-004
   93.9431250000000        -1.344241060855137E-003
   94.1568750000000        -1.708240651522546E-003
   94.3706250000000        -1.972732958439259E-003
   94.5843750000000        -2.129175806757013E-003
   94.7981250000000        -2.174364273389989E-003
   95.0118750000000        -2.110535964986843E-003
   95.2256250000000        -1.945219161578821E-003
   95.4393750000000        -1.690828373730220E-003
   95.6531250000000        -1.364023085476655E-003
   95.8668750000000        -9.848564823043342E-004
   96.0806250000000        -5.757513807987514E-004
   96.2943750000000        -1.603499162480432E-004
   96.5081250000000         2.377087079116043E-004
   96.7218750000000         5.960224825210251E-004
   96.9356250000000         8.946099576464958E-004
   97.1493750000000         1.116979900289897E-003
   97.3631250000000         1.251027934117860E-003
   97.5768750000000         1.289707883143583E-003
   97.7906250000000         1.231436012483289E-003
   98.0043750000000         1.080199912491159E-003
   98.2181250000000         8.453597813959489E-004
   98.4318750000000         5.411474475115354E-004
   98.6456250000000         1.858865501610294E-004
   98.8593750000000        -1.990253496101833E-004
   99.0731250000000        -5.903165892255241E-004
   99.2868750000000        -9.641548212470331E-004
   99.5006250000000        -1.297497680386939E-003
   99.7143750000000        -1.569401256117133E-003
   99.9281250000000        -1.762209107549659E-003
   100.141875000000        -1.862551971845817E-003
   100.355625000000        -1.862100490012534E-003
   100.569375000000        -1.758029329111936E-003
   100.783125000000        -1.553169808965697E-003
   100.996875000000        -1.255848105486559E-003
   101.210625000000        -8.794257613003354E-004
   101.424375000000        -4.415770865053933E-004
   101.638125000000         3.664724274466381E-005
   101.851875000000         5.319105000780490E-004
   102.065625000000         1.019768436271699E-003
   102.279375000000         1.475869434671897E-003
   102.493125000000         1.877113477879091E-003
   102.706875000000         2.202714820585987E-003
   102.920625000000         2.435123888721278E-003
   103.134375000000         2.560776224263822E-003
   103.348125000000         2.570648963108515E-003
   103.561875000000         2.460617147091872E-003
   103.775625000000         2.231612127063841E-003
   103.989375000000         1.889591735780200E-003
   104.203125000000         1.445336518569579E-003
   104.416875000000         9.140882428626943E-004
   104.630625000000         3.150466846709690E-004
   104.844375000000        -3.292608689843313E-004
   105.058125000000        -9.937248592324604E-004
   105.271875000000        -1.651502099450558E-003
   105.485625000000        -2.274956100354679E-003
   105.699375000000        -2.836674740880050E-003
   105.913125000000        -3.310545868673867E-003
   106.126875000000        -3.672864071871932E-003
   106.340625000000        -3.903432933662222E-003
   106.554375000000        -3.986617650434208E-003
   106.768125000000        -3.912294354752780E-003
   106.981875000000        -3.676636372740509E-003
   107.195625000000        -3.282675452110815E-003
   107.409375000000        -2.740578963039560E-003
   107.623125000000        -2.067593000809957E-003
   107.836875000000        -1.287616415608320E-003
   108.050625000000        -4.303915816586386E-004
   108.264375000000         4.696769949344381E-004
   108.478125000000         1.375037183254015E-003
   108.691875000000         2.246769549242278E-003
   108.905625000000         3.046540285272428E-003
   109.119375000000         3.738612678202407E-003
   109.333125000000         4.291789679792884E-003
   109.546875000000         4.681156199787076E-003
   109.760625000000         4.889496381071535E-003
   109.974375000000         4.908278550684916E-003
   110.188125000000         4.738127948037970E-003
   110.401875000000         4.388742870452390E-003
   110.615625000000         3.878250807514140E-003
   110.829375000000         3.232044049174760E-003
   111.043125000000         2.481175369751926E-003
   111.256875000000         1.660429925804631E-003
   111.470625000000         8.062160425689325E-004
   111.684375000000        -4.556759241135157E-005
   111.898125000000        -8.615293333888765E-004
   112.111875000000        -1.612499926979244E-003
   112.325625000000        -2.274844466761330E-003
   112.539375000000        -2.831285765040966E-003
   112.753125000000        -3.271197748584040E-003
   112.966875000000        -3.590374908277469E-003
   113.180625000000        -3.790330452908521E-003
   113.394375000000        -3.877217208720341E-003
   113.608125000000        -3.860497487035971E-003
   113.821875000000        -3.751507976425288E-003
   114.035625000000        -3.562071237822345E-003
   114.249375000000        -3.303296006992161E-003
   114.463125000000        -2.984685112338680E-003
   114.676875000000        -2.613634659060586E-003
   114.890625000000        -2.195364653030681E-003
   115.104375000000        -1.733273728208981E-003
   115.318125000000        -1.229663819293070E-003
   115.531875000000        -6.867391729372166E-004
   115.745625000000        -1.077522058417058E-004
   115.959375000000         5.018503282253038E-004
   116.173125000000         1.133431573621899E-003
   116.386875000000         1.774458635884124E-003
   116.600625000000         2.408200080027619E-003
   116.814375000000         3.013902473719712E-003
   117.028125000000         3.567474963935149E-003
   117.241875000000         4.042660048811626E-003
   117.455625000000         4.412618527823159E-003
   117.669375000000         4.651811908275035E-003
   117.883125000000         4.738030650645592E-003
   118.096875000000         4.654394984065928E-003
   118.310625000000         4.391148827660805E-003
   118.524375000000         3.947077396758859E-003
   118.738125000000         3.330404642178052E-003
   118.951875000000         2.559065630516518E-003
   119.165625000000         1.660297970156159E-003
   119.379375000000         6.695511656346788E-004
   119.593125000000        -3.712314219799995E-004
   119.806875000000        -1.415851356727338E-003
   120.020625000000        -2.416464322282407E-003
   120.234375000000        -3.326377741839500E-003
   120.448125000000        -4.102837843788519E-003
   120.661875000000        -4.709606225725052E-003
   120.875625000000        -5.119140996991878E-003
   121.089375000000        -5.314227216330260E-003
   121.303125000000        -5.288942989245283E-003
   121.516875000000        -5.048897690917307E-003
   121.730625000000        -4.610733143409791E-003
   121.944375000000        -4.000932747303862E-003
   122.158125000000        -3.254033218749699E-003
   122.371875000000        -2.410374869382261E-003
   122.585625000000        -1.513556239735242E-003
   122.799375000000        -6.077753321302200E-004
   123.013125000000         2.647581777292549E-004
   123.226875000000         1.066167213776381E-003
   123.440625000000         1.764859892826656E-003
   123.654375000000         2.336976774088831E-003
   123.868125000000         2.767260610282483E-003
   124.081875000000         3.049321417100475E-003
   124.295625000000         3.185314448894949E-003
   124.509375000000         3.185089771282477E-003
   124.723125000000         3.064906558952750E-003
   124.936875000000         2.845830717975331E-003
   125.150625000000         2.551949483551577E-003
   125.364375000000         2.208540745219816E-003
   125.578125000000         1.840328381396386E-003
   125.791875000000         1.469939046609662E-003
   126.005625000000         1.116652520481444E-003
   126.219375000000         7.955092382870498E-004
   126.433125000000         5.168075602945601E-004
   126.646875000000         2.859922896184908E-004
   126.860625000000         1.039072957074377E-004
   127.074375000000        -3.263916723469072E-005
   127.288125000000        -1.300662724168446E-004
   127.501875000000        -1.970510781137391E-004
   127.715625000000        -2.434838481366729E-004
   127.929375000000        -2.794324761634246E-004
   128.143125000000        -3.141923921846899E-004
   128.356875000000        -3.554857345818202E-004
   128.570625000000        -4.088576257106858E-004
   128.784375000000        -4.772995576548355E-004
   128.998125000000        -5.611116010811933E-004
   129.211875000000        -6.579976681743861E-004
   129.425625000000        -7.633724417467748E-004
   129.639375000000        -8.708456135499546E-004
   129.853125000000        -9.728392671118555E-004
   130.066875000000        -1.061287848085432E-003
   130.280625000000        -1.128367219435554E-003
   130.494375000000        -1.167199654113101E-003
   130.708125000000        -1.172484999149302E-003
   130.921875000000        -1.141014287717208E-003
   131.135625000000        -1.072030357634020E-003
   131.349375000000        -9.674100931133988E-004
   131.563125000000        -8.316542459564581E-004
   131.776875000000        -6.716828831456867E-004
   131.990625000000        -4.964467843852641E-004
   132.204375000000        -3.163769738495382E-004
   132.418125000000        -1.427053874933750E-004
   132.631875000000         1.330118232563610E-005
   132.845625000000         1.411448629414237E-004
   133.059375000000         2.318851463084948E-004
   133.273125000000         2.788581153905598E-004
   133.486875000000         2.782751721603088E-004
   133.700625000000         2.296560474718454E-004
   133.914375000000         1.360601494326349E-004
   134.128125000000         4.092311625810959E-006
   134.341875000000        -1.563269839886104E-004
   134.555625000000        -3.324217190304599E-004
   134.769375000000        -5.092304029588940E-004
   134.983125000000        -6.704515000329730E-004
   135.196875000000        -7.994174144893363E-004
   135.410625000000        -8.801408714207454E-004
   135.624375000000        -8.983716784071885E-004
   135.838125000000        -8.425998859844445E-004
   136.051875000000        -7.049433701326056E-004
   136.265625000000        -4.818636354625324E-004
   136.479375000000        -1.746627276178836E-004
   136.693125000000         2.102741068554299E-004
   136.906875000000         6.615117461319297E-004
   137.120625000000         1.162881561101578E-003
   137.334375000000         1.694072971203778E-003
   137.548125000000         2.231477921896362E-003
   137.761875000000         2.749252728675851E-003
   137.975625000000         3.220550063325358E-003
   138.189375000000         3.618864188367701E-003
   138.403125000000         3.919425162410707E-003
   138.616875000000         4.100572870395486E-003
   138.830625000000         4.145039579377776E-003
   139.044375000000         4.041070478412436E-003
   139.258125000000         3.783315525347968E-003
   139.471875000000         3.373433069397430E-003
   139.685625000000         2.820356262515365E-003
   139.899375000000         2.140187212465639E-003
   140.113125000000         1.355700978967502E-003
   140.326875000000         4.954614338655263E-004
   140.540625000000        -4.074270383571501E-004
   140.754375000000        -1.316885085593607E-003
   140.968125000000        -2.195671695324379E-003
   141.181875000000        -3.007355165520981E-003
   141.395625000000        -3.718334690586984E-003
   141.609375000000        -4.299793919859959E-003
   141.823125000000        -4.729463110164395E-003
   142.036875000000        -4.993069751020866E-003
   142.250625000000        -5.085369397896627E-003
   142.464375000000        -5.010668857136522E-003
   142.678125000000        -4.782782049573891E-003
   142.891875000000        -4.424393330644758E-003
   143.105625000000        -3.965841593856651E-003
   143.319375000000        -3.443378445879652E-003
   143.533125000000        -2.896992119139051E-003
   143.746875000000        -2.367922527760858E-003
   143.960625000000        -1.896019135517768E-003
   144.174375000000        -1.517109731542313E-003
   144.388125000000        -1.260553153119087E-003
   144.601875000000        -1.147141690813383E-003
   144.815625000000        -1.187499570416725E-003
   145.029375000000        -1.381093718852519E-003
   145.243125000000        -1.715934068985691E-003
   145.456875000000        -2.168995743675997E-003
   145.670625000000        -2.707347870169559E-003
   145.884375000000        -3.289927006205960E-003
   146.098125000000        -3.869850616031851E-003
   146.311875000000        -4.397130758699754E-003
   146.525625000000        -4.821622575191828E-003
   146.739375000000        -5.096027931804211E-003
   146.953125000000        -5.178772448268865E-003
   147.166875000000        -5.036583947889693E-003
   147.380625000000        -4.646621087232553E-003
   147.594375000000        -3.998030787588190E-003
   147.808125000000        -3.092849765358823E-003
   148.021875000000        -1.946206250776267E-003
   148.235625000000        -5.858200624278513E-004
   148.449375000000         9.491601880979488E-004
   148.663125000000         2.609907344477890E-003
   148.876875000000         4.340147388148584E-003
   149.090625000000         6.078743527504806E-003
   149.304375000000         7.762489216397946E-003
   149.518125000000         9.328961098789831E-003
   149.731875000000         1.071928606420796E-002
   149.945625000000         1.188068777292874E-002
   150.159375000000         1.276869601234640E-002
   150.373125000000         1.334892558957422E-002
   150.586875000000         1.359835844696930E-002
   150.800625000000         1.350609150345165E-002
   151.014375000000         1.307354158605355E-002
   151.228125000000         1.231412605394538E-002
   151.441875000000         1.125246187788173E-002
   151.655625000000         9.923145862745654E-003
   151.869375000000         8.369193584588024E-003
   152.083125000000         6.640224040263530E-003
   152.296875000000         4.790480959135056E-003
   152.510625000000         2.876780560990846E-003
   152.724375000000         9.564699496325087E-004
   152.938125000000        -9.145287521379916E-004
   153.151875000000        -2.683524895157709E-003
   153.365625000000        -4.302665512343340E-003
   153.579375000000        -5.730303210766769E-003
   153.793125000000        -6.932099836608360E-003
   154.006875000000        -7.881850694911634E-003
   154.220625000000        -8.562022999748529E-003
   154.434375000000        -8.964009270662373E-003
   154.648125000000        -9.088101815043733E-003
   154.861875000000        -8.943198709383435E-003
   155.075625000000        -8.546255416182515E-003
   155.289375000000        -7.921499972487546E-003
   155.503125000000        -7.099434090255952E-003
   155.716875000000        -6.115647848280313E-003
   155.930625000000        -5.009481981263924E-003
   156.144375000000        -3.822578816560442E-003
   156.358125000000        -2.597370096142383E-003
   156.571875000000        -1.375556419487868E-003
   156.785625000000        -1.966378697401097E-004
   156.999375000000         9.034424614598430E-004
   157.213125000000         1.893481726691313E-003
   157.426875000000         2.747972561711041E-003
   157.640625000000         3.447785390436495E-003
   157.854375000000         3.980546809605023E-003
   158.068125000000         4.340700288466762E-003
   158.281875000000         4.529254698891710E-003
   158.495625000000         4.553245946832199E-003
   158.709375000000         4.424955429198095E-003
   158.923125000000         4.160944409992512E-003
   159.136875000000         3.780974119320211E-003
   159.350625000000         3.306886251695821E-003
   159.564375000000         2.761516958359019E-003
   159.778125000000         2.167709434759326E-003
   159.991875000000         1.547476531187115E-003
   160.205625000000         9.213468300586246E-004
   160.419375000000         3.079072141838344E-004
   160.633125000000        -2.764657148862551E-004
   160.846875000000        -8.177116576930487E-004
   161.060625000000        -1.304070918621925E-003
   161.274375000000        -1.725996635931846E-003
   161.488125000000        -2.076046626905823E-003
   161.701875000000        -2.348801558113702E-003
   161.915625000000        -2.540844727786255E-003
   162.129375000000        -2.650822228050378E-003
   162.343125000000        -2.679582635644962E-003
   162.556875000000        -2.630375092280121E-003
   162.770625000000        -2.509066278833265E-003
   162.984375000000        -2.324322831434549E-003
   163.198125000000        -2.087698244574616E-003
   163.411875000000        -1.813563639592685E-003
   163.625625000000        -1.518830476079582E-003
   163.839375000000        -1.222429932534317E-003
   164.053125000000        -9.445369273162210E-004
   164.266875000000        -7.055544135442340E-004
   164.480625000000        -5.249028674621817E-004
   164.694375000000        -4.196876670035026E-004
   164.908125000000        -4.033401821098185E-004
   165.121875000000        -4.843440503715686E-004
   165.335625000000        -6.651641033129769E-004
   165.549375000000        -9.414904373618150E-004
   165.763125000000        -1.301893937189022E-003
   165.976875000000        -1.727963016599509E-003
   166.190625000000        -2.194956363655625E-003
   166.404375000000        -2.672965883292290E-003
   166.618125000000        -3.128541292685585E-003
   166.831875000000        -3.526686740444260E-003
   167.045625000000        -3.833104159719016E-003
   167.259375000000        -4.016531208772133E-003
   167.473125000000        -4.051006269667248E-003
   167.686875000000        -3.917890764750491E-003
   167.900625000000        -3.607490571575349E-003
   168.114375000000        -3.120142931740019E-003
   168.328125000000        -2.466671171051740E-003
   168.541875000000        -1.668154001914087E-003
   168.755625000000        -7.550056432882720E-004
   168.969375000000         2.345864822216167E-004
   169.183125000000         1.256772166968149E-003
   169.396875000000         2.264561847012056E-003
   169.610625000000         3.210597076070944E-003
   169.824375000000         4.049983506758189E-003
   170.038125000000         4.742996880266328E-003
   170.251875000000         5.257481394082385E-003
   170.465625000000         5.570781637755316E-003
   170.679375000000         5.671082192310844E-003
   170.893125000000         5.558070308359194E-003
   171.106875000000         5.242883581762346E-003
   171.320625000000         4.747352725024120E-003
   171.534375000000         4.102595889374162E-003
   171.748125000000         3.347062311432560E-003
   171.961875000000         2.524156640251457E-003
   172.175625000000         1.679599139377522E-003
   172.389375000000         8.586898510399340E-004
   172.603125000000         1.036463924132200E-004
   172.816875000000        -5.488242272536889E-004
   173.030625000000        -1.069578362782865E-003
   173.244375000000        -1.438598602862729E-003
   173.458125000000        -1.645985060135004E-003
   173.671875000000        -1.692329612061100E-003
   173.885625000000        -1.588464907222835E-003
   174.099375000000        -1.354616028454563E-003
   174.313125000000        -1.019015574327821E-003
   174.526875000000        -6.160709505848616E-004
   174.740625000000        -1.841946486208952E-004
   174.954375000000         2.365765298169713E-004
   175.168125000000         6.070392890226065E-004
   175.381875000000         8.912236956584232E-004
   175.595625000000         1.058605759620910E-003
   175.809375000000         1.086015137942551E-003
   176.023125000000         9.591372736104189E-004
   176.236875000000         6.735304480297109E-004
   176.450625000000         2.351026354832136E-004
   176.664375000000        -3.399803375212137E-004
   176.878125000000        -1.025956049616005E-003
   177.091875000000        -1.788668984613915E-003
   177.305625000000        -2.587262122820551E-003
   177.519375000000        -3.376277450252472E-003
   177.733125000000        -4.108064180500864E-003
   177.946875000000        -4.735375460580501E-003
   178.160625000000        -5.214021292875017E-003
   178.374375000000        -5.505438237212950E-003
   178.588125000000        -5.579035897976217E-003
   178.801875000000        -5.414186765306466E-003
   179.015625000000        -5.001739879021203E-003
   179.229375000000        -4.344959853152907E-003
   179.443125000000        -3.459820435252963E-003
   179.656875000000        -2.374614903684869E-003
   179.870625000000        -1.128882685424432E-003
   180.084375000000         2.283093590212538E-004
   180.298125000000         1.640653784324326E-003
   180.511875000000         3.047344392972738E-003
   180.725625000000         4.386129266212142E-003
   180.939375000000         5.596508223146722E-003
   181.153125000000         6.622894562053647E-003
   181.366875000000         7.417558557256797E-003
   181.580625000000         7.943179456807888E-003
   181.794375000000         8.174853472962221E-003
   182.008125000000         8.101436427906183E-003
   182.221875000000         7.726139423920224E-003
   182.435625000000         7.066341542555796E-003
   182.649375000000         6.152632001127917E-003
   182.863125000000         5.027141977952562E-003
   183.076875000000         3.741270024007302E-003
   183.290625000000         2.352941453653752E-003
   183.504375000000         9.235687512823504E-004
   183.718125000000        -4.851049762717705E-004
   183.931875000000        -1.814095013137292E-003
   184.145625000000        -3.010021978079502E-003
   184.359375000000        -4.027563420639427E-003
   184.573125000000        -4.831387379980063E-003
   184.786875000000        -5.397482488299686E-003
   185.000625000000        -5.713840091557659E-003
   185.214375000000        -5.780485177234238E-003
   185.428125000000        -5.608891609775539E-003
   185.641875000000        -5.220850671522968E-003
   185.855625000000        -4.646888215212855E-003
   186.069375000000        -3.924343645046352E-003
   186.283125000000        -3.095233062945534E-003
   186.496875000000        -2.204019626608744E-003
   186.710625000000        -1.295407505392418E-003
   186.924375000000        -4.122633081654283E-004
   187.138125000000         4.062477230036736E-004
   187.351875000000         1.126242283632456E-003
   187.565625000000         1.720367280895106E-003
   187.779375000000         2.168685409170911E-003
   187.993125000000         2.459184629907825E-003
   188.206875000000         2.587913061329170E-003
   188.420625000000         2.558753557680954E-003
   188.634375000000         2.382863197274340E-003
   188.848125000000         2.077812477866289E-003
   189.061875000000         1.666467730371957E-003
   189.275625000000         1.175668465487763E-003
   189.489375000000         6.347591623776034E-004
   189.703125000000         7.404216148290508E-005
   189.916875000000        -4.767757378956034E-004
   190.130625000000        -9.900665064596804E-004
   190.344375000000        -1.441616692389311E-003
   190.558125000000        -1.811741885503249E-003
   190.771875000000        -2.086114170672174E-003
   190.985625000000        -2.256250529435697E-003
   191.199375000000        -2.319629057424332E-003
   191.413125000000        -2.279423332588846E-003
   191.626875000000        -2.143871917867194E-003
   191.840625000000        -1.925327843791928E-003
   192.054375000000        -1.639059584266261E-003
   192.268125000000        -1.301897890043296E-003
   192.481875000000        -9.308393201480765E-004
   192.695625000000        -5.417252143412329E-004
   192.909375000000        -1.481126307992555E-004
   193.123125000000         2.395592300579480E-004
   193.336875000000         6.144270024076645E-004
   193.550625000000         9.732377572680770E-004
   193.764375000000         1.315951222570184E-003
   193.978125000000         1.644942469533392E-003
   194.191875000000         1.963878969161821E-003
   194.405625000000         2.276382109573655E-003
   194.619375000000         2.584610750617279E-003
   194.833125000000         2.887919988933999E-003
   195.046875000000         3.181749835904064E-003
   195.260625000000         3.456885077787048E-003
   195.474375000000         3.699199733493782E-003
   195.688125000000         3.889959236204072E-003
   195.901875000000         4.006704027999263E-003
   196.115625000000         4.024683979527499E-003
   196.329375000000         3.918758860639988E-003
   196.543125000000         3.665631077359641E-003
   196.756875000000         3.246237795097287E-003
   196.970625000000         2.648104310337476E-003
   197.184375000000         1.867451822385913E-003
   197.398125000000         9.108618099773540E-004
   197.611875000000        -2.036743712797996E-004
   197.825625000000        -1.446450282559089E-003
   198.039375000000        -2.776559463955105E-003
   198.253125000000        -4.143245416380757E-003
   198.466875000000        -5.488037551111633E-003
   198.680625000000        -6.747563445026953E-003
   198.894375000000        -7.856874861205005E-003
   199.108125000000        -8.753084110183468E-003
   199.321875000000        -9.379081472740042E-003
   199.535625000000        -9.687095264758489E-003
   199.749375000000        -9.641863947752646E-003
   199.963125000000        -9.223213351066354E-003
   200.176875000000        -8.427869266237684E-003
   200.390625000000        -7.270383201161947E-003
   200.604375000000        -5.783103198867843E-003
   200.818125000000        -4.015178417643683E-003
   201.031875000000        -2.030641888184288E-003
   201.245625000000         9.433278743547244E-005
   201.459375000000         2.274860702845941E-003
   201.673125000000         4.421285392172403E-003
   201.886875000000         6.443428264299908E-003
   202.100625000000         8.254932232559718E-003
   202.314375000000         9.777479896084523E-003
   202.528125000000         1.094467261412175E-002
   202.741875000000         1.170537227435494E-002
   202.955625000000         1.202633169895878E-002
   203.169375000000         1.189397158907277E-002
   203.383125000000         1.131520072705659E-002
   203.596875000000         1.031722074192958E-002
   203.810625000000         8.946305767150855E-003
   204.024375000000         7.265599115546621E-003
   204.238125000000         5.352021586081552E-003
   204.451875000000         3.292436688078213E-003
   204.665625000000         1.179264026406325E-003
   204.879375000000        -8.942297963543632E-004
   205.093125000000        -2.838706279131564E-003
   205.306875000000        -4.573326354810493E-003
   205.520625000000        -6.029850968658918E-003
   205.734375000000        -7.156024036248811E-003
   205.948125000000        -7.918028412660365E-003
   206.161875000000        -8.301858998692747E-003
   206.375625000000        -8.313523747997889E-003
   206.589375000000        -7.978058905438569E-003
   206.803125000000        -7.337423987188196E-003
   207.016875000000        -6.447418804664902E-003
   207.230625000000        -5.373833068119158E-003
   207.444375000000        -4.188093022988269E-003
   207.658125000000        -2.962704400820532E-003
   207.871875000000        -1.766803425314050E-003
   208.085625000000        -6.621162896658215E-004
   208.299375000000         3.004069326292417E-004
   208.513125000000         1.083072849987499E-003
   208.726875000000         1.662899419654698E-003
   208.940625000000         2.031984940109335E-003
   209.154375000000         2.196815178091783E-003
   209.368125000000         2.176611943612121E-003
   209.581875000000         2.000895220740531E-003
   209.795625000000         1.706483505445800E-003
   210.009375000000         1.334189346711602E-003
   210.223125000000         9.254772192660560E-004
   210.436875000000         5.193388307531473E-004
   210.650625000000         1.496088311867533E-004
   210.864375000000        -1.571045858049808E-004
   211.078125000000        -3.827594761319815E-004
   211.291875000000        -5.184409119922753E-004
   211.505625000000        -5.641581911562509E-004
   211.719375000000        -5.279529553401262E-004
   211.933125000000        -4.244412262557022E-004
   212.146875000000        -2.729471812574971E-004
   212.360625000000        -9.540580070373239E-005
   212.574375000000         8.578491191762772E-005
   212.788125000000         2.497924298705776E-004
   213.001875000000         3.791124313665114E-004
   213.215625000000         4.609515441548321E-004
   213.429375000000         4.881536570827968E-004
   213.643125000000         4.596329792299654E-004
   213.856875000000         3.803152213854867E-004
   214.070625000000         2.606223087225136E-004
   214.284375000000         1.155639312572429E-004
   214.498125000000        -3.648016357979096E-005
   214.711875000000        -1.751903177778517E-004
   214.925625000000        -2.798472149245574E-004
   215.139375000000        -3.308809963519151E-004
   215.353125000000        -3.113345933328282E-004
   215.566875000000        -2.081574800716665E-004
   215.780625000000        -1.325994358797263E-005
   215.994375000000         2.757261896447974E-004
   216.208125000000         6.550175260478959E-004
   216.421875000000         1.114599652402676E-003
   216.635625000000         1.638500987637485E-003
   216.849375000000         2.205406042553180E-003
   217.063125000000         2.789578423194714E-003
   217.276875000000         3.362049351874207E-003
   217.490625000000         3.892014529848982E-003
   217.704375000000         4.348371309006917E-003
   217.918125000000         4.701319921473842E-003
   218.131875000000         4.923947503382752E-003
   218.345625000000         4.993712368136177E-003
   218.559375000000         4.893748843996764E-003
   218.773125000000         4.613920203423452E-003
   218.986875000000         4.151558728907579E-003
   219.200625000000         3.511847425166062E-003
   219.414375000000         2.707816619978830E-003
   219.628125000000         1.759949707164717E-003
   219.841875000000         6.954143297410322E-004
   220.055625000000        -4.530430416338025E-004
   220.269375000000        -1.648481400856268E-003
   220.483125000000        -2.851354171983374E-003
   220.696875000000        -4.021216763602729E-003
   220.910625000000        -5.118460276533398E-003
   221.124375000000        -6.105978678228952E-003
   221.338125000000        -6.950682698589305E-003
   221.551875000000        -7.624785426861545E-003
   221.765625000000        -8.106801199338180E-003
   221.979375000000        -8.382219533637341E-003
   222.193125000000        -8.443837932471164E-003
   222.406875000000        -8.291759509498176E-003
   222.620625000000        -7.933081730291263E-003
   222.834375000000        -7.381319428138192E-003
   223.048125000000        -6.655617305391237E-003
   223.261875000000        -5.779813514601361E-003
   223.475625000000        -4.781416371257446E-003
   223.689375000000        -3.690551158687487E-003
   223.903125000000        -2.538924330758645E-003
   224.116875000000        -1.358839691694709E-003
   224.330625000000        -1.822871677342359E-004
   224.544375000000         9.598884598610099E-004
   224.758125000000         2.038742179695113E-003
   224.971875000000         3.027916709156898E-003
   225.185625000000         3.904275483997495E-003
   225.399375000000         4.648488971953857E-003
   225.613125000000         5.245574665643062E-003
   225.826875000000         5.685379960527552E-003
   226.040625000000         5.962984678055853E-003
   226.254375000000         6.078988523775508E-003
   226.468125000000         6.039640604763392E-003
   226.681875000000         5.856765328875380E-003
   226.895625000000         5.547443043442109E-003
   227.109375000000         5.133415273905794E-003
   227.323125000000         4.640203020750253E-003
   227.536875000000         4.095950853588899E-003
   227.750625000000         3.530037155032258E-003
   227.964375000000         2.971518762267568E-003
   228.178125000000         2.447503023759380E-003
   228.391875000000         1.981558584913681E-003
   228.605625000000         1.592285188750033E-003
   228.819375000000         1.292160469565562E-003
   229.033125000000         1.086767374401570E-003
   229.246875000000         9.744800856794163E-004
   229.460625000000         9.466511312170717E-004
   229.674375000000         9.883009538558646E-004
   229.888125000000         1.079267649445271E-003
   230.101875000000         1.195733373147972E-003
   230.315625000000         1.312009471117320E-003
   230.529375000000         1.402438509471889E-003
   230.743125000000         1.443260755621678E-003
   230.956875000000         1.414296602927090E-003
   231.170625000000         1.300314605573370E-003
   231.384375000000         1.091985311803305E-003
   231.598125000000         7.863606859187428E-004
   231.811875000000         3.868633362684749E-004
   232.025625000000        -9.718573009868893E-005
   232.239375000000        -6.514322071308495E-004
   232.453125000000        -1.257646598135688E-003
   232.666875000000        -1.895055917818423E-003
   232.880625000000        -2.541723234827068E-003
   233.094375000000        -3.175856206634921E-003
   233.308125000000        -3.776944400305663E-003
   233.521875000000        -4.326652775550212E-003
   233.735625000000        -4.809431529939428E-003
   233.949375000000        -5.212836448395629E-003
   234.163125000000        -5.527584939576676E-003
   234.376875000000        -5.747397651961783E-003
   234.590625000000        -5.868691504587287E-003
   234.804375000000        -5.890195951515896E-003
   235.018125000000        -5.812560469337663E-003
   235.231875000000        -5.638009003716354E-003
   235.445625000000        -5.370078822223994E-003
   235.659375000000        -5.013459916176827E-003
   235.873125000000        -4.573929990733935E-003
   236.086875000000        -4.058362152102238E-003
   236.300625000000        -3.474769982077250E-003
   236.514375000000        -2.832349201165394E-003
   236.728125000000        -2.141476909275481E-003
   236.941875000000        -1.413637736674396E-003
   237.155625000000        -6.612594972083188E-004
   237.369375000000         1.025431780803932E-004
   237.583125000000         8.643028233395128E-004
   237.796875000000         1.610582873241978E-003
   238.010625000000         2.328374360923540E-003
   238.224375000000         3.005465734368098E-003
   238.438125000000         3.630749205529820E-003
   238.651875000000         4.194436106370241E-003
   238.865625000000         4.688167212139215E-003
   239.079375000000         5.105019869910443E-003
   239.293125000000         5.439429637858102E-003
   239.506875000000         5.687057569289864E-003
   239.720625000000         5.844643151173991E-003
   239.934375000000         5.909885726668285E-003
   240.148125000000         5.881393317735680E-003
   240.361875000000         5.758727369001154E-003
   240.575625000000         5.542556221163290E-003
   240.789375000000         5.234911030233240E-003
   241.003125000000         4.839517854957651E-003
   241.216875000000         4.362161448423849E-003
   241.430625000000         3.811022514900639E-003
   241.644375000000         3.196922998796139E-003
   241.858125000000         2.533414814551101E-003
   242.071875000000         1.836656847938112E-003
   242.285625000000         1.125042596283323E-003
   242.499375000000         4.185650166547859E-004
   242.713125000000        -2.620662914010769E-004
   242.926875000000        -8.965104655195475E-004
   243.140625000000        -1.466010091002025E-003
   243.354375000000        -1.954638985075450E-003
   243.568125000000        -2.350471772725131E-003
   243.781875000000        -2.646559168534789E-003
   243.995625000000        -2.841599585546129E-003
   244.209375000000        -2.940216091930089E-003
   244.423125000000        -2.952776838691851E-003
   244.636875000000        -2.894734764612196E-003
   244.850625000000        -2.785505545926233E-003
   245.064375000000        -2.646947565534641E-003
   245.278125000000        -2.501549896546115E-003
   245.491875000000        -2.370469674151254E-003
   245.705625000000        -2.271584897555662E-003
   245.919375000000        -2.217739560103476E-003
   246.133125000000        -2.215353060703509E-003
   246.346875000000        -2.263544480267952E-003
   246.560625000000        -2.353885402820176E-003
   246.774375000000        -2.470844938878862E-003
   246.988125000000        -2.592931284988127E-003
   247.201875000000        -2.694470474662901E-003
   247.415625000000        -2.747900624958909E-003
   247.629375000000        -2.726404884991235E-003
   247.843125000000        -2.606664064809353E-003
   248.056875000000        -2.371485313775440E-003
   248.270625000000        -2.012059593086281E-003
   248.484375000000        -1.529619617906097E-003
   248.698125000000        -9.363109423954213E-004
   248.911875000000        -2.551493034349509E-004
   249.125625000000         4.809873972717311E-004
   249.339375000000         1.231300288766178E-003
   249.553125000000         1.949826785159654E-003
   249.766875000000         2.588818578406394E-003
   249.980625000000         3.102481146433274E-003
   250.194375000000         3.450772453862582E-003
   250.408125000000         3.602940984174439E-003
   250.621875000000         3.540493740150223E-003
   250.835625000000         3.259323254116132E-003
   251.049375000000         2.770786161630387E-003
   251.263125000000         2.101609250953115E-003
   251.476875000000         1.292594851266943E-003
   251.690625000000         3.961974007267600E-004
   251.904375000000        -5.268620011945952E-004
   252.118125000000        -1.411694932181836E-003
   252.331875000000        -2.193750429124540E-003
   252.545625000000        -2.813382795791443E-003
   252.759375000000        -3.220135227913094E-003
   252.973125000000        -3.376416485373872E-003
   253.186875000000        -3.260298808433229E-003
   253.400625000000        -2.867237647453433E-003
   253.614375000000        -2.210600572896391E-003
   253.828125000000        -1.320985866924863E-003
   254.041875000000        -2.444024194234358E-004
   254.255625000000         9.605361097721788E-004
   254.469375000000         2.226184785922700E-003
   254.683125000000         3.479946124218921E-003
   254.896875000000         4.648570327597665E-003
   255.110625000000         5.662395069138782E-003
   255.324375000000         6.459265467753579E-003
   255.538125000000         6.987914478619485E-003
   255.751875000000         7.210635353208298E-003
   255.965625000000         7.105135492539924E-003
   256.179375000000         6.665519420214307E-003
   256.393125000000         5.902402940671653E-003
   256.606875000000         4.842207168511525E-003
   256.820625000000         3.525717759689419E-003
   257.034375000000         2.006020541345352E-003
   257.248125000000         3.459403346248851E-004
   257.461875000000        -1.384883374838481E-003
   257.675625000000        -3.113149988809822E-003
   257.889375000000        -4.765150617536092E-003
   258.103125000000        -6.269996344182064E-003
   258.316875000000        -7.562704848406996E-003
   258.530625000000        -8.587034892098883E-003
   258.744375000000        -9.297964659145914E-003
   258.958125000000        -9.663717118537175E-003
   259.171875000000        -9.667244741163358E-003
   259.385625000000        -9.307098540000601E-003
   259.599375000000        -8.597623864253773E-003
   259.813125000000        -7.568448522830602E-003
   260.026875000000        -6.263257757256102E-003
   260.240625000000        -4.737884543866372E-003
   260.454375000000        -3.057780971307091E-003
   260.668125000000        -1.294974494756976E-003
   260.881875000000         4.753513728302984E-004
   261.095625000000         2.178482231659497E-003
   261.309375000000         3.743812779252127E-003
   261.523125000000         5.108300645876571E-003
   261.736875000000         6.219536415806678E-003
   261.950625000000         7.038249336487811E-003
   262.164375000000         7.540098677882023E-003
   262.378125000000         7.716642651572755E-003
   262.591875000000         7.575427342016928E-003
   262.805625000000         7.139193526104091E-003
   263.019375000000         6.444255366349092E-003
   263.233125000000         5.538157474883497E-003
   263.446875000000         4.476761781398115E-003
   263.660625000000         3.320949680160216E-003
   263.874375000000         2.133145701831369E-003
   264.088125000000         9.738752006046287E-004
   264.301875000000        -1.014397955961832E-004
   264.515625000000        -1.045264266214011E-003
   264.729375000000        -1.820164352624252E-003
   264.943125000000        -2.400344707970133E-003
   265.156875000000        -2.772448701279038E-003
   265.370625000000        -2.935609658347557E-003
   265.584375000000        -2.900787962698787E-003
   265.798125000000        -2.689470498368779E-003
   266.011875000000        -2.331843077388548E-003
   266.225625000000        -1.864571378647893E-003
   266.439375000000        -1.328340562186001E-003
   266.653125000000        -7.653079619007313E-004
   266.866875000000        -2.166177019369518E-004
   267.080625000000         2.798880306966442E-004
   267.294375000000         6.916472704145402E-004
   267.508125000000         9.929580821803070E-004
   267.721875000000         1.166100292180991E-003
   267.935625000000         1.201968570803085E-003
   268.149375000000         1.100214093215540E-003
   268.363125000000         8.689170569917053E-004
   268.576875000000         5.238335712243385E-004
   268.790625000000         8.727722015343153E-005
   269.004375000000        -4.132922460148683E-004
   269.218125000000        -9.468929492529149E-004
   269.431875000000        -1.480773812845644E-003
   269.645625000000        -1.982212220762755E-003
   269.859375000000        -2.420274626004757E-003
   270.073125000000        -2.767462806044607E-003
   270.286875000000        -3.001174596576854E-003
   270.500625000000        -3.104915479567171E-003
   270.714375000000        -3.069206328263355E-003
   270.928125000000        -2.892143064286872E-003
   271.141875000000        -2.579576197897706E-003
   271.355625000000        -2.144892427910018E-003
   271.569375000000        -1.608396765270220E-003
   271.783125000000        -9.963118614882288E-004
   271.996875000000        -3.394308861418595E-004
   272.210625000000         3.285194504597053E-004
   272.424375000000         9.727295087636651E-004
   272.638125000000         1.559277247629530E-003
   272.851875000000         2.057111232191954E-003
   273.065625000000         2.439930376254003E-003
   273.279375000000         2.687843177505524E-003
   273.493125000000         2.788695506792021E-003
   273.706875000000         2.738970507945505E-003
   273.920625000000         2.544186539960744E-003
   274.134375000000         2.218748283578887E-003
   274.348125000000         1.785240364035799E-003
   274.561875000000         1.273189745125234E-003
   274.775625000000         7.173599687543060E-004
   274.989375000000         1.556741452173549E-004
   275.203125000000        -3.731083303954331E-004
   275.416875000000        -8.318164275550116E-004
   275.630625000000        -1.187238537459196E-003
   275.844375000000        -1.412285760907575E-003
   276.058125000000        -1.487804920896460E-003
   276.271875000000        -1.403920529614182E-003
   276.485625000000        -1.160815115252187E-003
   276.699375000000        -7.688936684211869E-004
   276.913125000000        -2.483178175941193E-004
   277.126875000000         3.720641780280728E-004
   277.340625000000         1.056327226352105E-003
   277.554375000000         1.763521001006351E-003
   277.768125000000         2.450038539091018E-003
   277.981875000000         3.072158527083308E-003
   278.195625000000         3.588608650437892E-003
   278.409375000000         3.962997532360442E-003
   278.623125000000         4.165972085476915E-003
   278.836875000000         4.176974720661503E-003
   279.050625000000         3.985499555943020E-003
   279.264375000000         3.591776976507437E-003
   279.478125000000         3.006849816543798E-003
   279.691875000000         2.252040121352330E-003
   279.905625000000         1.357840897387702E-003
   280.119375000000         3.623004749208421E-004
   280.333125000000        -6.910038042255183E-004
   280.546875000000        -1.755282617020243E-003
   280.760625000000        -2.783006481460385E-003
   280.974375000000        -3.728388799916714E-003
   281.188125000000        -4.549737800912011E-003
   281.401875000000        -5.211545203560757E-003
   281.615625000000        -5.686197867190420E-003
   281.829375000000        -5.955224194373290E-003
   282.043125000000        -6.010017839156053E-003
   282.256875000000        -5.852015094385229E-003
   282.470625000000        -5.492336673924464E-003
   282.684375000000        -4.950936888922565E-003
   282.898125000000        -4.255331044247201E-003
   283.111875000000        -3.438993274595854E-003
   283.325625000000        -2.539530646707548E-003
   283.539375000000        -1.596744589752119E-003
   283.753125000000        -6.506878201367298E-004
   283.966875000000         2.601850758381910E-004
   284.180625000000         1.100690675588134E-003
   284.394375000000         1.840349418690844E-003
   284.608125000000         2.454533882044120E-003
   284.821875000000         2.925307395961888E-003
   285.035625000000         3.241943930055385E-003
   285.249375000000         3.401132614272567E-003
   285.463125000000         3.406878684867641E-003
   285.676875000000         3.270117531715998E-003
   285.890625000000         3.008060990172954E-003
   286.104375000000         2.643296605268147E-003
   286.318125000000         2.202662959297078E-003
   286.531875000000         1.715928748928052E-003
   286.745625000000         1.214311059470161E-003
   286.959375000000         7.288793867345596E-004
   287.173125000000         2.889056871106338E-004
   287.386875000000        -7.976449581599109E-005
   287.600625000000        -3.562312778586177E-004
   287.814375000000        -5.258519862260667E-004
   288.028125000000        -5.812441498983751E-004
   288.241875000000        -5.228852835312745E-004
   288.455625000000        -3.592315042118053E-004
   288.669375000000        -1.063043971076548E-004
   288.883125000000         2.132675726010650E-004
   289.096875000000         5.717230477838490E-004
   289.310625000000         9.380803764001658E-004
   289.524375000000         1.280367094637966E-003
   289.738125000000         1.568006598028161E-003
   289.951875000000         1.774176174268849E-003
   290.165625000000         1.877940279773292E-003
   290.379375000000         1.865970997909230E-003
   290.593125000000         1.733694627984778E-003
   290.806875000000         1.485747809562337E-003
   291.020625000000         1.135684896800150E-003
   291.234375000000         7.049450956934044E-004
   291.448125000000         2.211565549346749E-004
   291.661875000000        -2.840819729957415E-004
   291.875625000000        -7.777499580510875E-004
   292.089375000000        -1.228058991158702E-003
   292.303125000000        -1.606974679149188E-003
   292.516875000000        -1.892381262874008E-003
   292.730625000000        -2.069698053935877E-003
   292.944375000000        -2.132810323753519E-003
   293.158125000000        -2.084244444601042E-003
   293.371875000000        -1.934590798160513E-003
   293.585625000000        -1.701250419326645E-003
   293.799375000000        -1.406644873070622E-003
   294.013125000000        -1.076076842451591E-003
   294.226875000000        -7.354564938920815E-004
   294.440625000000        -4.091133640222095E-004
   294.654375000000        -1.178953508922720E-004
   294.868125000000         1.222819965418695E-004
   295.081875000000         3.013265036284833E-004
   295.295625000000         4.152541404880484E-004
   295.509375000000         4.658855688207702E-004
   295.723125000000         4.600316899656555E-004
   295.936875000000         4.082928893662710E-004
   296.150625000000         3.236276853149434E-004
   296.364375000000         2.198583969742442E-004
   296.578125000000         1.102739257421880E-004
   296.791875000000         6.464753191194389E-006
   297.005625000000        -8.251328017758332E-005
   297.219375000000        -1.505965959063928E-004
   297.433125000000        -1.947919606773904E-004
   297.646875000000        -2.149190796671329E-004
   297.860625000000        -2.130975683719451E-004
   298.074375000000        -1.930809334244601E-004
   298.288125000000        -1.595478083398516E-004
   298.501875000000        -1.174530622944677E-004
   298.715625000000        -7.152037032037489E-005
   298.929375000000        -2.592688553974934E-005
   299.143125000000         1.580556874508686E-005
   299.356875000000         5.073468045131929E-005
   299.570625000000         7.629043141302186E-005
   299.784375000000         9.001176050143177E-005
   299.998125000000         8.931213701448388E-005
   300.211875000000         7.135516244607585E-005
   300.425625000000         3.310419572150384E-005
   300.639375000000        -2.841813530550676E-005
   300.853125000000        -1.156601376521615E-004
   301.066875000000        -2.298986681319311E-004
   301.280625000000        -3.704974282103919E-004
   301.494375000000        -5.341672859040885E-004
   301.708125000000        -7.143463741895470E-004
   301.921875000000        -9.008195721143087E-004
   302.135625000000        -1.079683105726230E-003
   302.349375000000        -1.233731100156047E-003
   302.563125000000        -1.343299500425954E-003
   302.776875000000        -1.387552981234518E-003
   302.990625000000        -1.346147574495010E-003
   303.204375000000        -1.201151641548013E-003
   303.418125000000        -9.390663329105726E-004
   303.631875000000        -5.527589284560029E-004
   303.845625000000        -4.311224806854047E-005
   304.059375000000         5.797972797069593E-004
   304.273125000000         1.296151284739993E-003
   304.486875000000         2.076582676071842E-003
   304.700625000000         2.883162074988795E-003
   304.914375000000         3.671160873029618E-003
   305.128125000000         4.391504456462749E-003
   305.341875000000         4.993764399252813E-003
   305.555625000000         5.429485164146148E-003
   305.769375000000         5.655604333053222E-003
   305.983125000000         5.637709251541439E-003
   306.196875000000         5.352878851841656E-003
   306.410625000000         4.791886789721629E-003
   306.624375000000         3.960588288259258E-003
   306.838125000000         2.880373845119663E-003
   307.051875000000         1.587642563451500E-003
   307.265625000000         1.323199763170130E-004
   307.479375000000        -1.424486475928308E-003
   307.693125000000        -3.013542359369296E-003
   307.906875000000        -4.561054758074697E-003
   308.120625000000        -5.992529584685728E-003
   308.334375000000        -7.236682804151177E-003
   308.548125000000        -8.229177841629095E-003
   308.761875000000        -8.915983634727134E-003
   308.975625000000        -9.256181649231263E-003
   309.189375000000        -9.224091683103649E-003
   309.403125000000        -8.810631279229892E-003
   309.616875000000        -8.023868251970974E-003
   309.830625000000        -6.888767152907947E-003
   310.044375000000        -5.446166399564092E-003
   310.258125000000        -3.751052281736103E-003
   310.471875000000        -1.870219142402975E-003
   310.685625000000         1.205775453428892E-004
   310.899375000000         2.139855540513534E-003
   311.113125000000         4.103898270649217E-003
   311.326875000000         5.930368560275167E-003
   311.540625000000         7.541901308863291E-003
   311.754375000000         8.869529311993408E-003
   311.968125000000         9.855795943436245E-003
   312.181875000000         1.045741231022135E-002
   312.395625000000         1.064732635195758E-002
   312.609375000000         1.041608863434222E-002
   312.823125000000         9.772425229606771E-003
   313.036875000000         8.742962197304022E-003
   313.250625000000         7.371087840207063E-003
   313.464375000000         5.714986052054114E-003
   313.678125000000         3.844923606926928E-003
   313.891875000000         1.839922304629377E-003
   314.105625000000        -2.160107517660817E-004
   314.319375000000        -2.237888937693762E-003
   314.533125000000        -4.143762947634933E-003
   314.746875000000        -5.858520276438984E-003
   314.960625000000        -7.317252285150724E-003
   315.174375000000        -8.468003320273009E-003
   315.388125000000        -9.273759808953038E-003
   315.601875000000        -9.713590977911182E-003
   315.815625000000        -9.782912135648181E-003
   316.029375000000        -9.492901065994448E-003
   316.243125000000        -8.869152783439195E-003
   316.456875000000        -7.949703069860198E-003
   316.670625000000        -6.782583308941804E-003
   316.884375000000        -5.423086067101127E-003
   317.098125000000        -3.930922172037394E-003
   317.311875000000        -2.367436856787308E-003
   317.525625000000        -7.930274161335234E-004
   317.739375000000         7.351286488034544E-004
   317.953125000000         2.164963686718657E-003
   318.166875000000         3.450994489254625E-003
   318.380625000000         4.555381612034451E-003
   318.594375000000         5.448600742855322E-003
   318.808125000000         6.109772020759412E-003
   319.021875000000         6.526702663103878E-003
   319.235625000000         6.695699174166401E-003
   319.449375000000         6.621199367394889E-003
   319.663125000000         6.315263690752998E-003
   319.876875000000         5.796952466983279E-003
   320.090625000000         5.091603147707424E-003
   320.304375000000         4.230011634408530E-003
   320.518125000000         3.247515601495861E-003
   320.731875000000         2.182976255437460E-003
   320.945625000000         1.077657986933394E-003
   321.159375000000        -2.598784883147786E-005
   321.373125000000        -1.085619512872794E-003
   321.586875000000        -2.060356042747407E-003
   321.800625000000        -2.912147447745414E-003
   322.014375000000        -3.607120418892572E-003
   322.228125000000        -4.116850748970096E-003
   322.441875000000        -4.419511513477636E-003
   322.655625000000        -4.500847063960658E-003
   322.869375000000        -4.354926674573340E-003
   323.083125000000        -3.984637680392000E-003
   323.296875000000        -3.401885506043265E-003
   323.510625000000        -2.627476543161462E-003
   323.724375000000        -1.690669026509803E-003
   323.938125000000        -6.283867579649007E-004
   324.151875000000         5.158991616386499E-004
   324.365625000000         1.693604260529196E-003
   324.579375000000         2.852751652261116E-003
   324.793125000000         3.939937832023837E-003
   325.006875000000         4.902486459182353E-003
   325.220625000000         5.690718029765561E-003
   325.434375000000         6.260248479508357E-003
   325.648125000000         6.574216618576203E-003
   325.861875000000         6.605330498544758E-003
   326.075625000000         6.337618051762441E-003
   326.289375000000         5.767769179859435E-003
   326.503125000000         4.905966072159994E-003
   326.716875000000         3.776116469650613E-003
   326.930625000000         2.415430651648368E-003
   327.144375000000         8.733160618172080E-004
   327.358125000000        -7.903981606328626E-004
   327.571875000000        -2.507853477184480E-003
   327.785625000000        -4.206077178718170E-003
   327.999375000000        -5.810289604397259E-003
   328.213125000000        -7.247442007372513E-003
   328.426875000000        -8.449802581843323E-003
   328.640625000000        -9.358398175002912E-003
   328.854375000000        -9.926121350540279E-003
   329.068125000000        -1.012032673358090E-002
   329.281875000000        -9.924765960198940E-003
   329.495625000000        -9.340745236403826E-003
   329.709375000000        -8.387430997459111E-003
   329.923125000000        -7.101274584520397E-003
   330.136875000000        -5.534573261211527E-003
   330.350625000000        -3.753229486543525E-003
   330.564375000000        -1.833810738118922E-003
   330.778125000000         1.399535300934564E-004
   330.991875000000         2.081074283316928E-003
   331.205625000000         3.903422273793558E-003
   331.419375000000         5.525871396806239E-003
   331.633125000000         6.876270559475066E-003
   331.846875000000         7.895053844682734E-003
   332.060625000000         8.538311318697851E-003
   332.274375000000         8.780162285912217E-003
   332.488125000000         8.614298773958065E-003
   332.701875000000         8.054599202053371E-003
   332.915625000000         7.134750149590251E-003
   333.129375000000         5.906857311340473E-003
   333.343125000000         4.439074165235491E-003
   333.556875000000         2.812327168121373E-003
   333.770625000000         1.116267435048143E-003
   333.984375000000        -5.553717494332325E-004
   334.198125000000        -2.109787715732780E-003
   334.411875000000        -3.460231431739518E-003
   334.625625000000        -4.530956402430600E-003
   334.839375000000        -5.261699936206555E-003
   335.053125000000        -5.611411884013011E-003
   335.266875000000        -5.560973908698037E-003
   335.480625000000        -5.114699822498773E-003
   335.694375000000        -4.300473128228826E-003
   335.908125000000        -3.168458504738180E-003
   336.121875000000        -1.788414857485315E-003
   336.335625000000        -2.457326111025480E-004
   336.549375000000         1.363589891700876E-003
   336.763125000000         2.938734126926552E-003
   336.976875000000         4.380252056035018E-003
   337.190625000000         5.596257706555133E-003
   337.404375000000         6.508205063319710E-003
   337.618125000000         7.055855745568428E-003
   337.831875000000         7.201088625427143E-003
   338.045625000000         6.930280114559569E-003
   338.259375000000         6.255083059933914E-003
   338.473125000000         5.211546625250751E-003
   338.686875000000         3.857640189730355E-003
   338.900625000000         2.269361362437630E-003
   339.114375000000         5.357119553219581E-004
   339.328125000000        -1.247092568876876E-003
   339.541875000000        -2.981761989111704E-003
   339.755625000000        -4.575981142736319E-003
   339.969375000000        -5.947948940050843E-003
   340.183125000000        -7.031033829790443E-003
