  -1.60312500000000        -7.575765360547295E-018
  -1.38937500000000        -7.573684024448303E-018
  -1.17562500000000        -6.234640558951685E-018
 -0.961875000000000         3.548630579951257E-018
 -0.748125000000000         5.000635422238943E-017
 -0.534375000000000         2.241976426416297E-016
 -0.320625000000000         7.623430365895737E-016
 -0.106875000000000         2.138913532249901E-015
  0.106875000000000         5.008749976077847E-015
  0.320625000000000         9.618401345433194E-015
  0.534375000000000         1.409542975415327E-014
  0.748125000000000         1.098297901129502E-014
  0.961875000000000        -1.842319752523322E-014
   1.17562500000000        -1.120175317972582E-013
   1.38937500000000        -3.368070900553729E-013
   1.60312500000000        -8.002406748602496E-013
   1.81687500000000        -1.662167252253377E-012
   2.03062500000000        -3.146560153285573E-012
   2.24437500000000        -5.552056017984112E-012
   2.45812500000000        -9.260222276897315E-012
   2.67187500000000        -1.474085885350062E-011
   2.88562500000000        -2.255327306520266E-011
   3.09937500000000        -3.334327547369819E-011
   3.31312500000000        -4.783542906575202E-011
   3.52687500000000        -6.682087772097286E-011
   3.74062500000000        -9.114144494014028E-011
   3.95437500000000        -1.216708029156594E-010
   4.16812500000000        -1.592944412434040E-010
   4.38187500000000        -2.048899307341427E-010
   4.59562500000000        -2.593093360161183E-010
   4.80937500000000        -3.233654030364015E-010
   5.02312500000000        -3.978228112044717E-010
   5.23687500000000        -4.833953158174086E-010
   5.45062500000000        -5.807487277678916E-010
   5.66437500000000        -6.905087200468147E-010
   5.87812500000000        -8.132720464909375E-010
   6.09187500000000        -9.496187448885248E-010
   6.30562500000000        -1.100122587699562E-009
   6.51937500000000        -1.265357080580398E-009
   6.73312500000000        -1.445895019647819E-009
   6.94687500000000        -1.642299955468593E-009
   7.16062500000000        -1.855109708399610E-009
   7.37437500000000        -2.084812593239559E-009
   7.58812500000000        -2.331819649240717E-009
   7.80187500000000        -2.596435815193916E-009
   8.01562500000000        -2.878834429501146E-009
   8.22937500000000        -3.179039064953208E-009
   8.44312500000000        -3.496916016199662E-009
   8.65687500000000        -3.832179067531118E-009
   8.87062500000000        -4.184406801775249E-009
   9.08437500000000        -4.553070318820838E-009
   9.29812500000000        -4.937567675777589E-009
   9.51187500000000        -5.337259976753011E-009
   9.72562500000000        -5.751503682875583E-009
   9.93937500000000        -6.179674164540183E-009
   10.1531250000000        -6.621176975818627E-009
   10.3668750000000        -7.075445372673889E-009
   10.5806250000000        -7.541925329070411E-009
   10.7943750000000        -8.020051407858121E-009
   11.0081250000000        -8.509218965776475E-009
   11.2218750000000        -9.008759315254864E-009
   11.4356250000000        -9.517923837408979E-009
   11.6493750000000        -1.003588224202110E-008
   11.8631250000000        -1.056173739749754E-008
   12.0768750000000        -1.109455624995480E-008
   12.2906250000000        -1.163341373930207E-008
   12.5043750000000        -1.217744300196272E-008
   12.7181250000000        -1.272588487123748E-008
   12.9318750000000        -1.327812781128911E-008
   13.1456250000000        -1.383373202140642E-008
   13.3593750000000        -1.439243246683618E-008
   13.5731250000000        -1.495411954230828E-008
   13.7868750000000        -1.551879947240390E-008
   14.0006250000000        -1.608653971603213E-008
   14.2143750000000        -1.665740717423824E-008
   14.4281250000000        -1.723140815884280E-008
   14.6418750000000        -1.780843853952792E-008
   14.8556250000000        -1.838825129239890E-008
   15.0693750000000        -1.897044572120704E-008
   15.2831250000000        -1.955447896777742E-008
   15.4968750000000        -2.013969789511917E-008
   15.7106250000000        -2.072538611563451E-008
   15.9243750000000        -2.131081964928975E-008
   16.1381250000000        -2.189532399548629E-008
   16.3518750000000        -2.247832609659204E-008
   16.5656250000000        -2.305939626856649E-008
   16.7793750000000        -2.363827740255390E-008
   16.9931250000000        -2.421490077444619E-008
   17.2068750000000        -2.478938962319728E-008
   17.4206250000000        -2.536205312552317E-008
   17.6343750000000        -2.593337322296253E-008
   17.8481250000000        -2.650398700337065E-008
   18.0618750000000        -2.707466612754027E-008
   18.2756250000000        -2.764629378107145E-008
   18.4893750000000        -2.821983933910194E-008
   18.7031250000000        -2.879632954406137E-008
   18.9168750000000        -2.937681623065001E-008
   19.1306250000000        -2.996234047366862E-008
   19.3443750000000        -3.055389456451099E-008
   19.5581250000000        -3.115238401445899E-008
   19.7718750000000        -3.175859271235552E-008
   19.9856250000000        -3.237315457352928E-008
   20.1993750000000        -3.299653462718004E-008
   20.4131250000000        -3.362902154978823E-008
   20.6268750000000        -3.427073184617655E-008
   20.8406250000000        -3.492162457609447E-008
   21.0543750000000        -3.558152382679073E-008
   21.2681250000000        -3.625014518362526E-008
   21.4818750000000        -3.692712235109653E-008
   21.6956250000000        -3.761203068173397E-008
   21.9093750000000        -3.830440546884482E-008
   22.1231250000000        -3.900375479838493E-008
   22.3368750000000        -3.970956810973515E-008
   22.5506250000000        -4.042132307299514E-008
   22.7643750000000        -4.113849386770263E-008
   22.9781250000000        -4.186056342987488E-008
   23.1918750000000        -4.258704119305322E-008
   23.4056250000000        -4.331748596294835E-008
   23.6193750000000        -4.405153156026744E-008
   23.8331250000000        -4.478891110733297E-008
   24.0468750000000        -4.552947497538445E-008
   24.2606250000000        -4.627319694971454E-008
   24.4743750000000        -4.702016524459438E-008
   24.6881250000000        -4.777055612538503E-008
   24.9018750000000        -4.852459172693208E-008
   25.1156250000000        -4.928248603766845E-008
   25.3293750000000        -5.004438606597636E-008
   25.5431250000000        -5.081031647837788E-008
   25.7568750000000        -5.158013651931617E-008
   25.9706250000000        -5.235351620734106E-008
   26.1843750000000        -5.312993641614766E-008
   26.3981250000000        -5.390871303480493E-008
   26.6118750000000        -5.468904133876965E-008
   26.8256250000000        -5.547005204704935E-008
   27.0393750000000        -5.625086763337735E-008
   27.2531250000000        -5.703064587187282E-008
   27.4668750000000        -5.780859832290846E-008
   27.6806250000000        -5.858397423546385E-008
   27.8943750000000        -5.935600616896136E-008
   28.1081250000000        -6.012382044839575E-008
   28.3218750000000        -6.088632313639209E-008
   28.5356250000000        -6.164208075609908E-008
   28.7493750000000        -6.238922041843723E-008
   28.9631250000000        -6.312537794463190E-008
   29.1768750000000        -6.384772130664575E-008
   29.3906250000000        -6.455307166440678E-008
   29.6043750000000        -6.523813275009685E-008
   29.8181250000000        -6.589982381355076E-008
   30.0318750000000        -6.653569229731611E-008
   30.2456250000000        -6.714436107493504E-008
   30.4593750000000        -6.772594646458441E-008
   30.6731250000000        -6.828236936013615E-008
   30.8868750000000        -6.881747686576578E-008
   31.1006250000000        -6.933689913838276E-008
   31.3143750000000        -6.984758827910198E-008
   31.5281250000000        -7.035702259346556E-008
   31.7418750000000        -7.087210902629773E-008
   31.9556250000000        -7.139787413354703E-008
   32.1693750000000        -7.193609233798972E-008
   32.3831250000000        -7.248404990569074E-008
   32.5968750000000        -7.303367411883394E-008
   32.8106250000000        -7.357125928811497E-008
   33.0243750000000        -7.407798671084197E-008
   33.2381250000000        -7.453136140775452E-008
   33.4518750000000        -7.490757673876342E-008
   33.6656250000000        -7.518467602147717E-008
   33.8793750000000        -7.534622611549485E-008
   34.0931250000000        -7.538507030525469E-008
   34.3068750000000        -7.530661349817964E-008
   34.5206250000000        -7.513103621328423E-008
   34.7343750000000        -7.489385587294713E-008
   34.9481250000000        -7.464437103534397E-008
   35.1618750000000        -7.444173537602139E-008
   35.3756250000000        -7.434870388862884E-008
   35.5893750000000        -7.442344592870764E-008
   35.8031250000000        -7.471018612675702E-008
   36.0168750000000        -7.522976510616715E-008
   36.2306250000000        -7.597144866650792E-008
   36.4443750000000        -7.688740640855801E-008
   36.6581250000000        -7.789118567734456E-008
   36.8718750000000        -7.886120405510207E-008
   37.0856250000000        -7.964977916324012E-008
   37.2993750000000        -8.009754348563404E-008
   37.5131250000000        -8.005232115043416E-008
   37.7268750000000        -7.939076332712974E-008
   37.9406250000000        -7.804035672969006E-008
   38.1543750000000        -7.599894722903491E-008
   38.3681250000000        -7.334875401669048E-008
   38.5818750000000        -7.026206270775353E-008
   38.7956250000000        -6.699640542278118E-008
   39.0093750000000        -6.387804203716485E-008
   39.2231250000000        -6.127387123242169E-008
   39.4368750000000        -5.955339563175690E-008
   39.6506250000000        -5.904387069524954E-008
   39.8643750000000        -5.998309222146774E-008
   40.0781250000000        -6.247522710437356E-008
   40.2918750000000        -6.645550086637170E-008
   40.5056250000000        -7.166930599156784E-008
   40.7193750000000        -7.767033770910600E-008
   40.9331250000000        -8.384073566051341E-008
   41.1468750000000        -8.943403097584962E-008
   41.3606250000000        -9.363916938233011E-008
   41.5743750000000        -9.566125938633114E-008
   41.7881250000000        -9.481227710411529E-008
   42.0018750000000        -9.060303573659130E-008
   42.2156250000000        -8.282656094287033E-008
   42.4293750000000        -7.162279546152094E-008
   42.6431250000000        -5.751539025815412E-008
   42.8568750000000        -4.141322254630552E-008
   43.0706250000000        -2.457209823828694E-008
   43.2843750000000        -8.515632244900939E-009
   43.4981250000000         5.081741225201688E-009
   43.7118750000000         1.454264629838821E-008
   43.9256250000000         1.835481900926016E-008
   44.1393750000000         1.534555202697245E-008
   44.3531250000000         4.846646332864060E-009
   44.5668750000000        -1.316689656942914E-008
   44.7806250000000        -3.798071097343985E-008
   44.9943750000000        -6.810176164163702E-008
   45.2081250000000        -1.012868792589668E-007
   45.4218750000000        -1.346454941092909E-007
   45.6356250000000        -1.648172469083854E-007
   45.8493750000000        -1.882187331555393E-007
   46.0631250000000        -2.013468607516299E-007
   46.2768750000000        -2.011196325594452E-007
   46.4906250000000        -1.852291318053811E-007
   46.7043750000000        -1.524766596773192E-007
   46.9181250000000        -1.030569394712295E-007
   47.1318750000000        -3.875762869529066E-008
   47.3456250000000         3.695744004802359E-008
   47.5593750000000         1.190074863497383E-007
   47.7731250000000         2.009139570172165E-007
   47.9868750000000         2.751852336686596E-007
   48.2006250000000         3.338578913017051E-007
   48.4143750000000         3.691691796762963E-007
   48.6281250000000         3.743185467305699E-007
   48.8418750000000         3.442602626012300E-007
   49.0556250000000         2.764563546293754E-007
   49.2693750000000         1.715110060587800E-007
   49.4831250000000         3.360603273332244E-008
   49.6968750000000        -1.293366171933008E-007
   49.9106250000000        -3.058244571697038E-007
   50.1243750000000        -4.813318012538644E-007
   50.3381250000000        -6.392095423073239E-007
   50.5518750000000        -7.619356572026439E-007
   50.7656250000000        -8.326358572182980E-007
   50.9793750000000        -8.367662090474314E-007
   51.1931250000000        -7.638174194092607E-007
   51.4068750000000        -6.088780217598733E-007
   51.6206250000000        -3.738847033292172E-007
   51.8343750000000        -6.839530561417448E-008
   52.0481250000000         2.902549182147280E-007
   52.2618750000000         6.775106720817520E-007
   52.4756250000000         1.062906670706884E-006
   52.6893750000000         1.412100432027932E-006
   52.9031250000000         1.689523474432745E-006
   53.1168750000000         1.861473857865249E-006
   53.3306250000000         1.899409599341873E-006
   53.5443750000000         1.783155901962059E-006
   53.7581250000000         1.503715881219517E-006
   53.9718750000000         1.065379287192467E-006
   54.1856250000000         4.868588835779504E-007
   54.3993750000000        -1.987509903848609E-007
   54.6131250000000        -9.453083372557012E-007
   54.8268750000000        -1.696254528505350E-006
   55.0406250000000        -2.388427051756138E-006
   55.2543750000000        -2.956819543638115E-006
   55.4681250000000        -3.339948283836967E-006
   55.6818750000000        -3.485401833512142E-006
   55.8956250000000        -3.355101520510171E-006
   56.1093750000000        -2.929791907052081E-006
   56.3231250000000        -2.212315542743342E-006
   56.5368750000000        -1.229304413471232E-006
   56.7506250000000        -3.103649238345281E-008
   56.9643750000000         1.310649318428449E-006
   57.1781250000000         2.706325029702685E-006
   57.3918750000000         4.054613534468228E-006
   57.6056250000000         5.249127060289189E-006
   57.8193750000000         6.186210718717011E-006
   58.0331250000000         6.772913475280958E-006
   58.2468750000000         6.934572717637780E-006
   58.4606250000000         6.621414804480226E-006
   58.6743750000000         5.813641709151509E-006
   58.8881250000000         4.524587243039491E-006
   59.1018750000000         2.801674910067884E-006
   59.3156250000000         7.250792096255505E-007
   59.5293750000000        -1.595832956860411E-006
   59.7431250000000        -4.028040780238261E-006
   59.9568750000000        -6.422011321413852E-006
   60.1706250000000        -8.619970221843135E-006
   60.3843750000000        -1.046477587120160E-005
   60.5981250000000        -1.180886935473291E-005
   60.8118750000000        -1.252281579539392E-005
   61.0256250000000        -1.250303262339498E-005
   61.2393750000000        -1.167840355239923E-005
   61.4531250000000        -1.001558747140211E-005
   61.6668750000000        -7.522932139807416E-006
   61.8806250000000        -4.252978070465668E-006
   62.0943750000000        -3.035766436772453E-007
   62.3081250000000         4.182357581670730E-006
   62.5218750000000         9.018485944790830E-006
   62.7356250000000         1.397817974506356E-005
   62.9493750000000         1.879934697625249E-005
   63.1631250000000         2.319123725980083E-005
   63.3768750000000         2.684356624407256E-005
   63.5906250000000         2.943829823606362E-005
   63.8043750000000         3.066434242436401E-005
   64.0181250000000         3.023523841393205E-005
   64.2318750000000         2.790962648421752E-005
   64.4456250000000         2.351392614434144E-005
   64.6593750000000         1.696620733269967E-005
   64.8731250000000         8.299770898502995E-006
   65.0868750000000        -2.315489616382246E-006
   65.3006250000000        -1.455623414826068E-005
   65.5143750000000        -2.793583415027090E-005
   65.7281250000000        -4.180405515118303E-005
   65.9418750000000        -5.535853152766424E-005
   66.1556250000000        -6.766977376050465E-005
   66.3693750000000        -7.772063523975658E-005
   66.5831250000000        -8.446009339305487E-005
   66.7968750000000        -8.686992715586773E-005
   67.0106250000000        -8.404148881985835E-005
   67.2243750000000        -7.525838814371792E-005
   67.4381250000000        -6.007966293880912E-005
   67.6518750000000        -3.841704224840960E-005
   67.8656250000000        -1.059934799548494E-005
   68.0793750000000         2.258296015643145E-005
   68.2931250000000         5.985953747203840E-005
   68.5068750000000         9.949346489766509E-005
   68.7206250000000         1.393295974190537E-004
   68.9343750000000         1.768791311081123E-004
   69.1481250000000         2.094388944622992E-004
   69.3618750000000         2.342410068759101E-004
   69.5756250000000         2.486257231197848E-004
   69.7893750000000         2.502277421274607E-004
   70.0031250000000         2.371642430988033E-004
   70.2168750000000         2.082116384781632E-004
   70.4306250000000         1.629576708684800E-004
   70.6443750000000         1.019161319347765E-004
   70.8581250000000         2.659316753249676E-005
   71.0718750000000        -6.050321197389833E-005
   71.2856250000000        -1.559153286084534E-004
   71.4993750000000        -2.553506047742357E-004
   71.7131250000000        -3.538554345226188E-004
   71.9268750000000        -4.460404115095502E-004
   72.1406250000000        -5.263452883364043E-004
   72.3543750000000        -5.893288909051763E-004
   72.5681250000000        -6.299670658055646E-004
   72.7818750000000        -6.439407998536633E-004
   72.9956250000000        -6.278970227272158E-004
   73.2093750000000        -5.796662806021950E-004
   73.4231250000000        -4.984243330539071E-004
   73.6368750000000        -3.847885552199787E-004
   73.8506250000000        -2.408445138335677E-004
   74.0643750000000        -7.010286060173660E-005
   74.2781250000000         1.226086466301219E-004
   74.4918750000000         3.313090132795737E-004
   74.7056250000000         5.490714547591770E-004
   74.9193750000000         7.682598831035150E-004
   75.1331250000000         9.807789455871516E-004
   75.3468750000000         1.178322499655224E-003
   75.5606250000000         1.352607030116566E-003
   75.7743750000000         1.495579196873652E-003
   75.9881250000000         1.599590158449191E-003
   76.2018750000000         1.657533192528675E-003
   76.4156250000000         1.662945039002285E-003
   76.6293750000000         1.610074936208848E-003
   76.8431250000000         1.493928161412194E-003
   77.0568750000000         1.310292751859751E-003
   77.2706250000000         1.055758805529958E-003
   77.4843750000000         7.277392925394521E-004
   77.6981250000000         3.244997247571068E-004
   77.9118750000000        -1.547984758061629E-004
   78.1256250000000        -7.100392115869388E-004
   78.3393750000000        -1.340079271369848E-003
   78.5531250000000        -2.042667261300232E-003
   78.7668750000000        -2.814361783465159E-003
   78.9806250000000        -3.650458769494538E-003
   79.1943750000000        -4.544938854405551E-003
   79.4081250000000        -5.490445468263881E-003
   79.6218750000000        -6.478302920287891E-003
   79.8356250000000        -7.498581268448093E-003
   80.0493750000000        -8.540211439727699E-003
   80.2631250000000        -9.591150216993492E-003
   80.4768750000000        -1.063859072268998E-002
   80.6906250000000        -1.166921031257010E-002
   80.9043750000000        -1.266944472817536E-002
   81.1181250000000        -1.362577526682773E-002
   81.3318750000000        -1.452501483850170E-002
   81.5456250000000        -1.535457919519452E-002
   81.7593750000000        -1.610273131169794E-002
   81.9731250000000        -1.675878970543474E-002
   82.1868750000000        -1.731329512709024E-002
   82.4006250000000        -1.775813416097747E-002
   82.6143750000000        -1.808662241661168E-002
   82.8281250000000        -1.829355372989335E-002
   83.0418750000000        -1.837522471406584E-002
   83.2556250000000        -1.832944577123027E-002
   83.4693750000000        -1.815555006777610E-002
   83.6831250000000        -1.785441089933442E-002
   83.8968750000000        -1.742847537785946E-002
   84.1106250000000        -1.688181866643103E-002
   84.3243750000000        -1.622021839845725E-002
   84.5381250000000        -1.545124388216825E-002
   84.7518750000000        -1.458434970838689E-002
   84.9656250000000        -1.363095896914458E-002
   85.1793750000000        -1.260451794866840E-002
   85.3931250000000        -1.152050228486099E-002
   85.6068750000000        -1.039635452311864E-002
   85.8206250000000        -9.251334855121123E-003
   86.0343750000000        -8.106270649772587E-003
   86.2481250000000        -6.983195970290789E-003
   86.4618750000000        -5.904879300131811E-003
   86.6756250000000        -4.894245704416004E-003
   86.8893750000000        -3.973708064272100E-003
   87.1031250000000        -3.164430211606716E-003
   87.3168750000000        -2.485552123085057E-003
   87.5306250000000        -1.953413205242556E-003
   87.7443750000000        -1.580813604028883E-003
   87.9581250000000        -1.376355014455278E-003
   88.1718750000000        -1.343901419643017E-003
   88.3856250000000        -1.482196500715559E-003
   88.5993750000000        -1.784668260173498E-003
   88.8131250000000        -2.239442998275824E-003
   89.0268750000000        -2.829580637235318E-003
   89.2406250000000        -3.533532089347376E-003
   89.4543750000000        -4.325807585130691E-003
   89.6681250000000        -5.177833328200101E-003
   89.8818750000000        -6.058963228521711E-003
   90.0956250000000        -6.937603433466240E-003
   90.3093750000000        -7.782400478119268E-003
   90.5231250000000        -8.563439532344281E-003
   90.7368750000000        -9.253397695213673E-003
   90.9506250000000        -9.828598670347950E-003
   91.1643750000000        -1.026991936877650E-002
   91.3781250000000        -1.056350578653627E-002
   91.5918750000000        -1.070126450640102E-002
   91.8056250000000        -1.068110687556751E-002
   92.0193750000000        -1.050693473103067E-002
   92.2331250000000        -1.018836885455792E-002
   92.4468750000000        -9.740233505482096E-003
   92.6606250000000        -9.181821796126196E-003
   92.8743750000000        -8.535976794847518E-003
   93.0881250000000        -7.828031602687011E-003
   93.3018750000000        -7.084657890436246E-003
   93.5156250000000        -6.332676254934898E-003
   93.7293750000000        -5.597883123999595E-003
   93.9431250000000        -4.903947789847555E-003
   94.1568750000000        -4.271429569539992E-003
   94.3706250000000        -3.716959263124883E-003
   94.5843750000000        -3.252621276143714E-003
   94.7981250000000        -2.885563335670957E-003
   95.0118750000000        -2.617850060382880E-003
   95.2256250000000        -2.446565194707582E-003
   95.4393750000000        -2.364155568881863E-003
   95.6531250000000        -2.358998306300273E-003
   95.8668750000000        -2.416161979722468E-003
   96.0806250000000        -2.518322822518198E-003
   96.2943750000000        -2.646789206135705E-003
   96.5081250000000        -2.782581827098533E-003
   96.7218750000000        -2.907513760048799E-003
   96.9356250000000        -3.005213984543753E-003
   97.1493750000000        -3.062040318770678E-003
   97.3631250000000        -3.067832888522010E-003
   97.5768750000000        -3.016467164802185E-003
   97.7906250000000        -2.906175897002676E-003
   98.0043750000000        -2.739621472264060E-003
   98.2181250000000        -2.523713726211144E-003
   98.4318750000000        -2.269182284271041E-003
   98.6456250000000        -1.989926322779872E-003
   98.8593750000000        -1.702177379080484E-003
   99.0731250000000        -1.423521717018520E-003
   99.2868750000000        -1.171837066496468E-003
   99.5006250000000        -9.642037458620470E-004
   99.7143750000000        -8.158518778404296E-004
   99.9281250000000        -7.392044818971275E-004
   100.141875000000        -7.430707680067304E-004
   100.355625000000        -8.320353075674984E-004
   100.569375000000        -1.006077472797721E-003
   100.783125000000        -1.260442349922579E-003
   100.996875000000        -1.585770099522384E-003
   101.210625000000        -1.968476371704267E-003
   101.424375000000        -2.391362782458312E-003
   101.638125000000        -2.834424436316272E-003
   101.851875000000        -3.275811712010018E-003
   102.065625000000        -3.692896495621292E-003
   102.279375000000        -4.063389015412221E-003
   102.493125000000        -4.366450444360585E-003
   102.706875000000        -4.583748318298539E-003
   102.920625000000        -4.700406217129063E-003
   103.134375000000        -4.705805588412560E-003
   103.348125000000        -4.594205494737153E-003
   103.561875000000        -4.365154859920718E-003
   103.775625000000        -4.023680934482233E-003
   103.989375000000        -3.580246743094570E-003
   104.203125000000        -3.050478876791361E-003
   104.416875000000        -2.454674939957694E-003
   104.630625000000        -1.817107168265361E-003
   104.844375000000        -1.165145208906676E-003
   105.058125000000        -5.282268699698194E-004
   105.271875000000         6.328911176576029E-005
   105.485625000000         5.793495108606626E-004
   105.699375000000         9.914692985017045E-004
   105.913125000000         1.273984076614504E-003
   106.126875000000         1.405243117624349E-003
   106.340625000000         1.368692442500429E-003
   106.554375000000         1.153797576105861E-003
   106.768125000000         7.567578867170022E-004
   106.981875000000         1.809691360354454E-004
   107.195625000000        -5.628016836700262E-004
   107.409375000000        -1.456554867274206E-003
   107.623125000000        -2.475522534406882E-003
   107.836875000000        -3.588956587378132E-003
   108.050625000000        -4.761220627238130E-003
   108.264375000000        -5.953148854972010E-003
   108.478125000000        -7.123617981129514E-003
   108.691875000000        -8.231262947481501E-003
   108.905625000000        -9.236255119475059E-003
   109.119375000000        -1.010205372196604E-002
   109.333125000000        -1.079703861613934E-002
   109.546875000000        -1.129593566339573E-002
   109.760625000000        -1.158095507246778E-002
   109.974375000000        -1.164257797579153E-002
   110.188125000000        -1.147994623364563E-002
   110.401875000000        -1.110083386754883E-002
   110.615625000000        -1.052120395414749E-002
   110.829375000000        -9.764380397210976E-003
   111.043125000000        -8.859887777708953E-003
   111.256875000000        -7.842032581664875E-003
   111.470625000000        -6.748313898963838E-003
   111.684375000000        -5.617759961105369E-003
   111.898125000000        -4.489287963824558E-003
   112.111875000000        -3.400178434102531E-003
   112.325625000000        -2.384742514325502E-003
   112.539375000000        -1.473242105568115E-003
   112.753125000000        -6.911004890850432E-004
   112.966875000000        -5.841683098688991E-005
   113.180625000000         4.102259635285431E-004
   113.394375000000         7.056921130853882E-004
   113.608125000000         8.240118432669331E-004
   113.821875000000         7.659490624821972E-004
   114.035625000000         5.364833992933195E-004
   114.249375000000         1.442700406901244E-004
   114.463125000000        -3.988678156325372E-004
   114.676875000000        -1.078373136595660E-003
   114.890625000000        -1.877292974848768E-003
   115.104375000000        -2.776516965944486E-003
   115.318125000000        -3.754932608737951E-003
   115.531875000000        -4.789530438625087E-003
   115.745625000000        -5.855504737505747E-003
   115.959375000000        -6.926402133653623E-003
   116.173125000000        -7.974370458789572E-003
   116.386875000000        -8.970553357918829E-003
   116.600625000000        -9.885662905529516E-003
   116.814375000000        -1.069074404917132E-002
   117.028125000000        -1.135812281432243E-002
   117.241875000000        -1.186250699287913E-002
   117.455625000000        -1.218218582379942E-002
   117.669375000000        -1.230025625101334E-002
   117.883125000000        -1.220578975321183E-002
   118.096875000000        -1.189484707688607E-002
   118.310625000000        -1.137124945723363E-002
   118.524375000000        -1.064702436434740E-002
   118.738125000000        -9.742461005588302E-003
   118.951875000000        -8.685734580982452E-003
   119.165625000000        -7.512086846842328E-003
   119.379375000000        -6.262581654975116E-003
   119.593125000000        -4.982485298054276E-003
   119.806875000000        -3.719350156774241E-003
   120.020625000000        -2.520903936622433E-003
   120.234375000000        -1.432863705920408E-003
   120.448125000000        -4.968025557638917E-004
   120.661875000000         2.518037797203997E-004
   120.875625000000         7.852326220071553E-004
   121.089375000000         1.084772711336033E-003
   121.303125000000         1.141510741238802E-003
   121.516875000000         9.566019243469987E-004
   121.730625000000         5.410137052987761E-004
   121.944375000000        -8.523458850951825E-005
   122.158125000000        -8.942817486676819E-004
   122.371875000000        -1.852002635934373E-003
   122.585625000000        -2.919851291256697E-003
   122.799375000000        -4.056852912213550E-003
   123.013125000000        -5.221623218306066E-003
   123.226875000000        -6.374296971468917E-003
   123.440625000000        -7.478258544166089E-003
   123.654375000000        -8.501585322916165E-003
   123.868125000000        -9.418137823773841E-003
   124.081875000000        -1.020825678165454E-002
   124.295625000000        -1.085905510272674E-002
   124.509375000000        -1.136431939286123E-002
   124.723125000000        -1.172405991736748E-002
   124.936875000000        -1.194376773454508E-002
   125.150625000000        -1.203345221418469E-002
   125.364375000000        -1.200654051437346E-002
   125.578125000000        -1.187872265842008E-002
   125.791875000000        -1.166682192402858E-002
   126.005625000000        -1.138776105266533E-002
   126.219375000000        -1.105768137450302E-002
   126.433125000000        -1.069125562503329E-002
   126.646875000000        -1.030121742264078E-002
   126.860625000000        -9.898112500653365E-003
   127.074375000000        -9.490260151738183E-003
   127.288125000000        -9.083899055774730E-003
   127.501875000000        -8.683480565860874E-003
   127.715625000000        -8.292065154970647E-003
   127.929375000000        -7.911774292835677E-003
   128.143125000000        -7.544250438568672E-003
   128.356875000000        -7.191081740145212E-003
   128.570625000000        -6.854154851666921E-003
   128.784375000000        -6.535908284803329E-003
   128.998125000000        -6.239469087260644E-003
   129.211875000000        -5.968666552729237E-003
   129.425625000000        -5.727927314783905E-003
   129.639375000000        -5.522065848040322E-003
   129.853125000000        -5.355992500962073E-003
   130.066875000000        -5.234367267961343E-003
   130.280625000000        -5.161231281782287E-003
   130.494375000000        -5.139649336014967E-003
   130.708125000000        -5.171395648194402E-003
   130.921875000000        -5.256711700780283E-003
   131.135625000000        -5.394159626471069E-003
   131.349375000000        -5.580587614173694E-003
   131.563125000000        -5.811215662083708E-003
   131.776875000000        -6.079841212815615E-003
   131.990625000000        -6.379155324775744E-003
   132.204375000000        -6.701151624895578E-003
   132.418125000000        -7.037602892347184E-003
   132.631875000000        -7.380574235167069E-003
   132.845625000000        -7.722937859436342E-003
   133.059375000000        -8.058852707241127E-003
   133.273125000000        -8.384172940103407E-003
   133.486875000000        -8.696752407102984E-003
   133.700625000000        -8.996617742369522E-003
   133.914375000000        -9.285990308129620E-003
   134.128125000000        -9.569146413218526E-003
   134.341875000000        -9.852115544425799E-003
   134.555625000000        -1.014222710897496E-002
   134.769375000000        -1.044752671022126E-002
   134.983125000000        -1.077609257117525E-002
   135.196875000000        -1.113529073261746E-002
   135.410625000000        -1.153101352627387E-002
   135.624375000000        -1.196694913121342E-002
   135.838125000000        -1.244393049591595E-002
   136.051875000000        -1.295940945947171E-002
   136.265625000000        -1.350709662472443E-002
   136.479375000000        -1.407679968773427E-002
   136.693125000000        -1.465448292702267E-002
   136.906875000000        -1.522255893950081E-002
   137.120625000000        -1.576041110046545E-002
   137.334375000000        -1.624513229310482E-002
   137.548125000000        -1.665245287988329E-002
   137.761875000000        -1.695781933242088E-002
   137.975625000000        -1.713757500520970E-002
   138.189375000000        -1.717018676487088E-002
   138.403125000000        -1.703745601245070E-002
   138.616875000000        -1.672565039882108E-002
   138.830625000000        -1.622649345503014E-002
   139.044375000000        -1.553795353883203E-002
   139.258125000000        -1.466478090097885E-002
   139.471875000000        -1.361875212363082E-002
   139.685625000000        -1.241859435193553E-002
   139.899375000000        -1.108957714668989E-002
   140.113125000000        -9.662776794132223E-003
   140.326875000000        -8.174035734815189E-003
   140.540625000000        -6.662657507079933E-003
   140.754375000000        -5.169894238764372E-003
   140.968125000000        -3.737298215429818E-003
   141.181875000000        -2.405020373412413E-003
   141.395625000000        -1.210145769512195E-003
   141.609375000000        -1.851583916861240E-004
   141.823125000000         6.433754329983410E-004
   142.036875000000         1.255824522051065E-003
   142.250625000000         1.640144935182533E-003
   142.464375000000         1.792119588057916E-003
   142.678125000000         1.715161478352786E-003
   142.891875000000         1.419682540660795E-003
   143.105625000000         9.220572195603933E-004
   143.319375000000         2.432363140131757E-004
   143.533125000000        -5.929093245589877E-004
   143.746875000000        -1.561415817124505E-003
   143.960625000000        -2.638110470056048E-003
   144.174375000000        -3.801432459771457E-003
   144.388125000000        -5.034069770830662E-003
   144.601875000000        -6.324300573687290E-003
   144.815625000000        -7.666943204951856E-003
   145.029375000000        -9.063841578307908E-003
   145.243125000000        -1.052384082890297E-002
   145.456875000000        -1.206223949842180E-002
   145.670625000000        -1.369973755003568E-002
   145.884375000000        -1.546093178769897E-002
   146.098125000000        -1.737243970596926E-002
   146.311875000000        -1.946075747090107E-002
   146.525625000000        -2.174997601788780E-002
   146.739375000000        -2.425948998006388E-002
   146.953125000000        -2.700183668091790E-002
   147.166875000000        -2.998079663983415E-002
   147.380625000000        -3.318987339753205E-002
   147.594375000000        -3.661124991649833E-002
   147.808125000000        -4.021529271399564E-002
   148.021875000000        -4.396064491772554E-002
   148.235625000000        -4.779491746048505E-002
   148.449375000000        -5.165595557269059E-002
   148.663125000000        -5.547362744573958E-002
   148.876875000000        -5.917205509900754E-002
   149.090625000000        -6.267218548699918E-002
   149.304375000000        -6.589458378204115E-002
   149.518125000000        -6.876232122211956E-002
   149.731875000000        -7.120382717549531E-002
   149.945625000000        -7.315557899792803E-002
   150.159375000000        -7.456451333416045E-002
   150.373125000000        -7.539005792024128E-002
   150.586875000000        -7.560570261075221E-002
   150.800625000000        -7.520005105228215E-002
   151.014375000000        -7.417731883498015E-002
   151.228125000000        -7.255726875905662E-002
   151.441875000000        -7.037459780822151E-002
   151.655625000000        -6.767781242336898E-002
   151.869375000000        -6.452764780699682E-002
   152.083125000000        -6.099510258186384E-002
   152.296875000000        -5.715917174554128E-002
   152.510625000000        -5.310436832527175E-002
   152.724375000000        -4.891812749815230E-002
   152.938125000000        -4.468818645572470E-002
   153.151875000000        -4.050002937461162E-002
   153.365625000000        -3.643448003015368E-002
   153.579375000000        -3.256551543920579E-002
   153.793125000000        -2.895836302979857E-002
   154.006875000000        -2.566793176308241E-002
   154.220625000000        -2.273761486538171E-002
   154.434375000000        -2.019848877164297E-002
   154.648125000000        -1.806891985772210E-002
   154.861875000000        -1.635457779563513E-002
   155.075625000000        -1.504884209833110E-002
   155.289375000000        -1.413357679887800E-002
   155.503125000000        -1.358023740676162E-002
   155.716875000000        -1.335126450250957E-002
   155.930625000000        -1.340170981502561E-002
   156.144375000000        -1.368103366287624E-002
   156.358125000000        -1.413500755318787E-002
   156.571875000000        -1.470765284815776E-002
   156.785625000000        -1.534314602634993E-002
   156.999375000000        -1.598762340446251E-002
   157.213125000000        -1.659082334348831E-002
   157.426875000000        -1.710751187756070E-002
   157.640625000000        -1.749864812151278E-002
   157.854375000000        -1.773225828327463E-002
   158.068125000000        -1.778400099306827E-002
   158.281875000000        -1.763742117608837E-002
   158.495625000000        -1.728390395809239E-002
   158.709375000000        -1.672235320145371E-002
   158.923125000000        -1.595863037965070E-002
   159.136875000000        -1.500479790864052E-002
   159.350625000000        -1.387821627478182E-002
   159.564375000000        -1.260054610828901E-002
   159.778125000000        -1.119670482089092E-002
   159.991875000000        -9.693822921646274E-003
   160.205625000000        -8.120238270450938E-003
   160.419375000000        -6.504558146352872E-003
   160.633125000000        -4.874810030301765E-003
   160.846875000000        -3.257693373577201E-003
   161.060625000000        -1.677937195887953E-003
   161.274375000000        -1.577627959040554E-004
   161.488125000000         1.283552435905964E-003
   161.701875000000         2.630015043626368E-003
   161.915625000000         3.869163110158018E-003
   162.129375000000         4.992222363119045E-003
   162.343125000000         5.994168033626290E-003
   162.556875000000         6.873686085619637E-003
   162.770625000000         7.633024765623354E-003
   162.984375000000         8.277726559596818E-003
   163.198125000000         8.816232222454689E-003
   163.411875000000         9.259352909735053E-003
   163.625625000000         9.619613574538336E-003
   163.839375000000         9.910480298793118E-003
   164.053125000000         1.014549534545847E-002
   164.266875000000         1.033735538541811E-002
   164.480625000000         1.049697930568017E-002
   164.694375000000         1.063262090602433E-002
   164.908125000000         1.074908737032029E-002
   165.121875000000         1.084712559982707E-002
   165.335625000000         1.092303460374492E-002
   165.549375000000         1.096855288337374E-002
   165.763125000000         1.097105534756679E-002
   165.976875000000         1.091407549829523E-002
   166.190625000000         1.077814663876058E-002
   166.404375000000         1.054193228074210E-002
   166.618125000000         1.018359261742150E-002
   166.831875000000         9.682312835445560E-003
   167.045625000000         9.019902042567538E-003
   167.259375000000         8.182360314167105E-003
   167.473125000000         7.161307040335888E-003
   167.686875000000         5.955167087861946E-003
   167.900625000000         4.570022379369147E-003
   168.114375000000         3.020054808683482E-003
   168.328125000000         1.327530832580615E-003
   168.541875000000        -4.776930368233846E-004
   168.755625000000        -2.359133298680462E-003
   168.969375000000        -4.275069060561587E-003
   169.183125000000        -6.180286785994837E-003
   169.396875000000        -8.028083769343216E-003
   169.610625000000        -9.772415044928347E-003
   169.824375000000        -1.137005715004255E-002
   170.038125000000        -1.278265930559252E-002
   170.251875000000        -1.397855838024270E-002
   170.465625000000        -1.493424805888604E-002
   170.679375000000        -1.563541394710815E-002
   170.893125000000        -1.607747340660312E-002
   171.106875000000        -1.626558984440007E-002
   171.320625000000        -1.621416384654967E-002
   171.534375000000        -1.594583575333608E-002
   171.748125000000        -1.549006390012064E-002
   171.961875000000        -1.488136790776676E-002
   172.175625000000        -1.415734556491666E-002
   172.389375000000        -1.335658391201257E-002
   172.603125000000        -1.251658952483621E-002
   172.816875000000        -1.167185963115898E-002
   173.030625000000        -1.085220500190226E-002
   173.244375000000        -1.008141840531137E-002
   173.458125000000        -9.376360030199095E-003
   173.671875000000        -8.746505169373392E-003
   173.885625000000        -8.193971261963747E-003
   174.099375000000        -7.714012826979264E-003
   174.313125000000        -7.295945528382346E-003
   174.526875000000        -6.924436096049359E-003
   174.740625000000        -6.581074367882082E-003
   174.954375000000        -6.246128320527808E-003
   175.168125000000        -5.900373313316697E-003
   175.381875000000        -5.526883250089478E-003
   175.595625000000        -5.112674011729834E-003
   175.809375000000        -4.650098068656016E-003
   176.023125000000        -4.137903112068792E-003
   176.236875000000        -3.581886072641507E-003
   176.450625000000        -2.995096058478535E-003
   176.664375000000        -2.397564425309052E-003
   176.878125000000        -1.815566175029352E-003
   177.091875000000        -1.280442894822809E-003
   177.305625000000        -8.270422236461027E-004
   177.519375000000        -4.918511333028282E-004
   177.733125000000        -3.109189944014775E-004
   177.946875000000        -3.176804565970413E-004
   178.160625000000        -5.407967841720360E-004
   178.374375000000        -1.002136856473529E-003
   178.588125000000        -1.715015240484933E-003
   178.801875000000        -2.682794544328715E-003
   179.015625000000        -3.897942965679258E-003
   179.229375000000        -5.341616192971143E-003
   179.443125000000        -6.983806562553721E-003
   179.656875000000        -8.784072884241351E-003
   179.870625000000        -1.069283313467687E-002
   180.084375000000        -1.265317097668191E-002
   180.298125000000        -1.460307757811330E-002
   180.511875000000        -1.647802424625183E-002
   180.725625000000        -1.821374060596080E-002
   180.939375000000        -1.974905883149273E-002
   181.153125000000        -2.102867784303554E-002
   181.366875000000        -2.200570301100178E-002
   181.580625000000        -2.264382688244809E-002
   181.794375000000        -2.291903433124361E-002
   182.008125000000        -2.282074038878460E-002
   182.221875000000        -2.235229941103123E-002
   182.435625000000        -2.153085836625463E-002
   182.649375000000        -2.038656280109385E-002
   182.863125000000        -1.896115924789405E-002
   183.076875000000        -1.730607029066719E-002
   183.290625000000        -1.548004621348410E-002
   183.504375000000        -1.354651844716618E-002
   183.718125000000        -1.157079369044787E-002
   183.931875000000        -9.617232925309502E-003
   184.145625000000        -7.746556460607304E-003
   184.359375000000        -6.013405078187947E-003
   184.573125000000        -4.464269292616902E-003
   184.786875000000        -3.135875067011479E-003
   185.000625000000        -2.054086756156633E-003
   185.214375000000        -1.233358442359971E-003
   185.428125000000        -6.767350771062879E-004
   185.641875000000        -3.763767111673648E-004
   185.855625000000        -3.145541178628212E-004
   186.069375000000        -4.650434906536510E-004
   186.283125000000        -7.948324455144812E-004
   186.496875000000        -1.266039697240297E-003
   186.710625000000        -1.837946539437466E-003
   186.924375000000        -2.469039336111478E-003
   187.138125000000        -3.118968056838718E-003
   187.351875000000        -3.750335699959159E-003
   187.565625000000        -4.330246388992575E-003
   187.779375000000        -4.831555109806220E-003
   187.993125000000        -5.233778627417417E-003
   188.206875000000        -5.523644304773716E-003
   188.420625000000        -5.695270660526378E-003
   188.634375000000        -5.749989965060058E-003
   188.848125000000        -5.695838484044525E-003
   189.061875000000        -5.546753698864476E-003
   189.275625000000        -5.321529565397229E-003
   189.489375000000        -5.042590241931037E-003
   189.703125000000        -4.734649367422521E-003
   189.916875000000        -4.423325575970379E-003
   190.130625000000        -4.133785221005433E-003
   190.344375000000        -3.889480076533279E-003
   190.558125000000        -3.711041047220748E-003
   190.771875000000        -3.615378806148839E-003
   190.985625000000        -3.615029165802906E-003
   191.199375000000        -3.717765496912020E-003
   191.413125000000        -3.926483505002613E-003
   191.626875000000        -4.239346228199814E-003
   191.840625000000        -4.650160449444442E-003
   192.054375000000        -5.148941094877072E-003
   192.268125000000        -5.722608836096467E-003
   192.481875000000        -6.355759071382668E-003
   192.695625000000        -7.031438482544571E-003
   192.909375000000        -7.731868810882335E-003
   193.123125000000        -8.439066266465730E-003
   193.336875000000        -9.135318485414552E-003
   193.550625000000        -9.803498110648684E-003
   193.764375000000        -1.042721141516363E-002
   193.978125000000        -1.099080014202362E-002
   194.191875000000        -1.147923298958420E-002
   194.405625000000        -1.187793804818030E-002
   194.619375000000        -1.217263734229822E-002
   194.833125000000        -1.234924819429301E-002
   195.046875000000        -1.239391268941839E-002
   195.260625000000        -1.229320601743179E-002
   195.474375000000        -1.203455750707085E-002
   195.688125000000        -1.160689602888634E-002
   195.901875000000        -1.100150596003645E-002
   196.115625000000        -1.021305334043229E-002
   196.329375000000        -9.240716682944756E-003
   196.543125000000        -8.089335606951020E-003
   196.756875000000        -6.770475283561852E-003
   196.970625000000        -5.303297398662613E-003
   197.184375000000        -3.715130110421852E-003
   197.398125000000        -2.041640699152365E-003
   197.611875000000        -3.265348657179594E-004
   197.825625000000         1.379265276637397E-003
   198.039375000000         3.018978461629769E-003
   198.253125000000         4.531833247738530E-003
   198.466875000000         5.855387035065432E-003
   198.680625000000         6.928197531717246E-003
   198.894375000000         7.692718180406509E-003
   199.108125000000         8.098265582507499E-003
   199.321875000000         8.103892777630560E-003
   199.535625000000         7.680998533153007E-003
   199.749375000000         6.815509987680454E-003
   199.963125000000         5.509493717682529E-003
   200.176875000000         3.782077476436902E-003
   200.390625000000         1.669599789544312E-003
   200.604375000000        -7.750548898251178E-004
   200.818125000000        -3.483934132691569E-003
   201.031875000000        -6.376263113230393E-003
   201.245625000000        -9.361370217913587E-003
   201.459375000000        -1.234216734597584E-002
   201.673125000000        -1.521902822120698E-002
   201.886875000000        -1.789388471182481E-002
   202.100625000000        -2.027434700576078E-002
   202.314375000000        -2.227764918499005E-002
   202.528125000000        -2.383422747415464E-002
   202.741875000000        -2.489075393221058E-002
   202.955625000000        -2.541247290483775E-002
   203.169375000000        -2.538472005682546E-002
   203.383125000000        -2.481354279750680E-002
   203.596875000000        -2.372538462496959E-002
   203.810625000000        -2.216584230912808E-002
   204.024375000000        -2.019755166994710E-002
   204.238125000000        -1.789730261867596E-002
   204.451875000000        -1.535252471865701E-002
   204.665625000000        -1.265731847301915E-002
   204.879375000000        -9.908232759574804E-003
   205.093125000000        -7.200003567185459E-003
   205.306875000000        -4.621472203402499E-003
   205.520625000000        -2.251891833277373E-003
   205.734375000000        -1.578097009249922E-004
   205.948125000000         1.609320401983718E-003
   206.161875000000         3.014683209869611E-003
   206.375625000000         4.040741863098043E-003
   206.589375000000         4.686963410208967E-003
   206.803125000000         4.968674925360626E-003
   207.016875000000         4.915146417372646E-003
   207.230625000000         4.567041388654658E-003
   207.444375000000         3.973410965022801E-003
   207.658125000000         3.188430497507822E-003
   207.871875000000         2.268086843454729E-003
   208.085625000000         1.267019597277248E-003
   208.299375000000         2.357008785589577E-004
   208.513125000000        -7.818925290390023E-004
   208.726875000000        -1.750001353501832E-003
   208.940625000000        -2.642133862448843E-003
   209.154375000000        -3.441426884468136E-003
   209.368125000000        -4.140349480514652E-003
   209.581875000000        -4.739824717431222E-003
   209.795625000000        -5.247880927551425E-003
   210.009375000000        -5.677969506136102E-003
   210.223125000000        -6.047100224272039E-003
   210.436875000000        -6.373946755894592E-003
   210.650625000000        -6.677065183220201E-003
   210.864375000000        -6.973348123307160E-003
   211.078125000000        -7.276809024633997E-003
   211.291875000000        -7.597757847588299E-003
   211.505625000000        -7.942393749773177E-003
   211.719375000000        -8.312805510813672E-003
   211.933125000000        -8.707338947427765E-003
   212.146875000000        -9.121264705755831E-003
   212.360625000000        -9.547661164907576E-003
   212.574375000000        -9.978416625650523E-003
   212.788125000000        -1.040525265419132E-002
   213.001875000000        -1.082067590079173E-002
   213.215625000000        -1.121877785582090E-002
   213.429375000000        -1.159581936693972E-002
   213.643125000000        -1.195055759511047E-002
   213.856875000000        -1.228429562336613E-002
   214.070625000000        -1.260065740570221E-002
   214.284375000000        -1.290511159908617E-002
   214.498125000000        -1.320428578479217E-002
   214.711875000000        -1.350512671497198E-002
   214.925625000000        -1.381397192653012E-002
   215.139375000000        -1.413560309498142E-002
   215.353125000000        -1.447235190595510E-002
   215.566875000000        -1.482332530262197E-002
   215.780625000000        -1.518380921940569E-002
   215.994375000000        -1.554489897058074E-002
   216.208125000000        -1.589339105064421E-002
   216.421875000000        -1.621195599402149E-002
   216.635625000000        -1.647959592421767E-002
   216.849375000000        -1.667237428038337E-002
   217.063125000000        -1.676438970203297E-002
   217.276875000000        -1.672895190075659E-002
   217.490625000000        -1.653990521651433E-002
   217.704375000000        -1.617303603716691E-002
   217.918125000000        -1.560749384930905E-002
   218.131875000000        -1.482715276172648E-002
   218.345625000000        -1.382184112891515E-002
   218.559375000000        -1.258837145960900E-002
   218.773125000000        -1.113131099351019E-002
   218.986875000000        -9.463444838867161E-003
   219.200625000000        -7.605897857986645E-003
   219.414375000000        -5.587897860607254E-003
   219.628125000000        -3.446180260439112E-003
   219.841875000000        -1.224052208103463E-003
   220.055625000000         1.029848673007118E-003
   220.269375000000         3.263050442273304E-003
   220.483125000000         5.420934641785677E-003
   220.696875000000         7.448543142324670E-003
   220.910625000000         9.292426018825368E-003
   221.124375000000         1.090245124384776E-002
   221.338125000000         1.223350002741689E-002
   221.551875000000         1.324697863475250E-002
   221.765625000000         1.391208794417115E-002
   221.979375000000         1.420680510691816E-002
   222.193125000000         1.411854651750409E-002
   222.406875000000         1.364449688905347E-002
   222.620625000000         1.279160454213842E-002
   222.834375000000         1.157625712823049E-002
   223.048125000000         1.002366414963789E-002
   223.261875000000         8.166982256003189E-003
   223.475625000000         6.046226101461516E-003
   223.689375000000         3.707011515494943E-003
   223.903125000000         1.199179106979648E-003
   224.116875000000        -1.424654373966447E-003
   224.330625000000        -4.110571966513867E-003
   224.544375000000        -6.804818088860840E-003
   224.758125000000        -9.455207807372195E-003
   224.971875000000        -1.201244930701408E-002
   225.185625000000        -1.443134813088649E-002
   225.399375000000        -1.667186426815332E-002
   225.613125000000        -1.869999530225001E-002
   225.826875000000        -2.048846094759970E-002
   226.040625000000        -2.201716691259660E-002
   226.254375000000        -2.327342969795126E-002
   226.468125000000        -2.425194919670638E-002
   226.681875000000        -2.495452317839291E-002
   226.895625000000        -2.538950704292063E-002
   227.109375000000        -2.557103343552133E-002
   227.323125000000        -2.551801889683408E-002
   227.536875000000        -2.525299783231909E-002
   227.750625000000        -2.480083661325756E-002
   227.964375000000        -2.418739130599242E-002
   228.178125000000        -2.343818009227812E-002
   228.391875000000        -2.257714475994235E-002
   228.605625000000        -2.162557387357304E-002
   228.819375000000        -2.060125296969711E-002
   229.033125000000        -1.951789446536716E-002
   229.246875000000        -1.838488257854522E-002
   229.460625000000        -1.720734761018368E-002
   229.674375000000        -1.598656103912226E-002
   229.888125000000        -1.472061992401129E-002
   230.101875000000        -1.340536808181061E-002
   230.315625000000        -1.203548430279083E-002
   230.529375000000        -1.060565604104458E-002
   230.743125000000        -9.111751678586669E-003
   230.956875000000        -7.551906085261346E-003
   231.170625000000        -5.927442606051359E-003
   231.384375000000        -4.243568971557669E-003
   231.598125000000        -2.509803551903911E-003
   231.811875000000        -7.401100497236709E-004
   232.025625000000         1.047258875606299E-003
   232.239375000000         2.830187476039681E-003
   232.453125000000         4.583352749646950E-003
   232.666875000000         6.279057329229083E-003
   232.880625000000         7.888178580541019E-003
   233.094375000000         9.381170880119236E-003
   233.308125000000         1.072906128698150E-002
   233.521875000000         1.190438664507916E-002
   233.735625000000         1.288203129409892E-002
   233.949375000000         1.363993752535781E-002
   234.163125000000         1.415967414632367E-002
   234.376875000000         1.442686059351115E-002
   234.590625000000         1.443145383016580E-002
   234.804375000000         1.416791205387414E-002
   235.018125000000         1.363525274661643E-002
   235.231875000000         1.283702300079011E-002
   235.445625000000         1.178119790921744E-002
   235.659375000000         1.048001895070624E-002
   235.873125000000         8.949779708743603E-003
   236.086875000000         7.210561893563693E-003
   236.300625000000         5.285921316368755E-003
   236.514375000000         3.202521756289563E-003
   236.728125000000         9.897148165365012E-004
   236.941875000000        -1.320934195566757E-003
   237.155625000000        -3.696170990573290E-003
   237.369375000000        -6.101620112076491E-003
   237.583125000000        -8.502384131907429E-003
   237.796875000000        -1.086365896602388E-002
   238.010625000000        -1.315134777858335E-002
   238.224375000000        -1.533265534944319E-002
   238.438125000000        -1.737664600852388E-002
   238.651875000000        -1.925475114023128E-002
   238.865625000000        -2.094121641852248E-002
   239.079375000000        -2.241348373204780E-002
   239.293125000000        -2.365250747367304E-002
   239.506875000000        -2.464300877460983E-002
   239.720625000000        -2.537367374682223E-002
   239.934375000000        -2.583730245281045E-002
   240.148125000000        -2.603091402046506E-002
   240.361875000000        -2.595581024123858E-002
   240.575625000000        -2.561759560732933E-002
   240.789375000000        -2.502614677582160E-002
   241.003125000000        -2.419551976707160E-002
   241.216875000000        -2.314377972457655E-002
   241.430625000000        -2.189273661502941E-002
   241.644375000000        -2.046757145961005E-002
   241.858125000000        -1.889634188949100E-002
   242.071875000000        -1.720936297157150E-002
   242.285625000000        -1.543846892413551E-002
   242.499375000000        -1.361617273520277E-002
   242.713125000000        -1.177475270306377E-002
   242.926875000000        -9.945306234091740E-003
   243.140625000000        -8.156820487810735E-003
   243.354375000000        -6.435315368203154E-003
   243.568125000000        -4.803115871349619E-003
   243.781875000000        -3.278307226224609E-003
   243.995625000000        -1.874417388360734E-003
   244.209375000000        -6.003575715608502E-004
   244.423125000000         5.393665284513347E-004
   244.636875000000         1.544181022931975E-003
   244.850625000000         2.416737799831326E-003
   245.064375000000         3.162027439748756E-003
   245.278125000000         3.786380526910251E-003
   245.491875000000         4.296440144501583E-003
   245.705625000000         4.698195224996263E-003
   245.919375000000         4.996163721132467E-003
   246.133125000000         5.192805775898380E-003
   246.346875000000         5.288230426214244E-003
   246.560625000000         5.280235851299618E-003
   246.774375000000         5.164694459097700E-003
   246.988125000000         4.936262478055539E-003
   247.201875000000         4.589361897475350E-003
   247.415625000000         4.119353486973882E-003
   247.629375000000         3.523796073074877E-003
   247.843125000000         2.803671775985203E-003
   248.056875000000         1.964451441521953E-003
   248.270625000000         1.016880166339780E-003
   248.484375000000        -2.262022534463368E-005
   248.698125000000        -1.132007503352783E-003
   248.911875000000        -2.284173950527474E-003
   249.125625000000        -3.447997930173638E-003
   249.339375000000        -4.589846046564136E-003
   249.553125000000        -5.675437207104932E-003
   249.766875000000        -6.671942609794394E-003
   249.980625000000        -7.550167318653886E-003
   250.194375000000        -8.286642572508912E-003
   250.408125000000        -8.865455268046137E-003
   250.621875000000        -9.279652967773604E-003
   250.835625000000        -9.532088827726486E-003
   251.049375000000        -9.635609263814356E-003
   251.263125000000        -9.612535077789358E-003
   251.476875000000        -9.493440335346985E-003
   251.690625000000        -9.315288145957898E-003
   251.904375000000        -9.119034068764666E-003
   252.118125000000        -8.946851822472896E-003
   252.331875000000        -8.839168594168511E-003
   252.545625000000        -8.831715766329799E-003
   252.759375000000        -8.952803760884427E-003
   252.973125000000        -9.221016715125629E-003
   253.186875000000        -9.643494973193115E-003
   253.400625000000        -1.021493322728777E-002
   253.614375000000        -1.091737288145929E-002
   253.828125000000        -1.172081280336840E-002
   254.041875000000        -1.258460733111306E-002
   254.255625000000        -1.345956837627390E-002
   254.469375000000        -1.429064342708186E-002
   254.683125000000        -1.502000618206925E-002
   254.896875000000        -1.559037346109057E-002
   255.110625000000        -1.594835191987864E-002
   255.324375000000        -1.604762085645312E-002
   255.538125000000        -1.585177200936733E-002
   255.751875000000        -1.533665190092323E-002
   255.965625000000        -1.449208462316169E-002
   256.179375000000        -1.332289036581053E-002
   256.393125000000        -1.184915477507422E-002
   256.606875000000        -1.010574392748139E-002
   256.820625000000        -8.141097173928488E-003
   257.034375000000        -6.015363681295777E-003
   257.248125000000        -3.797976990773254E-003
   257.461875000000        -1.564784610680784E-003
   257.675625000000         6.051337463434810E-004
   257.889375000000         2.632815198957137E-003
   258.103125000000         4.442781387184277E-003
   258.316875000000         5.966277320567310E-003
   258.530625000000         7.144240359462423E-003
   258.744375000000         7.929869824482745E-003
   258.958125000000         8.290684001068563E-003
   259.171875000000         8.209972002243215E-003
   259.385625000000         7.687572654236060E-003
   259.599375000000         6.739940699341156E-003
   259.813125000000         5.399491370360870E-003
   260.026875000000         3.713246723792946E-003
   260.240625000000         1.740839702100137E-003
   260.454375000000        -4.480368226351656E-004
   260.668125000000        -2.776620493279830E-003
   260.881875000000        -5.164370334551350E-003
   261.095625000000        -7.530401817240170E-003
   261.309375000000        -9.796900489091553E-003
   261.523125000000        -1.189234786488340E-002
   261.736875000000        -1.375440177319698E-002
   261.950625000000        -1.533229089348776E-002
   262.164375000000        -1.658860899995316E-002
   262.378125000000        -1.750042706666864E-002
   262.591875000000        -1.805967896498625E-002
   262.805625000000        -1.827281669001024E-002
   263.019375000000        -1.815977135582047E-002
   263.233125000000        -1.775229403543160E-002
   263.446875000000        -1.709178349203794E-002
   263.660625000000        -1.622673389981638E-002
   263.874375000000        -1.520995323009862E-002
   264.088125000000        -1.409571113308829E-002
   264.301875000000        -1.293697359117032E-002
   264.515625000000        -1.178287073841334E-002
   264.729375000000        -1.067652503004442E-002
   264.943125000000        -9.653340924542828E-003
   265.156875000000        -8.739826318425230E-003
   265.370625000000        -7.952982294298406E-003
   265.584375000000        -7.300263523327433E-003
   265.798125000000        -6.780079034883450E-003
   266.011875000000        -6.382773932131346E-003
   266.225625000000        -6.092008553482238E-003
   266.439375000000        -5.886433693087886E-003
   266.653125000000        -5.741549467660530E-003
   266.866875000000        -5.631631445536209E-003
   267.080625000000        -5.531610483134295E-003
   267.294375000000        -5.418801699004877E-003
   267.508125000000        -5.274392199509531E-003
   267.721875000000        -5.084615376137573E-003
   267.935625000000        -4.841560523634891E-003
   268.149375000000        -4.543588853977751E-003
   268.363125000000        -4.195349433852301E-003
   268.576875000000        -3.807410008002646E-003
   268.790625000000        -3.395537117377721E-003
   269.004375000000        -2.979676612386380E-003
   269.218125000000        -2.582699042653977E-003
   269.431875000000        -2.228984124060802E-003
   269.645625000000        -1.942924372751092E-003
   269.859375000000        -1.747430039484077E-003
   270.073125000000        -1.662515784871758E-003
   270.286875000000        -1.704044311371237E-003
   270.500625000000        -1.882693691587125E-003
   270.714375000000        -2.203203749206176E-003
   270.928125000000        -2.663942966582647E-003
   271.141875000000        -3.256821489182261E-003
   271.355625000000        -3.967558429911139E-003
   271.569375000000        -4.776293494834570E-003
   271.783125000000        -5.658514700091238E-003
   271.996875000000        -6.586256460256927E-003
   272.210625000000        -7.529506499393979E-003
   272.424375000000        -8.457746792826520E-003
   272.638125000000        -9.341543986937562E-003
   272.851875000000        -1.015409926542682E-002
   273.065625000000        -1.087266706025901E-002
   273.279375000000        -1.147975672363489E-002
   273.493125000000        -1.196404135208352E-002
   273.706875000000        -1.232091309722886E-002
   273.920625000000        -1.255264384765103E-002
   274.134375000000        -1.266813310023726E-002
   274.348125000000        -1.268224982382329E-002
   274.561875000000        -1.261480058883937E-002
   274.775625000000        -1.248918050801606E-002
   274.989375000000        -1.233078492274534E-002
   275.203125000000        -1.216527673172414E-002
   275.416875000000        -1.201681551052966E-002
   275.630625000000        -1.190635920208226E-002
   275.844375000000        -1.185014670937525E-002
   276.058125000000        -1.185846022906620E-002
   276.271875000000        -1.193475016077580E-002
   276.485625000000        -1.207518390530797E-002
   276.699375000000        -1.226865420419185E-002
   276.913125000000        -1.249725453394807E-002
   277.126875000000        -1.273720027199222E-002
   277.340625000000        -1.296014674655243E-002
   277.554375000000        -1.313483062044738E-002
   277.768125000000        -1.322894087310729E-002
   277.981875000000        -1.321111116182728E-002
   278.195625000000        -1.305291740759344E-002
   278.409375000000        -1.273076348844170E-002
   278.623125000000        -1.222754392734660E-002
   278.836875000000        -1.153398500726489E-002
   279.050625000000        -1.064958402810996E-002
   279.264375000000        -9.583089310649821E-003
   279.478125000000        -8.352489670423974E-003
   279.691875000000        -6.984509881001948E-003
   279.905625000000        -5.513636489722947E-003
   280.119375000000        -3.980724620818141E-003
   280.333125000000        -2.431259582870899E-003
   280.546875000000        -9.133658609226551E-004
   280.760625000000         5.243306438313885E-004
   280.974375000000         1.834874191516084E-003
   281.188125000000         2.975071150297084E-003
   281.401875000000         3.907394854333604E-003
   281.615625000000         4.601607943843063E-003
   281.829375000000         5.036023983611089E-003
   282.043125000000         5.198351412960884E-003
   282.256875000000         5.086086761631361E-003
   282.470625000000         4.706449026903529E-003
   282.684375000000         4.075871578609723E-003
   282.898125000000         3.219090465364373E-003
   283.111875000000         2.167887266080225E-003
   283.325625000000         9.595596881359881E-004
   283.539375000000        -3.647966642463356E-004
   283.753125000000        -1.762106779986380E-003
   283.966875000000        -3.189146212208642E-003
   284.180625000000        -4.604298032239365E-003
   284.394375000000        -5.969160327199972E-003
   284.608125000000        -7.249938782548179E-003
   284.821875000000        -8.418571885951302E-003
   285.035625000000        -9.453550436908606E-003
   285.249375000000        -1.034040760902412E-002
   285.463125000000        -1.107187022055534E-002
   285.676875000000        -1.164767573892374E-002
   285.890625000000        -1.207407265300321E-002
   286.104375000000        -1.236303408049885E-002
   286.318125000000        -1.253122576419036E-002
   286.531875000000        -1.259877984226812E-002
   286.745625000000        -1.258793474449055E-002
   286.959375000000        -1.252160891282242E-002
   287.173125000000        -1.242198126529879E-002
   287.386875000000        -1.230915378778018E-002
   287.600625000000        -1.219997067529617E-002
   287.814375000000        -1.210706343593071E-002
   288.028125000000        -1.203818188082968E-002
   288.241875000000        -1.199585682602111E-002
   288.455625000000        -1.197742190961213E-002
   288.669375000000        -1.197539994385105E-002
   288.883125000000        -1.197823492633346E-002
   289.096875000000        -1.197132591336207E-002
   289.310625000000        -1.193829541032779E-002
   289.524375000000        -1.186240489434614E-002
   289.738125000000        -1.172801560615463E-002
   289.951875000000        -1.152198556650541E-002
   290.165625000000        -1.123489508074400E-002
   290.379375000000        -1.086200326416877E-002
   290.593125000000        -1.040385698204686E-002
   290.806875000000        -9.866499817711054E-003
   291.020625000000        -9.261260228844916E-003
   291.234375000000        -8.604132261748566E-003
   291.448125000000        -7.914796014116014E-003
   291.661875000000        -7.215355330822763E-003
   291.875625000000        -6.528894086548841E-003
   292.089375000000        -5.877967508717685E-003
   292.303125000000        -5.283149794887267E-003
   292.516875000000        -4.761753247608415E-003
   292.730625000000        -4.326817826122840E-003
   292.944375000000        -3.986444968379670E-003
   293.158125000000        -3.743518214819120E-003
   293.371875000000        -3.595818635953226E-003
   293.585625000000        -3.536508696976411E-003
   293.799375000000        -3.554927294736365E-003
   294.013125000000        -3.637614178017345E-003
   294.226875000000        -3.769466003407899E-003
   294.440625000000        -3.934920146513918E-003
   294.654375000000        -4.119066295678335E-003
   294.868125000000        -4.308598972898125E-003
   295.081875000000        -4.492544700335293E-003
   295.295625000000        -4.662723102315271E-003
   295.509375000000        -4.813928931917106E-003
   295.723125000000        -4.943848886647241E-003
   295.936875000000        -5.052750424742554E-003
   296.150625000000        -5.142997443497308E-003
   296.364375000000        -5.218458216710974E-003
   296.578125000000        -5.283873865884136E-003
   296.791875000000        -5.344251202771945E-003
   297.005625000000        -5.404333171147149E-003
   297.219375000000        -5.468185093937473E-003
   297.433125000000        -5.538917634010449E-003
   297.646875000000        -5.618550036149309E-003
   297.860625000000        -5.708001889551523E-003
   298.074375000000        -5.807189971073683E-003
   298.288125000000        -5.915199739430633E-003
   298.501875000000        -6.030499097574556E-003
   298.715625000000        -6.151164776022474E-003
   298.929375000000        -6.275098153139976E-003
   299.143125000000        -6.400216105351337E-003
   299.356875000000        -6.524611915944457E-003
   299.570625000000        -6.646689706551517E-003
   299.784375000000        -6.765281858869597E-003
   299.998125000000        -6.879761458236391E-003
   300.211875000000        -6.990160469793122E-003
   300.425625000000        -7.097299330873156E-003
   300.639375000000        -7.202925692285860E-003
   300.853125000000        -7.309850451658669E-003
   301.066875000000        -7.422059614289427E-003
   301.280625000000        -7.544772631537129E-003
   301.494375000000        -7.684413328938426E-003
   301.708125000000        -7.848459628850848E-003
   301.921875000000        -8.045143744900271E-003
   302.135625000000        -8.282985462681244E-003
   302.349375000000        -8.570156889359939E-003
   302.563125000000        -8.913696333381850E-003
   302.776875000000        -9.318609872234949E-003
   302.990625000000        -9.786919405969735E-003
   303.204375000000        -1.031673316036984E-002
   303.418125000000        -1.090142640719262E-002
   303.631875000000        -1.152902471439139E-002
   303.845625000000        -1.218187805881981E-002
   304.059375000000        -1.283670116144476E-002
   304.273125000000        -1.346503386991984E-002
   304.486875000000        -1.403414664133699E-002
   304.700625000000        -1.450838229708067E-002
   304.914375000000        -1.485088898058256E-002
   305.128125000000        -1.502566376550906E-002
   305.341875000000        -1.499979482885518E-002
   305.555625000000        -1.474576547845358E-002
   305.769375000000        -1.424366804104447E-002
   305.983125000000        -1.348317134378723E-002
   306.196875000000        -1.246509299617949E-002
   306.410625000000        -1.120244663215502E-002
   306.624375000000        -9.720863453102031E-003
   306.838125000000        -8.058324708210001E-003
   307.051875000000        -6.264184382684937E-003
   307.265625000000        -4.397506156850675E-003
   307.479375000000        -2.524782355348464E-003
   307.693125000000        -7.171420054753480E-004
   307.906875000000         9.528124191941463E-004
   308.120625000000         2.414376527956045E-003
   308.334375000000         3.602147577990137E-003
   308.548125000000         4.459281375092691E-003
   308.761875000000         4.940431751465438E-003
   308.975625000000         5.014219194302160E-003
   309.189375000000         4.665100375255803E-003
   309.403125000000         3.894541454794394E-003
   309.616875000000         2.721433051151795E-003
   309.830625000000         1.181721629453127E-003
   310.044375000000        -6.727311052426988E-004
   310.258125000000        -2.776014076953608E-003
   310.471875000000        -5.050679110805523E-003
   310.685625000000        -7.410792703943390E-003
   310.899375000000        -9.765397222075985E-003
   311.113125000000        -1.202223374667709E-002
   311.326875000000        -1.409156700669686E-002
   311.540625000000        -1.588994728691818E-002
   311.754375000000        -1.734374516687001E-002
   311.968125000000        -1.839230256774060E-002
   312.181875000000        -1.899055789176428E-002
   312.395625000000        -1.911102385115798E-002
   312.609375000000        -1.874502345139921E-002
   312.823125000000        -1.790312172702043E-002
   313.036875000000        -1.661472705554956E-002
   313.250625000000        -1.492687463781094E-002
   313.464375000000        -1.290224412704811E-002
   313.678125000000        -1.061650126136635E-002
   313.891875000000        -8.155087440699977E-003
   314.105625000000        -5.609609294862251E-003
   314.319375000000        -3.074000477762637E-003
   314.533125000000        -6.406387082053738E-004
   314.746875000000         1.603398417052214E-003
   314.960625000000         3.579765243242064E-003
   315.174375000000         5.221813672447395E-003
   315.388125000000         6.476966968702565E-003
   315.601875000000         7.308410873436492E-003
   315.815625000000         7.696049912881200E-003
   316.029375000000         7.636716868328269E-003
   316.243125000000         7.143662073664799E-003
   316.456875000000         6.245384003156730E-003
   316.670625000000         4.983891452233375E-003
   316.884375000000         3.412509028596321E-003
   317.098125000000         1.593350886696606E-003
   317.311875000000        -4.054074040039624E-004
   317.525625000000        -2.512331665219090E-003
   317.739375000000        -4.655488605614152E-003
   317.953125000000        -6.765058207228497E-003
   318.166875000000        -8.775712647650123E-003
   318.380625000000        -1.062869438516504E-002
   318.594375000000        -1.227354500749636E-002
   318.808125000000        -1.366945416994982E-002
   319.021875000000        -1.478621357668605E-002
   319.235625000000        -1.560477405752881E-002
   319.449375000000        -1.611741432032188E-002
   319.663125000000        -1.632753819139309E-002
   319.876875000000        -1.624912358499351E-002
   320.090625000000        -1.590585165502039E-002
   320.304375000000        -1.532994915060648E-002
   320.518125000000        -1.456078138025235E-002
   320.731875000000        -1.364323766661174E-002
   320.945625000000        -1.262595581440044E-002
   321.159375000000        -1.155943677907051E-002
   321.373125000000        -1.049410510419009E-002
   321.586875000000        -9.478374367084534E-003
   321.800625000000        -8.556779365988311E-003
   322.014375000000        -7.768237651641351E-003
   322.228125000000        -7.144501887558195E-003
   322.441875000000        -6.708861174647906E-003
   322.655625000000        -6.475143799496365E-003
   322.869375000000        -6.447065907153068E-003
   323.083125000000        -6.617960531827265E-003
   323.296875000000        -6.970909516520751E-003
   323.510625000000        -7.479287460717689E-003
   323.724375000000        -8.107712344912416E-003
   323.938125000000        -8.813382311926165E-003
   324.151875000000        -9.547762680798740E-003
   324.365625000000        -1.025857210063151E-002
   324.579375000000        -1.089200232955470E-002
   324.793125000000        -1.139509300994075E-002
   325.006875000000        -1.171817162447335E-002
   325.220625000000        -1.181726022876697E-002
   325.434375000000        -1.165634526132874E-002
   325.648125000000        -1.120940540984474E-002
   325.861875000000        -1.046209576438605E-002
   326.075625000000        -9.412994760946208E-003
   326.289375000000        -8.074333930238266E-003
   326.503125000000        -6.472149132986147E-003
   326.716875000000        -4.645815345240236E-003
   326.930625000000        -2.646954336105174E-003
   327.144375000000        -5.377345649625354E-004
   327.358125000000         1.611386198310724E-003
   327.571875000000         3.724394410622943E-003
   327.785625000000         5.722821148675237E-003
   327.999375000000         7.529076163629257E-003
   328.213125000000         9.069864493704864E-003
   328.426875000000         1.027952399294051E-002
   328.640625000000         1.110311993390165E-002
   328.854375000000         1.149913943574520E-002
   329.068125000000         1.144164375882133E-002
   329.281875000000         1.092175984124646E-002
   329.495625000000         9.948422671418189E-003
   329.709375000000         8.548315608687282E-003
   329.923125000000         6.764994686899033E-003
   330.136875000000         4.657223186788968E-003
   330.350625000000         2.296582223036584E-003
   330.564375000000        -2.355402773033326E-004
   330.778125000000        -2.851447871070335E-003
   330.991875000000        -5.460961119253802E-003
   331.205625000000        -7.975392034439656E-003
   331.419375000000        -1.031147924539427E-002
   331.633125000000        -1.239509457273324E-002
   331.846875000000        -1.416453954471344E-002
   332.060625000000        -1.557326690814307E-002
   332.274375000000        -1.659188683208825E-002
   332.488125000000        -1.720934937259225E-002
   332.701875000000        -1.743323267801920E-002
   332.915625000000        -1.728910889709109E-002
   333.129375000000        -1.681900507065647E-002
   333.343125000000        -1.607902247134543E-002
   333.556875000000        -1.513622273505681E-002
   333.770625000000        -1.406493040701343E-002
   333.984375000000        -1.294263686636344E-002
   334.198125000000        -1.184571774028404E-002
   334.411875000000        -1.084519283701048E-002
   334.625625000000        -1.000276266388613E-002
   334.839375000000        -9.367347641017211E-003
   335.053125000000        -8.972334755389874E-003
   335.266875000000        -8.833702018044452E-003
   335.480625000000        -8.949144965174407E-003
   335.694375000000        -9.298273752163242E-003
   335.908125000000        -9.843887124687298E-003
   336.121875000000        -1.053426439586300E-002
   336.335625000000        -1.130635266523826E-002
   336.549375000000        -1.208966822724049E-002
   336.763125000000        -1.281068264545642E-002
   336.976875000000        -1.339742905647632E-002
   337.190625000000        -1.378404585754229E-002
   337.404375000000        -1.391497489048735E-002
   337.618125000000        -1.374855013553158E-002
   337.831875000000        -1.325974994642555E-002
   338.045625000000        -1.244193876904434E-002
   338.259375000000        -1.130748959036652E-002
   338.473125000000        -9.887251530820679E-003
   338.686875000000        -8.228902791792088E-003
   338.900625000000        -6.394302089032403E-003
   339.114375000000        -4.456016393149219E-003
   339.328125000000        -2.493254520257328E-003
   339.541875000000        -5.874711376881437E-004
   339.755625000000         1.182078335000394E-003
   339.969375000000         2.742555519259633E-003
   340.183125000000         4.031276492650077E-003
