  -1.60312500000000        -6.131647673482289E-018
  -1.38937500000000        -6.121048375603304E-018
  -1.17562500000000        -4.740002301564456E-018
 -0.961875000000000         6.968556260017517E-018
 -0.748125000000000         7.133834604162711E-017
 -0.534375000000000         3.508324022957987E-016
 -0.320625000000000         1.370191508926226E-015
 -0.106875000000000         4.583572129622965E-015
  0.106875000000000         1.350592728779139E-014
  0.320625000000000         3.566591726565191E-014
  0.534375000000000         8.558428907067164E-014
  0.748125000000000         1.888574911464167E-013
  0.961875000000000         3.872522414248107E-013
   1.17562500000000         7.444931765491832E-013
   1.38937500000000         1.352187075731616E-012
   1.60312500000000         2.335057936333488E-012
   1.81687500000000         3.854591917767081E-012
   2.03062500000000         6.110147795597087E-012
   2.24437500000000         9.336724359387722E-012
   2.45812500000000         1.379896774764058E-011
   2.67187500000000         1.978136623580352E-011
   2.88562500000000         2.757509139074347E-011
   3.09937500000000         3.746244067274642E-011
   3.31312500000000         4.970036397310499E-011
   3.52687500000000         6.450466035514210E-011
   3.74062500000000         8.203682486346712E-011
   3.95437500000000         1.023949940689588E-010
   4.16812500000000         1.256105522802308E-010
   4.38187500000000         1.516507038289269E-010
   4.59562500000000         1.804271766826790E-010
   4.80937500000000         2.118103074582212E-010
   5.02312500000000         2.456466402472515E-010
   5.23687500000000         2.817783884208507E-010
   5.45062500000000         3.200622230687517E-010
   5.66437500000000         3.603853102361363E-010
   5.87812500000000         4.026769801293749E-010
   6.09187500000000         4.469147196199162E-010
   6.30562500000000         4.931244415229313E-010
   6.51937500000000         5.413754905075216E-010
   6.73312500000000         5.917715905027058E-010
   6.94687500000000         6.444399729523921E-010
   7.16062500000000         6.995202975323926E-010
   7.37437500000000         7.571556222529201E-010
   7.58812500000000         8.174867494709277E-010
   7.80187500000000         8.806508841681157E-010
   8.01562500000000         9.467847071508144E-010
   8.22937500000000         1.016031015120266E-009
   8.44312500000000         1.088547710894537E-009
   8.65687500000000         1.164517290029871E-009
   8.87062500000000         1.244155156011119E-009
   9.08437500000000         1.327714884202189E-009
   9.29812500000000         1.415489588029676E-009
   9.51187500000000         1.507808576147769E-009
   9.72562500000000         1.605029619401601E-009
   9.93937500000000         1.707527588198353E-009
   10.1531250000000         1.815680637565102E-009
   10.3668750000000         1.929855611822517E-009
   10.5806250000000         2.050394222895783E-009
   10.7943750000000         2.177601039550946E-009
   11.0081250000000         2.311734504001228E-009
   11.2218750000000         2.453001486898496E-009
   11.4356250000000         2.601555227690249E-009
   11.6493750000000         2.757496530358839E-009
   11.8631250000000         2.920877629220251E-009
   12.0768750000000         3.091708241250837E-009
   12.2906250000000         3.269963285632218E-009
   12.5043750000000         3.455591874103853E-009
   12.7181250000000         3.648527615670914E-009
   12.9318750000000         3.848699747015598E-009
   13.1456250000000         4.056045483215135E-009
   13.3593750000000         4.270523027856024E-009
   13.5731250000000         4.492124979074689E-009
   13.7868750000000         4.720891230597488E-009
   14.0006250000000         4.956920442233119E-009
   14.2143750000000         5.200378690340786E-009
   14.4281250000000         5.451504236763498E-009
   14.6418750000000         5.710607228862813E-009
   14.8556250000000         5.978063714407967E-009
   15.0693750000000         6.254304176944169E-009
   15.2831250000000         6.539797043402532E-009
   15.4968750000000         6.835028880930944E-009
   15.7106250000000         7.140482941595457E-009
   15.9243750000000         7.456618711545947E-009
   16.1381250000000         7.783854420559730E-009
   16.3518750000000         8.122554540202882E-009
   16.5656250000000         8.473023518291772E-009
   16.7793750000000         8.835506052103420E-009
   16.9931250000000         9.210193283634743E-009
   17.2068750000000         9.597233716938349E-009
   17.4206250000000         9.996746727685959E-009
   17.6343750000000         1.040883622430572E-008
   17.8481250000000         1.083360276253840E-008
   18.0618750000000         1.127115226823948E-008
   18.2756250000000         1.172160058982240E-008
   18.4893750000000         1.218507403233258E-008
   18.7031250000000         1.266170694900036E-008
   18.9168750000000         1.315163779716385E-008
   19.1306250000000         1.365500581835556E-008
   19.3443750000000         1.417195001246113E-008
   19.5581250000000         1.470261169436367E-008
   19.7718750000000         1.524714132647991E-008
   19.9856250000000         1.580570892083550E-008
   20.1993750000000         1.637851688749642E-008
   20.4131250000000         1.696581321737579E-008
   20.6268750000000         1.756790252423476E-008
   20.8406250000000         1.818515289115320E-008
   21.0543750000000         1.881799677419635E-008
   21.2681250000000         1.946692521722167E-008
   21.4818750000000         2.013247567138323E-008
   21.6956250000000         2.081521492448373E-008
   21.9093750000000         2.151571931690369E-008
   22.1231250000000         2.223455503817553E-008
   22.3368750000000         2.297226126566984E-008
   22.5506250000000         2.372933862587094E-008
   22.7643750000000         2.450624437778015E-008
   22.9781250000000         2.530339491714344E-008
   23.1918750000000         2.612117505785021E-008
   23.4056250000000         2.695995267820583E-008
   23.6193750000000         2.782009655203235E-008
   23.8331250000000         2.870199523171209E-008
   24.0468750000000         2.960607464294505E-008
   24.2606250000000         3.053281261912849E-008
   24.4743750000000         3.148274923154321E-008
   24.6881250000000         3.245649213548279E-008
   24.9018750000000         3.345471690685413E-008
   25.1156250000000         3.447816236552637E-008
   25.3293750000000         3.552762112404211E-008
   25.5431250000000         3.660392582426942E-008
   25.7568750000000         3.770793126978197E-008
   25.9706250000000         3.884049310503177E-008
   26.1843750000000         4.000244421083676E-008
   26.3981250000000         4.119457071002888E-008
   26.6118750000000         4.241758994214747E-008
   26.8256250000000         4.367213431960759E-008
   27.0393750000000         4.495874481866907E-008
   27.2531250000000         4.627787746134417E-008
   27.4668750000000         4.762992559671014E-008
   27.6806250000000         4.901525794952968E-008
   27.8943750000000         5.043426964854998E-008
   28.1081250000000         5.188743997903322E-008
   28.3218750000000         5.337538702152208E-008
   28.5356250000000         5.489890719953919E-008
   28.7493750000000         5.645898688525457E-008
   28.9631250000000         5.805677529759505E-008
   29.1768750000000         5.969351232549424E-008
   29.3906250000000         6.137041207669592E-008
   29.6043750000000         6.308851209269720E-008
   29.8181250000000         6.484850767724167E-008
   30.0318750000000         6.665059960316973E-008
   30.2456250000000         6.849438826038733E-008
   30.4593750000000         7.037884844790899E-008
   30.6731250000000         7.230241263807527E-008
   30.8868750000000         7.426317865171791E-008
   31.1006250000000         7.625923843766191E-008
   31.3143750000000         7.828910236782111E-008
   31.5281250000000         8.035216971803886E-008
   31.7418750000000         8.244917491791480E-008
   31.9556250000000         8.458252603863517E-008
   32.1693750000000         8.675644954693378E-008
   32.3831250000000         8.897686771056159E-008
   32.5968750000000         9.125096229013803E-008
   32.8106250000000         9.358641970159362E-008
   33.0243750000000         9.599040450544397E-008
   33.2381250000000         9.846836307708201E-008
   33.4518750000000         1.010228101368889E-007
   33.6656250000000         1.036522875483651E-007
   33.8793750000000         1.063506989299340E-007
   34.0931250000000         1.091072085466519E-007
   34.3068750000000         1.119068446376660E-007
   34.5206250000000         1.147318681700477E-007
   34.7343750000000         1.175638627803697E-007
   34.9481250000000         1.203863831757113E-007
   35.1618750000000         1.231878821611097E-007
   35.3756250000000         1.259645398459123E-007
   35.5893750000000         1.287225593288689E-007
   35.8031250000000         1.314794885378297E-007
   36.0168750000000         1.342641864389217E-007
   36.2306250000000         1.371151770464211E-007
   36.4443750000000         1.400773190857778E-007
   36.6581250000000         1.431969454651426E-007
   36.8718750000000         1.465158706751025E-007
   37.0856250000000         1.500648919396798E-007
   37.2993750000000         1.538575883484180E-007
   37.5131250000000         1.578853172422814E-007
   37.7268750000000         1.621142940677018E-007
   37.9406250000000         1.664855047704777E-007
   38.1543750000000         1.709179405702918E-007
   38.3681250000000         1.753152795381097E-007
   38.5818750000000         1.795757035842785E-007
   38.7956250000000         1.836040800537832E-007
   39.0093750000000         1.873253124056703E-007
   39.2231250000000         1.906973354688656E-007
   39.4368750000000         1.937220520814380E-007
   39.6506250000000         1.964525222936428E-007
   39.8643750000000         1.989949474088320E-007
   40.0781250000000         2.015044355108059E-007
   40.2918750000000         2.041741645665418E-007
   40.5056250000000         2.072183162368612E-007
   40.7193750000000         2.108499611378562E-007
   40.9331250000000         2.152558415275827E-007
   41.1468750000000         2.205706219470158E-007
   41.3606250000000         2.268535729078967E-007
   41.5743750000000         2.340707433751561E-007
   41.7881250000000         2.420854223703488E-007
   42.0018750000000         2.506590781003068E-007
   42.2156250000000         2.594640298887523E-007
   42.4293750000000         2.681079228521844E-007
   42.6431250000000         2.761687481402669E-007
   42.8568750000000         2.832378135456741E-007
   43.0706250000000         2.889668697800610E-007
   43.2843750000000         2.931146826152927E-007
   43.4981250000000         2.955878401525042E-007
   43.7118750000000         2.964705971487135E-007
   43.9256250000000         2.960391377178094E-007
   44.1393750000000         2.947567842600445E-007
   44.3531250000000         2.932483335973097E-007
   44.5668750000000         2.922537434262298E-007
   44.7806250000000         2.925636501723580E-007
   44.9943750000000         2.949414593153281E-007
   45.2081250000000         3.000387728350305E-007
   45.4218750000000         3.083124608379394E-007
   45.6356250000000         3.199525235700983E-007
   45.8493750000000         3.348298462826453E-007
   46.0631250000000         3.524719164475911E-007
   46.2768750000000         3.720725302703192E-007
   46.4906250000000         3.925385547718102E-007
   46.7043750000000         4.125731318369206E-007
   46.9181250000000         4.307906208355047E-007
   47.1318750000000         4.458544761420094E-007
   47.3456250000000         4.566256039471830E-007
   47.5593750000000         4.623060152616912E-007
   47.7731250000000         4.625612308689506E-007
   47.9868750000000         4.576052466067647E-007
   48.2006250000000         4.482341339861838E-007
   48.4143750000000         4.357985334770159E-007
   48.6281250000000         4.221111673351697E-007
   48.8418750000000         4.092925908719584E-007
   49.0556250000000         3.995660296727161E-007
   49.2693750000000         3.950194651130890E-007
   49.4831250000000         3.973591925904889E-007
   49.6968750000000         4.076829717599323E-007
   49.9106250000000         4.263018379755571E-007
   50.1243750000000         4.526371386483183E-007
   50.3381250000000         4.852132517042694E-007
   50.5518750000000         5.217570338907682E-007
   50.7656250000000         5.594030968783214E-007
   50.9793750000000         5.949907150427588E-007
   51.1931250000000         6.254250613103523E-007
   51.4068750000000         6.480642556351798E-007
   51.6206250000000         6.610860808824082E-007
   51.8343750000000         6.637856069936825E-007
   52.0481250000000         6.567583245298260E-007
   52.2618750000000         6.419330155548025E-007
   52.4756250000000         6.224339846668690E-007
   52.6893750000000         6.022721137127398E-007
   52.9031250000000         5.858864196415378E-007
   53.1168750000000         5.775797529076747E-007
   53.3306250000000         5.809110613788061E-007
   53.5443750000000         5.981194314974004E-007
   53.7581250000000         6.296595395093467E-007
   53.9718750000000         6.739226735725958E-007
   54.1856250000000         7.272017334042033E-007
   54.3993750000000         7.839334959639907E-007
   54.6131250000000         8.372192081353462E-007
   54.8268750000000         8.795886564431423E-007
   55.0406250000000         9.039375362985824E-007
   55.2543750000000         9.045378297336081E-007
   55.4681250000000         8.780004160476887E-007
   55.6818750000000         8.240618883137049E-007
   55.8956250000000         7.460757659784460E-007
   56.1093750000000         6.511124357293412E-007
   56.3231250000000         5.496106689907094E-007
   56.5368750000000         4.545729305067320E-007
   56.7506250000000         3.803516919599246E-007
   56.9643750000000         3.411282307574412E-007
   57.1781250000000         3.492321293076282E-007
   57.3918750000000         4.134825110848053E-007
   57.6056250000000         5.377458292042083E-007
   57.8193750000000         7.198966356097443E-007
   58.0331250000000         9.513366113861175E-007
   58.2468750000000         1.217175414415484E-006
   58.4606250000000         1.497109453724729E-006
   58.6743750000000         1.766958606547375E-006
   58.8881250000000         2.000744686078056E-006
   59.1018750000000         2.173128144624041E-006
   59.3156250000000         2.261969423337021E-006
   59.5293750000000         2.250755195575001E-006
   59.7431250000000         2.130631547420069E-006
   59.9568750000000         1.901816733111258E-006
   60.1706250000000         1.574222937968488E-006
   60.3843750000000         1.167193655322166E-006
   60.5981250000000         7.083524228794538E-007
   60.8118750000000         2.316497424154183E-007
   61.0256250000000        -2.252223997970796E-007
   61.2393750000000        -6.238144059629408E-007
   61.4531250000000        -9.280281594696201E-007
   61.6668750000000        -1.107068755839222E-006
   61.8806250000000        -1.137977341478731E-006
   62.0943750000000        -1.007531978395508E-006
   62.3081250000000        -7.133728764576542E-007
   62.5218750000000        -2.642897781381283E-007
   62.7356250000000         3.203075435437952E-007
   62.9493750000000         1.011640049296250E-006
   63.1631250000000         1.773378488596356E-006
   63.3768750000000         2.563843906989368E-006
   63.5906250000000         3.338395049149720E-006
   63.8043750000000         4.051825348419057E-006
   64.0181250000000         4.660629554595507E-006
   64.2318750000000         5.125049739990615E-006
   64.4456250000000         5.410862891935689E-006
   64.6593750000000         5.490917720320265E-006
   64.8731250000000         5.346458138530752E-006
   65.0868750000000         4.968279286903829E-006
   65.3006250000000         4.357746922594151E-006
   65.5143750000000         3.527674794708806E-006
   65.7281250000000         2.503003782834726E-006
   65.9418750000000         1.321171079104513E-006
   66.1556250000000         3.200959850048737E-008
   66.3693750000000        -1.303010559871887E-006
   66.5831250000000        -2.612384814594416E-006
   66.7968750000000        -3.817167962379781E-006
   67.0106250000000        -4.834628000327727E-006
   67.2243750000000        -5.582915950270893E-006
   67.4381250000000        -5.986570999330853E-006
   67.6518750000000        -5.982535559010434E-006
   67.8656250000000        -5.526221785906729E-006
   68.0793750000000        -4.597070568452863E-006
   68.2931250000000        -3.202995203173337E-006
   68.5068750000000        -1.383119630417877E-006
   68.7206250000000         7.916873177408549E-007
   68.9343750000000         3.220816206966780E-006
   69.1481250000000         5.778569311908229E-006
   69.3618750000000         8.321305006930117E-006
   69.5756250000000         1.069664077418730E-005
   69.7893750000000         1.275402458281020E-005
   70.0031250000000         1.435578184093019E-005
   70.2168750000000         1.538762661875446E-005
   70.4306250000000         1.576761327173933E-005
   70.6443750000000         1.545260835743161E-005
   70.8581250000000         1.444157940153403E-005
   71.0718750000000         1.277530865361329E-005
   71.2856250000000         1.053251512678417E-005
   71.4993750000000         7.822765219407026E-006
   71.7131250000000         4.776923603979196E-006
   71.9268750000000         1.536194343879755E-006
   72.1406250000000        -1.759014011631558E-006
   72.3543750000000        -4.979125772643854E-006
   72.5681250000000        -8.013181379937727E-006
   72.7818750000000        -1.077347769176329E-005
   72.9956250000000        -1.319656842609481E-005
   73.2093750000000        -1.524060071718953E-005
   73.4231250000000        -1.687946065642392E-005
   73.6368750000000        -1.809465859531538E-005
   73.8506250000000        -1.886624221213244E-005
   74.0643750000000        -1.916422973589841E-005
   74.2781250000000        -1.894207201776082E-005
   74.4918750000000        -1.813346751700475E-005
   74.7056250000000        -1.665348128692922E-005
   74.9193750000000        -1.440439542007083E-005
   75.1331250000000        -1.128610349336020E-005
   75.3468750000000        -7.210229790769536E-006
   75.5606250000000        -2.116586176877740E-006
   75.7743750000000         4.009847695022001E-006
   75.9881250000000         1.112345873291844E-005
   76.2018750000000         1.910606699449834E-005
   76.4156250000000         2.776026700051712E-005
   76.6293750000000         3.680927665099146E-005
   76.8431250000000         4.590383375900777E-005
   77.0568750000000         5.463588070101725E-005
   77.2706250000000         6.255796495310660E-005
   77.4843750000000         6.920655654305005E-005
   77.6981250000000         7.412693545102876E-005
   77.9118750000000         7.689700724229774E-005
   78.1256250000000         7.714741008518850E-005
   78.3393750000000         7.457559240205727E-005
   78.5531250000000         6.895214210232790E-005
   78.7668750000000         6.011847493321435E-005
   78.9806250000000         4.797595166935596E-005
   79.1943750000000         3.246748400189824E-005
   79.4081250000000         1.355359371489943E-005
   79.6218750000000        -8.814396513172774E-006
   79.8356250000000        -3.472092462321200E-005
   80.0493750000000        -6.430927949777889E-005
   80.2631250000000        -9.779823624973946E-005
   80.4768750000000        -1.354898167986993E-004
   80.6906250000000        -1.777665853885382E-004
   80.9043750000000        -2.250778942996462E-004
   81.1181250000000        -2.779155690839745E-004
   81.3318750000000        -3.367805512852935E-004
   81.5456250000000        -4.021428930832014E-004
   81.7593750000000        -4.743981352471486E-004
   81.9731250000000        -5.538234387087292E-004
   82.1868750000000        -6.405368571028832E-004
   82.4006250000000        -7.344628449940998E-004
   82.6143750000000        -8.353065394652486E-004
   82.8281250000000        -9.425386028069005E-004
   83.0418750000000        -1.055391559233450E-003
   83.2556250000000        -1.172867692231464E-003
   83.4693750000000        -1.293757778760540E-003
   83.6831250000000        -1.416669293772590E-003
   83.8968750000000        -1.540062272043201E-003
   84.1106250000000        -1.662290785755788E-003
   84.3243750000000        -1.781647979936037E-003
   84.5381250000000        -1.896412773693442E-003
   84.7518750000000        -2.004896634828628E-003
   84.9656250000000        -2.105489209414560E-003
   85.1793750000000        -2.196701974621684E-003
   85.3931250000000        -2.277209425779723E-003
   85.6068750000000        -2.345887562559830E-003
   85.8206250000000        -2.401849575269618E-003
   86.0343750000000        -2.444478639414223E-003
   86.2481250000000        -2.473457611017789E-003
   86.4618750000000        -2.488795197691684E-003
   86.6756250000000        -2.490847893138469E-003
   86.8893750000000        -2.480336644514447E-003
   87.1031250000000        -2.458356914236196E-003
   87.3168750000000        -2.426380540885848E-003
   87.5306250000000        -2.386247634915712E-003
   87.7443750000000        -2.340146696065626E-003
   87.9581250000000        -2.290581237423235E-003
   88.1718750000000        -2.240321466652829E-003
   88.3856250000000        -2.192340022548517E-003
   88.5993750000000        -2.149731401832287E-003
   88.8131250000000        -2.115615534842830E-003
   89.0268750000000        -2.093026965230120E-003
   89.2406250000000        -2.084792228385247E-003
   89.4543750000000        -2.093399257883039E-003
   89.6681250000000        -2.120863909556659E-003
   89.8818750000000        -2.168599888474460E-003
   90.0956250000000        -2.237299385568059E-003
   90.3093750000000        -2.326832455203117E-003
   90.5231250000000        -2.436173465833522E-003
   90.7368750000000        -2.563362714783020E-003
   90.9506250000000        -2.705510420179891E-003
   91.1643750000000        -2.858848732016734E-003
   91.3781250000000        -3.018835137448044E-003
   91.5918750000000        -3.180307734655134E-003
   91.8056250000000        -3.337689447550668E-003
   92.0193750000000        -3.485234552907500E-003
   92.2331250000000        -3.617307156133928E-003
   92.4468750000000        -3.728677790351049E-003
   92.6606250000000        -3.814821454488239E-003
   92.8743750000000        -3.872198469249472E-003
   93.0881250000000        -3.898498792386640E-003
   93.3018750000000        -3.892831099643001E-003
   93.5156250000000        -3.855840104943616E-003
   93.7293750000000        -3.789739238813595E-003
   93.9431250000000        -3.698250768803790E-003
   94.1568750000000        -3.586451438264877E-003
   94.3706250000000        -3.460528310997704E-003
   94.5843750000000        -3.327456240797316E-003
   94.7981250000000        -3.194614688618542E-003
   95.0118750000000        -3.069366935481942E-003
   95.2256250000000        -2.958628584247933E-003
   95.4393750000000        -2.868454204056183E-003
   95.6531250000000        -2.803670784973844E-003
   95.8668750000000        -2.767584248206087E-003
   96.0806250000000        -2.761780700963580E-003
   96.2943750000000        -2.786037727446334E-003
   96.5081250000000        -2.838353233651508E-003
   96.7218750000000        -2.915090816189481E-003
   96.9356250000000        -3.011231993468963E-003
   97.1493750000000        -3.120717637990496E-003
   97.3631250000000        -3.236854259861229E-003
   97.5768750000000        -3.352755991887038E-003
   97.7906250000000        -3.461790637233384E-003
   98.0043750000000        -3.557998184808325E-003
   98.2181250000000        -3.636452775844814E-003
   98.4318750000000        -3.693543992386399E-003
   98.6456250000000        -3.727160101537509E-003
   98.8593750000000        -3.736763926188263E-003
   99.0731250000000        -3.723360607286487E-003
   99.2868750000000        -3.689364911591194E-003
   99.5006250000000        -3.638383184732467E-003
   99.7143750000000        -3.574930910990667E-003
   99.9281250000000        -3.504110634974423E-003
   100.141875000000        -3.431276447099756E-003
   100.355625000000        -3.361710285892377E-003
   100.569375000000        -3.300332151129283E-003
   100.783125000000        -3.251461351961311E-003
   100.996875000000        -3.218639704421218E-003
   101.210625000000        -3.204520826160375E-003
   101.424375000000        -3.210823076549359E-003
   101.638125000000        -3.238337946002532E-003
   101.851875000000        -3.286981390772367E-003
   102.065625000000        -3.355873151267914E-003
   102.279375000000        -3.443428683985321E-003
   102.493125000000        -3.547449947152384E-003
   102.706875000000        -3.665204646617324E-003
   102.920625000000        -3.793488208847869E-003
   103.134375000000        -3.928668088946343E-003
   103.348125000000        -4.066715346383425E-003
   103.561875000000        -4.203233025735506E-003
   103.775625000000        -4.333494131474097E-003
   103.989375000000        -4.452503395336621E-003
   104.203125000000        -4.555096313144195E-003
   104.416875000000        -4.636086023799576E-003
   104.630625000000        -4.690463715104037E-003
   104.844375000000        -4.713651803422684E-003
   105.058125000000        -4.701801778567293E-003
   105.271875000000        -4.652121099837613E-003
   105.485625000000        -4.563206703548572E-003
   105.699375000000        -4.435357344088653E-003
   105.913125000000        -4.270833842174254E-003
   106.126875000000        -4.074035878890334E-003
   106.340625000000        -3.851566538387278E-003
   106.554375000000        -3.612161377958214E-003
   106.768125000000        -3.366467118900375E-003
   106.981875000000        -3.126665562648914E-003
   107.195625000000        -2.905950272474654E-003
   107.409375000000        -2.717875982440328E-003
   107.623125000000        -2.575612573479694E-003
   107.836875000000        -2.491145759565073E-003
   108.050625000000        -2.474474408272515E-003
   108.264375000000        -2.532858900164139E-003
   108.478125000000        -2.670175567103616E-003
   108.691875000000        -2.886428784516681E-003
   108.905625000000        -3.177464784938213E-003
   109.119375000000        -3.534920085892107E-003
   109.333125000000        -3.946423256000005E-003
   109.546875000000        -4.396052501759578E-003
   109.760625000000        -4.865034352198861E-003
   109.974375000000        -5.332651764428398E-003
   110.188125000000        -5.777314502428670E-003
   110.401875000000        -6.177731813093610E-003
   110.615625000000        -6.514118235792041E-003
   110.829375000000        -6.769358595388582E-003
   111.043125000000        -6.930058306836628E-003
   111.256875000000        -6.987410187541056E-003
   111.470625000000        -6.937818803594195E-003
   111.684375000000        -6.783237395736926E-003
   111.898125000000        -6.531189759569845E-003
   112.111875000000        -6.194468960544456E-003
   112.325625000000        -5.790525143131190E-003
   112.539375000000        -5.340574559949617E-003
   112.753125000000        -4.868479933988160E-003
   112.966875000000        -4.399467127453102E-003
   113.180625000000        -3.958753787625518E-003
   113.394375000000        -3.570171425863118E-003
   113.608125000000        -3.254862859104816E-003
   113.821875000000        -3.030132079583976E-003
   114.035625000000        -2.908513773121612E-003
   114.249375000000        -2.897115587249010E-003
   114.463125000000        -2.997268863925923E-003
   114.676875000000        -3.204504125435320E-003
   114.890625000000        -3.508847490821421E-003
   115.104375000000        -3.895414782291769E-003
   115.318125000000        -4.345262654227222E-003
   115.531875000000        -4.836441763307281E-003
   115.745625000000        -5.345186661669455E-003
   115.959375000000        -5.847171286471418E-003
   116.173125000000        -6.318757843700072E-003
   116.386875000000        -6.738170398585805E-003
   116.600625000000        -7.086532124212858E-003
   116.814375000000        -7.348716186773125E-003
   117.028125000000        -7.513973721814018E-003
   117.241875000000        -7.576317223910407E-003
   117.455625000000        -7.534652845637681E-003
   117.669375000000        -7.392669549475752E-003
   117.883125000000        -7.158505878767996E-003
   118.096875000000        -6.844225602887360E-003
   118.310625000000        -6.465141170217271E-003
   118.524375000000        -6.039028541953083E-003
   118.738125000000        -5.585278595532729E-003
   118.951875000000        -5.124029113328217E-003
   119.165625000000        -4.675317822691777E-003
   119.379375000000        -4.258291565692777E-003
   119.593125000000        -3.890500056411395E-003
   119.806875000000        -3.587295445295642E-003
   120.020625000000        -3.361351625298765E-003
   120.234375000000        -3.222310368441488E-003
   120.448125000000        -3.176555342754436E-003
   120.661875000000        -3.227110064637590E-003
   120.875625000000        -3.373651993291260E-003
   121.089375000000        -3.612632252946486E-003
   121.303125000000        -3.937488756676091E-003
   121.516875000000        -4.338939614505033E-003
   121.730625000000        -4.805343414032195E-003
   121.944375000000        -5.323113036411422E-003
   122.158125000000        -5.877169913246595E-003
   122.371875000000        -6.451425888857114E-003
   122.585625000000        -7.029280039045849E-003
   122.799375000000        -7.594117891719206E-003
   123.013125000000        -8.129800539709067E-003
   123.226875000000        -8.621131225580163E-003
   123.440625000000        -9.054287236720117E-003
   123.654375000000        -9.417205509047673E-003
   123.868125000000        -9.699911315490604E-003
   124.081875000000        -9.894780889246731E-003
   124.295625000000        -9.996730825153793E-003
   124.509375000000        -1.000332957400519E-002
   124.723125000000        -9.914829187077820E-003
   124.936875000000        -9.734118515604033E-003
   125.150625000000        -9.466602113513304E-003
   125.364375000000        -9.120011901630171E-003
   125.578125000000        -8.704161002931031E-003
   125.791875000000        -8.230650858933042E-003
   126.005625000000        -7.712543651278379E-003
   126.219375000000        -7.164012120751131E-003
   126.433125000000        -6.599978126302943E-003
   126.646875000000        -6.035749835599274E-003
   126.860625000000        -5.486665481561080E-003
   127.074375000000        -4.967749411223766E-003
   127.288125000000        -4.493383980481708E-003
   127.501875000000        -4.076998995963910E-003
   127.715625000000        -3.730779122197608E-003
   127.929375000000        -3.465389138669747E-003
   128.143125000000        -3.289717233442826E-003
   128.356875000000        -3.210637633590406E-003
   128.570625000000        -3.232795660330448E-003
   128.784375000000        -3.358420517231457E-003
   128.998125000000        -3.587173451476204E-003
   129.211875000000        -3.916041002261309E-003
   129.425625000000        -4.339284492767203E-003
   129.639375000000        -4.848457397217630E-003
   129.853125000000        -5.432501467855890E-003
   130.066875000000        -6.077930400178011E-003
   130.280625000000        -6.769106351210172E-003
   130.494375000000        -7.488609958378564E-003
   130.708125000000        -8.217698933505664E-003
   130.921875000000        -8.936844248095955E-003
   131.135625000000        -9.626326889218237E-003
   131.349375000000        -1.026687269661195E-002
   131.563125000000        -1.084029842500497E-002
   131.776875000000        -1.133013937888063E-002
   131.990625000000        -1.172222809355189E-002
   132.204375000000        -1.200519478693464E-002
   132.418125000000        -1.217086370367374E-002
   132.631875000000        -1.221452485385274E-002
   132.845625000000        -1.213506767151333E-002
   133.059375000000        -1.193497129039298E-002
   133.273125000000        -1.162015484935460E-002
   133.486875000000        -1.119969982827421E-002
   133.700625000000        -1.068546419940095E-002
   133.914375000000        -1.009161453134110E-002
   134.128125000000        -9.434106577124931E-003
   134.341875000000        -8.730146935962460E-003
   134.555625000000        -7.997667902831927E-003
   134.769375000000        -7.254844613780230E-003
   134.983125000000        -6.519678264792361E-003
   135.196875000000        -5.809661927935724E-003
   135.410625000000        -5.141536876069987E-003
   135.624375000000        -4.531138049568322E-003
   135.838125000000        -3.993318125476883E-003
   136.051875000000        -3.541931372356342E-003
   136.265625000000        -3.189851844300502E-003
   136.479375000000        -2.948996137714328E-003
   136.693125000000        -2.830319402146304E-003
   136.906875000000        -2.843754857873489E-003
   137.120625000000        -2.998071787290282E-003
   137.334375000000        -3.300634637095024E-003
   137.548125000000        -3.757056037919357E-003
   137.761875000000        -4.370748520581341E-003
   137.975625000000        -5.142392583366759E-003
   138.189375000000        -6.069351495594805E-003
   138.403125000000        -7.145074688170544E-003
   138.616875000000        -8.358540671935430E-003
   138.830625000000        -9.693796132122144E-003
   139.044375000000        -1.112964935860791E-002
   139.258125000000        -1.263957295029566E-002
   139.471875000000        -1.419186258522943E-002
   139.685625000000        -1.575008577155096E-002
   139.899375000000        -1.727383748709547E-002
   140.113125000000        -1.871979946211204E-002
   140.326875000000        -2.004307787937251E-002
   140.540625000000        -2.119877202845189E-002
   140.754375000000        -2.214370566530455E-002
   140.968125000000        -2.283823521220171E-002
   141.181875000000        -2.324803607282354E-002
   141.395625000000        -2.334576154922006E-002
   141.609375000000        -2.311246905424988E-002
   141.823125000000        -2.253871594623867E-002
   142.036875000000        -2.162524224977481E-002
   142.250625000000        -2.038317907332296E-002
   142.464375000000        -1.883374845205140E-002
   142.678125000000        -1.700745092468191E-002
   142.891875000000        -1.494276933502889E-002
   143.105625000000        -1.268444886812982E-002
   143.319375000000        -1.028144189276146E-002
   143.533125000000        -7.784629641423279E-003
   143.746875000000        -5.244449292814055E-003
   143.960625000000        -2.708563281392774E-003
   144.174375000000        -2.197068845519686E-004
   144.388125000000         2.186159768681093E-003
   144.601875000000         4.481287582923085E-003
   144.815625000000         6.647080381215214E-003
   145.029375000000         8.674492239029725E-003
   145.243125000000         1.056386441859873E-002
   145.456875000000         1.232422166366036E-002
   145.670625000000         1.397208161807314E-002
   145.884375000000         1.552986114644552E-002
   146.098125000000         1.702398729129160E-002
   146.311875000000         1.848283690003595E-002
   146.525625000000         1.993463658595435E-002
   146.739375000000         2.140545329799723E-002
   146.953125000000         2.291739568840895E-002
   147.166875000000         2.448712864381042E-002
   147.380625000000         2.612477929259449E-002
   147.594375000000         2.783328444365107E-002
   147.808125000000         2.960819892837663E-002
   148.021875000000         3.143795396646067E-002
   148.235625000000         3.330452661057695E-002
   148.449375000000         3.518445743258562E-002
   148.663125000000         3.705013537529377E-002
   148.876875000000         3.887125708528619E-002
   149.090625000000         4.061636348108862E-002
   149.304375000000         4.225435865044509E-002
   149.518125000000         4.375592474287175E-002
   149.731875000000         4.509476022390305E-002
   149.945625000000         4.624858626058929E-002
   150.159375000000         4.719988550709064E-002
   150.373125000000         4.793635751228712E-002
   150.586875000000         4.845109384094230E-002
   150.800625000000         4.874249247689354E-002
   151.014375000000         4.881394417470876E-002
   151.228125000000         4.867333254164130E-002
   151.441875000000         4.833239456460309E-002
   151.655625000000         4.780598923346062E-002
   151.869375000000         4.711131937228795E-002
   152.083125000000         4.626714654812338E-002
   152.296875000000         4.529303191126181E-002
   152.510625000000         4.420862800969610E-002
   152.724375000000         4.303303893527437E-002
   152.938125000000         4.178425937660593E-002
   153.151875000000         4.047869783403193E-002
   153.365625000000         3.913078569697551E-002
   153.579375000000         3.775267212464124E-002
   153.793125000000         3.635400448477757E-002
   154.006875000000         3.494179506029010E-002
   154.220625000000         3.352037625457406E-002
   154.434375000000         3.209144797400787E-002
   154.648125000000         3.065422162082895E-002
   154.861875000000         2.920566467304208E-002
   155.075625000000         2.774084781040260E-002
   155.289375000000         2.625339283477860E-002
   155.503125000000         2.473601433908113E-002
   155.716875000000         2.318114155024971E-002
   155.930625000000         2.158159956655185E-002
   156.144375000000         1.993132204111521E-002
   156.358125000000         1.822606102811686E-002
   156.571875000000         1.646405499938686E-002
   156.785625000000         1.464661366165669E-002
   156.999375000000         1.277857869109358E-002
   157.213125000000         1.086862314604245E-002
   157.426875000000         8.929359130744673E-003
   157.640625000000         6.977232969708357E-003
   157.854375000000         5.032199131963415E-003
   158.068125000000         3.117177586751052E-003
   158.281875000000         1.257313169155706E-003
   158.495625000000        -5.209312106180712E-004
   158.709375000000        -2.190804149831826E-003
   158.923125000000        -3.726365921667798E-003
   159.136875000000        -5.103601623291098E-003
   159.350625000000        -6.301488201104903E-003
   159.564375000000        -7.302958784017134E-003
   159.778125000000        -8.095714090749903E-003
   159.991875000000        -8.672840255143843E-003
   160.205625000000        -9.033204398119520E-003
   160.419375000000        -9.181612638200805E-003
   160.633125000000        -9.128728858325132E-003
   160.846875000000        -8.890765345087899E-003
   161.060625000000        -8.488967433715102E-003
   161.274375000000        -7.948922804209807E-003
   161.488125000000        -7.299731654846074E-003
   161.701875000000        -6.573076531647053E-003
   161.915625000000        -5.802230342993803E-003
   162.129375000000        -5.021038542091912E-003
   162.343125000000        -4.262907323366248E-003
   162.556875000000        -3.559824760144866E-003
   162.770625000000        -2.941436909180266E-003
   162.984375000000        -2.434196705095803E-003
   163.198125000000        -2.060600440787038E-003
   163.411875000000        -1.838524987008179E-003
   163.625625000000        -1.780678564082038E-003
   163.839375000000        -1.894178485932604E-003
   164.053125000000        -2.180270279650370E-003
   164.266875000000        -2.634203242139668E-003
   164.480625000000        -3.245277108647631E-003
   164.694375000000        -3.997072450254676E-003
   164.908125000000        -4.867873262257244E-003
   165.121875000000        -5.831283806322638E-003
   165.335625000000        -6.857033304404738E-003
   165.549375000000        -7.911952055650538E-003
   165.763125000000        -8.961091745533533E-003
   165.976875000000        -9.968952125086680E-003
   166.190625000000        -1.090076692895096E-002
   166.404375000000        -1.172379490190503E-002
   166.618125000000        -1.240855797037933E-002
   166.831875000000        -1.292996850127257E-002
   167.045625000000        -1.326829144782825E-002
   167.259375000000        -1.340989480941053E-002
   167.473125000000        -1.334775266668037E-002
   167.686875000000        -1.308167821568098E-002
   167.900625000000        -1.261827861689487E-002
   168.114375000000        -1.197063791321483E-002
   168.328125000000        -1.115774761821736E-002
   168.541875000000        -1.020371587617813E-002
   168.755625000000        -9.136794673290571E-003
   168.969375000000        -7.988270107200841E-003
   169.183125000000        -6.791263233112514E-003
   169.396875000000        -5.579488861474344E-003
   169.610625000000        -4.386017496385860E-003
   169.824375000000        -3.242082124744058E-003
   170.038125000000        -2.175967551935195E-003
   170.251875000000        -1.212016070298022E-003
   170.465625000000        -3.697798566849701E-004
   170.679375000000         3.366522538153522E-004
   170.893125000000         8.991282738051894E-004
   171.106875000000         1.315683839234183E-003
   171.320625000000         1.590550290272851E-003
   171.534375000000         1.733904609834739E-003
   171.748125000000         1.761352456926734E-003
   171.961875000000         1.693144868627966E-003
   172.175625000000         1.553141335145767E-003
   172.389375000000         1.367546585925568E-003
   172.603125000000         1.163464799465832E-003
   172.816875000000         9.673318589729072E-004
   173.030625000000         8.033021598005579E-004
   173.244375000000         6.916795658548050E-004
   173.458125000000         6.474906275431816E-004
   173.671875000000         6.793005250906679E-004
   173.885625000000         7.883672026670920E-004
   174.099375000000         9.682162072961896E-004
   174.313125000000         1.204697947894631E-003
   174.526875000000         1.476561317462092E-003
   174.740625000000         1.756544494807488E-003
   174.954375000000         2.012947524135222E-003
   175.168125000000         2.211614691988196E-003
   175.381875000000         2.318220747106792E-003
   175.595625000000         2.300726573216853E-003
   175.809375000000         2.131849654279520E-003
   176.023125000000         1.791384631986550E-003
   176.236875000000         1.268210743297691E-003
   176.450625000000         5.618363302618349E-004
   176.664375000000        -3.166446419003287E-004
   176.878125000000        -1.344274551679689E-003
   177.091875000000        -2.486680999925257E-003
   177.305625000000        -3.699254425992638E-003
   177.519375000000        -4.929008497260376E-003
   177.733125000000        -6.117031783424253E-003
   177.946875000000        -7.201399248573710E-003
   178.160625000000        -8.120380506911728E-003
   178.374375000000        -8.815760783203331E-003
   178.588125000000        -9.236081476141226E-003
   178.801875000000        -9.339610624960165E-003
   179.015625000000        -9.096869005801610E-003
   179.229375000000        -8.492563775378858E-003
   179.443125000000        -7.526816568312158E-003
   179.656875000000        -6.215614245360608E-003
   179.870625000000        -4.590455268389014E-003
   180.084375000000        -2.697210032299524E-003
   180.298125000000        -5.942566169801280E-004
   180.511875000000         1.650008162397363E-003
   180.725625000000         3.960150877245456E-003
   180.939375000000         6.257021859488543E-003
   181.153125000000         8.461244673294219E-003
   181.366875000000         1.049670074680932E-002
   181.580625000000         1.229383962713684E-002
   181.794375000000         1.379265815676207E-002
   182.008125000000         1.494521200162769E-002
   182.221875000000         1.571754897640482E-002
   182.435625000000         1.609098393059911E-002
   182.649375000000         1.606266793343709E-002
   182.863125000000         1.564543849929281E-002
   183.076875000000         1.486697108887414E-002
   183.290625000000         1.376828369915288E-002
   183.504375000000         1.240167477676535E-002
   183.718125000000         1.082819889709316E-002
   183.931875000000         9.114803777059692E-003
   184.145625000000         7.331265562550331E-003
   184.359375000000         5.547066482105443E-003
   184.573125000000         3.828359629399284E-003
   184.786875000000         2.235159794925928E-003
   185.000625000000         8.188871195052954E-004
   185.214375000000        -3.796276490533462E-004
   185.428125000000        -1.331590623251188E-003
   185.641875000000        -2.021086531539169E-003
   185.855625000000        -2.445286460040284E-003
   186.069375000000        -2.614024867971848E-003
   186.283125000000        -2.548780622811222E-003
   186.496875000000        -2.281126470775593E-003
   186.710625000000        -1.850737607225137E-003
   186.924375000000        -1.303071339915719E-003
   187.138125000000        -6.868449838607044E-004
   187.351875000000        -5.144716556590564E-005
   187.565625000000         5.555818595514466E-004
   187.779375000000         1.090872493942120E-003
   187.993125000000         1.517236717625772E-003
   188.206875000000         1.805274341063545E-003
   188.420625000000         1.934506877194296E-003
   188.634375000000         1.894000148309612E-003
   188.848125000000         1.682466941980911E-003
   189.061875000000         1.307870655023729E-003
   189.275625000000         7.865780484601489E-004
   189.489375000000         1.421323246099918E-004
   189.703125000000        -5.962645954565662E-004
   189.916875000000        -1.395460376336252E-003
   190.130625000000        -2.220146359452551E-003
   190.344375000000        -3.034634779671426E-003
   190.558125000000        -3.804524779969176E-003
   190.771875000000        -4.498176519868635E-003
   190.985625000000        -5.087930363810376E-003
   191.199375000000        -5.551028467679815E-003
   191.413125000000        -5.870217541432804E-003
   191.626875000000        -6.034032664647570E-003
   191.840625000000        -6.036781409253959E-003
   192.054375000000        -5.878264030971986E-003
   192.268125000000        -5.563278252340644E-003
   192.481875000000        -5.100965608595254E-003
   192.695625000000        -4.504060216048855E-003
   192.909375000000        -3.788100213423534E-003
   193.123125000000        -2.970657362981298E-003
   193.336875000000        -2.070631962716696E-003
   193.550625000000        -1.107649084786932E-003
   193.764375000000        -1.015791249725103E-004
   193.978125000000         9.278082912986658E-004
   194.191875000000         1.961061838910402E-003
   194.405625000000         2.979155006228216E-003
   194.619375000000         3.963509905559365E-003
   194.833125000000         4.895974694464950E-003
   195.046875000000         5.758795542717393E-003
   195.260625000000         6.534624919764933E-003
   195.474375000000         7.206604874477156E-003
   195.688125000000         7.758557035507267E-003
   195.901875000000         8.175300656007934E-003
   196.115625000000         8.443106812187852E-003
   196.329375000000         8.550281742592139E-003
   196.543125000000         8.487856392340483E-003
   196.756875000000         8.250343756153279E-003
   196.970625000000         7.836511910821490E-003
   197.184375000000         7.250109974267738E-003
   197.398125000000         6.500477771581635E-003
   197.611875000000         5.602968637834390E-003
   197.825625000000         4.579119122215790E-003
   198.039375000000         3.456509553027834E-003
   198.253125000000         2.268275202278160E-003
   198.466875000000         1.052248411832926E-003
   198.680625000000        -1.502636698375187E-004
   198.894375000000        -1.296034698142097E-003
   199.108125000000        -2.341750386532464E-003
   199.321875000000        -3.246032762390536E-003
   199.535625000000        -3.971553565003655E-003
   199.749375000000        -4.487117277741088E-003
   199.963125000000        -4.769585755335928E-003
   200.176875000000        -4.805516103647687E-003
   200.390625000000        -4.592391959036607E-003
   200.604375000000        -4.139345547475116E-003
   200.818125000000        -3.467293187836539E-003
   201.031875000000        -2.608438927332839E-003
   201.245625000000        -1.605137896998593E-003
   201.459375000000        -5.081504513417489E-004
   201.673125000000         6.256423783949101E-004
   201.886875000000         1.735954831060435E-003
   202.100625000000         2.762105044790322E-003
   202.314375000000         3.646153889803232E-003
   202.528125000000         4.335997330388778E-003
   202.741875000000         4.788232305755551E-003
   202.955625000000         4.970624225017175E-003
   203.169375000000         4.864023524593857E-003
   203.383125000000         4.463608357780410E-003
   203.596875000000         3.779368660613500E-003
   203.810625000000         2.835791216554077E-003
   204.024375000000         1.670753095141695E-003
   204.238125000000         3.336788478764830E-004
   204.451875000000        -1.116938081998344E-003
   204.665625000000        -2.616510174012180E-003
   204.879375000000        -4.097656826864049E-003
   205.093125000000        -5.493641720397268E-003
   205.306875000000        -6.741749011247446E-003
   205.520625000000        -7.786405690259019E-003
   205.734375000000        -8.581874506891195E-003
   205.948125000000        -9.094369950496695E-003
   206.161875000000        -9.303486899458108E-003
   206.375625000000        -9.202875121894064E-003
   206.589375000000        -8.800139831795496E-003
   206.803125000000        -8.115995773511278E-003
   207.016875000000        -7.182746670184160E-003
   207.230625000000        -6.042200446522471E-003
   207.444375000000        -4.743161020353086E-003
   207.658125000000        -3.338657889721591E-003
   207.871875000000        -1.883084212646978E-003
   208.085625000000        -4.294123730628343E-004
   208.299375000000         9.733562804254625E-004
   208.513125000000         2.282372468690350E-003
   208.726875000000         3.462644833513194E-003
   208.940625000000         4.488198939115092E-003
   209.154375000000         5.342654727454799E-003
   209.368125000000         6.019224838466516E-003
   209.581875000000         6.520171049096579E-003
   209.795625000000         6.855786564516578E-003
   210.009375000000         7.042996340255361E-003
   210.223125000000         7.103684864390296E-003
   210.436875000000         7.062870272412463E-003
   210.650625000000         6.946845236795102E-003
   210.864375000000         6.781399204461845E-003
   211.078125000000         6.590224114793049E-003
   211.291875000000         6.393587922267630E-003
   211.505625000000         6.207338507055619E-003
   211.719375000000         6.042276443729051E-003
   211.933125000000         5.903910193989797E-003
   212.146875000000         5.792583104782844E-003
   212.360625000000         5.703939491985430E-003
   212.574375000000         5.629678228289152E-003
   212.788125000000         5.558527537643092E-003
   213.001875000000         5.477364755622048E-003
   213.215625000000         5.372399982392232E-003
   213.429375000000         5.230342878079939E-003
   213.643125000000         5.039477093333843E-003
   213.856875000000         4.790576493006735E-003
   214.070625000000         4.477610687673807E-003
   214.284375000000         4.098203510886739E-003
   214.498125000000         3.653825896759006E-003
   214.711875000000         3.149722958257027E-003
   214.925625000000         2.594592749524162E-003
   215.139375000000         2.000050066475259E-003
   215.353125000000         1.379921665364658E-003
   215.566875000000         7.494286131403197E-004
   215.780625000000         1.243165326003694E-004
   215.994375000000        -4.800050195396983E-004
   216.208125000000        -1.049256854179112E-003
   216.421875000000        -1.570969124530363E-003
   216.635625000000        -2.035007555175725E-003
   216.849375000000        -2.433923495592024E-003
   217.063125000000        -2.763119546524361E-003
   217.276875000000        -3.020837554473173E-003
   217.490625000000        -3.207989369270244E-003
   217.704375000000        -3.327861721332544E-003
   217.918125000000        -3.385733947432439E-003
   218.131875000000        -3.388450462904858E-003
   218.345625000000        -3.343988637571072E-003
   218.559375000000        -3.261057315690114E-003
   218.773125000000        -3.148752290151453E-003
   218.986875000000        -3.016283636276376E-003
   219.200625000000        -2.872777248519788E-003
   219.414375000000        -2.727140670970551E-003
   219.628125000000        -2.587972834647369E-003
   219.841875000000        -2.463489915602397E-003
   220.055625000000        -2.361436203474756E-003
   220.269375000000        -2.288950185465591E-003
   220.483125000000        -2.252362059347289E-003
   220.696875000000        -2.256909104234016E-003
   220.910625000000        -2.306368760681340E-003
   221.124375000000        -2.402624477304824E-003
   221.338125000000        -2.545194654521737E-003
   221.551875000000        -2.730768526197335E-003
   221.765625000000        -2.952802814430715E-003
   221.979375000000        -3.201237992326562E-003
   222.193125000000        -3.462391962600020E-003
   222.406875000000        -3.719081455327870E-003
   222.620625000000        -3.951007673113459E-003
   222.834375000000        -4.135423541851487E-003
   223.048125000000        -4.248076844631710E-003
   223.261875000000        -4.264398493391780E-003
   223.475625000000        -4.160880500294246E-003
   223.689375000000        -3.916566209007703E-003
   223.903125000000        -3.514558252341869E-003
   224.116875000000        -2.943439368448945E-003
   224.330625000000        -2.198498928210089E-003
   224.544375000000        -1.282664401894405E-003
   224.758125000000        -2.070518575799621E-004
   224.971875000000         1.008927992972465E-003
   225.185625000000         2.337943320714186E-003
   225.399375000000         3.745597253381273E-003
   225.613125000000         5.191736059947888E-003
   225.826875000000         6.632146961853971E-003
   226.040625000000         8.020554930784308E-003
   226.254375000000         9.310805757245542E-003
   226.468125000000         1.045910835459047E-002
   226.681875000000         1.142620372578829E-002
   226.895625000000         1.217933157449382E-002
   227.109375000000         1.269387777931387E-002
   227.323125000000         1.295460580770550E-002
   227.536875000000         1.295640102468688E-002
   227.750625000000         1.270448677499325E-002
   227.964375000000         1.221410291243336E-002
   228.178125000000         1.150966893203705E-002
   228.391875000000         1.062348300270840E-002
   228.605625000000         9.594033274116669E-003
   228.819375000000         8.464017517201239E-003
   229.033125000000         7.278180588176604E-003
   229.246875000000         6.081085988667106E-003
   229.460625000000         4.914937981627293E-003
   229.674375000000         3.817564751583639E-003
   229.888125000000         2.820661711337972E-003
   230.101875000000         1.948378213798082E-003
   230.315625000000         1.216311711428886E-003
   230.529375000000         6.309519477126499E-004
   230.743125000000         1.895951774146627E-004
   230.956875000000        -1.192742576005875E-004
   231.170625000000        -3.151594710425123E-004
   231.384375000000        -4.243282580771984E-004
   231.598125000000        -4.782542254264843E-004
   231.811875000000        -5.117986615215254E-004
   232.025625000000        -5.612210662560835E-004
   232.239375000000        -6.621134430483300E-004
   232.453125000000        -8.473564963477577E-004
   232.666875000000        -1.145194671129705E-003
   232.880625000000        -1.577521563142610E-003
   233.094375000000        -2.158457826215779E-003
   233.308125000000        -2.893290678110793E-003
   233.521875000000        -3.777827993775749E-003
   233.735625000000        -4.798201456735224E-003
   233.949375000000        -5.931133119525029E-003
   234.163125000000        -7.144658890999937E-003
   234.376875000000        -8.399281850239620E-003
   234.590625000000        -9.649508802822195E-003
   234.804375000000        -1.084570600718658E-002
   235.018125000000        -1.193619526770581E-002
   235.231875000000        -1.286950024262526E-002
   235.445625000000        -1.359664531589559E-002
   235.659375000000        -1.407340602800781E-002
   235.873125000000        -1.426241097606339E-002
   236.086875000000        -1.413500023659226E-002
   236.300625000000        -1.367275454296310E-002
   236.514375000000        -1.286862233177758E-002
   236.728125000000        -1.172758790452989E-002
   236.941875000000        -1.026684276443328E-002
   237.155625000000        -8.515443012112217E-003
   237.369375000000        -6.513457750108957E-003
   237.583125000000        -4.310635900428369E-003
   237.796875000000        -1.964640755153400E-003
   238.010625000000         4.610780178475765E-004
   238.224375000000         2.899687293831650E-003
   238.438125000000         5.283546278052064E-003
   238.651875000000         7.546842998976913E-003
   238.865625000000         9.628174289608103E-003
   239.079375000000         1.147295252949478E-002
   239.293125000000         1.303552868080391E-002
   239.506875000000         1.428093308335146E-002
   239.720625000000         1.518615263163224E-002
   239.934375000000         1.574088455605406E-002
   240.148125000000         1.594773197745305E-002
   240.361875000000         1.582183336044069E-002
   240.575625000000         1.538994546251607E-002
   240.789375000000         1.468902581666965E-002
   241.003125000000         1.376438471234554E-002
   241.216875000000         1.266749674176432E-002
   241.430625000000         1.145357721001931E-002
   241.644375000000         1.017903835687162E-002
   241.858125000000         8.898944066235858E-003
   242.071875000000         7.664579580509536E-003
   242.285625000000         6.521245068898993E-003
   242.499375000000         5.506369384078874E-003
   242.713125000000         4.648023849128563E-003
   242.926875000000         3.963896436901524E-003
   243.140625000000         3.460765264856625E-003
   243.354375000000         3.134487925657933E-003
   243.568125000000         2.970500720959872E-003
   243.781875000000         2.944800167631783E-003
   243.995625000000         3.025358895599791E-003
   244.209375000000         3.173909851946693E-003
   244.423125000000         3.348017095027680E-003
   244.636875000000         3.503338891847049E-003
   244.850625000000         3.595979786803483E-003
   245.064375000000         3.584823236783762E-003
   245.278125000000         3.433735716808559E-003
   245.491875000000         3.113537226130922E-003
   245.705625000000         2.603642066654969E-003
   245.919375000000         1.893287621151775E-003
   246.133125000000         9.822873561786639E-004
   246.346875000000        -1.187331796102318E-004
   246.560625000000        -1.388632937643840E-003
   246.774375000000        -2.796572623523365E-003
   246.988125000000        -4.303312957499616E-003
   247.201875000000        -5.862927990204547E-003
   247.415625000000        -7.424844503967836E-003
   247.629375000000        -8.936100468389014E-003
   247.843125000000        -1.034370383204929E-002
   248.056875000000        -1.159696861216978E-002
   248.270625000000        -1.264970873308058E-002
   248.484375000000        -1.346218118076483E-002
   248.698125000000        -1.400268796452865E-002
   248.911875000000        -1.424876970250541E-002
   249.125625000000        -1.418795050108106E-002
   249.339375000000        -1.381802200763955E-002
   249.553125000000        -1.314688181963015E-002
   249.766875000000        -1.219196570141963E-002
   249.980625000000        -1.097933250785769E-002
   250.194375000000        -9.542474073891825E-003
   250.408125000000        -7.920928976850355E-003
   250.621875000000        -6.158779075724341E-003
   250.835625000000        -4.303101805878156E-003
   251.049375000000        -2.402440645157730E-003
   251.263125000000        -5.053426529648491E-004
   251.476875000000         1.341002606762783E-003
   251.690625000000         3.092002272570691E-003
   251.904375000000         4.706768503435427E-003
   252.118125000000         6.149094837739622E-003
   252.331875000000         7.388303352888770E-003
   252.545625000000         8.399965107319400E-003
   252.759375000000         9.166492567227780E-003
   252.973125000000         9.677596545250142E-003
   253.186875000000         9.930593059274385E-003
   253.400625000000         9.930539058700758E-003
   253.614375000000         9.690171703045205E-003
   253.828125000000         9.229625088960042E-003
   254.041875000000         8.575901847195318E-003
   254.255625000000         7.762085161311555E-003
   254.469375000000         6.826289187199573E-003
   254.683125000000         5.810361694167689E-003
   254.896875000000         4.758370639750087E-003
   255.110625000000         3.714924633499601E-003
   255.324375000000         2.723393996184789E-003
   255.538125000000         1.824112594303688E-003
   255.751875000000         1.052649293959056E-003
   255.965625000000         4.382406216267955E-004
   256.179375000000         2.472469942671474E-006
   256.393125000000        -2.417115299322078E-004
   256.606875000000        -2.906134133564778E-004
   256.820625000000        -1.499552798087098E-004
   257.034375000000         1.653921742732025E-004
   257.248125000000         6.321185593651992E-004
   257.461875000000         1.219586934913207E-003
   257.675625000000         1.891295507947484E-003
   257.889375000000         2.606613528105995E-003
   258.103125000000         3.322703286166882E-003
   258.316875000000         3.996532025644851E-003
   258.530625000000         4.586875326306040E-003
   258.744375000000         5.056216871146321E-003
   258.958125000000         5.372457831095028E-003
   259.171875000000         5.510361468227917E-003
   259.385625000000         5.452673865185784E-003
   259.599375000000         5.190878775062941E-003
   259.813125000000         4.725562344612562E-003
   260.026875000000         4.066380929089073E-003
   260.240625000000         3.231641627122687E-003
   260.454375000000         2.247519986404787E-003
   260.668125000000         1.146952257629498E-003
   260.881875000000        -3.174951295902831E-005
   261.095625000000        -1.246502346260939E-003
   261.309375000000        -2.453212938409287E-003
   261.523125000000        -3.607624626175962E-003
   261.736875000000        -4.667177937098469E-003
   261.950625000000        -5.592810421658903E-003
   262.164375000000        -6.350621955031166E-003
   262.378125000000        -6.913334462133634E-003
   262.591875000000        -7.261480366144531E-003
   262.805625000000        -7.384262276558960E-003
   263.019375000000        -7.280037716047822E-003
   263.233125000000        -6.956397062291217E-003
   263.446875000000        -6.429820135748063E-003
   263.660625000000        -5.724916487854785E-003
   263.874375000000        -4.873275613051650E-003
   264.088125000000        -3.911974900696322E-003
   264.301875000000        -2.881813795329677E-003
   264.515625000000        -1.825360833598208E-003
   264.729375000000        -7.849144386059582E-004
   264.943125000000         1.995128331862923E-004
   265.156875000000         1.092074615054338E-003
   265.370625000000         1.862728609869506E-003
   265.584375000000         2.488537404510615E-003
   265.798125000000         2.954556988012460E-003
   266.011875000000         3.254263083909981E-003
   266.225625000000         3.389495067874133E-003
   266.439375000000         3.369929117296578E-003
   266.653125000000         3.212123913400598E-003
   266.866875000000         2.938211164496898E-003
   267.080625000000         2.574327037813079E-003
   267.294375000000         2.148897224663208E-003
   267.508125000000         1.690896326352789E-003
   267.721875000000         1.228200764554878E-003
   267.935625000000         7.861435382104836E-004
   268.149375000000         3.863597580121363E-004
   268.363125000000         4.598565604911164E-005
   268.576875000000        -2.227570045767850E-004
   268.790625000000        -4.125917768384455E-004
   269.004375000000        -5.208657787831615E-004
   269.218125000000        -5.489350905013493E-004
   269.431875000000        -5.013383415244729E-004
   269.645625000000        -3.848527199482867E-004
   269.859375000000        -2.075307014164448E-004
   270.073125000000         2.218938927462646E-005
   270.286875000000         2.962195492502363E-004
   270.500625000000         6.073461733805110E-004
   270.714375000000         9.495085408632070E-004
   270.928125000000         1.317825671125544E-003
   271.141875000000         1.708392332313200E-003
   271.355625000000         2.117888576946462E-003
   271.569375000000         2.543065331192583E-003
   271.783125000000         2.980179681340277E-003
   271.996875000000         3.424456741317894E-003
   272.210625000000         3.869650319447567E-003
   272.424375000000         4.307762788667888E-003
   272.638125000000         4.728967038952382E-003
   272.851875000000         5.121752095516422E-003
   273.065625000000         5.473291149373821E-003
   273.279375000000         5.770008642305547E-003
   273.493125000000         5.998303765249098E-003
   273.706875000000         6.145372970376315E-003
   273.920625000000         6.200065030729680E-003
   274.134375000000         6.153699356609353E-003
   274.348125000000         6.000781612045578E-003
   274.561875000000         5.739559506052730E-003
   274.775625000000         5.372374831968196E-003
   274.989375000000         4.905783946607139E-003
   275.203125000000         4.350436326112908E-003
   275.416875000000         3.720718040431304E-003
   275.630625000000         3.034182565780796E-003
   275.844375000000         2.310804214747272E-003
   276.058125000000         1.572098889166273E-003
   276.271875000000         8.401625317462935E-004
   276.485625000000         1.366796248230460E-004
   276.699375000000        -5.180472688364750E-004
   276.913125000000        -1.106000007364375E-003
   277.126875000000        -1.612238576536163E-003
   277.340625000000        -2.025552496000599E-003
   277.554375000000        -2.338944320811494E-003
   277.768125000000        -2.549927561494639E-003
   277.981875000000        -2.660628928537646E-003
   278.195625000000        -2.677691858470700E-003
   278.409375000000        -2.611984776346582E-003
   278.623125000000        -2.478123593112363E-003
   278.836875000000        -2.293823690227122E-003
   279.050625000000        -2.079102273121992E-003
   279.264375000000        -1.855357585948675E-003
   279.478125000000        -1.644357071328191E-003
   279.691875000000        -1.467171991446057E-003
   279.905625000000        -1.343101015455136E-003
   280.119375000000        -1.288629405795031E-003
   280.333125000000        -1.316473190835942E-003
   280.546875000000        -1.434758541157635E-003
   280.760625000000        -1.646384946751561E-003
   280.974375000000        -1.948616297117210E-003
   281.188125000000        -2.332936340270079E-003
   281.401875000000        -2.785194215123104E-003
   281.615625000000        -3.286052063180160E-003
   281.829375000000        -3.811730672312327E-003
   282.043125000000        -4.335031516404391E-003
   282.256875000000        -4.826595508678242E-003
   282.470625000000        -5.256341547021206E-003
   282.684375000000        -5.595012854075841E-003
   282.898125000000        -5.815747544186263E-003
   283.111875000000        -5.895582986937354E-003
   283.325625000000        -5.816802327049123E-003
   283.539375000000        -5.568036537215646E-003
   283.753125000000        -5.145046741658998E-003
   283.966875000000        -4.551128861315814E-003
   284.180625000000        -3.797104983943907E-003
   284.394375000000        -2.900891858330131E-003
   284.608125000000        -1.886664758460208E-003
   284.821875000000        -7.836626013469719E-004
   285.035625000000         3.752945301953082E-004
   285.249375000000         1.555483488042367E-003
   285.463125000000         2.722045239202167E-003
   285.676875000000         3.841727611553663E-003
   285.890625000000         4.884491477285271E-003
   286.104375000000         5.824878064296920E-003
   286.318125000000         6.643052689826971E-003
   286.531875000000         7.325464275191594E-003
   286.745625000000         7.865088622239908E-003
   286.959375000000         8.261254290727785E-003
   287.173125000000         8.519080479671820E-003
   287.386875000000         8.648584071246922E-003
   287.600625000000         8.663535678047965E-003
   287.814375000000         8.580160335954415E-003
   288.028125000000         8.415786220124294E-003
   288.241875000000         8.187543972220690E-003
   288.455625000000         7.911210214250376E-003
   288.669375000000         7.600272608908182E-003
   288.883125000000         7.265272037680032E-003
   289.096875000000         6.913452177909346E-003
   289.310625000000         6.548720276765433E-003
   289.524375000000         6.171897565705274E-003
   289.738125000000         5.781215653472015E-003
   289.951875000000         5.372998108390365E-003
   290.165625000000         4.942455488651167E-003
   290.379375000000         4.484517883068925E-003
   290.593125000000         3.994631528977088E-003
   290.806875000000         3.469454629475889E-003
   291.020625000000         2.907400953574853E-003
   291.234375000000         2.308996665767094E-003
   291.448125000000         1.677034396042117E-003
   291.661875000000         1.016527099768936E-003
   291.875625000000         3.344811722266006E-004
   292.089375000000        -3.604777594508409E-004
   292.303125000000        -1.058582918867463E-003
   292.516875000000        -1.749459358949195E-003
   292.730625000000        -2.422661959249710E-003
   292.944375000000        -3.068172036653826E-003
   293.158125000000        -3.676813406027565E-003
   293.371875000000        -4.240558879276501E-003
   293.585625000000        -4.752710226337288E-003
   293.799375000000        -5.207947440025902E-003
   294.013125000000        -5.602255663444807E-003
   294.226875000000        -5.932749359316301E-003
   294.440625000000        -6.197422381164136E-003
   294.654375000000        -6.394858896656656E-003
   294.868125000000        -6.523943185232743E-003
   295.081875000000        -6.583605992473377E-003
   295.295625000000        -6.572641417627223E-003
   295.509375000000        -6.489621514193560E-003
   295.723125000000        -6.332926387903227E-003
   295.936875000000        -6.100896265042510E-003
   296.150625000000        -5.792099619405015E-003
   296.364375000000        -5.405698947657613E-003
   296.578125000000        -4.941884193478284E-003
   296.791875000000        -4.402334162590761E-003
   297.005625000000        -3.790659491576851E-003
   297.219375000000        -3.112777627226797E-003
   297.433125000000        -2.377171401262535E-003
   297.646875000000        -1.594988403471122E-003
   297.860625000000        -7.799483592678986E-004
   298.074375000000         5.196039270072067E-005
   298.288125000000         8.829973413945565E-004
   298.501875000000         1.694382543218824E-003
   298.715625000000         2.467170172516700E-003
   298.929375000000         3.183229978346199E-003
   299.143125000000         3.826269483522688E-003
   299.356875000000         4.382820220698780E-003
   299.570625000000         4.843107734423476E-003
   299.784375000000         5.201728290271769E-003
   299.998125000000         5.458065453238332E-003
   300.211875000000         5.616396517302996E-003
   300.425625000000         5.685661124381455E-003
   300.639375000000         5.678890645288431E-003
   300.853125000000         5.612324873125156E-003
   301.066875000000         5.504269866986046E-003
   301.280625000000         5.373774868171892E-003
   301.494375000000         5.239224741710206E-003
   301.708125000000         5.116955424127150E-003
   301.921875000000         5.020002048608477E-003
   302.135625000000         4.957082208758897E-003
   302.349375000000         4.931900512304827E-003
   302.563125000000         4.942836334161170E-003
   302.776875000000         4.983046457412923E-003
   302.990625000000         5.040980664246622E-003
   303.204375000000         5.101274266863732E-003
   303.418125000000         5.145950118625737E-003
   303.631875000000         5.155836695828642E-003
   303.845625000000         5.112090793293409E-003
   304.059375000000         4.997704917473398E-003
   304.273125000000         4.798881382566631E-003
   304.486875000000         4.506167234087883E-003
   304.700625000000         4.115265290784653E-003
   304.914375000000         3.627464804199650E-003
   305.128125000000         3.049667821526019E-003
   305.341875000000         2.394021243363492E-003
   305.555625000000         1.677196645321059E-003
   305.769375000000         9.193872554633530E-004
   305.983125000000         1.431116335155217E-004
   306.196875000000        -6.280750875740505E-004
   306.410625000000        -1.370859831399657E-003
   306.624375000000        -2.063345223897361E-003
   306.838125000000        -2.686039411306583E-003
   307.051875000000        -3.222605610161608E-003
   307.265625000000        -3.660341257082707E-003
   307.479375000000        -3.990384037801166E-003
   307.693125000000        -4.207667772610872E-003
   307.906875000000        -4.310672575164780E-003
   308.120625000000        -4.301028868867172E-003
   308.334375000000        -4.183042450891416E-003
   308.548125000000        -3.963207389460086E-003
   308.761875000000        -3.649765542216183E-003
   308.975625000000        -3.252357108050196E-003
   309.189375000000        -2.781787737787300E-003
   309.403125000000        -2.249916633868226E-003
   309.616875000000        -1.669649251431093E-003
   309.830625000000        -1.055000073843472E-003
   310.044375000000        -4.211775377656337E-004
   310.258125000000         2.153639603537739E-004
   310.471875000000         8.369601188158236E-004
   310.685625000000         1.424908953308168E-003
   310.899375000000         1.959813873465174E-003
   311.113125000000         2.422113893805169E-003
   311.326875000000         2.792795794415973E-003
   311.540625000000         3.054260763738065E-003
   311.754375000000         3.191297280688512E-003
   311.968125000000         3.192094899420222E-003
   312.181875000000         3.049221991854263E-003
   312.395625000000         2.760485642740492E-003
   312.609375000000         2.329594382901242E-003
   312.823125000000         1.766554185757663E-003
   313.036875000000         1.087744354177823E-003
   313.250625000000         3.156412087839903E-004
   313.464375000000        -5.218179754178142E-004
   313.678125000000        -1.392212647607591E-003
   313.891875000000        -2.259915457390891E-003
   314.105625000000        -3.087603064464758E-003
   314.319375000000        -3.837919913512354E-003
   314.533125000000        -4.475202692815541E-003
   314.746875000000        -4.967168966344272E-003
   314.960625000000        -5.286476028170298E-003
   315.174375000000        -5.412064908212605E-003
   315.388125000000        -5.330218696226961E-003
   315.601875000000        -5.035282602818700E-003
   315.815625000000        -4.530013863066688E-003
   316.029375000000        -3.825551054151178E-003
   316.243125000000        -2.941013065263963E-003
   316.456875000000        -1.902756462393989E-003
   316.670625000000        -7.433352878085461E-004
   316.884375000000         4.997812364701537E-004
   317.098125000000         1.785670326598896E-003
   317.311875000000         3.071530495976292E-003
   317.525625000000         4.314303825018352E-003
   317.739375000000         5.472282943626618E-003
   317.953125000000         6.506645248842433E-003
   318.166875000000         7.382863384113899E-003
   318.380625000000         8.071948080391264E-003
   318.594375000000         8.551486560447354E-003
   318.808125000000         8.806446514748132E-003
   319.021875000000         8.829722083536369E-003
   319.235625000000         8.622404453175777E-003
   319.449375000000         8.193765883530003E-003
   319.663125000000         7.560952598641978E-003
   319.876875000000         6.748389358868926E-003
   320.090625000000         5.786906953004150E-003
   320.304375000000         4.712613388519128E-003
   320.518125000000         3.565540065894483E-003
   320.731875000000         2.388105288065110E-003
   320.945625000000         1.223448419874076E-003
   321.159375000000         1.136980190431050E-004
   321.373125000000        -9.017546618985484E-004
   321.586875000000        -1.787900234713013E-003
   321.800625000000        -2.515595840628833E-003
   322.014375000000        -3.062815010004295E-003
   322.228125000000        -3.415595605206124E-003
   322.441875000000        -3.568631228569802E-003
   322.655625000000        -3.525468178822447E-003
   322.869375000000        -3.298290059491017E-003
   323.083125000000        -2.907294246149938E-003
   323.296875000000        -2.379687123808494E-003
   323.510625000000        -1.748346711105344E-003
   323.724375000000        -1.050220420374200E-003
   323.938125000000        -3.245408591926726E-004
   324.151875000000         3.890473429310711E-004
   324.365625000000         1.052352402271692E-003
   324.579375000000         1.630396390241400E-003
   324.793125000000         2.092984354153837E-003
   325.006875000000         2.416006166975025E-003
   325.220625000000         2.582412462210451E-003
   325.434375000000         2.582825547026916E-003
   325.648125000000         2.415767098232867E-003
   325.861875000000         2.087505307686662E-003
   326.075625000000         1.611543652703155E-003
   326.289375000000         1.007790539098488E-003
   326.503125000000         3.014629018897501E-004
   326.716875000000        -4.782130298043019E-004
   326.930625000000        -1.299434361947538E-003
   327.144375000000        -2.129315665811495E-003
   327.358125000000        -2.935373733960929E-003
   327.571875000000        -3.686936119840604E-003
   327.785625000000        -4.356413148659657E-003
   327.999375000000        -4.920381594664658E-003
   328.213125000000        -5.360438231354929E-003
   328.426875000000        -5.663792572420256E-003
   328.640625000000        -5.823579996848308E-003
   328.854375000000        -5.838888804775552E-003
   329.068125000000        -5.714507307968587E-003
   329.281875000000        -5.460409520909575E-003
   329.495625000000        -5.091010024217592E-003
   329.709375000000        -4.624229676404267E-003
   329.923125000000        -4.080423521107354E-003
   330.136875000000        -3.481229878012985E-003
   330.350625000000        -2.848404598907305E-003
   330.564375000000        -2.202706240929878E-003
   330.778125000000        -1.562896000985735E-003
   330.991875000000        -9.449104083264720E-004
   331.205625000000        -3.612549907529216E-004
   331.419375000000         1.793462695469155E-004
   331.633125000000         6.720272432626565E-004
   331.846875000000         1.115581650239483E-003
   332.060625000000         1.512009819188217E-003
   332.274375000000         1.865847802160180E-003
   332.488125000000         2.183332849367347E-003
   332.701875000000         2.471472157036565E-003
   332.915625000000         2.737089997859668E-003
   333.129375000000         2.985930953298123E-003
   333.343125000000         3.221893539793580E-003
   333.556875000000         3.446459099944375E-003
   333.770625000000         3.658365972611975E-003
   333.984375000000         3.853559708587937E-003
   334.198125000000         4.025427921111349E-003
   334.411875000000         4.165305012017374E-003
   334.625625000000         4.263209404326018E-003
   334.839375000000         4.308755934912844E-003
   335.053125000000         4.292170426091839E-003
   335.266875000000         4.205323531329079E-003
   335.480625000000         4.042697638570814E-003
   335.694375000000         3.802204261091668E-003
   335.908125000000         3.485779706089966E-003
   336.121875000000         3.099703068650411E-003
   336.335625000000         2.654601434607768E-003
   336.549375000000         2.165130887217506E-003
   336.763125000000         1.649346564312011E-003
   336.976875000000         1.127798610841501E-003
   337.190625000000         6.224115404382673E-004
   337.404375000000         1.552206645932938E-004
   337.618125000000        -2.529503090552060E-004
   337.831875000000        -5.837823366136316E-004
   338.045625000000        -8.226390026090987E-004
   338.259375000000        -9.595521250335272E-004
   338.473125000000        -9.899513965054129E-004
   338.686875000000        -9.150920176817239E-004
   338.900625000000        -7.421542320980392E-004
   339.114375000000        -4.840094245858928E-004
   339.328125000000        -1.586674706053692E-004
   339.541875000000         2.115620083913629E-004
   339.755625000000         6.011469473309753E-004
   339.969375000000         9.825900337781838E-004
   340.183125000000         1.327800047270703E-003
