  -1.60312500000000         3.493839336119723E-024
  -1.38937500000000         5.737056359558415E-022
  -1.17562500000000         5.235529595826407E-021
 -0.961875000000000         2.952472749895363E-020
 -0.748125000000000         1.298350733952865E-019
 -0.534375000000000         4.773773109591075E-019
 -0.320625000000000         1.511903903828614E-018
 -0.106875000000000         4.200927824089997E-018
  0.106875000000000         1.039380842358267E-017
  0.320625000000000         2.321356219350641E-017
  0.534375000000000         4.740440633922034E-017
  0.748125000000000         8.955902193076534E-017
  0.961875000000000         1.581621358594598E-016
   1.17562500000000         2.633878294713630E-016
   1.38937500000000         4.165644649606454E-016
   1.60312500000000         6.292523401325299E-016
   1.81687500000000         9.119287584346515E-016
   2.03062500000000         1.272327726766435E-015
   2.24437500000000         1.713620935416851E-015
   2.45812500000000         2.232645619911790E-015
   2.67187500000000         2.818446802499571E-015
   2.88562500000000         3.451397134621216E-015
   3.09937500000000         4.103146205728315E-015
   3.31312500000000         4.737531773941425E-015
   3.52687500000000         5.312481603788639E-015
   3.74062500000000         5.782812412976200E-015
   3.95437500000000         6.103685202163202E-015
   4.16812500000000         6.234289414853189E-015
   4.38187500000000         6.141311678279885E-015
   4.59562500000000         5.801849501746077E-015
   4.80937500000000         5.205203550774305E-015
   5.02312500000000         4.353356768282873E-015
   5.23687500000000         3.260078617200361E-015
   5.45062500000000         1.948720420486465E-015
   5.66437500000000         4.491320578675367E-016
   5.87812500000000        -1.205910088556465E-015
   6.09187500000000        -2.984137158464346E-015
   6.30562500000000        -4.856508962303490E-015
   6.51937500000000        -6.798916723805341E-015
   6.73312500000000        -8.792431284912400E-015
   6.94687500000000        -1.082220103656412E-014
   7.16062500000000        -1.287524287603537E-014
   7.37437500000000        -1.493755345850540E-014
   7.58812500000000        -1.699119380172468E-014
   7.80187500000000        -1.901184149274554E-014
   8.01562500000000        -2.096747617173734E-014
   8.22937500000000        -2.281849096139830E-014
   8.44312500000000        -2.451928360022636E-014
   8.65687500000000        -2.602113726636477E-014
   8.87062500000000        -2.727599437774259E-014
   9.08437500000000        -2.824044483110763E-014
   9.29812500000000        -2.887928243021360E-014
   9.51187500000000        -2.916808251202589E-014
   9.72562500000000        -2.909432599418170E-014
   9.93937500000000        -2.865701060076724E-014
   10.1531250000000        -2.786484495443533E-014
   10.3668750000000        -2.673342335986351E-014
   10.5806250000000        -2.528209767895668E-014
   10.7943750000000        -2.353110537938204E-014
   11.0081250000000        -2.149946774121767E-014
   11.2218750000000        -1.920413613954013E-014
   11.4356250000000        -1.666043050541107E-014
   11.6493750000000        -1.388351878236312E-014
   11.8631250000000        -1.089043522528815E-014
   12.0768750000000        -7.702023350086257E-015
   12.2906250000000        -4.344105911380306E-015
   12.5043750000000        -8.472886892288777E-016
   12.7181250000000         2.754805350331926E-015
   12.9318750000000         6.428901683566074E-015
   13.1456250000000         1.014662754754026E-014
   13.3593750000000         1.388951486722030E-014
   13.5731250000000         1.765355673787569E-014
   13.7868750000000         2.145240676656154E-014
   14.0006250000000         2.531845735886142E-014
   14.2143750000000         2.930135767114664E-014
   14.4281250000000         3.346396699345379E-014
   14.6418750000000         3.787606767550116E-014
   14.8556250000000         4.260671377020052E-014
   15.0693750000000         4.771625619779245E-014
   15.2831250000000         5.324917690874665E-014
   15.4968750000000         5.922873360552663E-014
   15.7106250000000         6.565420002566780E-014
   15.9243750000000         7.250100761408544E-014
   16.1381250000000         7.972359548938655E-014
   16.3518750000000         8.726050347196696E-014
   16.5656250000000         9.504076384540911E-014
   16.7793750000000         1.029905578610869E-013
   16.9931250000000         1.110392582269519E-013
   17.2068750000000         1.191240364841919E-013
   17.4206250000000         1.271925130820372E-013
   17.6343750000000         1.352035753073037E-013
   17.8481250000000         1.431266507005010E-013
   18.0618750000000         1.509399588701621E-013
   18.2756250000000         1.586284981084662E-013
   18.4893750000000         1.661825197667007E-013
   18.7031250000000         1.735968940283427E-013
   18.9168750000000         1.808715856641002E-013
   19.1306250000000         1.880131732214000E-013
   19.3443750000000         1.950368927685513E-013
   19.5581250000000         2.019687195695631E-013
   19.7718750000000         2.088467497214934E-013
   19.9856250000000         2.157213407822114E-013
   20.1993750000000         2.226537209020530E-013
   20.4131250000000         2.297129450102434E-013
   20.6268750000000         2.369715505474544E-013
   20.8406250000000         2.445004604366886E-013
   21.0543750000000         2.523638218806436E-013
   21.2681250000000         2.606145234042397E-013
   21.4818750000000         2.692910301905264E-013
   21.6956250000000         2.784159352101095E-013
   21.9093750000000         2.879962966677273E-013
   22.1231250000000         2.980255874982359E-013
   22.3368750000000         3.084868573618252E-013
   22.5506250000000         3.193564786422507E-013
   22.7643750000000         3.306079003286292E-013
   22.9781250000000         3.422149782192064E-013
   23.1918750000000         3.541545762729640E-013
   23.4056250000000         3.664083532692526E-013
   23.6193750000000         3.789639177621541E-013
   23.8331250000000         3.918155837686725E-013
   24.0468750000000         4.049649804521462E-013
   24.2606250000000         4.184217109800438E-013
   24.4743750000000         4.322040220661101E-013
   24.6881250000000         4.463392954423639E-013
   24.9018750000000         4.608639318247780E-013
   25.1156250000000         4.758221244515314E-013
   25.3293750000000         4.912632008807888E-013
   25.5431250000000         5.072373304584569E-013
   25.7568750000000         5.237897950109345E-013
   25.9706250000000         5.409545718110708E-013
   26.1843750000000         5.587483444225529E-013
   26.3981250000000         5.771662210488727E-013
   26.6118750000000         5.961807218861152E-013
   26.8256250000000         6.157452800516898E-013
   27.0393750000000         6.358025684568325E-013
   27.2531250000000         6.562974539756620E-013
   27.4668750000000         6.771931572852399E-013
   27.6806250000000         6.984879663680907E-013
   27.8943750000000         7.202292231446647E-013
   28.1081250000000         7.425208598952706E-013
   28.3218750000000         7.655209846672387E-013
   28.5356250000000         7.894270820350108E-013
   28.7493750000000         8.144481955342361E-013
   28.9631250000000         8.407658045026461E-013
   29.1768750000000         8.684876428924008E-013
   29.3906250000000         8.976012751981541E-013
   29.6043750000000         9.279360959820156E-013
   29.8181250000000         9.591431292650651E-013
   30.0318750000000         9.907011758020343E-013
   30.2456250000000         1.021955442284636E-012
   30.4593750000000         1.052190536095172E-012
   30.6731250000000         1.080734218407224E-012
   30.8868750000000         1.107082056661047E-012
   31.1006250000000         1.131026994245419E-012
   31.3143750000000         1.152773328581705E-012
   31.5281250000000         1.173012012754623E-012
   31.7418750000000         1.192935204560204E-012
   31.9556250000000         1.214172780772448E-012
   32.1693750000000         1.238642239028415E-012
   32.3831250000000         1.268315513196262E-012
   32.5968750000000         1.304920350305891E-012
   32.8106250000000         1.349608491846243E-012
   33.0243750000000         1.402635281508098E-012
   33.2381250000000         1.463103371898799E-012
   33.4518750000000         1.528824856937972E-012
   33.6656250000000         1.596349407500110E-012
   33.8793750000000         1.661190614332068E-012
   34.0931250000000         1.718259187783090E-012
   34.3068750000000         1.762482086563212E-012
   34.5206250000000         1.789554407526027E-012
   34.7343750000000         1.796740038318679E-012
   34.9481250000000         1.783613046865859E-012
   35.1618750000000         1.752619306319805E-012
   35.3756250000000         1.709340520679023E-012
   35.5893750000000         1.662363577262659E-012
   35.8031250000000         1.622696776759758E-012
   36.0168750000000         1.602728508211293E-012
   36.2306250000000         1.614788459173017E-012
   36.4443750000000         1.669438363550045E-012
   36.6581250000000         1.773680184192716E-012
   36.8718750000000         1.929314137565601E-012
   37.0856250000000         2.131698411016777E-012
   37.2993750000000         2.369150172707434E-012
   37.5131250000000         2.623180171381812E-012
   37.7268750000000         2.869672056357643E-012
   37.9406250000000         3.081008466454650E-012
   38.1543750000000         3.229020000184428E-012
   38.3681250000000         3.288504903557712E-012
   38.5818750000000         3.240953662832895E-012
   38.7956250000000         3.078030706034202E-012
   39.0093750000000         2.804330841585121E-012
   39.2231250000000         2.438951254972022E-012
   39.4368750000000         2.015505245797017E-012
   39.6506250000000         1.580348654337105E-012
   39.8643750000000         1.188982398030982E-012
   40.0781250000000         9.008160830175060E-013
   40.2918750000000         7.727032414979552E-013
   40.5056250000000         8.518608158395175E-013
   40.7193750000000         1.168936486433152E-012
   40.9331250000000         1.732062495915509E-012
   41.1468750000000         2.522717255468987E-012
   41.3606250000000         3.494098982125700E-012
   41.5743750000000         4.572503106116721E-012
   41.7881250000000         5.661903296221371E-012
   42.0018750000000         6.651592219658973E-012
   42.2156250000000         7.426377608456941E-012
   42.4293750000000         7.878492245096107E-012
   42.6431250000000         7.920103163697991E-012
   42.8568750000000         7.495131185007618E-012
   43.0706250000000         6.589044407174084E-012
   43.2843750000000         5.235381863441341E-012
   43.4981250000000         3.517996564246882E-012
   43.7118750000000         1.568365042466822E-012
   43.9256250000000        -4.422366404624570E-013
   44.1393750000000        -2.315383676048803E-012
   44.3531250000000        -3.842161181833728E-012
   44.5668750000000        -4.822545681807609E-012
   44.7806250000000        -5.085853312246327E-012
   44.9943750000000        -4.510364106787363E-012
   45.2081250000000        -3.040163895870890E-012
   45.4218750000000        -6.973597398084705E-013
   45.6356250000000         2.411879430404059E-012
   45.8493750000000         6.098546004636926E-012
   46.0631250000000         1.009977958591211E-011
   46.2768750000000         1.409543979821006E-011
   46.4906250000000         1.773138706573932E-011
   46.7043750000000         2.064792121728365E-011
   46.9181250000000         2.251125063621697E-011
   47.1318750000000         2.304543830057266E-011
   47.3456250000000         2.206204256731079E-011
   47.5593750000000         1.948467327181412E-011
   47.7731250000000         1.536593266973129E-011
   47.9868750000000         9.894700083267277E-012
   48.2006250000000         3.392421182789012E-012
   48.4143750000000        -3.702071874999698E-012
   48.6281250000000        -1.085872254074447E-011
   48.8418750000000        -1.749193347306645E-011
   49.0556250000000        -2.300341278684170E-011
   49.2693750000000        -2.682908959131887E-011
   49.4831250000000        -2.848651123995120E-011
   49.6968750000000        -2.761893764962521E-011
   49.9106250000000        -2.403247755991473E-011
   50.1243750000000        -1.772306360698870E-011
   50.3381250000000        -8.890799456956917E-012
   50.5518750000000         2.059837121927411E-012
   50.7656250000000         1.453438076698041E-011
   50.9793750000000         2.777671757934169E-011
   51.1931250000000         4.090975207415095E-011
   51.4068750000000         5.298597646135768E-011
   51.6206250000000         6.304496584089817E-011
   51.8343750000000         7.017454684895433E-011
   52.0481250000000         7.357236917461667E-011
   52.2618750000000         7.260479302055909E-011
   52.4756250000000         6.686030616077460E-011
   52.6893750000000         5.619500503688913E-011
   52.9031250000000         4.076792670509150E-011
   53.1168750000000         2.106414299523418E-011
   53.3306250000000        -2.096486848709656E-012
   53.5443750000000        -2.756711723599986E-011
   53.7581250000000        -5.390058073940213E-011
   53.9718750000000        -7.939715958105236E-011
   54.1856250000000        -1.021753024255592E-010
   54.3993750000000        -1.202662147086612E-010
   54.6131250000000        -1.317317169479229E-010
   54.8268750000000        -1.348025768558704E-010
   55.0406250000000        -1.280317621837551E-010
   55.2543750000000        -1.104539499634050E-010
   55.4681250000000        -8.173951088602746E-011
   55.6818750000000        -4.232851483004845E-011
   55.8956250000000         6.471421120140668E-012
   56.1093750000000         6.243990719396254E-011
   56.3231250000000         1.224660918662150E-010
   56.5368750000000         1.826498049378889E-010
   56.7506250000000         2.384871503105386E-010
   56.9643750000000         2.851387129977726E-010
   57.1781250000000         3.177698892421452E-010
   57.3918750000000         3.319438179469169E-010
   57.6056250000000         3.240389958638256E-010
   57.8193750000000         2.916569811635153E-010
   58.0331250000000         2.339816528241613E-010
   58.2468750000000         1.520511161151758E-010
   58.4606250000000         4.890701165097165E-011
   58.6743750000000        -7.040625508456640E-011
   58.8881250000000        -1.990084377051306E-010
   59.1018750000000        -3.285184660220769E-010
   59.3156250000000        -4.495439701622621E-010
   59.5293750000000        -5.522964162904951E-010
   59.7431250000000        -6.272895641581712E-010
   59.9568750000000        -6.660690545373380E-010
   60.1706250000000        -6.619157711033404E-010
   60.3843750000000        -6.104659297282801E-010
   60.5981250000000        -5.101967249562996E-010
   60.8118750000000        -3.627372246033941E-010
   61.0256250000000        -1.729788306320813E-010
   61.2393750000000         5.102369398588018E-011
   61.4531250000000         2.983528867648873E-010
   61.6668750000000         5.557083744949160E-010
   61.8806250000000         8.080320582346806E-010
   62.0943750000000         1.039238609152706E-009
   62.3081250000000         1.233010078475244E-009
   62.5218750000000         1.373617143238542E-009
   62.7356250000000         1.446736827138746E-009
   62.9493750000000         1.440245561794432E-009
   63.1631250000000         1.344974909823723E-009
   63.3768750000000         1.155422853766500E-009
   63.5906250000000         8.704143405443537E-010
   63.8043750000000         4.936996045262130E-010
   64.0181250000000         3.446759901553924E-011
   64.2318750000000        -4.922641683120195E-010
   64.4456250000000        -1.065440528092604E-009
   64.6593750000000        -1.658014708562896E-009
   64.8731250000000        -2.237335997560001E-009
   65.0868750000000        -2.765967826148832E-009
   65.3006250000000        -3.203014096099286E-009
   65.5143750000000        -3.506004657601805E-009
   65.7281250000000        -3.633347306634781E-009
   65.9418750000000        -3.547295094810360E-009
   66.1556250000000        -3.217308188889512E-009
   66.3693750000000        -2.623615407449015E-009
   66.5831250000000        -1.760710233629967E-009
   66.7968750000000        -6.404590266023429E-010
   67.0106250000000         7.055350966809924E-010
   67.2243750000000         2.224672187136223E-009
   67.4381250000000         3.843524162732718E-009
   67.6518750000000         5.469682529697218E-009
   67.8656250000000         6.995421938949035E-009
   68.0793750000000         8.303170363620178E-009
   68.2931250000000         9.272608722596333E-009
   68.5068750000000         9.789047411981944E-009
   68.7206250000000         9.752561654509476E-009
   68.9343750000000         9.087230092201144E-009
   69.1481250000000         7.749728995409556E-009
   69.3618750000000         5.736502292385284E-009
   69.5756250000000         3.088764980231498E-009
   69.7893750000000        -1.052923231967296E-010
   70.0031250000000        -3.711550834734933E-009
   70.2168750000000        -7.554479649648897E-009
   70.4306250000000        -1.142506117802682E-008
   70.6443750000000        -1.509177547722091E-008
   70.8581250000000        -1.831401312648475E-008
   71.0718750000000        -2.085704547688065E-008
   71.2856250000000        -2.250750468506415E-008
   71.4993750000000        -2.308823417337568E-008
   71.7131250000000        -2.247137582356869E-008
   71.9268750000000        -2.058866685626023E-008
   72.1406250000000        -1.743812049806839E-008
   72.3543750000000        -1.308654395576564E-008
   72.5681250000000        -7.667680246045403E-009
   72.7818750000000        -1.376116316929470E-009
   72.9956250000000         5.542555141036338E-009
   73.2093750000000         1.280453207027285E-008
   73.4231250000000         2.010254228993167E-008
   73.6368750000000         2.712137870917819E-008
   73.8506250000000         3.355306005245128E-008
   74.0643750000000         3.911053239124600E-008
   74.2781250000000         4.353901178025584E-008
   74.4918750000000         4.662433216632409E-008
   74.7056250000000         4.819797695554033E-008
   74.9193750000000         4.813880363904698E-008
   75.1331250000000         4.637178380081853E-008
   75.3468750000000         4.286434327144123E-008
   75.5606250000000         3.762107281808573E-008
   75.7743750000000         3.067767115809618E-008
   75.9881250000000         2.209497258796027E-008
   76.2018750000000         1.195380581539757E-008
   76.4156250000000         3.512439986783969E-010
   76.6293750000000        -1.260143740464231E-008
   76.8431250000000        -2.677904868886160E-008
   77.0568750000000        -4.204123854172628E-008
   77.2706250000000        -5.823015876568257E-008
   77.4843750000000        -7.516765521399196E-008
   77.6981250000000        -9.265268534129751E-008
   77.9118750000000        -1.104596600671905E-007
   78.1256250000000        -1.283383177992357E-007
   78.3393750000000        -1.460155732060360E-007
   78.5531250000000        -1.631995627635119E-007
   78.7668750000000        -1.795858591599396E-007
   78.9806250000000        -1.948655760407764E-007
   79.1943750000000        -2.087348614741333E-007
   79.4081250000000        -2.209051074419812E-007
   79.6218750000000        -2.311131018877747E-007
   79.8356250000000        -2.391303296240491E-007
   80.0493750000000        -2.447706901103257E-007
   80.2631250000000        -2.478960364619121E-007
   80.4768750000000        -2.484191361905392E-007
   80.6906250000000        -2.463038895466240E-007
   80.9043750000000        -2.415628920212192E-007
   81.1181250000000        -2.342526688706174E-007
   81.3318750000000        -2.244671184191020E-007
   81.5456250000000        -2.123298581491781E-007
   81.7593750000000        -1.979862593681817E-007
   81.9731250000000        -1.815959750536369E-007
   82.1868750000000        -1.633267104604682E-007
   82.4006250000000        -1.433498626488097E-007
   82.6143750000000        -1.218384741491691E-007
   82.8281250000000        -9.896772267958041E-008
   83.0418750000000        -7.491792121008473E-008
   83.2556250000000        -4.987975021996125E-008
   83.4693750000000        -2.406120626956822E-008
   83.6831250000000         2.304453596654293E-009
   83.8968750000000         2.895064742322078E-008
   84.1106250000000         5.557025268315635E-008
   84.3243750000000         8.181022957659093E-008
   84.5381250000000         1.072690184381485E-007
   84.7518750000000         1.314975148439933E-007
   84.9656250000000         1.540042229073308E-007
   85.1793750000000         1.742649226716360E-007
   85.3931250000000         1.917368764049258E-007
   85.6068750000000         2.058772602658895E-007
   85.8206250000000         2.161651649908684E-007
   86.0343750000000         2.221261868031401E-007
   86.2481250000000         2.233583529781410E-007
   86.4618750000000         2.195579191844529E-007
   86.6756250000000         2.105434579928715E-007
   86.8893750000000         1.962766442431103E-007
   87.1031250000000         1.768782402660217E-007
   87.3168750000000         1.526379905882985E-007
   87.5306250000000         1.240174408429251E-007
   87.7443750000000         9.164507955620874E-008
   87.9581250000000         5.630363723685632E-008
   88.1718750000000         1.890983249328499E-008
   88.3856250000000        -1.951270481999865E-008
   88.5993750000000        -5.786621174221323E-008
   88.8131250000000        -9.501583604498181E-008
   89.0268750000000        -1.298292958562919E-007
   89.2406250000000        -1.612174025206197E-007
   89.4543750000000        -1.881737043984475E-007
   89.6681250000000        -2.098116227446693E-007
   89.8818750000000        -2.253976481445548E-007
   90.0956250000000        -2.343794208864322E-007
   90.3093750000000        -2.364078011441906E-007
   90.5231250000000        -2.313523152737813E-007
   90.7368750000000        -2.193096174921503E-007
   90.9506250000000        -2.006048139691593E-007
   91.1643750000000        -1.757856512599789E-007
   91.3781250000000        -1.456096764572059E-007
   91.5918750000000        -1.110245463691432E-007
   91.8056250000000        -7.314171966327607E-008
   92.0193750000000        -3.320383620390965E-008
   92.2331250000000         7.453801123407588E-009
   92.4468750000000         4.744705265822009E-008
   92.6606250000000         8.539123680249447E-008
   92.8743750000000         1.199527285124762E-007
   93.0881250000000         1.499023115915376E-007
   93.3018750000000         1.741683222340592E-007
   93.5156250000000         1.918872262254917E-007
   93.7293750000000         2.024489498692065E-007
   93.9431250000000         2.055340938317313E-007
   94.1568750000000         2.011401549353222E-007
   94.3706250000000         1.895941076440038E-007
   94.5843750000000         1.715491805016817E-007
   94.7981250000000         1.479644049877781E-007
   95.0118750000000         1.200664894705253E-007
   95.2256250000000         8.929472514638335E-008
   95.4393750000000         5.723088413278252E-008
   95.6531250000000         2.551732196883443E-008
   95.8668750000000        -4.232364564048584E-009
   96.0806250000000        -3.052486194337166E-008
   96.2943750000000        -5.207500393561422E-008
   96.5081250000000        -6.788396532871236E-008
   96.7218750000000        -7.730207278783748E-008
   96.9356250000000        -8.007129356013411E-008
   97.1493750000000        -7.634368067327032E-008
   97.3631250000000        -6.667364115314921E-008
   97.5768750000000        -5.198373815668514E-008
   97.7906250000000        -3.350569504423028E-008
   98.0043750000000        -1.270017738797705E-008
   98.2181250000000         8.839377837906822E-009
   98.4318750000000         2.949229171353472E-008
   98.6456250000000         4.771810717400308E-008
   98.8593750000000         6.215831373207867E-008
   99.0731250000000         7.172502785577879E-008
   99.2868750000000         7.567029036472521E-008
   99.5006250000000         7.363113358791948E-008
   99.7143750000000         6.564746406187309E-008
   99.9281250000000         5.215193939147721E-008
   100.141875000000         3.393320464839246E-008
   100.355625000000         1.207590183852466E-008
   100.569375000000        -1.211740512091950E-008
   100.783125000000        -3.721598899755517E-008
   100.996875000000        -6.175531922345373E-008
   101.210625000000        -8.432888867041356E-008
   101.424375000000        -1.036709404286698E-007
   101.638125000000        -1.187246475718957E-007
   101.851875000000        -1.286918497850530E-007
   102.065625000000        -1.330622715567410E-007
   102.279375000000        -1.316220523999739E-007
   102.493125000000        -1.244432204928296E-007
   102.706875000000        -1.118572622242171E-007
   102.920625000000        -9.441703917427519E-008
   103.134375000000        -7.285188616389056E-008
   103.348125000000        -4.802075112372637E-008
   103.561875000000        -2.086773189688798E-008
   103.775625000000         7.616593783439446E-009
   103.989375000000         3.642593336431029E-008
   104.203125000000         6.456047640746471E-008
   104.416875000000         9.104129557817668E-008
   104.630625000000         1.149189724083096E-007
   104.844375000000         1.352793794972386E-007
   105.058125000000         1.512500129558332E-007
   105.271875000000         1.620102228588261E-007
   105.485625000000         1.668081343819584E-007
   105.699375000000         1.649860461217287E-007
   105.913125000000         1.560147455624226E-007
   106.126875000000         1.395356465320329E-007
   106.340625000000         1.154081064049584E-007
   106.554375000000         8.375790442067351E-008
   106.768125000000         4.502182597131889E-008
   106.981875000000        -1.726134535423764E-011
   107.195625000000        -5.021044455192586E-008
   107.409375000000        -1.040429067959878E-007
   107.623125000000        -1.596579753069348E-007
   107.836875000000        -2.149071953854765E-007
   108.050625000000        -2.674265118419592E-007
   108.264375000000        -3.147364197728940E-007
   108.478125000000        -3.543617422664116E-007
   108.691875000000        -3.839647036794721E-007
   108.905625000000        -4.014833785583332E-007
   109.119375000000        -4.052665609855999E-007
   109.333125000000        -3.941957240646474E-007
   109.546875000000        -3.677850758957719E-007
   109.760625000000        -3.262517585040443E-007
   109.974375000000        -2.705499128079380E-007
   110.188125000000        -2.023645264373402E-007
   110.401875000000        -1.240635306894644E-007
   110.615625000000        -3.860932884874710E-008
   110.829375000000         5.056638087021701E-008
   111.043125000000         1.397181753133938E-007
   111.256875000000         2.249645164478928E-007
   111.470625000000         3.024775603823525E-007
   111.684375000000         3.686744877595088E-007
   111.898125000000         4.203995425747975E-007
   112.111875000000         4.550865291464606E-007
   112.325625000000         4.708927241729359E-007
   112.539375000000         4.667969145776336E-007
   112.753125000000         4.426564388207612E-007
   112.966875000000         3.992205323450734E-007
   113.180625000000         3.380997885529117E-007
   113.394375000000         2.616939789122864E-007
   113.608125000000         1.730826774061311E-007
   113.821875000000         7.588497820651258E-008
   114.035625000000        -2.590401356218752E-008
   114.249375000000        -1.280913570193072E-007
   114.463125000000        -2.264702026150192E-007
   114.676875000000        -3.170007124870933E-007
   114.890625000000        -3.959798271563868E-007
   115.104375000000        -4.601927212829179E-007
   115.318125000000        -5.070400631395124E-007
   115.531875000000        -5.346366429224543E-007
   115.745625000000        -5.418784613512635E-007
   115.959375000000        -5.284768788427023E-007
   116.173125000000        -4.949598392759382E-007
   116.386875000000        -4.426414434321932E-007
   116.600625000000        -3.735622198604994E-007
   116.814375000000        -2.904033106082052E-007
   117.028125000000        -1.963784596524100E-007
   117.241875000000        -9.510818036150389E-008
   117.455625000000         9.519189632466627E-009
   117.669375000000         1.134946345134469E-007
   117.883125000000         2.128387968028797E-007
   118.096875000000         3.037504824139871E-007
   118.310625000000         3.827483816046955E-007
   118.524375000000         4.468012071131197E-007
   118.738125000000         4.934417027264230E-007
   118.951875000000         5.208603452850356E-007
   119.165625000000         5.279750722774042E-007
   119.379375000000         5.144740340493478E-007
   119.593125000000         4.808292040245449E-007
   119.806875000000         4.282796789203388E-007
   120.020625000000         3.587846441354856E-007
   120.234375000000         2.749472298994558E-007
   120.448125000000         1.799117868688733E-007
   120.661875000000         7.723839668188700E-008
   120.875625000000        -2.924037517567473E-008
   121.089375000000        -1.355744622840697E-007
   121.303125000000        -2.378562356279596E-007
   121.516875000000        -3.323781826866462E-007
   121.730625000000        -4.157810528367758E-007
   121.944375000000        -4.851855366096316E-007
   122.158125000000        -5.383012901964683E-007
   122.371875000000        -5.735082336803517E-007
   122.585625000000        -5.899064851070937E-007
   122.799375000000        -5.873329610526114E-007
   123.013125000000        -5.663444764653586E-007
   123.226875000000        -5.281689982611317E-007
   123.440625000000        -4.746284299976751E-007
   123.654375000000        -4.080378149047433E-007
   123.868125000000        -3.310870405741044E-007
   124.081875000000        -2.467119305689859E-007
   124.295625000000        -1.579619631777257E-007
   124.509375000000        -6.787174422791868E-008
   124.723125000000         2.065720831565460E-008
   124.936875000000         1.049587897744125E-007
   125.150625000000         1.826844802378740E-007
   125.364375000000         2.518626468237306E-007
   125.578125000000         3.109339271680945E-007
   125.791875000000         3.587633017782096E-007
   126.005625000000         3.946309874660521E-007
   126.219375000000         4.182055633962568E-007
   126.433125000000         4.295036830845643E-007
   126.646875000000         4.288412657325038E-007
   126.860625000000         4.167811677343629E-007
   127.074375000000         3.940820152969346E-007
   127.288125000000         3.616521729274532E-007
   127.501875000000         3.205118035831387E-007
   127.715625000000         2.717647443000823E-007
   127.929375000000         2.165805935642694E-007
   128.143125000000         1.561861084029588E-007
   128.356875000000         9.186386137817511E-008
   128.570625000000         2.495521708779469E-008
   128.784375000000        -4.313586298872302E-008
   128.998125000000        -1.109418385373093E-007
   129.211875000000        -1.769368375046760E-007
   129.425625000000        -2.395509115284033E-007
   129.639375000000        -2.971951294624713E-007
   129.853125000000        -3.482981560958778E-007
   130.066875000000        -3.913536590687795E-007
   130.280625000000        -4.249765851167847E-007
   130.494375000000        -4.479651713742109E-007
   130.708125000000        -4.593646220440013E-007
   130.921875000000        -4.585277777355883E-007
   131.135625000000        -4.451678972348049E-007
   131.349375000000        -4.193988874838462E-007
   131.563125000000        -3.817589478431613E-007
   131.776875000000        -3.332145936338041E-007
   131.990625000000        -2.751433136680727E-007
   132.204375000000        -2.092945938307515E-007
   132.418125000000        -1.377305843177174E-007
   132.631875000000        -6.274917629050959E-008
   132.845625000000         1.320643674523157E-008
   133.059375000000         8.764661350003469E-008
   133.273125000000         1.581367816146635E-007
   133.486875000000         2.223956325216017E-007
   133.700625000000         2.783842255449275E-007
   133.914375000000         3.243808788007725E-007
   134.128125000000         3.590377545100930E-007
   134.341875000000         3.814163820002913E-007
   134.555625000000         3.910009006808105E-007
   134.769375000000         3.876894286478278E-007
   134.983125000000         3.717655434205255E-007
   135.196875000000         3.438532742988238E-007
   135.410625000000         3.048601366558251E-007
   135.624375000000         2.559134927856658E-007
   135.838125000000         1.982958350733634E-007
   136.051875000000         1.333844223382438E-007
   136.265625000000         6.260006389664856E-008
   136.479375000000        -1.263121836370834E-008
   136.693125000000        -9.090133127124088E-008
   136.906875000000        -1.708273825202997E-007
   137.120625000000        -2.510441539532397E-007
   137.334375000000        -3.301845330526656E-007
   137.548125000000        -4.068521351897631E-007
   137.761875000000        -4.795914682556590E-007
   137.975625000000        -5.468616324624655E-007
   138.189375000000        -6.070196254096079E-007
   138.403125000000        -6.583187954895918E-007
   138.616875000000        -6.989268668293028E-007
   138.830625000000        -7.269663119475365E-007
   139.044375000000        -7.405777916596062E-007
   139.258125000000        -7.380050774076295E-007
   139.471875000000        -7.176975135962079E-007
   139.685625000000        -6.784238779954827E-007
   139.899375000000        -6.193896668794195E-007
   140.113125000000        -5.403485579568693E-007
   140.326875000000        -4.416982393255046E-007
   140.540625000000        -3.245510332920579E-007
   140.754375000000        -1.907708208048252E-007
   140.968125000000        -4.296964450377811E-008
   141.181875000000         1.155400763805137E-007
   141.395625000000         2.808387248650570E-007
   141.609375000000         4.485357259093040E-007
   141.823125000000         6.139431606106888E-007
   142.036875000000         7.722779742698557E-007
   142.250625000000         9.188814253994403E-007
   142.464375000000         1.049442600803238E-006
   142.678125000000         1.160211923701745E-006
   142.891875000000         1.248190709904630E-006
   143.105625000000         1.311284002258496E-006
   143.319375000000         1.348406072270470E-006
   143.533125000000         1.359530975167651E-006
   143.746875000000         1.345684165681120E-006
   143.960625000000         1.308875158067525E-006
   144.174375000000         1.251975244828131E-006
   144.388125000000         1.178548066074421E-006
   144.601875000000         1.092644054711656E-006
   144.815625000000         9.985722218786753E-007
   145.029375000000         9.006642042552453E-007
   145.243125000000         8.030458587504953E-007
   145.456875000000         7.094309356081931E-007
   145.670625000000         6.229495511192154E-007
   145.884375000000         5.460214618879757E-007
   146.098125000000         4.802807309247547E-007
   146.311875000000         4.265545419268077E-007
   146.525625000000         3.848949632926083E-007
   146.739375000000         3.546586955155011E-007
   146.953125000000         3.346265438700872E-007
   147.166875000000         3.231517899257781E-007
   147.380625000000         3.183249756419481E-007
   147.594375000000         3.181419713014215E-007
   147.808125000000         3.206625973369074E-007
   148.021875000000         3.241484486394157E-007
   148.235625000000         3.271707874627099E-007
   148.449375000000         3.286822207380193E-007
   148.663125000000         3.280491052932826E-007
   148.876875000000         3.250449511670704E-007
   149.090625000000         3.198082396891271E-007
   149.304375000000         3.127707839659437E-007
   149.518125000000         3.045648251937418E-007
   149.731875000000         2.959183320417531E-007
   149.945625000000         2.875483795765018E-007
   150.159375000000         2.800620346571044E-007
   150.373125000000         2.738729477287636E-007
   150.586875000000         2.691399934146685E-007
   150.800625000000         2.657320111412258E-007
   151.014375000000         2.632201991495373E-007
   151.228125000000         2.608972454628987E-007
   151.441875000000         2.578200582148755E-007
   151.655625000000         2.528711713214107E-007
   151.869375000000         2.448326854442711E-007
   152.083125000000         2.324660330498277E-007
   152.296875000000         2.145909391693893E-007
   152.510625000000         1.901576320377554E-007
   152.724375000000         1.583075310385381E-007
   152.938125000000         1.184191527024846E-007
   153.151875000000         7.013765366347583E-008
   153.365625000000         1.338809129043949E-008
   153.579375000000        -5.162604051887061E-008
   153.793125000000        -1.244362909713701E-007
   154.006875000000        -2.043313090070606E-007
   154.220625000000        -2.903837805836971E-007
   154.434375000000        -3.814787590814413E-007
   154.648125000000        -4.763405224187548E-007
   154.861875000000        -5.735560271437860E-007
   155.075625000000        -6.715941544022905E-007
   155.289375000000        -7.688211112207989E-007
   155.503125000000        -8.635134179832119E-007
   155.716875000000        -9.538707486022244E-007
   155.930625000000        -1.038031390664678E-006
   156.144375000000        -1.114093193764200E-006
   156.358125000000        -1.180142554708628E-006
   156.571875000000        -1.234293273883831E-006
   156.785625000000        -1.274736076730383E-006
   156.999375000000        -1.299798333266411E-006
   157.213125000000        -1.308012157646470E-006
   157.426875000000        -1.298187771984047E-006
   157.640625000000        -1.269487915024738E-006
   157.854375000000        -1.221498291183914E-006
   158.068125000000        -1.154288684121978E-006
   158.281875000000        -1.068459457336766E-006
   158.495625000000        -9.651687427309894E-007
   158.709375000000        -8.461366402574118E-007
   158.923125000000        -7.136241371176643E-007
   159.136875000000        -5.703860868235698E-007
   159.350625000000        -4.195993250409329E-007
   159.564375000000        -2.647686880501274E-007
   159.778125000000        -1.096151929977802E-007
   159.991875000000         4.204819135471982E-008
   160.205625000000         1.864470044823969E-007
   160.419375000000         3.199755279808740E-007
   160.633125000000         4.393205376397434E-007
   160.846875000000         5.415729556828281E-007
   161.060625000000         6.243227771601377E-007
   161.274375000000         6.857338763789826E-007
   161.488125000000         7.245966392337391E-007
   161.701875000000         7.403576817762853E-007
   161.915625000000         7.331270849230961E-007
   162.129375000000         7.036645084119770E-007
   162.343125000000         6.533461908011750E-007
   162.556875000000         5.841151865235993E-007
   162.770625000000         4.984172683455416E-007
   162.984375000000         3.991248024959349E-007
   163.198125000000         2.894506769317355E-007
   163.411875000000         1.728541324652628E-007
   163.625625000000         5.294020602287828E-008
   163.839375000000        -6.664548395862917E-008
   164.053125000000        -1.823246630452747E-007
   164.266875000000        -2.906946854570478E-007
   164.480625000000        -3.886342861075329E-007
   164.694375000000        -4.734033243915889E-007
   164.908125000000        -5.427325338586466E-007
   165.121875000000        -5.948989821930738E-007
   165.335625000000        -6.287829530805264E-007
   165.549375000000        -6.439023718505610E-007
   165.763125000000        -6.404217498044041E-007
   165.976875000000        -6.191338996446941E-007
   166.190625000000        -5.814142969412524E-007
   166.404375000000        -5.291497944009347E-007
   166.618125000000        -4.646452583851183E-007
   166.831875000000        -3.905133898230751E-007
   167.045625000000        -3.095543162893051E-007
   167.259375000000        -2.246323295529564E-007
   167.473125000000        -1.385572777240669E-007
   167.686875000000        -5.397755949793041E-008
   167.900625000000         2.670955179600099E-008
   168.114375000000         1.014262846503668E-007
   168.328125000000         1.684595824349686E-007
   168.541875000000         2.264835028493914E-007
   168.755625000000         2.745612146553211E-007
   168.969375000000         3.121306626080682E-007
   169.183125000000         3.389790269266064E-007
   169.396875000000         3.552114240205998E-007
   169.610625000000         3.612188431595166E-007
   169.824375000000         3.576491535028795E-007
   170.038125000000         3.453833086456757E-007
   170.251875000000         3.255168624039109E-007
   170.465625000000         2.993448817617660E-007
   170.679375000000         2.683466069292516E-007
   170.893125000000         2.341650449458848E-007
   171.106875000000         1.985763088764731E-007
   171.320625000000         1.634440503092379E-007
   171.534375000000         1.306557829578246E-007
   171.748125000000         1.020401406945208E-007
   171.961875000000         7.926692052057874E-008
   172.175625000000         6.373480467477821E-008
   172.389375000000         5.645455567543875E-008
   172.603125000000         5.793784177327864E-008
   172.816875000000         6.810332257754598E-008
   173.030625000000         8.621193140716309E-008
   173.244375000000         1.108422765851651E-007
   173.458125000000         1.399147357218952E-007
   173.671875000000         1.707692737920740E-007
   173.885625000000         2.002975590871256E-007
   174.099375000000         2.251249800245380E-007
   174.313125000000         2.418331576440014E-007
   174.526875000000         2.472090098782513E-007
   174.740625000000         2.385028365249323E-007
   174.954375000000         2.136756642786117E-007
   175.168125000000         1.716155045426796E-007
   175.381875000000         1.123033654281202E-007
   175.595625000000         3.691278637885513E-008
   175.809375000000        -5.216887598516232E-008
   176.023125000000        -1.514035438887075E-007
   176.236875000000        -2.562496836906340E-007
   176.450625000000        -3.613870160990139E-007
   176.664375000000        -4.610058287533080E-007
   176.878125000000        -5.491428485436534E-007
   177.091875000000        -6.200417897360948E-007
   177.305625000000        -6.685145282927494E-007
   177.519375000000        -6.902785290073741E-007
   177.733125000000        -6.822476744411906E-007
   177.946875000000        -6.427568596965634E-007
   178.160625000000        -5.717053329415433E-007
   178.374375000000        -4.706093795504916E-007
   178.588125000000        -3.425611022733017E-007
   178.801875000000        -1.920962531061556E-007
   179.015625000000        -2.497985816115223E-008
   179.229375000000         1.520766607711106E-007
   179.443125000000         3.317493389949504E-007
   179.656875000000         5.064664809050895E-007
   179.870625000000         6.687833510316858E-007
   180.084375000000         8.117459855666730E-007
   180.298125000000         9.292249375079423E-007
   180.511875000000         1.016202374080689E-006
   180.725625000000         1.068999316011774E-006
   180.939375000000         1.085433653371285E-006
   181.153125000000         1.064903606082651E-006
   181.366875000000         1.008395261746468E-006
   181.580625000000         9.184165082397577E-007
   181.794375000000         7.988629287585073E-007
   182.008125000000         6.548239457628100E-007
   182.221875000000         4.923396440609125E-007
   182.435625000000         3.181202713534259E-007
   182.649375000000         1.392414356161051E-007
   182.863125000000        -3.717146380081575E-008
   183.076875000000        -2.042559754555656E-007
   183.290625000000        -3.557092722588139E-007
   183.504375000000        -4.860562931012406E-007
   183.718125000000        -5.908780281297731E-007
   183.931875000000        -6.669901653940893E-007
   184.145625000000        -7.125642445296174E-007
   184.359375000000        -7.271857688730253E-007
   184.573125000000        -7.118463779047348E-007
   184.786875000000        -6.688701125177393E-007
   185.000625000000        -6.017769142061076E-007
   185.214375000000        -5.150896456325650E-007
   185.428125000000        -4.140939311423079E-007
   185.641875000000        -3.045627969530905E-007
   185.855625000000        -1.924602417599442E-007
   186.069375000000        -8.363930307574898E-008
   186.283125000000         1.644924897539670E-008
   186.496875000000         1.030218585666987E-007
   186.710625000000         1.721864352029630E-007
   186.924375000000         2.211139139290459E-007
   187.138125000000         2.481482888867820E-007
   187.351875000000         2.528500589728466E-007
   187.565625000000         2.359721537214568E-007
   187.779375000000         1.993715937495759E-007
   187.993125000000         1.458640738768135E-007
   188.206875000000         7.903204567975526E-008
   188.420625000000         2.999470573389995E-009
   188.634375000000        -7.781196819050185E-008
   188.848125000000        -1.589298656893146E-007
   189.061875000000        -2.360665234515193E-007
   189.275625000000        -3.053295693191894E-007
   189.489375000000        -3.633969214991748E-007
   189.703125000000        -4.076482528477971E-007
   189.916875000000        -4.362484643415460E-007
   190.130625000000        -4.481820996955625E-007
   190.344375000000        -4.432408598286490E-007
   190.558125000000        -4.219691764838218E-007
   190.771875000000        -3.855750039810292E-007
   190.985625000000        -3.358144786300998E-007
   191.199375000000        -2.748598390928188E-007
   191.413125000000        -2.051600269998113E-007
   191.626875000000        -1.293027807713019E-007
   191.840625000000        -4.988592331036552E-008
   192.054375000000         3.059592430817823E-008
   192.268125000000         1.098446410616954E-007
   192.481875000000         1.858290817114618E-007
   192.695625000000         2.568315603518592E-007
   192.909375000000         3.214706837195746E-007
   193.123125000000         3.787021771833117E-007
   193.336875000000         4.278004087792924E-007
   193.550625000000         4.683241357953697E-007
   193.764375000000         5.000705838060737E-007
   193.978125000000         5.230223345084824E-007
   194.191875000000         5.372916584459390E-007
   194.405625000000         5.430668864285328E-007
   194.619375000000         5.405651649345999E-007
   194.833125000000         5.299954752690776E-007
   195.046875000000         5.115351022552291E-007
   195.260625000000         4.853218114112732E-007
   195.474375000000         4.514628453701879E-007
   195.688125000000         4.100605155695904E-007
   195.901875000000         3.612527070593077E-007
   196.115625000000         3.052651248965576E-007
   196.329375000000         2.424707075762918E-007
   196.543125000000         1.734504504626470E-007
   196.756875000000         9.904905824061613E-008
   196.970625000000         2.041850614601567E-008
   197.184375000000        -6.095716716333838E-008
   197.398125000000        -1.432616330341915E-007
   197.611875000000        -2.243748976135026E-007
   197.825625000000        -3.019329821731544E-007
   198.039375000000        -3.734183435589046E-007
   198.253125000000        -4.362779477475824E-007
   198.466875000000        -4.880631161965542E-007
   198.680625000000        -5.265827044314111E-007
   198.894375000000        -5.500591007924254E-007
   199.108125000000        -5.572751816774159E-007
   199.321875000000        -5.476999102537434E-007
   199.535625000000        -5.215808306736599E-007
   199.749375000000        -4.799933161242420E-007
   199.963125000000        -4.248390102648308E-007
   200.176875000000        -3.587892993078184E-007
   200.390625000000        -2.851736255282624E-007
   200.604375000000        -2.078166976667704E-007
   200.818125000000        -1.308328257687180E-007
   201.031875000000        -5.838935415295266E-008
   201.245625000000         5.545845132820801E-009
   201.459375000000         5.745590433494945E-008
   201.673125000000         9.450788986213281E-008
   201.886875000000         1.147501296378113E-007
   202.100625000000         1.172588987202791E-007
   202.314375000000         1.022226003297175E-007
   202.528125000000         7.095574867682662E-008
   202.741875000000         2.583991349940806E-008
   202.955625000000        -2.980604586306215E-008
   203.169375000000        -9.191904699442295E-008
   203.383125000000        -1.559361426644914E-007
   203.596875000000        -2.170744064955406E-007
   203.810625000000        -2.706279632593098E-007
   204.024375000000        -3.122625016583657E-007
   204.238125000000        -3.382877612648669E-007
   204.451875000000        -3.458900515535167E-007
   204.665625000000        -3.333097071020878E-007
   204.879375000000        -2.999522773316480E-007
   205.093125000000        -2.464268817927948E-007
   205.306875000000        -1.745101723536176E-007
   205.520625000000        -8.703935131233636E-008
   205.734375000000         1.225766893709330E-008
   205.948125000000         1.189829401963397E-007
   206.161875000000         2.283249811623115E-007
   206.375625000000         3.353342550775180E-007
   206.589375000000         4.352001348471980E-007
   206.803125000000         5.235124329020462E-007
   207.016875000000         5.964922328234145E-007
   207.230625000000         6.511793361879370E-007
   207.444375000000         6.855668980995671E-007
   207.658125000000         6.986775031997050E-007
   207.871875000000         6.905787566649258E-007
   208.085625000000         6.623401712009171E-007
   208.299375000000         6.159364925188360E-007
   208.513125000000         5.541054389473159E-007
   208.726875000000         4.801700060606326E-007
   208.940625000000         3.978369310501700E-007
   209.154375000000         3.109836042546043E-007
   209.368125000000         2.234456841290586E-007
   209.581875000000         1.388169822140297E-007
   209.795625000000         6.027192907462006E-008
   210.009375000000        -9.580779375618898E-009
   210.223125000000        -6.880680521884933E-008
   210.436875000000        -1.162127798699637E-007
   210.650625000000        -1.513689935176569E-007
   210.864375000000        -1.745886193888846E-007
   211.078125000000        -1.868661900671658E-007
   211.291875000000        -1.897801046322562E-007
   211.505625000000        -1.853657232478519E-007
   211.719375000000        -1.759670241496122E-007
   211.933125000000        -1.640757914769110E-007
   212.146875000000        -1.521678192106844E-007
   212.360625000000        -1.425456222134181E-007
   212.574375000000        -1.371966275640341E-007
   212.788125000000        -1.376747919438802E-007
   213.001875000000        -1.450120974166457E-007
   213.215625000000        -1.596644935042053E-007
   213.429375000000        -1.814946832039689E-007
   213.643125000000        -2.097918259362725E-007
   213.856875000000        -2.433259017818142E-007
   214.070625000000        -2.804323081956435E-007
   214.284375000000        -3.191203989389096E-007
   214.498125000000        -3.571982651313592E-007
   214.711875000000        -3.924052105275021E-007
   214.925625000000        -4.225431568595566E-007
   215.139375000000        -4.455986503799059E-007
   215.353125000000        -4.598481935793007E-007
   215.566875000000        -4.639412087796701E-007
   215.780625000000        -4.569569170682527E-007
   215.994375000000        -4.384336133729551E-007
   216.208125000000        -4.083710400482961E-007
   216.421875000000        -3.672086058374959E-007
   216.635625000000        -3.157838775151079E-007
   216.849375000000        -2.552769341156070E-007
   217.063125000000        -1.871467143158290E-007
   217.276875000000        -1.130653640755459E-007
   217.490625000000        -3.485583023394287E-008
   217.704375000000         4.556335936727807E-008
   217.918125000000         1.262238827537606E-007
   218.131875000000         2.051436132707679E-007
   218.345625000000         2.803542900364534E-007
   218.559375000000         3.499239218227843E-007
   218.773125000000         4.119780754344849E-007
   218.986875000000         4.647246636788961E-007
   219.200625000000         5.064865858227003E-007
   219.414375000000         5.357455750722169E-007
   219.628125000000         5.511989505015013E-007
   219.841875000000         5.518288159950136E-007
   220.055625000000         5.369808274224194E-007
   220.269375000000         5.064472408973026E-007
   220.483125000000         4.605468585415655E-007
   220.696875000000         4.001929894992473E-007
   220.910625000000         3.269398826629668E-007
   221.124375000000         2.429984273999163E-007
   221.338125000000         1.512133242933133E-007
   221.551875000000         5.499635220047816E-008
   221.765625000000        -4.178636027331077E-008
   221.979375000000        -1.349712753328347E-007
   222.193125000000        -2.202926899515142E-007
   222.406875000000        -2.936063917044226E-007
   222.620625000000        -3.511283949207898E-007
   222.834375000000        -3.896728966218361E-007
   223.048125000000        -4.068722701165168E-007
   223.261875000000        -4.013619914686964E-007
   223.475625000000        -3.729149342987422E-007
   223.689375000000        -3.225123980157757E-007
   223.903125000000        -2.523433467898797E-007
   224.116875000000        -1.657283093590131E-007
   224.330625000000        -6.696981600306573E-008
   224.544375000000         3.886332463009021E-008
   224.758125000000         1.462056357333781E-007
   224.971875000000         2.493020972566182E-007
   225.185625000000         3.425335209926252E-007
   225.399375000000         4.207394523614160E-007
   225.613125000000         4.795179481995864E-007
   225.826875000000         5.154831499387529E-007
   226.040625000000         5.264644799748579E-007
   226.254375000000         5.116352724758413E-007
   226.468125000000         4.715633699943370E-007
   226.681875000000         4.081812954542346E-007
   226.895625000000         3.246786627610000E-007
   227.109375000000         2.253241654945528E-007
   227.323125000000         1.152284862780531E-007
   227.536875000000         6.258050102838082E-011
   227.750625000000        -1.142521256230978E-007
   227.964375000000        -2.218640676894850E-007
   228.178125000000        -3.173048765242688E-007
   228.391875000000        -3.957791534038360E-007
   228.605625000000        -4.534159059253102E-007
   228.819375000000        -4.874692837306140E-007
   229.033125000000        -4.964591434379139E-007
   229.246875000000        -4.802451646437808E-007
   229.460625000000        -4.400315801619651E-007
   229.674375000000        -3.783029376533545E-007
   229.888125000000        -2.986945570776494E-007
   230.101875000000        -2.058043825998674E-007
   230.315625000000        -1.049556506106026E-007
   230.529375000000        -1.922113487779323E-009
   230.743125000000         9.737061974007622E-008
   230.956875000000         1.871528268579086E-007
   231.170625000000         2.621121250326147E-007
   231.384375000000         3.176734037949855E-007
   231.598125000000         3.502429117490368E-007
   231.811875000000         3.574038240311361E-007
   232.025625000000         3.380529737553508E-007
   232.239375000000         2.924713907800311E-007
   232.453125000000         2.223247080094564E-007
   232.666875000000         1.305931802421917E-007
   232.880625000000         2.143479498241137E-008
   233.094375000000        -1.000114923101100E-007
   233.308125000000        -2.278722184322663E-007
   233.521875000000        -3.558228431755897E-007
   233.735625000000        -4.773936364239502E-007
   233.949375000000        -5.862825687009189E-007
   234.163125000000        -6.766596936117689E-007
   234.376875000000        -7.434482961418091E-007
   234.590625000000        -7.825696156690517E-007
   234.804375000000        -7.911400959228783E-007
   235.018125000000        -7.676126958770778E-007
   235.231875000000        -7.118566351911858E-007
   235.445625000000        -6.251728724317737E-007
   235.659375000000        -5.102454736182362E-007
   235.873125000000        -3.710317049162044E-007
   236.086875000000        -2.125960953700544E-007
   236.300625000000        -4.089581670578844E-008
   236.514375000000         1.374735021006722E-007
   236.728125000000         3.155609707616305E-007
   236.941875000000         4.863609847850904E-007
   237.155625000000         6.431186975277564E-007
   237.369375000000         7.796275811143225E-007
   237.583125000000         8.905062231819885E-007
   237.796875000000         9.714419315819784E-007
   238.010625000000         1.019389640465515E-006
   238.224375000000         1.032716074492890E-006
   238.438125000000         1.011281156040552E-006
   238.651875000000         9.564512184047889E-007
   238.865625000000         8.710416521770655E-007
   239.079375000000         7.591900432029438E-007
   239.293125000000         6.261644859771361E-007
   239.506875000000         4.781153582775518E-007
   239.720625000000         3.217821751588757E-007
   239.934375000000         1.641699506676880E-007
   240.148125000000         1.221155043983409E-008
   240.361875000000        -1.275663711276947E-007
   240.575625000000        -2.493562111999998E-007
   240.789375000000        -3.483444596444033E-007
   241.003125000000        -4.209344798818065E-007
   241.216875000000        -4.649055988661401E-007
   241.430625000000        -4.795008053409634E-007
   241.644375000000        -4.654395125441782E-007
   241.858125000000        -4.248561238934677E-007
   242.071875000000        -3.611692448717200E-007
   242.285625000000        -2.788900355426199E-007
   242.499375000000        -1.833811715341471E-007
   242.713125000000        -8.058002158348514E-008
   242.926875000000         2.329912056161800E-008
   243.140625000000         1.220685925471324E-007
   243.354375000000         2.098620718450750E-007
   243.568125000000         2.814070382636997E-007
   243.781875000000         3.322633906488617E-007
   243.995625000000         3.590188047882596E-007
   244.209375000000         3.594338301410009E-007
   244.423125000000         3.325322130019803E-007
   244.636875000000         2.786343887423232E-007
   244.850625000000         1.993344243170687E-007
   245.064375000000         9.742286238886105E-008
   245.278125000000        -2.324010989645269E-008
   245.491875000000        -1.578949897989184E-007
   245.705625000000        -3.010890877815126E-007
   245.919375000000        -4.469094978086424E-007
   246.133125000000        -5.892329861007031E-007
   246.346875000000        -7.219822544781794E-007
   246.560625000000        -8.393778109464065E-007
   246.774375000000        -9.361749036716402E-007
   246.988125000000        -1.007875678808878E-006
   247.201875000000        -1.050907913750599E-006
   247.415625000000        -1.062763323719823E-006
   247.629375000000        -1.042090466912289E-006
   247.843125000000        -9.887395652841781E-007
   248.056875000000        -9.037589636205515E-007
   248.270625000000        -7.893452965652528E-007
   248.484375000000        -6.487515466119487E-007
   248.698125000000        -4.861588976643955E-007
   248.911875000000        -3.065194976820553E-007
   249.125625000000        -1.153778723216916E-007
   249.339375000000         8.132122524276123E-008
   249.553125000000         2.774312243487544E-007
   249.766875000000         4.668019892268155E-007
   249.980625000000         6.434726251166070E-007
   250.194375000000         8.018547356769095E-007
   250.408125000000         9.369030906482510E-007
   250.621875000000         1.044271445937733E-006
   250.835625000000         1.120451661095117E-006
   251.049375000000         1.162894246603937E-006
   251.263125000000         1.170108085078072E-006
   251.476875000000         1.141736417358935E-006
   251.690625000000         1.078605435920011E-006
   251.904375000000         9.827411894275540E-007
   252.118125000000         8.573501874679151E-007
   252.331875000000         7.067592945587617E-007
   252.545625000000         5.363113572136275E-007
   252.759375000000         3.522145812009155E-007
   252.973125000000         1.613459418394758E-007
   253.186875000000        -2.898825300299596E-008
   253.400625000000        -2.113283280989736E-007
   253.614375000000        -3.783641301965377E-007
   253.828125000000        -5.232521849921621E-007
   254.041875000000        -6.399319702335485E-007
   254.255625000000        -7.234245121987360E-007
   254.469375000000        -7.700959592394091E-007
   254.683125000000        -7.778694642811575E-007
   254.896875000000        -7.463706541069508E-007
   255.110625000000        -6.769950978615771E-007
   255.324375000000        -5.728903215747467E-007
   255.538125000000        -4.388497672943214E-007
   255.751875000000        -2.811213148372556E-007
   255.965625000000        -1.071381862051710E-007
   256.179375000000         7.481514766746852E-008
   256.393125000000         2.559853918088657E-007
   256.606875000000         4.275615114491650E-007
   256.820625000000         5.810930372778138E-007
   257.034375000000         7.088937276313858E-007
   257.248125000000         8.044096342755876E-007
   257.461875000000         8.625327641741694E-007
   257.675625000000         8.798447252930823E-007
   257.889375000000         8.547787420101146E-007
   258.103125000000         7.876929382408741E-007
   258.316875000000         6.808525135922274E-007
   258.530625000000         5.383230896694543E-007
   258.744375000000         3.657818206648463E-007
   258.958125000000         1.702566310157382E-007
   259.171875000000        -4.019299491096141E-008
   259.385625000000        -2.568379896863434E-007
   259.599375000000        -4.706673561927380E-007
   259.813125000000        -6.727838380083250E-007
   260.026875000000        -8.547901669961698E-007
   260.240625000000        -1.009149376794619E-006
   260.454375000000        -1.129504209029267E-006
   260.668125000000        -1.210942679168361E-006
   260.881875000000        -1.250199303447062E-006
   261.095625000000        -1.245784215619617E-006
   261.309375000000        -1.198035329981321E-006
   261.523125000000        -1.109091752048464E-006
   261.736875000000        -9.827897247209971E-007
   261.950625000000        -8.244854534037949E-007
   262.164375000000        -6.408121049654030E-007
   262.378125000000        -4.393810433449723E-007
   262.591875000000        -2.284398606244606E-007
   262.805625000000        -1.650188734287315E-008
   263.019375000000         1.880364887206497E-007
   263.233125000000         3.772733133965918E-007
   263.446875000000         5.441556350774222E-007
   263.660625000000         6.827938701973723E-007
   263.874375000000         7.887200032691895E-007
   264.088125000000         8.590758787958002E-007
   264.301875000000         8.927209386474242E-007
   264.515625000000         8.902526462669287E-007
   264.729375000000         8.539373644898780E-007
   264.943125000000         7.875543950784284E-007
   265.156875000000         6.961609631642518E-007
   265.370625000000         5.857908113036851E-007
   265.584375000000         4.631034052521508E-007
   265.798125000000         3.350042009806939E-007
   266.011875000000         2.082586698243872E-007
   266.225625000000         8.912358336830355E-008
   266.439375000000        -1.698172469659721E-008
   266.653125000000        -1.057438039191704E-007
   266.866875000000        -1.741468388164601E-007
   267.080625000000        -2.205764988963260E-007
   267.294375000000        -2.448307928788870E-007
   267.508125000000        -2.480394159376385E-007
   267.721875000000        -2.324996182760566E-007
   267.935625000000        -2.014425911201629E-007
   268.149375000000        -1.587492660586270E-007
   268.363125000000        -1.086378388293132E-007
   268.576875000000        -5.534696325166053E-008
   268.790625000000        -2.838271082666014E-009
   269.004375000000         4.546031596882745E-008
   269.218125000000         8.685291065854875E-008
   269.431875000000         1.195033022503291E-007
   269.645625000000         1.424857389278352E-007
   269.859375000000         1.557591578495516E-007
   270.073125000000         1.600714267808600E-007
   270.286875000000         1.568056489187388E-007
   270.500625000000         1.477848413096925E-007
   270.714375000000         1.350539911665649E-007
   270.928125000000         1.206594410128008E-007
   271.141875000000         1.064447376704979E-007
   271.355625000000         9.387964990454565E-008
   271.569375000000         8.393530666320156E-008
   271.783125000000         7.701373332308066E-008
   271.996875000000         7.293493371933862E-008
   272.210625000000         7.097956450905769E-008
   272.424375000000         6.998062794187192E-008
   272.638125000000         6.845384829467056E-008
   272.851875000000         6.475376912673674E-008
   273.065625000000         5.724126090148245E-008
   273.279375000000         4.444807870226820E-008
   273.493125000000         2.522525331023980E-008
   273.706875000000        -1.135769599105866E-009
   273.920625000000        -3.481748471591182E-008
   274.134375000000        -7.543117914343984E-008
   274.348125000000        -1.220139609958911E-007
   274.561875000000        -1.730665244812788E-007
   274.775625000000        -2.266275239931876E-007
   274.989375000000        -2.803783327241054E-007
   275.203125000000        -3.317705345732256E-007
   275.416875000000        -3.781677466022222E-007
   275.630625000000        -4.169932344223873E-007
   275.844375000000        -4.458751598986264E-007
   276.058125000000        -4.627820588866511E-007
   276.271875000000        -4.661421507206438E-007
   276.485625000000        -4.549412082554703E-007
   276.699375000000        -4.287948715749999E-007
   276.913125000000        -3.879924086414555E-007
   277.126875000000        -3.335099868086801E-007
   277.340625000000        -2.669925264981698E-007
   277.554375000000        -1.907041912175262E-007
   277.768125000000        -1.074485656796682E-007
   277.981875000000        -2.046062247378577E-008
   278.195625000000         6.672630113102455E-008
   278.409375000000         1.504341045766008E-007
   278.623125000000         2.270084669319255E-007
   278.836875000000         2.929955004996146E-007
   279.050625000000         3.453186145666089E-007
   279.264375000000         3.814468567513953E-007
   279.478125000000         3.995455261344667E-007
   279.691875000000         3.985998524559813E-007
   279.905625000000         3.785031023781015E-007
   280.119375000000         3.401016648545583E-007
   280.333125000000         2.851914934081937E-007
   280.546875000000         2.164626985845020E-007
   280.760625000000         1.373919854114122E-007
   280.974375000000         5.208585841553207E-008
   281.188125000000        -3.491913759669378E-008
   281.401875000000        -1.188896521822954E-007
   281.615625000000        -1.951499145397885E-007
   281.829375000000        -2.593427478150932E-007
   282.043125000000        -3.076813594069437E-007
   282.256875000000        -3.371757632190243E-007
   282.470625000000        -3.458185426245279E-007
   282.684375000000        -3.327166759088390E-007
   282.898125000000        -2.981592395769995E-007
   283.111875000000        -2.436148031372202E-007
   283.325625000000        -1.716569678145214E-007
   283.539375000000        -8.582144664956430E-008
   283.753125000000         9.597044833476088E-009
   283.966875000000         1.097954125465943E-007
   284.180625000000         2.097440791174586E-007
   284.394375000000         3.044814908097516E-007
   284.608125000000         3.894015383530124E-007
   284.821875000000         4.605146485277233E-007
   285.035625000000         5.146652376333932E-007
   285.249375000000         5.496914894858033E-007
   285.463125000000         5.645177674190645E-007
   285.676875000000         5.591750328085534E-007
   285.890625000000         5.347499980795063E-007
   286.104375000000         4.932689410110725E-007
   286.318125000000         4.375267176404818E-007
   286.531875000000         3.708751596816285E-007
   286.745625000000         2.969874488029287E-007
   286.959375000000         2.196160626195176E-007
   287.173125000000         1.423614555430339E-007
   287.386875000000         6.846687201229781E-008
   287.600625000000         6.518067752168615E-010
   287.814375000000        -5.900706598126905E-008
   288.028125000000        -1.091428122497810E-007
   288.241875000000        -1.491125288833725E-007
   288.455625000000        -1.789624372535537E-007
   288.669375000000        -1.993505206239681E-007
   288.883125000000        -2.114359290999877E-007
   289.096875000000        -2.167459046799619E-007
   289.310625000000        -2.170315243873768E-007
   289.524375000000        -2.141231855784457E-007
   289.738125000000        -2.097956040229590E-007
   289.951875000000        -2.056503544545916E-007
   290.165625000000        -2.030218731879111E-007
   290.379375000000        -2.029105812901209E-007
   290.593125000000        -2.059445705011249E-007
   290.806875000000        -2.123692798370887E-007
   291.020625000000        -2.220628883991767E-007
   291.234375000000        -2.345738205137877E-007
   291.448125000000        -2.491758208684534E-007
   291.661875000000        -2.649354945457025E-007
   291.875625000000        -2.807869838478266E-007
   292.089375000000        -2.956085261228459E-007
   292.303125000000        -3.082959613615287E-007
   292.516875000000        -3.178287992456357E-007
   292.730625000000        -3.233251850879619E-007
   292.944375000000        -3.240830004510133E-007
   293.158125000000        -3.196053737937172E-007
   293.371875000000        -3.096100270750180E-007
   293.585625000000        -2.940230978318438E-007
   293.799375000000        -2.729592848250262E-007
   294.013125000000        -2.466912810120812E-007
   294.226875000000        -2.156123778773426E-007
   294.440625000000        -1.801967432600761E-007
   294.654375000000        -1.409620939067725E-007
   294.868125000000        -9.843923319881411E-008
   295.081875000000        -5.315217458028578E-008
   295.295625000000        -5.611346584170031E-009
   295.509375000000         4.367923938606335E-008
   295.723125000000         9.420183875157345E-008
   295.936875000000         1.453947365942797E-007
   296.150625000000         1.966165649339551E-007
   296.364375000000         2.471111610014345E-007
   296.578125000000         2.959796890310655E-007
   296.791875000000         3.421667164308897E-007
   297.005625000000         3.844660536313605E-007
   297.219375000000         4.215504477435131E-007
   297.433125000000         4.520267785219328E-007
   297.646875000000         4.745154552612830E-007
   297.860625000000         4.877495520453898E-007
   298.074375000000         4.906861976851293E-007
   298.288125000000         4.826202246513727E-007
   298.501875000000         4.632884224057184E-007
   298.715625000000         4.329522112741523E-007
   298.929375000000         3.924473244068724E-007
   299.143125000000         3.431911945854553E-007
   299.356875000000         2.871420783093421E-007
   299.570625000000         2.267082533835195E-007
   299.784375000000         1.646105114913322E-007
   299.998125000000         1.037061536147737E-007
   300.211875000000         4.678725706449811E-008
   300.425625000000        -3.630398935484389E-009
   300.639375000000        -4.550913676851749E-008
   300.853125000000        -7.746279746865411E-008
   301.066875000000        -9.888404027516239E-008
   301.280625000000        -1.100110409455264E-007
   301.494375000000        -1.119239917308614E-007
   301.708125000000        -1.064679245473429E-007
   301.921875000000        -9.610517273078682E-008
   302.135625000000        -8.370760233986195E-008
   302.349375000000        -7.230489624608080E-008
   302.563125000000        -6.481001780491749E-008
   302.776875000000        -6.374597941357392E-008
   302.990625000000        -7.099882760365068E-008
   303.204375000000        -8.762017647507451E-008
   303.418125000000        -1.136987568037915E-007
   303.631875000000        -1.483146141515761E-007
   303.845625000000        -1.895823075665223E-007
   304.059375000000        -2.347814101375877E-007
   304.273125000000        -2.805645633201176E-007
   304.486875000000        -3.232260709487979E-007
   304.700625000000        -3.590082512654583E-007
   304.914375000000        -3.844190698721535E-007
   305.128125000000        -3.965333258363743E-007
   305.341875000000        -3.932509893373760E-007
   305.555625000000        -3.734900696253442E-007
   305.769375000000        -3.372972615941516E-007
   305.983125000000        -2.858670079802200E-007
   306.196875000000        -2.214678060252392E-007
   306.410625000000        -1.472827938416817E-007
   306.624375000000        -6.717909223451100E-008
   306.838125000000         1.457364123088459E-008
   307.051875000000         9.361100560304566E-008
   307.265625000000         1.657819021255534E-007
   307.479375000000         2.274315056506020E-007
   307.693125000000         2.756368836056512E-007
   307.906875000000         3.083779483813666E-007
   308.120625000000         3.246327705942490E-007
   308.334375000000         3.243933457381111E-007
   308.548125000000         3.086049960431759E-007
   308.761875000000         2.790390306909761E-007
   308.975625000000         2.381135024069704E-007
   309.189375000000         1.886804563881358E-007
   309.403125000000         1.337997225658205E-007
   309.616875000000         7.651900859615149E-008
   309.830625000000         1.967795723041333E-008
   310.044375000000        -3.424974517242428E-008
   310.258125000000        -8.326673877633700E-008
   310.471875000000        -1.259105077559113E-007
   310.685625000000        -1.612608413672166E-007
   310.899375000000        -1.889016560038391E-007
   311.113125000000        -2.088463021452664E-007
   311.326875000000        -2.214379856058778E-007
   311.540625000000        -2.272380927867021E-007
   311.754375000000        -2.269150264107913E-007
   311.968125000000        -2.211447672634477E-007
   312.181875000000        -2.105320236737022E-007
   312.395625000000        -1.955578335506683E-007
   312.609375000000        -1.765561988810721E-007
   312.823125000000        -1.537191107152342E-007
   313.036875000000        -1.271264750859952E-007
   313.250625000000        -9.679522042407859E-008
   313.464375000000        -6.274041210482012E-008
   313.678125000000        -2.504058345395107E-008
   313.891875000000         1.610031188431705E-008
   314.105625000000         6.030101863944671E-008
   314.319375000000         1.069664158749131E-007
   314.533125000000         1.552697256405056E-007
   314.746875000000         2.041550242642478E-007
   314.960625000000         2.523597239732034E-007
   315.174375000000         2.984550604517625E-007
   315.388125000000         3.409013425606453E-007
   315.601875000000         3.781138646314779E-007
   315.815625000000         4.085349679028763E-007
   316.029375000000         4.307077364918241E-007
   316.243125000000         4.433471572069804E-007
   316.456875000000         4.454051679962342E-007
   316.670625000000         4.361267612237497E-007
   316.884375000000         4.150950910894712E-007
   317.098125000000         3.822642685932462E-007
   317.311875000000         3.379791445673397E-007
   317.525625000000         2.829818422564820E-007
   317.739375000000         2.184050974375921E-007
   317.953125000000         1.457526172300329E-007
   318.166875000000         6.686672403784364E-008
   318.380625000000        -1.611642936013935E-008
   318.594375000000        -1.008237345440467E-007
   318.808125000000        -1.847136009447796E-007
   319.021875000000        -2.651552343192031E-007
   319.235625000000        -3.395174444017777E-007
   319.449375000000        -4.052650455918593E-007
   319.663125000000        -4.600601100160841E-007
   319.876875000000        -5.018644503409833E-007
   320.090625000000        -5.290388450456448E-007
   320.304375000000        -5.404337856141775E-007
   320.518125000000        -5.354660447451522E-007
   320.731875000000        -5.141752516954406E-007
   320.945625000000        -4.772550076053102E-007
   321.159375000000        -4.260539359211235E-007
   321.373125000000        -3.625434485220347E-007
   321.586875000000        -2.892508691011750E-007
   321.800625000000        -2.091587869292592E-007
   322.014375000000        -1.255739593125920E-007
   322.228125000000        -4.197154199419625E-008
   322.441875000000         3.817731809125688E-008
   322.655625000000         1.115846676837004E-007
   322.869375000000         1.753206560722257E-007
   323.083125000000         2.269727109449008E-007
   323.296875000000         2.647780049014037E-007
   323.510625000000         2.877196168962692E-007
   323.724375000000         2.955790044263139E-007
   323.938125000000         2.889402938125730E-007
   324.151875000000         2.691452459613205E-007
   324.365625000000         2.382012911675977E-007
   324.579375000000         1.986484514275500E-007
   324.793125000000         1.533939890324352E-007
   325.006875000000         1.055259760063389E-007
   325.220625000000         5.811846978922645E-008
   325.434375000000         1.404148539782620E-008
   325.648125000000        -2.421155718535026E-008
   325.861875000000        -5.466769738153200E-008
   326.075625000000        -7.598067096464284E-008
   326.289375000000        -8.749344912154252E-008
   326.503125000000        -8.925421611251230E-008
   326.716875000000        -8.198619453250122E-008
   326.930625000000        -6.701480422090549E-008
   327.144375000000        -4.615829795689386E-008
   327.358125000000        -2.159008541541442E-008
   327.571875000000         4.317665124950969E-009
   327.785625000000         2.915890153851894E-008
   327.999375000000         5.065682533947366E-008
   328.213125000000         6.681571280609536E-008
   328.426875000000         7.605295701893631E-008
   328.640625000000         7.730432959000996E-008
   328.854375000000         7.009713379821721E-008
   329.068125000000         5.458768973962122E-008
   329.281875000000         3.156136966614664E-008
   329.495625000000         2.395132436362675E-009
   329.709375000000        -3.101583662475461E-008
   329.923125000000        -6.636419619395179E-008
   330.136875000000        -1.010645445557205E-007
   330.350625000000        -1.324094340212057E-007
   330.564375000000        -1.577398766913216E-007
   330.778125000000        -1.746217393292868E-007
   330.991875000000        -1.810184725712320E-007
   331.205625000000        -1.754499914709349E-007
   331.419375000000        -1.571273389094562E-007
   331.633125000000        -1.260531400824838E-007
   331.846875000000        -8.307889616226702E-008
   332.060625000000        -2.991193060513000E-008
   332.274375000000         3.093270275291615E-008
   332.488125000000         9.623688144672767E-008
   332.701875000000         1.622385000543867E-007
   332.915625000000         2.248388596659329E-007
   333.129375000000         2.798482566958210E-007
   333.343125000000         3.232560025732916E-007
   333.556875000000         3.515081079437040E-007
   333.770625000000         3.617738607632259E-007
   333.984375000000         3.521817910833033E-007
   334.198125000000         3.220062337923860E-007
   334.411875000000         2.717879477944899E-007
   334.625625000000         2.033759683609053E-007
   334.839375000000         1.198828639449748E-007
   335.053125000000         2.555151556796043E-008
   335.266875000000        -7.446199607606324E-008
   335.480625000000        -1.743783300230414E-007
   335.694375000000        -2.681406293614605E-007
   335.908125000000        -3.497941396395370E-007
   336.121875000000        -4.138743636244853E-007
   336.335625000000        -4.557768546152271E-007
   336.549375000000        -4.720822338898000E-007
   336.763125000000        -4.608125696787173E-007
   336.976875000000        -4.215997205904907E-007
   337.190625000000        -3.557523002833502E-007
   337.404375000000        -2.662150920278879E-007
   337.618125000000        -1.574224566971982E-007
   337.831875000000        -3.505490743125817E-008
   338.045625000000         9.428505541054681E-008
   338.259375000000         2.234561067927663E-007
   338.473125000000         3.451945865116466E-007
   338.686875000000         4.525367304752787E-007
   338.900625000000         5.392192697619077E-007
   339.114375000000         6.000332835467093E-007
   339.328125000000         6.311102456764002E-007
   339.541875000000         6.301246469286297E-007
   339.755625000000         5.964038941817822E-007
   339.969375000000         5.309428186241602E-007
   340.183125000000         4.363265060331905E-007
