  -1.60312500000000        -5.174900869602316E-018
  -1.38937500000000        -5.170677441993156E-018
  -1.17562500000000        -1.257606878301154E-018
 -0.961875000000000         3.164699010410032E-017
 -0.748125000000000         2.101636862304964E-016
 -0.534375000000000         9.756539958452312E-016
 -0.320625000000000         3.733263143626841E-015
 -0.106875000000000         1.231532744377598E-014
  0.106875000000000         3.581750095297896E-014
  0.320625000000000         9.334131755350254E-014
  0.534375000000000         2.209928357641914E-013
  0.748125000000000         4.812059690610158E-013
  0.961875000000000         9.741025171852284E-013
   1.17562500000000         1.850301468279307E-012
   1.38937500000000         3.323987590721324E-012
   1.60312500000000         5.684653674965328E-012
   1.81687500000000         9.305366796916682E-012
   2.03062500000000         1.464559602599966E-011
   2.24437500000000         2.224658311052386E-011
   2.45812500000000         3.271798417284371E-011
   2.67187500000000         4.671544407943357E-011
   2.88562500000000         6.490980894938396E-011
   3.09937500000000         8.795000849637569E-011
   3.31312500000000         1.164221677542753E-010
   3.52687500000000         1.508090530978190E-010
   3.74062500000000         1.914544982005192E-010
   3.95437500000000         2.385359235387210E-010
   4.16812500000000         2.920476502708630E-010
   4.38187500000000         3.517988587523782E-010
   4.59562500000000         4.174232345412688E-010
   4.80937500000000         4.884005581143272E-010
   5.02312500000000         5.640871270132148E-010
   5.23687500000000         6.437490591729531E-010
   5.45062500000000         7.265955997880951E-010
   5.66437500000000         8.118088650344237E-010
   5.87812500000000         8.985660321171445E-010
   6.09187500000000         9.860550066735452E-010
   6.30562500000000         1.073485272415758E-009
   6.51937500000000         1.160097006356258E-009
   6.73312500000000         1.245173530457682E-009
   6.94687500000000         1.328061736075060E-009
   7.16062500000000         1.408204199956644E-009
   7.37437500000000         1.485183573487745E-009
   7.58812500000000         1.558777749210036E-009
   7.80187500000000         1.629020816207481E-009
   8.01562500000000         1.696260515020837E-009
   8.22937500000000         1.761204795955686E-009
   8.44312500000000         1.824945713260278E-009
   8.65687500000000         1.888955077171750E-009
   8.87062500000000         1.955045296895129E-009
   9.08437500000000         2.025298051171149E-009
   9.29812500000000         2.101965501522845E-009
   9.51187500000000         2.187354586615399E-009
   9.72562500000000         2.283708617105282E-009
   9.93937500000000         2.393099220101882E-009
   10.1531250000000         2.517343875921412E-009
   10.3668750000000         2.657957475709327E-009
   10.5806250000000         2.816142208077126E-009
   10.7943750000000         2.992814327555855E-009
   11.0081250000000         3.188658833399529E-009
   11.2218750000000         3.404200604518034E-009
   11.4356250000000         3.639877045983724E-009
   11.6493750000000         3.896098733444058E-009
   11.8631250000000         4.173288515373491E-009
   12.0768750000000         4.471893342652534E-009
   12.2906250000000         4.792371467103676E-009
   12.5043750000000         5.135162405322824E-009
   12.7181250000000         5.500652268865290E-009
   12.9318750000000         5.889149445469815E-009
   13.1456250000000         6.300882569135414E-009
   13.3593750000000         6.736031211281368E-009
   13.5731250000000         7.194789696515675E-009
   13.7868750000000         7.677460996428732E-009
   14.0006250000000         8.184567185378431E-009
   14.2143750000000         8.716960349455734E-009
   14.4281250000000         9.275913524036261E-009
   14.6418750000000         9.863175063219900E-009
   14.8556250000000         1.048097297747380E-008
   15.0693750000000         1.113196400116418E-008
   15.2831250000000         1.181913039249299E-008
   15.4968750000000         1.254563693432128E-008
   15.7106250000000         1.331466645301522E-008
   15.9243750000000         1.412925553694557E-008
   16.1381250000000         1.499215256377560E-008
   16.3518750000000         1.590571502405983E-008
   16.5656250000000         1.687185798830267E-008
   16.7793750000000         1.789205517306529E-008
   16.9931250000000         1.896738611257512E-008
   17.2068750000000         2.009861695630228E-008
   17.4206250000000         2.128629641367874E-008
   17.6343750000000         2.253084871793805E-008
   17.8481250000000         2.383264666494457E-008
   18.0618750000000         2.519205528146778E-008
   18.2756250000000         2.660944043253823E-008
   18.4893750000000         2.808514705107174E-008
   18.7031250000000         2.961945718362751E-008
   18.9168750000000         3.121253973165033E-008
   19.1306250000000         3.286440889595423E-008
   19.3443750000000         3.457490326837291E-008
   19.5581250000000         3.634369529469310E-008
   19.7718750000000         3.817033402042726E-008
   19.9856250000000         4.005431861716170E-008
   20.1993750000000         4.199519497394274E-008
   20.4131250000000         4.399266292682563E-008
   20.6268750000000         4.604668185462800E-008
   20.8406250000000         4.815756117579489E-008
   21.0543750000000         5.032602604212716E-008
   21.2681250000000         5.255325199477564E-008
   21.4818750000000         5.484086727061463E-008
   21.6956250000000         5.719092404981720E-008
   21.9093750000000         5.960584453225281E-008
   22.1231250000000         6.208834844259663E-008
   22.3368750000000         6.464137064088757E-008
   22.5506250000000         6.726797543165849E-008
   22.7643750000000         6.997127401805829E-008
   22.9781250000000         7.275434982129815E-008
   23.1918750000000         7.562019450067797E-008
   23.4056250000000         7.857165608473728E-008
   23.6193750000000         8.161140030818866E-008
   23.8331250000000         8.474188377172835E-008
   24.0468750000000         8.796533958791374E-008
   24.2606250000000         9.128377238757831E-008
   24.4743750000000         9.469896362067793E-008
   24.6881250000000         9.821248344717981E-008
   24.9018750000000         1.018257083880155E-007
   25.1156250000000         1.055398440481789E-007
   25.3293750000000         1.093559502767068E-007
   25.5431250000000         1.132749714957540E-007
   25.7568750000000         1.172977711252850E-007
   25.9706250000000         1.214251733162691E-007
   26.1843750000000         1.256580142607281E-007
   26.3981250000000         1.299972050890565E-007
   26.6118750000000         1.344438078606638E-007
   26.8256250000000         1.389991232243642E-007
   27.0393750000000         1.436647850679626E-007
   27.2531250000000         1.484428550803894E-007
   27.4668750000000         1.533359067780233E-007
   27.6806250000000         1.583470848193833E-007
   27.8943750000000         1.634801286300018E-007
   28.1081250000000         1.687393472697790E-007
   28.3218750000000         1.741295393164611E-007
   28.5356250000000         1.796558580412090E-007
   28.7493750000000         1.853236259124586E-007
   28.9631250000000         1.911381166005034E-007
   29.1768750000000         1.971043227162002E-007
   29.3906250000000         2.032267387201154E-007
   29.6043750000000         2.095091859238948E-007
   29.8181250000000         2.159547060634797E-007
   30.0318750000000         2.225655453883820E-007
   30.2456250000000         2.293432401923540E-007
   30.4593750000000         2.362888016944007E-007
   30.6731250000000         2.434029872588097E-007
   30.8868750000000         2.506866269372615E-007
   31.1006250000000         2.581409659713995E-007
   31.3143750000000         2.657679712359233E-007
   31.5281250000000         2.735705496418140E-007
   31.7418750000000         2.815526270015431E-007
   31.9556250000000         2.897190482312573E-007
   32.1693750000000         2.980752768401961E-007
   32.3831250000000         3.066268966986817E-007
   32.5968750000000         3.153789498553593E-007
   32.8106250000000         3.243351756247584E-007
   33.0243750000000         3.334972469775136E-007
   33.2381250000000         3.428641243886725E-007
   33.4518750000000         3.524316596070992E-007
   33.6656250000000         3.621925776808581E-007
   33.8793750000000         3.721369416697475E-007
   34.0931250000000         3.822531582298656E-007
   34.3068750000000         3.925295180707723E-007
   34.5206250000000         4.029561820305152E-007
   34.7343750000000         4.135274336829403E-007
   34.9481250000000         4.242439365191745E-007
   35.1618750000000         4.351146645243132E-007
   35.3756250000000         4.461581419340362E-007
   35.5893750000000         4.574026383829025E-007
   35.8031250000000         4.688850327608685E-007
   36.0168750000000         4.806481820910289E-007
   36.2306250000000         4.927368098528899E-007
   36.4443750000000         5.051921432321437E-007
   36.6581250000000         5.180457599320120E-007
   36.8718750000000         5.313133230585654E-007
   37.0856250000000         5.449890467014376E-007
   37.2993750000000         5.590418219341979E-007
   37.5131250000000         5.734138987570324E-007
   37.7268750000000         5.880228601391301E-007
   37.9406250000000         6.027673254024983E-007
   38.1543750000000         6.175364016348868E-007
   38.3681250000000         6.322224006481651E-007
   38.5818750000000         6.467358013241201E-007
   38.7956250000000         6.610209411609806E-007
   39.0093750000000         6.750705320692702E-007
   39.2231250000000         6.889368909542837E-007
   39.4368750000000         7.027378162744936E-007
   39.6506250000000         7.166553607388524E-007
   39.8643750000000         7.309263563310478E-007
   40.0781250000000         7.458244050431576E-007
   40.2918750000000         7.616340879933383E-007
   40.5056250000000         7.786192577600674E-007
   40.7193750000000         7.969883303797467E-007
   40.9331250000000         8.168603399548214E-007
   41.1468750000000         8.382360185064837E-007
   41.3606250000000         8.609781982789317E-007
   41.5743750000000         8.848053396502784E-007
   41.7881250000000         9.093009393300232E-007
   42.0018750000000         9.339400423465160E-007
   42.2156250000000         9.581321804257927E-007
   42.4293750000000         9.812779934484073E-007
   42.6431250000000         1.002834786222979E-006
   42.8568750000000         1.022384596479992E-006
   43.0706250000000         1.039697253714099E-006
   43.2843750000000         1.054780587246185E-006
   43.4981250000000         1.067910542829357E-006
   43.7118750000000         1.079635506531489E-006
   43.9256250000000         1.090751531227312E-006
   44.1393750000000         1.102248208400932E-006
   44.3531250000000         1.115228310494837E-006
   44.5668750000000         1.130807664043593E-006
   44.7806250000000         1.150004577731488E-006
   44.9943750000000         1.173630137531072E-006
   45.2081250000000         1.202191469042433E-006
   45.4218750000000         1.235819446193916E-006
   45.6356250000000         1.274230252395482E-006
   45.8493750000000         1.316726825824892E-006
   46.0631250000000         1.362241864467183E-006
   46.2768750000000         1.409419229466301E-006
   46.4906250000000         1.456725848395201E-006
   46.7043750000000         1.502582240497551E-006
   46.9181250000000         1.545497136312068E-006
   47.1318750000000         1.584190823385401E-006
   47.3456250000000         1.617693063759742E-006
   47.5593750000000         1.645404696931547E-006
   47.7731250000000         1.667117058778619E-006
   47.9868750000000         1.682989534373154E-006
   48.2006250000000         1.693492104068210E-006
   48.4143750000000         1.699325679475159E-006
   48.6281250000000         1.701337373514349E-006
   48.8418750000000         1.700449737056978E-006
   49.0556250000000         1.697621793427094E-006
   49.2693750000000         1.693855168376184E-006
   49.4831250000000         1.690250955487071E-006
   49.6968750000000         1.688112888806553E-006
   49.9106250000000         1.689081096453718E-006
   50.1243750000000         1.695269750240119E-006
   50.3381250000000         1.709373086462831E-006
   50.5518750000000         1.734699352961654E-006
   50.7656250000000         1.775092786413257E-006
   50.9793750000000         1.834710818404886E-006
   51.1931250000000         1.917637699806068E-006
   51.4068750000000         2.027336089608698E-006
   51.6206250000000         2.165963374577306E-006
   51.8343750000000         2.333607132273391E-006
   52.0481250000000         2.527520984810259E-006
   52.2618750000000         2.741464374075439E-006
   52.4756250000000         2.965263634781865E-006
   52.6893750000000         3.184713602390425E-006
   52.9031250000000         3.381926145971855E-006
   53.1168750000000         3.536203033501216E-006
   53.3306250000000         3.625465702150383E-006
   53.5443750000000         3.628216046347521E-006
   53.7581250000000         3.525934518266422E-006
   53.9718750000000         3.305750784641419E-006
   54.1856250000000         2.963155492866118E-006
   54.3993750000000         2.504467797634157E-006
   54.6131250000000         1.948740621840061E-006
   54.8268750000000         1.328781650619710E-006
   55.0406250000000         6.909983345584409E-007
   55.2543750000000         9.384238504316924E-008
   55.4681250000000        -3.952675419911315E-007
   55.6818750000000        -7.045320209346519E-007
   55.8956250000000        -7.636967180247063E-007
   56.1093750000000        -5.109833902776463E-007
   56.3231250000000         9.946736341956999E-008
   56.5368750000000         1.090269961487589E-006
   56.7506250000000         2.454306447540303E-006
   56.9643750000000         4.149837030179987E-006
   57.1781250000000         6.097936175695634E-006
   57.3918750000000         8.182875184082991E-006
   57.6056250000000         1.025589054180824E-005
   57.8193750000000         1.214252840956850E-005
   58.0331250000000         1.365345462052760E-005
   58.2468750000000         1.459828867254737E-005
   58.4606250000000         1.480168699824133E-005
   58.6743750000000         1.412059616857832E-005
   58.8881250000000         1.246135207360234E-005
   59.1018750000000         9.795145540650141E-006
   59.3156250000000         6.170331795490049E-006
   59.5293750000000         1.720145919792405E-006
   59.7431250000000        -3.335396123216178E-006
   59.9568750000000        -8.694288022149149E-006
   60.1706250000000        -1.398444183561192E-005
   60.3843750000000        -1.878261345424718E-005
   60.5981250000000        -2.263967624595466E-005
   60.8118750000000        -2.511101252897928E-005
   61.0256250000000        -2.579028251807349E-005
   61.2393750000000        -2.434441664443243E-005
   61.4531250000000        -2.054739805364085E-005
   61.6668750000000        -1.431028633703362E-005
   61.8806250000000        -5.704997430008873E-006
   62.0943750000000         5.020399676984317E-006
   62.3081250000000         1.743669333194814E-005
   62.5218750000000         3.094011085763730E-005
   62.7356250000000         4.477106775811640E-005
   62.9493750000000         5.804494888039081E-005
   63.1631250000000         6.979403739211046E-005
   63.3768750000000         7.901898938787334E-005
   63.5906250000000         8.474760707292082E-005
   63.8043750000000         8.609812702040286E-005
   64.0181250000000         8.234383761567011E-005
   64.2318750000000         7.297558673434423E-005
   64.4456250000000         5.775864227319778E-005
   64.6593750000000         3.678042133797409E-005
   64.8731250000000         1.048579982888022E-005
   65.0868750000000        -2.030295895938509E-005
   65.3006250000000        -5.438417218250952E-005
   65.5143750000000        -9.019456191347958E-005
   65.7281250000000        -1.258482379677517E-004
   65.9418750000000        -1.591973819043157E-004
   66.1556250000000        -1.879143162861921E-004
   66.3693750000000        -2.095936861087060E-004
   66.5831250000000        -2.218724296227084E-004
   66.7968750000000        -2.225640884099263E-004
   67.0106250000000        -2.098028294475577E-004
   67.2243750000000        -1.821913694050642E-004
   67.4381250000000        -1.389458661676580E-004
   67.6518750000000        -8.002985503754497E-005
   67.8656250000000        -6.268552509092789E-006
   68.0793750000000         8.056556659573264E-005
   68.2931250000000         1.777049871595716E-004
   68.5068750000000         2.813856709826429E-004
   68.7206250000000         3.868991985481095E-004
   68.9343750000000         4.887040249325846E-004
   69.1481250000000         5.805988462137400E-004
   69.3618750000000         6.559579725019056E-004
   69.5756250000000         7.080250022917139E-004
   69.7893750000000         7.302571515472837E-004
   70.0031250000000         7.167085218365227E-004
   70.2168750000000         6.624366478291438E-004
   70.4306250000000         5.639131246940589E-004
   70.6443750000000         4.194162672423005E-004
   70.8581250000000         2.293818685067166E-004
   71.0718750000000        -3.312556272629683E-006
   71.2856250000000        -2.731539525975474E-004
   71.4993750000000        -5.719120584921093E-004
   71.7131250000000        -8.886879124077788E-004
   71.9268750000000        -1.210105448843077E-003
   72.1406250000000        -1.520652739601326E-003
   72.3543750000000        -1.803172124473779E-003
   72.5681250000000        -2.039490559457733E-003
   72.7818750000000        -2.211173414205049E-003
   72.9956250000000        -2.300377131151663E-003
   73.2093750000000        -2.290769083271510E-003
   73.4231250000000        -2.168477080862534E-003
   73.6368750000000        -1.923026674683685E-003
   73.8506250000000        -1.548222000146911E-003
   74.0643750000000        -1.042925622669672E-003
   74.2781250000000        -4.116947800196693E-004
   74.4918750000000         3.347644477565294E-004
   74.7056250000000         1.179357321762141E-003
   74.9193750000000         2.098599281594268E-003
   75.1331250000000         3.062868328266599E-003
   75.3468750000000         4.036915450813568E-003
   75.5606250000000         4.980626714869419E-003
   75.7743750000000         5.850019789539064E-003
   75.9881250000000         6.598447404709122E-003
   76.2018750000000         7.177970991430622E-003
   76.4156250000000         7.540859990775348E-003
   76.6293750000000         7.641166368153789E-003
   76.8431250000000         7.436319989561883E-003
   77.0568750000000         6.888688845276823E-003
   77.2706250000000         5.967048676025077E-003
   77.4843750000000         4.647909289969845E-003
   77.6981250000000         2.916649581162428E-003
   77.9118750000000         7.684197128215837E-004
   78.1256250000000        -1.791223211862069E-003
   78.3393750000000        -4.745970770568443E-003
   78.5531250000000        -8.068725366245264E-003
   78.7668750000000        -1.172187432003576E-002
   78.9806250000000        -1.565787164023865E-002
   79.1943750000000        -1.982011393834143E-002
   79.4081250000000        -2.414408842844281E-002
   79.6218750000000        -2.855876335464066E-002
   79.8356250000000        -3.298818470025516E-002
   80.0493750000000        -3.735323773905596E-002
   80.2631250000000        -4.157352793143958E-002
   80.4768750000000        -4.556933283990303E-002
   80.6906250000000        -4.926357509486966E-002
   80.9043750000000        -5.258376591833704E-002
   81.1181250000000        -5.546386923428066E-002
   81.3318750000000        -5.784603788950365E-002
   81.5456250000000        -5.968217591719492E-002
   81.7593750000000        -6.093528405659491E-002
   81.9731250000000        -6.158054987457499E-002
   82.1868750000000        -6.160614881461301E-002
   82.4006250000000        -6.101372833194062E-002
   82.6143750000000        -5.981855396663407E-002
   82.8281250000000        -5.804930375174622E-002
   83.0418750000000        -5.574750571581165E-002
   83.2556250000000        -5.296662234052485E-002
   83.4693750000000        -4.977079554278358E-002
   83.6831250000000        -4.623327586990203E-002
   83.8968750000000        -4.243456986461216E-002
   84.1106250000000        -3.846034964425870E-002
   84.3243750000000        -3.439917826143178E-002
   84.5381250000000        -3.034011294468298E-002
   84.7518750000000        -2.637025541085117E-002
   84.9656250000000        -2.257232365301737E-002
   85.1793750000000        -1.902232253244803E-002
   85.3931250000000        -1.578739079546481E-002
   85.6068750000000        -1.292389954636305E-002
   85.8206250000000        -1.047587160306256E-002
   86.0343750000000        -8.473782549062472E-003
   86.2481250000000        -6.933792829971921E-003
   86.4618750000000        -5.857446236001615E-003
   86.6756250000000        -5.231854022107104E-003
   86.8893750000000        -5.030366336505067E-003
   87.1031250000000        -5.213714255877253E-003
   87.3168750000000        -5.731587337962214E-003
   87.5306250000000        -6.524594014195222E-003
   87.7443750000000        -7.526536168662942E-003
   87.9581250000000        -8.666915651897734E-003
   88.1718750000000        -9.873579939997280E-003
   88.3856250000000        -1.107540722940148E-002
   88.5993750000000        -1.220492835970236E-002
   88.8131250000000        -1.320078430835776E-002
   89.0268750000000        -1.400992363789323E-002
   89.2406250000000        -1.458945403763785E-002
   89.4543750000000        -1.490807563619110E-002
   89.6681250000000        -1.494704053802717E-002
   89.8818750000000        -1.470060237282252E-002
   90.0956250000000        -1.417594072812330E-002
   90.3093750000000        -1.339256726259477E-002
   90.5231250000000        -1.238124211409540E-002
   90.7368750000000        -1.118244995948865E-002
   90.9506250000000        -9.844503818667858E-003
   91.1643750000000        -8.421360564422534E-003
   91.3781250000000        -6.970244356010923E-003
   91.5918750000000        -5.549182259329309E-003
   91.8056250000000        -4.214559730640405E-003
   92.0193750000000        -3.018802206416682E-003
   92.2331250000000        -2.008282759679147E-003
   92.4468750000000        -1.221544879208061E-003
   92.6606250000000        -6.879143506375128E-004
   92.8743750000000        -4.265556256052708E-004
   93.0881250000000        -4.460068002843005E-004
   93.3018750000000        -7.442043827888408E-004
   93.5156250000000        -1.308985512992575E-003
   93.7293750000000        -2.119032367326988E-003
   93.9431250000000        -3.145202292926288E-003
   94.1568750000000        -4.352168865851928E-003
   94.3706250000000        -5.700284530269565E-003
   94.5843750000000        -7.147565543141243E-003
   94.7981250000000        -8.651695186974579E-003
   95.0118750000000        -1.017194191853825E-002
   95.2256250000000        -1.167089529888589E-002
   95.4393750000000        -1.311593390334523E-002
   95.6531250000000        -1.448035535142613E-002
   95.8668750000000        -1.574411827327574E-002
   96.0806250000000        -1.689416836791788E-002
   96.2943750000000        -1.792434447316049E-002
   96.5081250000000        -1.883488442910319E-002
   96.7218750000000        -1.963157313181241E-002
   96.9356250000000        -2.032459525876015E-002
   97.1493750000000        -2.092717155919752E-002
   97.3631250000000        -2.145406940313654E-002
   97.5768750000000        -2.192008479622501E-002
   97.7906250000000        -2.233859392013704E-002
   98.0043750000000        -2.272026739779091E-002
   98.2181250000000        -2.307203018333614E-002
   98.4318750000000        -2.339633482000651E-002
   98.6456250000000        -2.369079664942294E-002
   98.8593750000000        -2.394821747198968E-002
   99.0731250000000        -2.415700038991330E-002
   99.2868750000000        -2.430193444525700E-002
   99.5006250000000        -2.436530454885786E-002
   99.7143750000000        -2.432826138382750E-002
   99.9281250000000        -2.417236864246652E-002
   100.141875000000        -2.388123212110499E-002
   100.355625000000        -2.344210762736979E-002
   100.569375000000        -2.284738285417393E-002
   100.783125000000        -2.209583255567640E-002
   100.996875000000        -2.119355642705883E-002
   101.210625000000        -2.015452464027176E-002
   101.424375000000        -1.900067632697166E-002
   101.638125000000        -1.776154046554818E-002
   101.851875000000        -1.647337542972396E-002
   102.065625000000        -1.517785151910259E-002
   102.279375000000        -1.392032862254587E-002
   102.493125000000        -1.274780721416089E-002
   102.706875000000        -1.170665361992904E-002
   102.920625000000        -1.084021849125433E-002
   103.134375000000        -1.018647943155546E-002
   103.348125000000        -9.775843755418180E-003
   103.561875000000        -9.629244762016856E-003
   103.775625000000        -9.756654415748545E-003
   103.989375000000        -1.015611712774783E-002
   104.203125000000        -1.081338406658062E-002
   104.416875000000        -1.170219620128437E-002
   104.630625000000        -1.278522863233247E-002
   104.844375000000        -1.401567060285866E-002
   105.058125000000        -1.533937708859998E-002
   105.271875000000        -1.669749138553305E-002
   105.485625000000        -1.802940601438700E-002
   105.699375000000        -1.927590377336463E-002
   105.913125000000        -2.038230383630950E-002
   106.126875000000        -2.130143091460118E-002
   106.340625000000        -2.199622960713644E-002
   106.554375000000        -2.244186141171486E-002
   106.768125000000        -2.262714798882743E-002
   106.981875000000        -2.255525993746296E-002
   107.195625000000        -2.224359364199829E-002
   107.409375000000        -2.172282715211032E-002
   107.623125000000        -2.103519657439579E-002
   107.836875000000        -2.023208382084640E-002
   108.050625000000        -1.937105145497706E-002
   108.264375000000        -1.851249765833209E-002
   108.478125000000        -1.771613127562758E-002
   108.691875000000        -1.703748137672127E-002
   108.905625000000        -1.652465648862323E-002
   109.119375000000        -1.621555521556484E-002
   109.333125000000        -1.613570297832255E-002
   109.546875000000        -1.629685063624007E-002
   109.760625000000        -1.669642226409516E-002
   109.974375000000        -1.731784453001461E-002
   110.188125000000        -1.813173266516334E-002
   110.401875000000        -1.909785189163358E-002
   110.615625000000        -2.016772231123120E-002
   110.829375000000        -2.128769326123511E-002
   111.043125000000        -2.240228302399947E-002
   111.256875000000        -2.345756371617051E-002
   111.470625000000        -2.440437035735608E-002
   111.684375000000        -2.520112760080932E-002
   111.898125000000        -2.581611635357806E-002
   112.111875000000        -2.622904342377960E-002
   112.325625000000        -2.643182741248504E-002
   112.539375000000        -2.642856964498556E-002
   112.753125000000        -2.623473593884874E-002
   112.966875000000        -2.587562927117111E-002
   113.180625000000        -2.538428099839336E-002
   113.394375000000        -2.479892578963178E-002
   113.608125000000        -2.416025023607789E-002
   113.821875000000        -2.350861555648045E-002
   114.035625000000        -2.288145039851227E-002
   114.249375000000        -2.231099104177605E-002
   114.463125000000        -2.182251502443307E-002
   114.676875000000        -2.143317296417959E-002
   114.890625000000        -2.115147547044753E-002
   115.104375000000        -2.097744134475701E-002
   115.318125000000        -2.090336368379034E-002
   115.531875000000        -2.091510581293391E-002
   115.745625000000        -2.099380250294924E-002
   115.959375000000        -2.111781625837562E-002
   116.173125000000        -2.126478530152749E-002
   116.386875000000        -2.141359987013894E-002
   116.600625000000        -2.154615619803134E-002
   116.814375000000        -2.164876164741521E-002
   117.028125000000        -2.171309762699043E-002
   117.241875000000        -2.173668621185787E-002
   117.455625000000        -2.172284841596723E-002
   117.669375000000        -2.168018336285021E-002
   117.883125000000        -2.162163482361050E-002
   118.096875000000        -2.156324184160372E-002
   118.310625000000        -2.152269120076927E-002
   118.524375000000        -2.151779990986281E-002
   118.738125000000        -2.156505518668339E-002
   118.951875000000        -2.167832809922694E-002
   119.165625000000        -2.186785640219475E-002
   119.379375000000        -2.213956429268781E-002
   119.593125000000        -2.249475444484639E-002
   119.806875000000        -2.293017372848571E-002
   120.020625000000        -2.343842148151827E-002
   120.234375000000        -2.400864089123813E-002
   120.448125000000        -2.462741230020011E-002
   120.661875000000        -2.527975380271138E-002
   120.875625000000        -2.595013027610959E-002
   121.089375000000        -2.662337709350334E-002
   121.303125000000        -2.728545845465074E-002
   121.516875000000        -2.792400105982105E-002
   121.730625000000        -2.852856964107549E-002
   121.944375000000        -2.909067914814329E-002
   122.158125000000        -2.960356647097613E-002
   122.371875000000        -3.006176983598809E-002
   122.585625000000        -3.046058409752482E-002
   122.799375000000        -3.079547321584589E-002
   123.013125000000        -3.106152607749334E-002
   123.226875000000        -3.125303803587057E-002
   123.440625000000        -3.136328847616909E-002
   123.654375000000        -3.138456543364925E-002
   123.868125000000        -3.130846355688671E-002
   124.081875000000        -3.112645373488704E-002
   124.295625000000        -3.083069401572794E-002
   124.509375000000        -3.041502462036753E-002
   124.723125000000        -2.987606732880673E-002
   124.936875000000        -2.921433335338018E-002
   125.150625000000        -2.843523554331153E-002
   125.364375000000        -2.754990124800290E-002
   125.578125000000        -2.657569153179155E-002
   125.791875000000        -2.553635006799959E-002
   126.005625000000        -2.446172964915966E-002
   126.219375000000        -2.338707396615063E-002
   126.433125000000        -2.235186485090707E-002
   126.646875000000        -2.139827804002471E-002
   126.860625000000        -2.056932117333749E-002
   127.074375000000        -1.990675384516044E-002
   127.288125000000        -1.944890908990637E-002
   127.501875000000        -1.922854723037910E-002
   127.715625000000        -1.927087568050317E-002
   127.929375000000        -1.959186187309360E-002
   128.143125000000        -2.019695143908430E-002
   128.356875000000        -2.108028116963686E-002
   128.570625000000        -2.222444773260507E-002
   128.784375000000        -2.360086055748895E-002
   128.998125000000        -2.517067294281098E-002
   129.211875000000        -2.688625153411539E-002
   129.425625000000        -2.869311302908220E-002
   129.639375000000        -3.053223020563592E-002
   129.853125000000        -3.234258869488134E-002
   130.066875000000        -3.406386244095350E-002
   130.280625000000        -3.563907011507050E-002
   130.494375000000        -3.701707698311824E-002
   130.708125000000        -3.815481648181339E-002
   130.921875000000        -3.901912222396683E-002
   131.135625000000        -3.958808316212092E-002
   131.349375000000        -3.985186076711512E-002
   131.563125000000        -3.981293574315292E-002
   131.776875000000        -3.948578136919709E-002
   131.990625000000        -3.889598943544858E-002
   132.204375000000        -3.807890146620418E-002
   132.418125000000        -3.707782121268064E-002
   132.631875000000        -3.594190323071139E-002
   132.845625000000        -3.472382597266546E-002
   133.059375000000        -3.347736575394570E-002
   133.273125000000        -3.225499002410391E-002
   133.486875000000        -3.110558467851122E-002
   133.700625000000        -3.007242103869635E-002
   133.914375000000        -2.919145418062632E-002
   134.128125000000        -2.849002626124867E-002
   134.341875000000        -2.798602729642834E-002
   134.555625000000        -2.768754250209893E-002
   134.769375000000        -2.759299092173696E-002
   134.983125000000        -2.769173575630225E-002
   135.196875000000        -2.796512370842547E-002
   135.410625000000        -2.838788982223941E-002
   135.624375000000        -2.892984672439906E-002
   135.838125000000        -2.955776369935741E-002
   136.051875000000        -3.023733234075997E-002
   136.265625000000        -3.093511208191485E-002
   136.479375000000        -3.162035095529823E-002
   136.693125000000        -3.226658443746007E-002
   136.906875000000        -3.285292790240132E-002
   137.120625000000        -3.336499546192294E-002
   137.334375000000        -3.379539898589291E-002
   137.548125000000        -3.414380481070393E-002
   137.761875000000        -3.441655081883783E-002
   137.975625000000        -3.462585184055406E-002
   138.189375000000        -3.478864527110121E-002
   138.403125000000        -3.492515002030115E-002
   138.616875000000        -3.505722913167724E-002
   138.830625000000        -3.520665853206109E-002
   139.044375000000        -3.539341057179931E-002
   139.258125000000        -3.563406078999115E-002
   139.471875000000        -3.594041956067948E-002
   139.685625000000        -3.631847721213655E-002
   139.899375000000        -3.676773252394093E-002
   140.113125000000        -3.728095122406963E-002
   140.326875000000        -3.784437457417004E-002
   140.540625000000        -3.843836992880655E-002
   140.754375000000        -3.903848701323614E-002
   140.968125000000        -3.961685735302905E-002
   141.181875000000        -4.014385150292058E-002
   141.395625000000        -4.058989097152896E-002
   141.609375000000        -4.092730024450778E-002
   141.823125000000        -4.113207991762702E-002
   142.036875000000        -4.118548507022076E-002
   142.250625000000        -4.107530356950135E-002
   142.464375000000        -4.079674644707329E-002
   142.678125000000        -4.035288582509113E-002
   142.891875000000        -3.975460368775172E-002
   143.105625000000        -3.902004537845121E-002
   143.319375000000        -3.817360313339387E-002
   143.533125000000        -3.724448523634714E-002
   143.746875000000        -3.626495354313199E-002
   143.960625000000        -3.526833440272167E-002
   144.174375000000        -3.428692391566724E-002
   144.388125000000        -3.334991693801930E-002
   144.601875000000        -3.248148964949417E-002
   144.815625000000        -3.169915776291498E-002
   145.029375000000        -3.101251698695304E-002
   145.243125000000        -3.042245009377625E-002
   145.456875000000        -2.992085725510221E-002
   145.670625000000        -2.949093491355104E-002
   145.884375000000        -2.910799530995909E-002
   146.098125000000        -2.874078596243814E-002
   146.311875000000        -2.835323793798800E-002
   146.525625000000        -2.790654556594894E-002
   146.739375000000        -2.736145993167631E-002
   146.953125000000        -2.668066529680900E-002
   147.166875000000        -2.583110230215338E-002
   147.380625000000        -2.478610470158042E-002
   147.594375000000        -2.352722721681268E-002
   147.808125000000        -2.204566016578341E-002
   148.021875000000        -2.034315063167513E-002
   148.235625000000        -1.843237857401092E-002
   148.449375000000        -1.633676764537057E-002
   148.663125000000        -1.408974263229617E-002
   148.876875000000        -1.173347643249590E-002
   149.090625000000        -9.317197462427051E-003
   149.304375000000        -6.895151728188702E-003
   149.518125000000        -4.524331174019481E-003
   149.731875000000        -2.262090426112516E-003
   149.945625000000        -1.637771988474309E-004
   150.159375000000         1.719502584509663E-003
   150.373125000000         3.342875037344154E-003
   150.586875000000         4.669351186367526E-003
   150.800625000000         5.671071757834230E-003
   151.014375000000         6.330098501999954E-003
   151.228125000000         6.638733710122584E-003
   151.441875000000         6.599376559439235E-003
   151.655625000000         6.223950192717025E-003
   151.869375000000         5.532955496043264E-003
   152.083125000000         4.554225133166072E-003
   152.296875000000         3.321463610085949E-003
   152.510625000000         1.872665446186402E-003
   152.724375000000         2.485037924814297E-004
   152.938125000000        -1.509223657772194E-003
   153.151875000000        -3.359015224770402E-003
   153.365625000000        -5.260890769071389E-003
   153.579375000000        -7.177378379676167E-003
   153.793125000000        -9.074237689040743E-003
   154.006875000000        -1.092091475511509E-002
   154.220625000000        -1.269074178716947E-002
   154.434375000000        -1.436091100356047E-002
   154.648125000000        -1.591226463456952E-002
   154.861875000000        -1.732895184510890E-002
   155.075625000000        -1.859800779133980E-002
   155.289375000000        -1.970891010877823E-002
   155.503125000000        -2.065316413238293E-002
   155.716875000000        -2.142396061503070E-002
   155.930625000000        -2.201593939391158E-002
   156.144375000000        -2.242508024954174E-002
   156.358125000000        -2.264872906944845E-002
   156.571875000000        -2.268575431984538E-002
   156.785625000000        -2.253681662114557E-002
   156.999375000000        -2.220472366687592E-002
   157.213125000000        -2.169483440618367E-002
   157.426875000000        -2.101547073007812E-002
   157.640625000000        -2.017829207792945E-002
   157.854375000000        -1.919858845798904E-002
   158.068125000000        -1.809545024899936E-002
   158.281875000000        -1.689177859468791E-002
   158.495625000000        -1.561410790525625E-002
   158.709375000000        -1.429222156392540E-002
   158.923125000000        -1.295855298473924E-002
   159.136875000000        -1.164737623323958E-002
   159.350625000000        -1.039380303167810E-002
   159.564375000000        -9.232615624003924E-003
   159.778125000000        -8.196977137513802E-003
   159.991875000000        -7.317072173513552E-003
   160.205625000000        -6.618739777036266E-003
   160.419375000000        -6.122168038614887E-003
   160.633125000000        -5.840723732027820E-003
   160.846875000000        -5.779990992772136E-003
   161.060625000000        -5.937089586541835E-003
   161.274375000000        -6.300335452691526E-003
   161.488125000000        -6.849293800949383E-003
   161.701875000000        -7.555258236335862E-003
   161.915625000000        -8.382168659846380E-003
   162.129375000000        -9.287956865390653E-003
   162.343125000000        -1.022628299898399E-002
   162.556875000000        -1.114859984592591E-002
   162.770625000000        -1.200645698236300E-002
   162.984375000000        -1.275393501267125E-002
   163.198125000000        -1.335008324794395E-002
   163.411875000000        -1.376122393571506E-002
   163.625625000000        -1.396298387919582E-002
   163.839375000000        -1.394192087127658E-002
   164.053125000000        -1.369662811228121E-002
   164.266875000000        -1.323822431079866E-002
   164.480625000000        -1.259016941680484E-002
   164.694375000000        -1.178738417180632E-002
   164.908125000000        -1.087469357178795E-002
   165.121875000000        -9.904657186329220E-003
   165.335625000000        -8.934890087728131E-003
   165.549375000000        -8.025013935193542E-003
   165.763125000000        -7.233405779900150E-003
   165.976875000000        -6.613930118276982E-003
   166.190625000000        -6.212845999949233E-003
   166.404375000000        -6.066074789684990E-003
   166.618125000000        -6.196995596527872E-003
   166.831875000000        -6.614905452613810E-003
   167.045625000000        -7.314241950878189E-003
   167.259375000000        -8.274619870140804E-003
   167.473125000000        -9.461683498964337E-003
   167.686875000000        -1.082872637867418E-002
   167.900625000000        -1.231898350415196E-002
   168.114375000000        -1.386846087869537E-002
   168.328125000000        -1.540913644088095E-002
   168.541875000000        -1.687234677569207E-002
   168.755625000000        -1.819216683267625E-002
   168.969375000000        -1.930859530252874E-002
   169.183125000000        -2.017037561319702E-002
   169.396875000000        -2.073731010129136E-002
   169.610625000000        -2.098196048835883E-002
   169.824375000000        -2.089066853279884E-002
   170.038125000000        -2.046387355952748E-002
   170.251875000000        -1.971574540222182E-002
   170.465625000000        -1.867318927323098E-002
   170.679375000000        -1.737431080201822E-002
   170.893125000000        -1.586645317429867E-002
   171.106875000000        -1.420393291290238E-002
   171.320625000000        -1.244560609489419E-002
   171.534375000000        -1.065239317440738E-002
   171.748125000000        -8.884879215339318E-003
   171.961875000000        -7.201088891807162E-003
   172.175625000000        -5.654514089261540E-003
   172.389375000000        -4.292448482551472E-003
   172.603125000000        -3.154660171954488E-003
   172.816875000000        -2.272412180469261E-003
   173.030625000000        -1.667822824933509E-003
   173.244375000000        -1.353544646696487E-003
   173.458125000000        -1.332732155193241E-003
   173.671875000000        -1.599264984590658E-003
   173.885625000000        -2.138193581044274E-003
   174.099375000000        -2.926378220914373E-003
   174.313125000000        -3.933297737829916E-003
   174.526875000000        -5.122010423365388E-003
   174.740625000000        -6.450254818482725E-003
   174.954375000000        -7.871681375240643E-003
   175.168125000000        -9.337206396902602E-003
   175.381875000000        -1.079647681710943E-002
   175.595625000000        -1.219942826192835E-002
   175.809375000000        -1.349790991024178E-002
   176.023125000000        -1.464733879435717E-002
   176.236875000000        -1.560833455500451E-002
   176.450625000000        -1.634827468282932E-002
   176.664375000000        -1.684270141258021E-002
   176.878125000000        -1.707650608034190E-002
   177.091875000000        -1.704481608251392E-002
   177.305625000000        -1.675351441594382E-002
   177.519375000000        -1.621933251604880E-002
   177.733125000000        -1.546947362407128E-002
   177.946875000000        -1.454074556455865E-002
   178.160625000000        -1.347820746519239E-002
   178.374375000000        -1.233336304711799E-002
   178.588125000000        -1.116196178728069E-002
   178.801875000000        -1.002149646530674E-002
   179.015625000000        -8.968509302484145E-003
   179.229375000000        -8.055837175154476E-003
   179.443125000000        -7.329937640176759E-003
   179.656875000000        -6.828440586919102E-003
   179.870625000000        -6.578064612248797E-003
   180.084375000000        -6.593022691152872E-003
   180.298125000000        -6.874018996145814E-003
   180.511875000000        -7.407909003325339E-003
   180.725625000000        -8.168060024036526E-003
   180.939375000000        -9.115411126394574E-003
   181.153125000000        -1.020019241643754E-002
   181.366875000000        -1.136422627259935E-002
   181.580625000000        -1.254369971781170E-002
   181.794375000000        -1.367226976497287E-002
   182.008125000000        -1.468434397958770E-002
   182.221875000000        -1.551836785265728E-002
   182.435625000000        -1.611994946690980E-002
   182.649375000000        -1.644466035491613E-002
   182.863125000000        -1.646036877368723E-002
   183.076875000000        -1.614898670039992E-002
   183.290625000000        -1.550754308389477E-002
   183.504375000000        -1.454853133721340E-002
   183.718125000000        -1.329951661253944E-002
   183.931875000000        -1.180202590572465E-002
   184.145625000000        -1.010977943636446E-002
   184.359375000000        -8.286353207208587E-003
   184.573125000000        -6.402388652155915E-003
   184.786875000000        -4.532484716244623E-003
   185.000625000000        -2.751919884852896E-003
   185.214375000000        -1.133356338715354E-003
   185.428125000000         2.563242868614038E-004
   185.641875000000         1.358913596662189E-003
   185.855625000000         2.127373200573833E-003
   186.069375000000         2.527831707990201E-003
   186.283125000000         2.541002456359011E-003
   186.496875000000         2.162969377119966E-003
   186.710625000000         1.405316599117822E-003
   186.924375000000         2.946056789717936E-004
   187.138125000000        -1.128768387871030E-003
   187.351875000000        -2.812285985698901E-003
   187.565625000000        -4.693497802156658E-003
   187.779375000000        -6.702608433072603E-003
   187.993125000000        -8.765336773123036E-003
   188.206875000000        -1.080593150034169E-002
   188.420625000000        -1.275021513846480E-002
   188.634375000000        -1.452853047117348E-002
   188.848125000000        -1.607846846241210E-002
   189.061875000000        -1.734726710753803E-002
   189.275625000000        -1.829378541779401E-002
   189.489375000000        -1.888997545554306E-002
   189.703125000000        -1.912179723903948E-002
   189.916875000000        -1.898954550874315E-002
   190.130625000000        -1.850758274479665E-002
   190.344375000000        -1.770349831068162E-002
   190.558125000000        -1.661673800156540E-002
   190.771875000000        -1.529677045903130E-002
   190.985625000000        -1.380087583755315E-002
   191.199375000000        -1.219165689790621E-002
   191.413125000000        -1.053438270614103E-002
   191.626875000000        -8.894279945563313E-003
   191.840625000000        -7.333886402794998E-003
   192.054375000000        -5.910575656055802E-003
   192.268125000000        -4.674351831012867E-003
   192.481875000000        -3.665999180205414E-003
   192.695625000000        -2.915654038035206E-003
   192.909375000000        -2.441847356816560E-003
   193.123125000000        -2.251045521451393E-003
   193.336875000000        -2.337696413734613E-003
   193.550625000000        -2.684767600715777E-003
   193.764375000000        -3.264744769876906E-003
   193.978125000000        -4.041041688481394E-003
   194.191875000000        -4.969758433193307E-003
   194.405625000000        -6.001712691282840E-003
   194.619375000000        -7.084659744199578E-003
   194.833125000000        -8.165610408889740E-003
   195.046875000000        -9.193152802803655E-003
   195.260625000000        -1.011968338471596E-002
   195.474375000000        -1.090345538839184E-002
   195.688125000000        -1.151035860299625E-002
   195.901875000000        -1.191535354370638E-002
   196.115625000000        -1.210349542683237E-002
   196.329375000000        -1.207049894062857E-002
   196.543125000000        -1.182281335084371E-002
   196.756875000000        -1.137719855327515E-002
   196.970625000000        -1.075981559202302E-002
   197.184375000000        -1.000486895119750E-002
   197.398125000000        -9.152861409184138E-003
   197.611875000000        -8.248544040954585E-003
   197.825625000000        -7.338662587315967E-003
   198.039375000000        -6.469615416102067E-003
   198.253125000000        -5.685146361748545E-003
   198.466875000000        -5.024196815313497E-003
   198.680625000000        -4.519034932131665E-003
   198.894375000000        -4.193765636349939E-003
   199.108125000000        -4.063303726710511E-003
   199.321875000000        -4.132864927256770E-003
   199.535625000000        -4.397997845386276E-003
   199.749375000000        -4.845145628292632E-003
   199.963125000000        -5.452692090914747E-003
   200.176875000000        -6.192415787215233E-003
   200.390625000000        -7.031249375869611E-003
   200.604375000000        -7.933222832401251E-003
   200.818125000000        -8.861459194394730E-003
   201.031875000000        -9.780091509848562E-003
   201.245625000000        -1.065597959929860E-002
   201.459375000000        -1.146012440251406E-002
   201.673125000000        -1.216870451616499E-002
   201.886875000000        -1.276369180577773E-002
   202.100625000000        -1.323303795514543E-002
   202.314375000000        -1.357045849515142E-002
   202.528125000000        -1.377487223208646E-002
   202.741875000000        -1.384957935350618E-002
   202.955625000000        -1.380127864286067E-002
   203.169375000000        -1.363903174119168E-002
   203.383125000000        -1.337327969802463E-002
   203.596875000000        -1.301500453997481E-002
   203.810625000000        -1.257510755279454E-002
   204.024375000000        -1.206404851371354E-002
   204.238125000000        -1.149175891973926E-002
   204.451875000000        -1.086781037608337E-002
   204.665625000000        -1.020178984062022E-002
   204.879375000000        -9.503809237172469E-003
   205.093125000000        -8.785060421091274E-003
   205.306875000000        -8.058319246559507E-003
   205.520625000000        -7.338305305894723E-003
   205.734375000000        -6.641816593360404E-003
   205.948125000000        -5.987579761755566E-003
   206.161875000000        -5.395784833319894E-003
   206.375625000000        -4.887305595952628E-003
   206.589375000000        -4.482640456267411E-003
   206.803125000000        -4.200640100473462E-003
   207.016875000000        -4.057114959223068E-003
   207.230625000000        -4.063434637343670E-003
   207.444375000000        -4.225241261343497E-003
   207.658125000000        -4.541398042673271E-003
   207.871875000000        -5.003283086539478E-003
   208.085625000000        -5.594517343656784E-003
   208.299375000000        -6.291186197762907E-003
   208.513125000000        -7.062578796051754E-003
   208.726875000000        -7.872430652205886E-003
   208.940625000000        -8.680616331674705E-003
   209.154375000000        -9.445203221506175E-003
   209.368125000000        -1.012474730620606E-002
   209.581875000000        -1.068068986878795E-002
   209.795625000000        -1.107970182654236E-002
   210.009375000000        -1.129582095108943E-002
   210.223125000000        -1.131223665632840E-002
   210.436875000000        -1.112259670710880E-002
   210.650625000000        -1.073173871419214E-002
   210.864375000000        -1.015578463530877E-002
   211.078125000000        -9.421576247508650E-003
   211.291875000000        -8.565470981249081E-003
   211.505625000000        -7.631557836629376E-003
   211.719375000000        -6.669389690173239E-003
   211.933125000000        -5.731358802446673E-003
   212.146875000000        -4.869864856313715E-003
   212.360625000000        -4.134438053093350E-003
   212.574375000000        -3.568982953752959E-003
   212.788125000000        -3.209301808076135E-003
   213.001875000000        -3.081039632533915E-003
   213.215625000000        -3.198168421688340E-003
   213.429375000000        -3.562096244172255E-003
   213.643125000000        -4.161450597350181E-003
   213.856875000000        -4.972546537332312E-003
   214.070625000000        -5.960511132063769E-003
   214.284375000000        -7.080999035716770E-003
   214.498125000000        -8.282401606170279E-003
   214.711875000000        -9.508425833240377E-003
   214.925625000000        -1.070090085067243E-002
   215.139375000000        -1.180265991219115E-002
   215.353125000000        -1.276034481658809E-002
   215.566875000000        -1.352698769888910E-002
   215.780625000000        -1.406424114580484E-002
   215.994375000000        -1.434415053025855E-002
   216.208125000000        -1.435039066870422E-002
   216.421875000000        -1.407892046790345E-002
   216.635625000000        -1.353804206657996E-002
   216.849375000000        -1.274788300076811E-002
   217.063125000000        -1.173934917367620E-002
   217.276875000000        -1.055262120815574E-002
   217.490625000000        -9.235285807718300E-003
   217.704375000000        -7.840206228890353E-003
   217.918125000000        -6.423241570420791E-003
   218.131875000000        -5.040923530744398E-003
   218.345625000000        -3.748192269848647E-003
   218.559375000000        -2.596281127024802E-003
   218.773125000000        -1.630824564358192E-003
   218.986875000000        -8.902463431550088E-004
   219.200625000000        -4.044671100241310E-004
   219.414375000000        -1.939536408905034E-004
   219.628125000000        -2.691170700247758E-004
   219.841875000000        -6.300552680155278E-004
   220.055625000000        -1.266625474338453E-003
   220.269375000000        -2.158827275310173E-003
   220.483125000000        -3.277472617421015E-003
   220.696875000000        -4.585118042649344E-003
   220.910625000000        -6.037233833543440E-003
   221.124375000000        -7.583584321843822E-003
   221.338125000000        -9.169792390942457E-003
   221.551875000000        -1.073905854141075E-002
   221.765625000000        -1.223400044313138E-002
   221.979375000000        -1.359857267949193E-002
   222.193125000000        -1.478001878480384E-002
   222.406875000000        -1.573079941454466E-002
   222.620625000000        -1.641043256715489E-002
   222.834375000000        -1.678717535439691E-002
   223.048125000000        -1.683947308195656E-002
   223.261875000000        -1.655710142885821E-002
   223.475625000000        -1.594193213411210E-002
   223.689375000000        -1.500826228534192E-002
   223.903125000000        -1.378266209485742E-002
   224.116875000000        -1.230331551026874E-002
   224.330625000000        -1.061885124542157E-002
   224.544375000000        -8.786687536012451E-003
   224.758125000000        -6.870940519837996E-003
   224.971875000000        -4.939971834096449E-003
   225.185625000000        -3.063674000729687E-003
   225.399375000000        -1.310610744633823E-003
   225.613125000000         2.548578719814782E-004
   225.826875000000         1.575329766266386E-003
   226.040625000000         2.602860501671146E-003
   226.254375000000         3.301083405993207E-003
   226.468125000000         3.646841593909276E-003
   226.681875000000         3.631245964034598E-003
   226.895625000000         3.260100839412910E-003
   227.109375000000         2.553669923639177E-003
   227.323125000000         1.545787894400330E-003
   227.536875000000         2.823554342300085E-004
   227.750625000000        -1.180713956860980E-003
   227.964375000000        -2.780000013168775E-003
   228.178125000000        -4.447417153130338E-003
   228.391875000000        -6.113257702909883E-003
   228.605625000000        -7.709293785891524E-003
   228.819375000000        -9.171792327980873E-003
   229.033125000000        -1.044430224674119E-002
   229.246875000000        -1.148008426199743E-002
   229.460625000000        -1.224407128005739E-002
   229.674375000000        -1.271427009600365E-002
   229.888125000000        -1.288254214200492E-002
   230.101875000000        -1.275473092190016E-002
   230.315625000000        -1.235013522132849E-002
   230.529375000000        -1.170035869589751E-002
   230.743125000000        -1.084759651795737E-002
   230.956875000000        -9.842446938285085E-003
   231.170625000000        -8.741358521746631E-003
   231.384375000000        -7.603841240310313E-003
   231.598125000000        -6.489580582279930E-003
   231.811875000000        -5.455597694839770E-003
   232.025625000000        -4.553595009172296E-003
   232.239375000000        -3.827615896668696E-003
   232.453125000000        -3.312129186535385E-003
   232.666875000000        -3.030625770228558E-003
   232.880625000000        -2.994786335448852E-003
   233.094375000000        -3.204248130180951E-003
   233.308125000000        -3.646966386219033E-003
   233.521875000000        -4.300134555487028E-003
   233.735625000000        -5.131598714697492E-003
   233.949375000000        -6.101677081973481E-003
   234.163125000000        -7.165276968310417E-003
   234.376875000000        -8.274189655815063E-003
   234.590625000000        -9.379439172813952E-003
   234.804375000000        -1.043356373009225E-002
   235.018125000000        -1.139271819734008E-002
   235.231875000000        -1.221850148949848E-002
   235.445625000000        -1.287943279501544E-002
   235.659375000000        -1.335202366742166E-002
   235.873125000000        -1.362141746813140E-002
   236.086875000000        -1.368159187443506E-002
   236.300625000000        -1.353514269401558E-002
   236.514375000000        -1.319268686035260E-002
   236.728125000000        -1.267193835970883E-002
   236.941875000000        -1.199652246340442E-002
   237.155625000000        -1.119460087137270E-002
   237.369375000000        -1.029738339465157E-002
   237.583125000000        -9.337601043840682E-003
   237.796875000000        -8.348011438250218E-003
   238.010625000000        -7.360000968734621E-003
   238.224375000000        -6.402339786919585E-003
   238.438125000000        -5.500136029009500E-003
   238.651875000000        -4.674025171522953E-003
   238.865625000000        -3.939619389493057E-003
   239.079375000000        -3.307230464093984E-003
   239.293125000000        -2.781868313534050E-003
   239.506875000000        -2.363505726658212E-003
   239.720625000000        -2.047588528995114E-003
   239.934375000000        -1.825759458422676E-003
   240.148125000000        -1.686753842174556E-003
   240.361875000000        -1.617416241719352E-003
   240.575625000000        -1.603780160036941E-003
   240.789375000000        -1.632148328034225E-003
   241.003125000000        -1.690109617702919E-003
   241.216875000000        -1.767430768417029E-003
   241.430625000000        -1.856767153368287E-003
   241.644375000000        -1.954146765322809E-003
   241.858125000000        -2.059195135908144E-003
   242.071875000000        -2.175085333638738E-003
   242.285625000000        -2.308215489467939E-003
   242.499375000000        -2.467635179344725E-003
   242.713125000000        -2.664259986733394E-003
   242.926875000000        -2.909929173996289E-003
   243.140625000000        -3.216373222426056E-003
   243.354375000000        -3.594164930098424E-003
   243.568125000000        -4.051729049614062E-003
   243.781875000000        -4.594480856789767E-003
   243.995625000000        -5.224153855550841E-003
   244.209375000000        -5.938361862950411E-003
   244.423125000000        -6.730422267312719E-003
   244.636875000000        -7.589446948482050E-003
   244.850625000000        -8.500687021602123E-003
   245.064375000000        -9.446099054366075E-003
   245.278125000000        -1.040508537328513E-002
   245.491875000000        -1.135535082603041E-002
   245.705625000000        -1.227381372215153E-002
   245.919375000000        -1.313750987260555E-002
   246.133125000000        -1.392443532401202E-002
   246.346875000000        -1.461428460608098E-002
   246.560625000000        -1.518905568727132E-002
   246.774375000000        -1.563350866278649E-002
   246.988125000000        -1.593548065926970E-002
   247.201875000000        -1.608607279461039E-002
   247.415625000000        -1.607973482061950E-002
   247.629375000000        -1.591427828594450E-002
   247.843125000000        -1.559084923031999E-002
   248.056875000000        -1.511388671442555E-002
   248.270625000000        -1.449108465257153E-002
   248.484375000000        -1.373336270901861E-002
   248.698125000000        -1.285483907099017E-002
   248.911875000000        -1.187278553090866E-002
   249.125625000000        -1.080753527682463E-002
   249.339375000000        -9.682307645743085E-003
   249.553125000000        -8.522912959924493E-003
   249.766875000000        -7.357304999909785E-003
   249.980625000000        -6.214958588130435E-003
   250.194375000000        -5.126064432366439E-003
   250.408125000000        -4.120551491529593E-003
   250.621875000000        -3.226966901737488E-003
   250.835625000000        -2.471262885072097E-003
   251.049375000000        -1.875556938667402E-003
   251.263125000000        -1.456944008145334E-003
   251.476875000000        -1.226445695203651E-003
   251.690625000000        -1.188180784482152E-003
   251.904375000000        -1.338833111362049E-003
   252.118125000000        -1.667477356517834E-003
   252.331875000000        -2.155801767278964E-003
   252.545625000000        -2.778740700154926E-003
   252.759375000000        -3.505501341967755E-003
   252.973125000000        -4.300940352745394E-003
   253.186875000000        -5.127219882154821E-003
   253.400625000000        -5.945650667900652E-003
   253.614375000000        -6.718614576343613E-003
   253.828125000000        -7.411451297292092E-003
   254.041875000000        -7.994194607562791E-003
   254.255625000000        -8.443052620431619E-003
   254.469375000000        -8.741543004295839E-003
   254.683125000000        -8.881216941081814E-003
   254.896875000000        -8.861932784872855E-003
   255.110625000000        -8.691669848676670E-003
   255.324375000000        -8.385902249222123E-003
   255.538125000000        -7.966580106850276E-003
   255.751875000000        -7.460788710108672E-003
   255.965625000000        -6.899173987512141E-003
   256.179375000000        -6.314233755078114E-003
   256.393125000000        -5.738578253441849E-003
   256.606875000000        -5.203260535702654E-003
   256.820625000000        -4.736267914649333E-003
   257.034375000000        -4.361250956558274E-003
   257.248125000000        -4.096547770795019E-003
   257.461875000000        -3.954540135613043E-003
   257.675625000000        -3.941355926732146E-003
   257.889375000000        -4.056910917014010E-003
   258.103125000000        -4.295263659473183E-003
   258.316875000000        -4.645240960514861E-003
   258.530625000000        -5.091279190562605E-003
   258.744375000000        -5.614418820420639E-003
   258.958125000000        -6.193386231741727E-003
   259.171875000000        -6.805697835893195E-003
   259.385625000000        -7.428726388931271E-003
   259.599375000000        -8.040677445763521E-003
   259.813125000000        -8.621434346179157E-003
   260.026875000000        -9.153242085587087E-003
   260.240625000000        -9.621212997084551E-003
   260.454375000000        -1.001364950467674E-002
   260.668125000000        -1.032219053554805E-002
   260.881875000000        -1.054179786436085E-002
   261.095625000000        -1.067060622008507E-002
   261.309375000000        -1.070966610139798E-002
   261.523125000000        -1.066261078325710E-002
   261.736875000000        -1.053527899389558E-002
   261.950625000000        -1.033532240354984E-002
   262.164375000000        -1.007182274765510E-002
   262.378125000000        -9.754937585324338E-003
   262.591875000000        -9.395586937068819E-003
   262.805625000000        -9.005185974945948E-003
   263.019375000000        -8.595422184228849E-003
   263.233125000000        -8.178069572650402E-003
   263.446875000000        -7.764828083927209E-003
   263.660625000000        -7.367173765493563E-003
   263.874375000000        -6.996204676439787E-003
   264.088125000000        -6.662469048126426E-003
   264.301875000000        -6.375765681464420E-003
   264.515625000000        -6.144911648918856E-003
   264.729375000000        -5.977478568953331E-003
   264.943125000000        -5.879505413313396E-003
   265.156875000000        -5.855202297551748E-003
   265.370625000000        -5.906665285886503E-003
   265.584375000000        -6.033626261651229E-003
   265.798125000000        -6.233263842951198E-003
   266.011875000000        -6.500100804380265E-003
   266.225625000000        -6.826010362181105E-003
   266.439375000000        -7.200348094792409E-003
   266.653125000000        -7.610218546820003E-003
   266.866875000000        -8.040876263667153E-003
   267.080625000000        -8.476250861714302E-003
   267.294375000000        -8.899575601927180E-003
   267.508125000000        -9.294089686918269E-003
   267.721875000000        -9.643776983784475E-003
   267.935625000000        -9.934098808164970E-003
   268.149375000000        -1.015267632173629E-002
   268.363125000000        -1.028987928964053E-002
   268.576875000000        -1.033928244123024E-002
   268.790625000000        -1.029795822768362E-002
   269.004375000000        -1.016658486846006E-002
   269.218125000000        -9.949360505638610E-003
   269.431875000000        -9.653727166079124E-003
   269.645625000000        -9.289921107775715E-003
   269.859375000000        -8.870378034447228E-003
   270.073125000000        -8.409031707223820E-003
   270.286875000000        -7.920551908857147E-003
   270.500625000000        -7.419571962934835E-003
   270.714375000000        -6.919956749594567E-003
   270.928125000000        -6.434159314212147E-003
   271.141875000000        -5.972707913698986E-003
   271.355625000000        -5.543856099937265E-003
   271.569375000000        -5.153416819337763E-003
   271.783125000000        -4.804788290016493E-003
   271.996875000000        -4.499165491190904E-003
   272.210625000000        -4.235917403712301E-003
   272.424375000000        -4.013097612846352E-003
   272.638125000000        -3.828045401668445E-003
   272.851875000000        -3.678026791589491E-003
   273.065625000000        -3.560860733503800E-003
   273.279375000000        -3.475475229065027E-003
   273.493125000000        -3.422341747395016E-003
   273.706875000000        -3.403743827393067E-003
   273.920625000000        -3.423846886927160E-003
   274.134375000000        -3.488550405447736E-003
   274.348125000000        -3.605119972680036E-003
   274.561875000000        -3.781614163351713E-003
   274.775625000000        -4.026138612671254E-003
   274.989375000000        -4.345975750640909E-003
   275.203125000000        -4.746652124833263E-003
   275.416875000000        -5.231014912588686E-003
   275.630625000000        -5.798394096172847E-003
   275.844375000000        -6.443926133887110E-003
   276.058125000000        -7.158108458196723E-003
   276.271875000000        -7.926641847325782E-003
   276.485625000000        -8.730600186523826E-003
   276.699375000000        -9.546945350448059E-003
   276.913125000000        -1.034938030024349E-002
   277.126875000000        -1.110950772642803E-002
   277.340625000000        -1.179823661825509E-002
   277.554375000000        -1.238735699978794E-002
   277.768125000000        -1.285118563838064E-002
   277.981875000000        -1.316817443035136E-002
   278.195625000000        -1.332236960758049E-002
   278.409375000000        -1.330461454670412E-002
   278.623125000000        -1.311340182736593E-002
   278.836875000000        -1.275530064145592E-002
   279.050625000000        -1.224491242562753E-002
   279.264375000000        -1.160433884129210E-002
   279.478125000000        -1.086217970312632E-002
   279.691875000000        -1.005211165511661E-002
   279.905625000000        -9.211128764394397E-003
   280.119375000000        -8.377551367389949E-003
   280.333125000000        -7.588927449273815E-003
   280.546875000000        -6.879960097361292E-003
   280.760625000000        -6.280594342838003E-003
   280.974375000000        -5.814386933901857E-003
   281.188125000000        -5.497263955823381E-003
   281.401875000000        -5.336745108801087E-003
   281.615625000000        -5.331681827282814E-003
   281.829375000000        -5.472521641118147E-003
   282.043125000000        -5.742075822284760E-003
   282.256875000000        -6.116734019955198E-003
   282.470625000000        -6.568040650520897E-003
   282.684375000000        -7.064525283590486E-003
   282.898125000000        -7.573664625791205E-003
   283.111875000000        -8.063847799697188E-003
   283.325625000000        -8.506219623070211E-003
   283.539375000000        -8.876288033782665E-003
   283.753125000000        -9.155200605092709E-003
   283.966875000000        -9.330619695822539E-003
   284.180625000000        -9.397154276004521E-003
   284.394375000000        -9.356336767723851E-003
   284.608125000000        -9.216163223043842E-003
   284.821875000000        -8.990242830807670E-003
   285.035625000000        -8.696626363269693E-003
   285.249375000000        -8.356401363453569E-003
   285.463125000000        -7.992153686154501E-003
   285.676875000000        -7.626399955252220E-003
   285.890625000000        -7.280093568199062E-003
   286.104375000000        -6.971298481649017E-003
   286.318125000000        -6.714110948273216E-003
   286.531875000000        -6.517890751192904E-003
   286.745625000000        -6.386841631307485E-003
   286.959375000000        -6.319956991000807E-003
   287.173125000000        -6.311323096067304E-003
   287.386875000000        -6.350749354100609E-003
   287.600625000000        -6.424675167137414E-003
   287.814375000000        -6.517286491573992E-003
   288.028125000000        -6.611763491145095E-003
   288.241875000000        -6.691574146005880E-003
   288.455625000000        -6.741727665521577E-003
   288.669375000000        -6.749905990553124E-003
   288.883125000000        -6.707401177790577E-003
   289.096875000000        -6.609800341467862E-003
   289.310625000000        -6.457377128426011E-003
   289.524375000000        -6.255168256520591E-003
   289.738125000000        -6.012734156892567E-003
   289.951875000000        -5.743622883006910E-003
   290.165625000000        -5.464574881540242E-003
   290.379375000000        -5.194521792113343E-003
   290.593125000000        -4.953444198354535E-003
   290.806875000000        -4.761160516821888E-003
   291.020625000000        -4.636121635671227E-003
   291.234375000000        -4.594283503497482E-003
   291.448125000000        -4.648122965012009E-003
   291.661875000000        -4.805851396949563E-003
   291.875625000000        -5.070867016502536E-003
   292.089375000000        -5.441471186751064E-003
   292.303125000000        -5.910857777488301E-003
   292.516875000000        -6.467368785366834E-003
   292.730625000000        -7.094994994726589E-003
   292.944375000000        -7.774088303514334E-003
   293.158125000000        -8.482243038305566E-003
   293.371875000000        -9.195297456440649E-003
   293.585625000000        -9.888403724031034E-003
   293.799375000000        -1.053711475745253E-002
   294.013125000000        -1.111843901091848E-002
   294.226875000000        -1.161181903285094E-002
   294.440625000000        -1.199999578223774E-002
   294.654375000000        -1.226972768354566E-002
   294.868125000000        -1.241234066772118E-002
   295.081875000000        -1.242409258128895E-002
   295.295625000000        -1.230634207916365E-002
   295.509375000000        -1.206551833813081E-002
   295.723125000000        -1.171289366329013E-002
   295.936875000000        -1.126416643632508E-002
   296.150625000000        -1.073886705016566E-002
   296.364375000000        -1.015960466134153E-002
   296.578125000000        -9.551177880124538E-003
   296.791875000000        -8.939577914377033E-003
   297.005625000000        -8.350918055743513E-003
   297.219375000000        -7.810328473218891E-003
   297.433125000000        -7.340859657680429E-003
   297.646875000000        -6.962441048722030E-003
   297.860625000000        -6.690942842843224E-003
   298.074375000000        -6.537388231466093E-003
   298.288125000000        -6.507359952624484E-003
   298.501875000000        -6.600638835150927E-003
   298.715625000000        -6.811102965564235E-003
   298.929375000000        -7.126904468599117E-003
   299.143125000000        -7.530927178555659E-003
   299.356875000000        -8.001513448033981E-003
   299.570625000000        -8.513432942633712E-003
   299.784375000000        -9.039051572204299E-003
   299.998125000000        -9.549645805090436E-003
   300.211875000000        -1.001679752202489E-002
   300.425625000000        -1.041379814005221E-002
   300.639375000000        -1.071698856648358E-002
   300.853125000000        -1.090696390044957E-002
   301.066875000000        -1.096957860297564E-002
   301.280625000000        -1.089669866933785E-002
   301.494375000000        -1.068666140420835E-002
   301.708125000000        -1.034441971278473E-002
   301.921875000000        -9.881365211403689E-003
   302.135625000000        -9.314841708239553E-003
   302.349375000000        -8.667376547335327E-003
   302.563125000000        -7.965670949870983E-003
   302.776875000000        -7.239401076217115E-003
   302.990625000000        -6.519888626606755E-003
   303.204375000000        -5.838703278918641E-003
   303.418125000000        -5.226259321664497E-003
   303.631875000000        -4.710465932537827E-003
   303.845625000000        -4.315485315371550E-003
   304.059375000000        -4.060646067316596E-003
   304.273125000000        -3.959551418001950E-003
   304.486875000000        -4.019413973418414E-003
   304.700625000000        -4.240640742225734E-003
   304.914375000000        -4.616684734225432E-003
   305.128125000000        -5.134172286326825E-003
   305.341875000000        -5.773308280834046E-003
   305.555625000000        -6.508554232774392E-003
   305.769375000000        -7.309566453362218E-003
   305.983125000000        -8.142372821832469E-003
   306.196875000000        -8.970756955389958E-003
   306.410625000000        -9.757807840333680E-003
   306.624375000000        -1.046758165998861E-002
   306.838125000000        -1.106681132373993E-002
   307.051875000000        -1.152658904328237E-002
   307.265625000000        -1.182393939489599E-002
   307.479375000000        -1.194319590864186E-002
   307.693125000000        -1.187709452778040E-002
   307.906875000000        -1.162750324726531E-002
   308.120625000000        -1.120571944972999E-002
   308.334375000000        -1.063228498236001E-002
   308.548125000000        -9.936293336777030E-003
   308.761875000000        -9.154192265914692E-003
   308.975625000000        -8.328117076786764E-003
   309.189375000000        -7.503822482362837E-003
   309.403125000000        -6.728311777591268E-003
   309.616875000000        -6.047288625074046E-003
   309.830625000000        -5.502576436696695E-003
   310.044375000000        -5.129661141461906E-003
   310.258125000000        -4.955513559545483E-003
   310.471875000000        -4.996836954297012E-003
   310.685625000000        -5.258863785796252E-003
   310.899375000000        -5.734794332416109E-003
   311.113125000000        -6.405930629999491E-003
   311.326875000000        -7.242514774156511E-003
   311.540625000000        -8.205234228873644E-003
   311.754375000000        -9.247311830678237E-003
   311.968125000000        -1.031705808803757E-002
   312.181875000000        -1.136073124555538E-002
   312.395625000000        -1.232552892051247E-002
   312.609375000000        -1.316252563189741E-002
   312.823125000000        -1.382937398760955E-002
   313.036875000000        -1.429260342105274E-002
   313.250625000000        -1.452937793458635E-002
   313.464375000000        -1.452861119847310E-002
   313.678125000000        -1.429138076113630E-002
   313.891875000000        -1.383062978687369E-002
   314.105625000000        -1.317019120618786E-002
   314.319375000000        -1.234321209588706E-002
   314.533125000000        -1.139009251770283E-002
   314.746875000000        -1.035608053852493E-002
   314.960625000000        -9.288682089137010E-003
   315.174375000000        -8.235049899572730E-003
   315.388125000000        -7.239510060929285E-003
   315.601875000000        -6.341368715143628E-003
   315.815625000000        -5.573116589222360E-003
   316.029375000000        -4.959117742954222E-003
   316.243125000000        -4.514833517687414E-003
   316.456875000000        -4.246595929559986E-003
   316.670625000000        -4.151909249698204E-003
   316.884375000000        -4.220226609493807E-003
   317.098125000000        -4.434122107150642E-003
   317.311875000000        -4.770759499695904E-003
   317.525625000000        -5.203546987529672E-003
   317.739375000000        -5.703864082734929E-003
   317.953125000000        -6.242750773862707E-003
   318.166875000000        -6.792460330345606E-003
   318.380625000000        -7.327793891077936E-003
   318.594375000000        -7.827155920553063E-003
   318.808125000000        -8.273292986997640E-003
   319.021875000000        -8.653702367443904E-003
   319.235625000000        -8.960720031580620E-003
   319.449375000000        -9.191318090153500E-003
   319.663125000000        -9.346658565253392E-003
   319.876875000000        -9.431462425176828E-003
   320.090625000000        -9.453259670535652E-003
   320.304375000000        -9.421587694476690E-003
   320.518125000000        -9.347201387377747E-003
   320.731875000000        -9.241350094330782E-003
   320.945625000000        -9.115164454574918E-003
   321.159375000000        -8.979181495852653E-003
   321.373125000000        -8.843020429161639E-003
   321.586875000000        -8.715205767795527E-003
   321.800625000000        -8.603120026211502E-003
   322.014375000000        -8.513056553973582E-003
   322.228125000000        -8.450335013471730E-003
   322.441875000000        -8.419438290432875E-003
   322.655625000000        -8.424130531368737E-003
   322.869375000000        -8.467521419446141E-003
   323.083125000000        -8.552051203726508E-003
   323.296875000000        -8.679383478844040E-003
   323.510625000000        -8.850207051263147E-003
   323.724375000000        -9.063962987005585E-003
   323.938125000000        -9.318526584951857E-003
   324.151875000000        -9.609885077195218E-003
   324.365625000000        -9.931859030250003E-003
   324.579375000000        -1.027591773631191E-002
   324.793125000000        -1.063113580077475E-002
   325.006875000000        -1.098432961362088E-002
   325.220625000000        -1.132039893465390E-002
   325.434375000000        -1.162288143549209E-002
   325.648125000000        -1.187470817622818E-002
   325.861875000000        -1.205912742685327E-002
   326.075625000000        -1.216074491628987E-002
   326.289375000000        -1.216661243702546E-002
   326.503125000000        -1.206728548399967E-002
   326.716875000000        -1.185776562037204E-002
   326.930625000000        -1.153824537461979E-002
   327.144375000000        -1.111458289106974E-002
   327.358125000000        -1.059844981444764E-002
   327.571875000000        -1.000711786767542E-002
   327.785625000000        -9.362875586670299E-003
   327.999375000000        -8.692094579203837E-003
   328.213125000000        -8.023992104898934E-003
   328.426875000000        -7.389161330729103E-003
   328.640625000000        -6.817960100692438E-003
   328.854375000000        -6.338861681819845E-003
   329.068125000000        -5.976875513907840E-003
   329.281875000000        -5.752142014454520E-003
   329.495625000000        -5.678793261232376E-003
   329.709375000000        -5.764151933202735E-003
   329.923125000000        -6.008315935947072E-003
   330.136875000000        -6.404147870415361E-003
   330.350625000000        -6.937659412966462E-003
   330.564375000000        -7.588753298240943E-003
   330.778125000000        -8.332262273549598E-003
   330.991875000000        -9.139207037019766E-003
   331.205625000000        -9.978185083608300E-003
   331.419375000000        -1.081680013232222E-002
   331.633125000000        -1.162304718464995E-002
   331.846875000000        -1.236658031429887E-002
   332.060625000000        -1.301980742620397E-002
   332.274375000000        -1.355877640939063E-002
   332.488125000000        -1.396383807621548E-002
   332.701875000000        -1.422009078157725E-002
   332.915625000000        -1.431762766419322E-002
   333.129375000000        -1.425161853736576E-002
   333.343125000000        -1.402226370170695E-002
   333.556875000000        -1.363465620040440E-002
   333.770625000000        -1.309858285845066E-002
   333.984375000000        -1.242828406079170E-002
   334.198125000000        -1.164217935158923E-002
   334.411875000000        -1.076255259375218E-002
   334.625625000000        -9.815178685868866E-003
   334.839375000000        -8.828865572631907E-003
   335.053125000000        -7.834881967672907E-003
   335.266875000000        -6.866243700680984E-003
   335.480625000000        -5.956840060494194E-003
   335.694375000000        -5.140395346342096E-003
   335.908125000000        -4.449278781698277E-003
   336.121875000000        -3.913196146412794E-003
   336.335625000000        -3.557816729392177E-003
   336.549375000000        -3.403407148685437E-003
   336.763125000000        -3.463557001841796E-003
   336.976875000000        -3.744088335926821E-003
   337.190625000000        -4.242240276827171E-003
   337.404375000000        -4.946211268613460E-003
   337.618125000000        -5.835124482085694E-003
   337.831875000000        -6.879458085581099E-003
   338.045625000000        -8.041952962906678E-003
   338.259375000000        -9.278978389370921E-003
   338.473125000000        -1.054230374438143E-002
   338.686875000000        -1.178119424023273E-002
   338.900625000000        -1.294472340758130E-002
   339.114375000000        -1.398417682630018E-002
   339.328125000000        -1.485541186492469E-002
   339.541875000000        -1.552103781276626E-002
   339.755625000000        -1.595228979742586E-002
   339.969375000000        -1.613048755430262E-002
   340.183125000000        -1.604799505154158E-002
