  -1.60312500000000        -1.105496635851042E-024
  -1.38937500000000        -1.081252601785231E-021
  -1.17562500000000        -1.030301577149042E-020
 -0.961875000000000        -5.988722920407548E-020
 -0.748125000000000        -2.702890272407236E-019
 -0.534375000000000        -1.019276778503479E-018
 -0.320625000000000        -3.316560444235190E-018
 -0.106875000000000        -9.494857884027647E-018
  0.106875000000000        -2.428611882065172E-017
  0.320625000000000        -5.626233978004788E-017
  0.534375000000000        -1.195214705920728E-016
  0.748125000000000        -2.354076346106208E-016
  0.961875000000000        -4.340110893528080E-016
   1.17562500000000        -7.550992182775105E-016
   1.38937500000000        -1.248108479642388E-015
   1.60312500000000        -1.970856025698380E-015
   1.81687500000000        -2.986827159622770E-015
   2.03062500000000        -4.361062619275327E-015
   2.24437500000000        -6.154837616996625E-015
   2.45812500000000        -8.419675277261516E-015
   2.67187500000000        -1.119130687032272E-014
   2.88562500000000        -1.448435188433789E-014
   3.09937500000000        -1.828834616823466E-014
   3.31312500000000        -2.256581253489243E-014
   3.52687500000000        -2.725312722399685E-014
   3.74062500000000        -3.226392138255310E-014
   3.95437500000000        -3.749451607917752E-014
   4.16812500000000        -4.283168404124690E-014
   4.38187500000000        -4.816100450435930E-014
   4.59562500000000        -5.337471485183500E-014
   4.80937500000000        -5.837895801651264E-014
   5.02312500000000        -6.309843481902886E-014
   5.23687500000000        -6.747840598434635E-014
   5.45062500000000        -7.148460532263959E-014
   5.66437500000000        -7.510059164981824E-014
   5.87812500000000        -7.832382336620468E-014
   6.09187500000000        -8.116208726678549E-014
   6.30562500000000        -8.363088890732497E-014
   6.51937500000000        -8.575291377918200E-014
   6.73312500000000        -8.756013774177066E-014
   6.94687500000000        -8.909837195313653E-014
   7.16062500000000        -9.043321053890252E-014
   7.37437500000000        -9.165607117469761E-014
   7.58812500000000        -9.288882666311595E-014
   7.80187500000000        -9.428472614092023E-014
   8.01562500000000        -9.602496463438943E-014
   8.22937500000000        -9.831003577471798E-014
   8.44312500000000        -1.013462026491504E-013
   8.65687500000000        -1.053284011855127E-013
   8.87062500000000        -1.104217537036759E-013
   9.08437500000000        -1.167447985200239E-013
   9.29812500000000        -1.243565943445416E-013
   9.51187500000000        -1.332504662768960E-013
   9.72562500000000        -1.433551768276901E-013
   9.93937500000000        -1.545440186993851E-013
   10.1531250000000        -1.666507358237732E-013
   10.3668750000000        -1.794893522344762E-013
   10.5806250000000        -1.928753207588090E-013
   10.7943750000000        -2.066442956316119E-013
   11.0081250000000        -2.206657516975360E-013
   11.2218750000000        -2.348496564288534E-013
   11.4356250000000        -2.491454241365970E-013
   11.6493750000000        -2.635344809099464E-013
   11.8631250000000        -2.780183029663725E-013
   12.0768750000000        -2.926051632999675E-013
   12.2906250000000        -3.072990453377370E-013
   12.5043750000000        -3.220934264116746E-013
   12.7181250000000        -3.369720677148978E-013
   12.9318750000000        -3.519166749537839E-013
   13.1456250000000        -3.669203686398134E-013
   13.3593750000000        -3.820038771052234E-013
   13.5731250000000        -3.972309910099657E-013
   13.7868750000000        -4.127196075391206E-013
   14.0006250000000        -4.286448748360148E-013
   14.2143750000000        -4.452326554191796E-013
   14.4281250000000        -4.627432167187219E-013
   14.6418750000000        -4.814471315971910E-013
   14.8556250000000        -5.015964995545290E-013
   15.0693750000000        -5.233959417216199E-013
   15.2831250000000        -5.469782451659441E-013
   15.4968750000000        -5.723888266611265E-013
   15.7106250000000        -5.995814219644733E-013
   15.9243750000000        -6.284259817960834E-013
   16.1381250000000        -6.587273257974903E-013
   16.3518750000000        -6.902516061098959E-013
   16.5656250000000        -7.227561519954098E-013
   16.7793750000000        -7.560174417738211E-013
   16.9931250000000        -7.898532690311424E-013
   17.2068750000000        -8.241357178569679E-013
   17.4206250000000        -8.587933274533834E-013
   17.6343750000000        -8.938029266059621E-013
   17.8481250000000        -9.291737249037755E-013
   18.0618750000000        -9.649269216332156E-013
   18.2756250000000        -1.001075067292530E-012
   18.4893750000000        -1.037605918482037E-012
   18.7031250000000        -1.074472991538992E-012
   18.9168750000000        -1.111595018893881E-012
   19.1306250000000        -1.148864458138161E-012
   19.3443750000000        -1.186163027143992E-012
   19.5581250000000        -1.223381642149410E-012
   19.7718750000000        -1.260441095125754E-012
   19.9856250000000        -1.297310175012046E-012
   20.1993750000000        -1.334018045153129E-012
   20.4131250000000        -1.370659210986511E-012
   20.6268750000000        -1.407390462811260E-012
   20.8406250000000        -1.444420301142671E-012
   21.0543750000000        -1.481992824258590E-012
   21.2681250000000        -1.520368567474647E-012
   21.4818750000000        -1.559804663563183E-012
   21.6956250000000        -1.600536706816967E-012
   21.9093750000000        -1.642764246606412E-012
   22.1231250000000        -1.686641083183443E-012
   22.3368750000000        -1.732270630337913E-012
   22.5506250000000        -1.779705840391933E-012
   22.7643750000000        -1.828953109940899E-012
   22.9781250000000        -1.879978904486428E-012
   23.1918750000000        -1.932717803342835E-012
   23.4056250000000        -1.987081058875248E-012
   23.6193750000000        -2.042964451391311E-012
   23.8331250000000        -2.100255058350138E-012
   24.0468750000000        -2.158836275284036E-012
   24.2606250000000        -2.218591325097492E-012
   24.4743750000000        -2.279405380651282E-012
   24.6881250000000        -2.341166226585301E-012
   24.9018750000000        -2.403764980003661E-012
   25.1156250000000        -2.467096827799703E-012
   25.3293750000000        -2.531063245362424E-012
   25.5431250000000        -2.595576348502209E-012
   25.7568750000000        -2.660565404096057E-012
   25.9706250000000        -2.725986131951038E-012
   26.1843750000000        -2.791831782055388E-012
   26.3981250000000        -2.858144948201013E-012
   26.6118750000000        -2.925028231821048E-012
   26.8256250000000        -2.992651130296655E-012
   27.0393750000000        -3.061250979588774E-012
   27.2531250000000        -3.131126090149302E-012
   27.4668750000000        -3.202619217622029E-012
   27.6806250000000        -3.276092020164329E-012
   27.8943750000000        -3.351892042641810E-012
   28.1081250000000        -3.430315057279638E-012
   28.3218750000000        -3.511568405769599E-012
   28.5356250000000        -3.595739833448898E-012
   28.7493750000000        -3.682778223684024E-012
   28.9631250000000        -3.772490865209214E-012
   29.1768750000000        -3.864560128604667E-012
   29.3906250000000        -3.958580660610263E-012
   29.6043750000000        -4.054113617627177E-012
   29.8181250000000        -4.150753123525269E-012
   30.0318750000000        -4.248196324207882E-012
   30.2456250000000        -4.346305835337568E-012
   30.4593750000000        -4.445154117937252E-012
   30.6731250000000        -4.545039073369530E-012
   30.8868750000000        -4.646462953000309E-012
   31.1006250000000        -4.750070896627639E-012
   31.3143750000000        -4.856550765437684E-012
   31.5281250000000        -4.966502582447696E-012
   31.7418750000000        -5.080291696957146E-012
   31.9556250000000        -5.197905752068812E-012
   32.1693750000000        -5.318838696257139E-012
   32.3831250000000        -5.442026714286039E-012
   32.5968750000000        -5.565858423424621E-012
   32.8106250000000        -5.688275472238416E-012
   33.0243750000000        -5.806970170016252E-012
   33.2381250000000        -5.919673746320390E-012
   33.4518750000000        -6.024513704769880E-012
   33.6656250000000        -6.120403541046295E-012
   33.8793750000000        -6.207414566088659E-012
   34.0931250000000        -6.287070927905675E-012
   34.3068750000000        -6.362506146565703E-012
   34.5206250000000        -6.438424495680738E-012
   34.7343750000000        -6.520827150493968E-012
   34.9481250000000        -6.616487316027000E-012
   35.1618750000000        -6.732190853096190E-012
   35.3756250000000        -6.873796859630953E-012
   35.5893750000000        -7.045210265189041E-012
   35.8031250000000        -7.247391208065303E-012
   36.0168750000000        -7.477547911105093E-012
   36.2306250000000        -7.728665545903098E-012
   36.4443750000000        -7.989508471202177E-012
   36.6581250000000        -8.245196647517135E-012
   36.8718750000000        -8.478397526877024E-012
   37.0856250000000        -8.671099439003625E-012
   37.2993750000000        -8.806846065816128E-012
   37.5131250000000        -8.873225205574241E-012
   37.7268750000000        -8.864331770124729E-012
   37.9406250000000        -8.782874190444336E-012
   38.1543750000000        -8.641579907174478E-012
   38.3681250000000        -8.463583875291716E-012
   38.5818750000000        -8.281560154766748E-012
   38.7956250000000        -8.135477814727016E-012
   39.0093750000000        -8.069018194787723E-012
   39.2231250000000        -8.124869455322015E-012
   39.4368750000000        -8.339293943741322E-012
   39.6506250000000        -8.736522147405033E-012
   39.8643750000000        -9.323640350948485E-012
   40.0781250000000        -1.008668588040182E-011
   40.2918750000000        -1.098862874013254E-011
   40.5056250000000        -1.196979268926005E-011
   40.7193750000000        -1.295105610911771E-011
   40.9331250000000        -1.383988691370837E-011
   41.1468750000000        -1.453892987510937E-011
   41.3606250000000        -1.495651620255995E-011
   41.5743750000000        -1.501814167601876E-011
   41.7881250000000        -1.467770588773359E-011
   42.0018750000000        -1.392716078924138E-011
   42.2156250000000        -1.280321353027877E-011
   42.4293750000000        -1.138988635640325E-011
   42.6431250000000        -9.816055746577816E-012
   42.8568750000000        -8.247561204321484E-012
   43.0706250000000        -6.874048872661639E-012
   43.2843750000000        -5.891346964628331E-012
   43.4981250000000        -5.480790841604148E-012
   43.7118750000000        -5.787447806419921E-012
   43.9256250000000        -6.899566099194150E-012
   44.1393750000000        -8.831722110587657E-012
   44.3531250000000        -1.151402082665507E-011
   44.5668750000000        -1.478929827722141E-011
   44.7806250000000        -1.841959167606252E-011
   44.9943750000000        -2.210223227515300E-011
   45.2081250000000        -2.549485643351378E-011
   45.4218750000000        -2.824752675366634E-011
   45.6356250000000        -3.003913527281648E-011
   45.8493750000000        -3.061445229201154E-011
   46.0631250000000        -2.981770993833939E-011
   46.2768750000000        -2.761856249807166E-011
   46.4906250000000        -2.412670452982331E-011
   46.7043750000000        -1.959235604576532E-011
   46.9181250000000        -1.439118641404362E-011
   47.1318750000000        -8.993934990378674E-012
   47.3456250000000        -3.922828178511261E-012
   47.5593750000000         3.013142701447136E-013
   47.7731250000000         3.215872732153603E-012
   47.9868750000000         4.470684974992171E-012
   48.2006250000000         3.872986233840743E-012
   48.4143750000000         1.416711119928689E-012
   48.6281250000000        -2.708859031971746E-012
   48.8418750000000        -8.134028298492078E-012
   49.0556250000000        -1.434741114104990E-011
   49.2693750000000        -2.075559935867010E-011
   49.4831250000000        -2.675784839992759E-011
   49.6968750000000        -3.182717491767064E-011
   49.9106250000000        -3.558735787317738E-011
   50.1243750000000        -3.787457473191623E-011
   50.3381250000000        -3.877303993024403E-011
   50.5518750000000        -3.861615877623748E-011
   50.7656250000000        -3.794830378417668E-011
   50.9793750000000        -3.744710602947262E-011
   51.1931250000000        -3.781168083435093E-011
   51.4068750000000        -3.962786476031183E-011
   51.6206250000000        -4.322661073827167E-011
   51.8343750000000        -4.855541526037313E-011
   52.0481250000000        -5.508433885306631E-011
   52.2618750000000        -6.176728201843230E-011
   52.4756250000000        -6.707538899424369E-011
   52.6893750000000        -6.911278808398097E-011
   52.9031250000000        -6.581571555184795E-011
   53.1168750000000        -5.522516108666645E-011
   53.3306250000000        -3.581160109784882E-011
   53.5443750000000        -6.819488397487381E-012
   53.7581250000000         3.140959214955769E-011
   53.9718750000000         7.718138443395253E-011
   54.1856250000000         1.273077250924321E-010
   54.3993750000000         1.771210819546391E-010
   54.6131250000000         2.206752196028923E-010
   54.8268750000000         2.511456938681371E-010
   55.0406250000000         2.614227732104031E-010
   55.2543750000000         2.448655925974425E-010
   55.4681250000000         1.961621953078817E-010
   55.6818750000000         1.122183224695973E-010
   55.8956250000000        -7.018800449676028E-012
   56.1093750000000        -1.579042180134558E-010
   56.3231250000000        -3.327079191622783E-010
   56.5368750000000        -5.195854054682315E-010
   56.7506250000000        -7.029712486586902E-010
   56.9643750000000        -8.644263863565512E-010
   57.1781250000000        -9.839273614069275E-010
   57.3918750000000        -1.041538413896360E-009
   57.6056250000000        -1.019359652834832E-009
   57.8193750000000        -9.036013930022955E-010
   58.0331250000000        -6.866011533310093E-010
   58.2468750000000        -3.685803447187835E-010
   58.4606250000000         4.106407341571698E-011
   58.6743750000000         5.231195747255182E-010
   58.8881250000000         1.048717979815231E-009
   59.1018750000000         1.580386766848131E-009
   59.3156250000000         2.074011595810126E-009
   59.5293750000000         2.481648901571749E-009
   59.7431250000000         2.755044026892059E-009
   59.9568750000000         2.849632242125443E-009
   60.1706250000000         2.728734893083614E-009
   60.3843750000000         2.367617884163422E-009
   60.5981250000000         1.757060345660103E-009
   60.8118750000000         9.060911676731541E-010
   61.0256250000000        -1.564089310076901E-010
   61.2393750000000        -1.381473793729931E-009
   61.4531250000000        -2.701328500137445E-009
   61.6668750000000        -4.032209031730504E-009
   61.8806250000000        -5.278640249820823E-009
   62.0943750000000        -6.338971509821594E-009
   62.3081250000000        -7.111864365053272E-009
   62.5218750000000        -7.503341948143011E-009
   62.7356250000000        -7.433951905105503E-009
   62.9493750000000        -6.845568926416577E-009
   63.1631250000000        -5.707370842195942E-009
   63.3768750000000        -4.020562793270390E-009
   63.5906250000000        -1.821493205014955E-009
   63.8043750000000         8.171031091797915E-010
   64.0181250000000         3.786893295267756E-009
   64.2318750000000         6.946812845066335E-009
   64.4456250000000         1.012794706575912E-008
   64.6593750000000         1.314026477738419E-008
   64.8731250000000         1.578095644201988E-008
   65.0868750000000         1.784406190434691E-008
   65.3006250000000         1.913102426984901E-008
   65.5143750000000         1.946177431897904E-008
   65.7281250000000         1.868593062234131E-008
   65.9418750000000         1.669368957810644E-008
   66.1556250000000         1.342597232005643E-008
   66.3693750000000         8.883388209732791E-009
   66.5831250000000         3.133565702368729E-009
   66.7968750000000        -3.683608379227434E-009
   67.0106250000000        -1.135330694936634E-008
   67.2243750000000        -1.958610123319833E-008
   67.4381250000000        -2.802176183563526E-008
   67.6518750000000        -3.623691478704104E-008
   67.8656250000000        -4.375685697994889E-008
   68.0793750000000        -5.007170042955231E-008
   68.2931250000000        -5.465682779024909E-008
   68.5068750000000        -5.699740220028394E-008
   68.7206250000000        -5.661638840212454E-008
   68.9343750000000        -5.310522137047843E-008
   69.1481250000000        -4.615592213083489E-008
   69.3618750000000        -3.559313267061000E-008
   69.5756250000000        -2.140425183762132E-008
   69.7893750000000        -3.765633165401114E-009
   70.0031250000000         1.693731543466254E-008
   70.2168750000000         4.009828362034903E-008
   70.4306250000000         6.488846031682488E-008
   70.6443750000000         9.026686681630921E-008
   70.8581250000000         1.150038244637476E-007
   71.0718750000000         1.377181314441241E-007
   71.2856250000000         1.569277693371692E-007
   71.4993750000000         1.711131186770772E-007
   71.7131250000000         1.787907821869168E-007
   71.9268750000000         1.785952511173726E-007
   72.1406250000000         1.693648649931931E-007
   72.3543750000000         1.502278688627652E-007
   72.5681250000000         1.206839210451261E-007
   72.7818750000000         8.067619538930769E-008
   72.9956250000000         3.064928893583982E-008
   73.2093750000000        -2.841149428172813E-008
   73.4231250000000        -9.496326145149644E-008
   73.6368750000000        -1.669139084665287E-007
   73.8506250000000        -2.416574639072045E-007
   74.0643750000000        -3.161367855378623E-007
   74.2781250000000        -3.869325747773476E-007
   74.4918750000000        -4.503762360578829E-007
   74.7056250000000        -5.026827370313927E-007
   74.9193750000000        -5.400984063244809E-007
   75.1331250000000        -5.590576148933818E-007
   75.3468750000000        -5.563415893625814E-007
   75.5606250000000        -5.292322483348508E-007
   75.7743750000000        -4.756539623612078E-007
   75.9881250000000        -3.942965194039438E-007
   76.2018750000000        -2.847133116514622E-007
   76.4156250000000        -1.473898061672786E-007
   76.6293750000000         1.622133825597747E-008
   76.8431250000000         2.037006668231431E-007
   77.0568750000000         4.116984222501332E-007
   77.2706250000000         6.360061413338762E-007
   77.4843750000000         8.716608600740540E-007
   77.6981250000000         1.113078092117479E-006
   77.9118750000000         1.354208629734049E-006
   78.1256250000000         1.588713375331738E-006
   78.3393750000000         1.810149874205843E-006
   78.5531250000000         2.012163994427803E-006
   78.7668750000000         2.188680275626664E-006
   78.9806250000000         2.334084814506335E-006
   79.1943750000000         2.443395125733911E-006
   79.4081250000000         2.512412156140242E-006
   79.6218750000000         2.537850476360816E-006
   79.8356250000000         2.517443565499387E-006
   80.0493750000000         2.450021984785726E-006
   80.2631250000000         2.335563059031987E-006
   80.4768750000000         2.175211416819106E-006
   80.6906250000000         1.971270364048804E-006
   80.9043750000000         1.727164579001022E-006
   81.1181250000000         1.447375033403154E-006
   81.3318750000000         1.137347388501704E-006
   81.5456250000000         8.033754212865824E-007
   81.7593750000000         4.524613409164168E-007
   81.9731250000000         9.215519437721891E-008
   82.1868750000000        -2.696240380246346E-007
   82.4006250000000        -6.247825754684045E-007
   82.6143750000000        -9.652575526049891E-007
   82.8281250000000        -1.283230042902107E-006
   83.0418750000000        -1.571340447014973E-006
   83.2556250000000        -1.822900648736021E-006
   83.4693750000000        -2.032096756883898E-006
   83.6831250000000        -2.194175805279929E-006
   83.8968750000000        -2.305609543446225E-006
   84.1106250000000        -2.364228481719612E-006
   84.3243750000000        -2.369319708591655E-006
   84.5381250000000        -2.321682710331171E-006
   84.7518750000000        -2.223638506087002E-006
   84.9656250000000        -2.078988852828625E-006
   85.1793750000000        -1.892924033739887E-006
   85.3931250000000        -1.671879754792662E-006
   85.6068750000000        -1.423345847487198E-006
   85.8206250000000        -1.155631702814634E-006
   86.0343750000000        -8.775955218811974E-007
   86.2481250000000        -5.983464373346163E-007
   86.4618750000000        -3.269302155131186E-007
   86.6756250000000        -7.201048285285774E-008
   86.8893750000000         1.584418580763625E-007
   87.1031250000000         3.574382110643730E-007
   87.3168750000000         5.192285171225821E-007
   87.5306250000000         6.395128526382308E-007
   87.7443750000000         7.155987553809673E-007
   87.9581250000000         7.464967857724832E-007
   88.1718750000000         7.329493867535176E-007
   88.3856250000000         6.773909510452657E-007
   88.5993750000000         5.838400034375827E-007
   88.8131250000000         4.577274127531295E-007
   89.0268750000000         3.056674170808127E-007
   89.2406250000000         1.351808371992198E-007
   89.4543750000000        -4.561795885728645E-008
   89.6681250000000        -2.283570980739500E-007
   89.8818750000000        -4.047519202768035E-007
   90.0956250000000        -5.669435932710410E-007
   90.3093750000000        -7.078170649269314E-007
   90.5231250000000        -8.212846664144696E-007
   90.7368750000000        -9.025231744474890E-007
   90.9506250000000        -9.481541881282314E-007
   91.1643750000000        -9.563601885217455E-007
   91.3781250000000        -9.269315168733692E-007
   91.5918750000000        -8.612426050768545E-007
   91.8056250000000        -7.621589834783547E-007
   92.0193750000000        -6.338797347213273E-007
   92.2331250000000        -4.817230164263157E-007
   92.4468750000000        -3.118649039554376E-007
   92.6606250000000        -1.310439823767689E-007
   92.8743750000000         5.375426426507897E-008
   93.0881250000000         2.356182445388171E-007
   93.3018750000000         4.080209414969415E-007
   93.5156250000000         5.651056594411920E-007
   93.7293750000000         7.019332044676340E-007
   93.9431250000000         8.146787505439633E-007
   94.1568750000000         9.007691380519862E-007
   94.3706250000000         9.589543487906524E-007
   94.5843750000000         9.893102594477317E-007
   94.7981250000000         9.931733287787364E-007
   95.0118750000000         9.730114392888617E-007
   95.2256250000000         9.322385013316319E-007
   95.4393750000000         8.749834480889110E-007
   95.6531250000000         8.058267294979127E-007
   95.8668750000000         7.295192022240613E-007
   96.0806250000000         6.506992965015073E-007
   96.2943750000000         5.736244476620985E-007
   96.5081250000000         5.019319884164206E-007
   96.7218750000000         4.384430378703268E-007
   96.9356250000000         3.850204774948088E-007
   97.1493750000000         3.424890039055379E-007
   97.3631250000000         3.106216658150619E-007
   97.5768750000000         2.881934316853329E-007
   97.7906250000000         2.730984182711841E-007
   98.0043750000000         2.625236665483821E-007
   98.2181250000000         2.531689997143646E-007
   98.4318750000000         2.414997348064524E-007
   98.6456250000000         2.240170071782005E-007
   98.8593750000000         1.975293234999670E-007
   99.0731250000000         1.594087510077005E-007
   99.2868750000000         1.078158910157007E-007
   99.5006250000000         4.187943172986700E-008
   99.7143750000000        -3.818146295291318E-008
   99.9281250000000        -1.310005319710121E-007
   100.141875000000        -2.340785196278041E-007
   100.355625000000        -3.438690024079631E-007
   100.569375000000        -4.559328851311023E-007
   100.783125000000        -5.651545712357666E-007
   100.996875000000        -6.660091928300164E-007
   101.210625000000        -7.528671770328928E-007
   101.424375000000        -8.203199897330524E-007
   101.638125000000        -8.635092680736789E-007
   101.851875000000        -8.784408238442033E-007
   102.065625000000        -8.622652263862864E-007
   102.279375000000        -8.135078680645691E-007
   102.493125000000        -7.322335468918180E-007
   102.706875000000        -6.201335953310269E-007
   102.920625000000        -4.805273253303008E-007
   103.134375000000        -3.182738912691881E-007
   103.348125000000        -1.395954027243470E-007
   103.561875000000         4.818297476828848E-008
   103.775625000000         2.369653563625393E-007
   103.989375000000         4.182748307054976E-007
   104.203125000000         5.836815131828139E-007
   104.416875000000         7.252468933078486E-007
   104.630625000000         8.359604092407856E-007
   104.844375000000         9.101434362576546E-007
   105.058125000000         9.437965123070292E-007
   105.271875000000         9.348676997397198E-007
   105.485625000000         8.834234729770415E-007
   105.699375000000         7.917083131966472E-007
   105.913125000000         6.640850779356259E-007
   106.126875000000         5.068549041704993E-007
   106.340625000000         3.279625309998231E-007
   106.554375000000         1.366000684439559E-007
   106.768125000000        -5.727106481836091E-008
   106.981875000000        -2.434545201666814E-007
   107.195625000000        -4.120797438226464E-007
   107.409375000000        -5.541563267912295E-007
   107.623125000000        -6.620884892357776E-007
   107.836875000000        -7.301175741186680E-007
   108.050625000000        -7.546639398456827E-007
   108.264375000000        -7.345451687187489E-007
   108.478125000000        -6.710547593659371E-007
   108.691875000000        -5.678940207480509E-007
   108.905625000000        -4.309591921967547E-007
   109.119375000000        -2.679952576341226E-007
   109.333125000000        -8.813684492904324E-008
   109.546875000000         9.863564345590880E-008
   109.760625000000         2.820905206554643E-007
   109.974375000000         4.523520078497828E-007
   110.188125000000         6.004809987656873E-007
   110.401875000000         7.189917611181871E-007
   110.615625000000         8.022710910212340E-007
   110.829375000000         8.468729920152161E-007
   111.043125000000         8.516704714069433E-007
   111.256875000000         8.178559355979245E-007
   111.470625000000         7.487922097737855E-007
   111.684375000000         6.497266301578175E-007
   111.898125000000         5.273901808958592E-007
   112.111875000000         3.895115534379660E-007
   112.325625000000         2.442816920032999E-007
   112.539375000000         9.980741913066897E-008
   112.753125000000        -3.640712107610431E-008
   112.966875000000        -1.579152145526019E-007
   113.180625000000        -2.596879599438910E-007
   113.394375000000        -3.383573843271692E-007
   113.608125000000        -3.923286928946634E-007
   113.821875000000        -4.217582477240981E-007
   114.035625000000        -4.284041531566634E-007
   114.249375000000        -4.153658852037493E-007
   114.463125000000        -3.867374918730582E-007
   114.676875000000        -3.472048863031150E-007
   114.890625000000        -3.016212058760823E-007
   115.104375000000        -2.545948798032974E-007
   115.318125000000        -2.101229262761793E-007
   115.531875000000        -1.712973079800497E-007
   115.745625000000        -1.401053398961539E-007
   115.959375000000        -1.173367651166510E-007
   116.173125000000        -1.026009112993413E-007
   116.386875000000        -9.444808857372490E-008
   116.600625000000        -9.058085732706722E-008
   116.814375000000        -8.813367697610167E-008
   117.028125000000        -8.399431001378861E-008
   117.241875000000        -7.513758862773818E-008
   117.455625000000        -5.894193679422032E-008
   117.669375000000        -3.346134277396829E-008
   117.883125000000         2.369953341520037E-009
   118.096875000000         4.861639169561213E-008
   118.310625000000         1.043123318521975E-007
   118.524375000000         1.675260729301015E-007
   118.738125000000         2.355090639611883E-007
   118.951875000000         3.049154877841921E-007
   119.165625000000         3.720716190011657E-007
   119.379375000000         4.332704861610724E-007
   119.593125000000         4.850657062553236E-007
   119.806875000000         5.245390057895481E-007
   120.020625000000         5.495187959715599E-007
   120.234375000000         5.587319397670732E-007
   120.448125000000         5.518770848281821E-007
   120.661875000000         5.296150686268385E-007
   120.875625000000         4.934792927328372E-007
   121.089375000000         4.457159627216483E-007
   121.303125000000         3.890700941466117E-007
   121.516875000000         3.265376851846760E-007
   121.730625000000         2.611070835452043E-007
   121.944375000000         1.955131280694591E-007
   122.158125000000         1.320261063461803E-007
   122.371875000000         7.229410260023108E-008
   122.585625000000         1.725224377403903E-008
   122.799375000000        -3.289385143761056E-008
   123.013125000000        -7.860990161699036E-008
   123.226875000000        -1.209063223587615E-007
   123.440625000000        -1.611555394821675E-007
   123.654375000000        -2.008707194869200E-007
   123.868125000000        -2.414668691934656E-007
   124.081875000000        -2.840269066153231E-007
   124.295625000000        -3.290949923300239E-007
   124.509375000000        -3.765171783719206E-007
   124.723125000000        -4.253454849295738E-007
   124.936875000000        -4.738162000626403E-007
   125.150625000000        -5.194069697524114E-007
   125.364375000000        -5.589706292675010E-007
   125.578125000000        -5.889372701094195E-007
   125.791875000000        -6.055702653232041E-007
   126.005625000000        -6.052573499541065E-007
   126.219375000000        -5.848147315274075E-007
   126.433125000000        -5.417808179779358E-007
   126.646875000000        -4.746765844056332E-007
   126.860625000000        -3.832117961640005E-007
   127.074375000000        -2.684200680916804E-007
   127.288125000000        -1.327107556151864E-007
   127.501875000000         2.016845725263189E-008
   127.715625000000         1.852581384622132E-007
   127.929375000000         3.565965213654367E-007
   128.143125000000         5.274997300656123E-007
   128.356875000000         6.908960190019842E-007
   128.570625000000         8.396936722266712E-007
   128.784375000000         9.671600812585633E-007
   128.998125000000         1.067288923681589E-006
   129.211875000000         1.135133285488931E-006
   129.425625000000         1.167084892007392E-006
   129.639375000000         1.161083129162417E-006
   129.853125000000         1.116741974016278E-006
   130.066875000000         1.035387990970948E-006
   130.280625000000         9.200078477525031E-007
   130.494375000000         7.751090274740334E-007
   130.708125000000         6.065022497824565E-007
   130.921875000000         4.210182990454348E-007
   131.135625000000         2.261752810641543E-007
   131.349375000000         2.981464669761432E-008
   131.563125000000        -1.602744468990871E-007
   131.776875000000        -3.367227314223835E-007
   131.990625000000        -4.929215870839983E-007
   132.204375000000        -6.233200391665106E-007
   132.418125000000        -7.236637372803349E-007
   132.631875000000        -7.911649741847863E-007
   132.845625000000        -8.245965585270490E-007
   133.059375000000        -8.243063594186515E-007
   133.273125000000        -7.921533902867156E-007
   133.486875000000        -7.313702031982866E-007
   133.700625000000        -6.463599464027865E-007
   133.914375000000        -5.424395415357071E-007
   134.128125000000        -4.255429323910956E-007
   134.341875000000        -3.019001426804668E-007
   134.555625000000        -1.777088852504472E-007
   134.769375000000        -5.881565232270694E-008
   134.983125000000         4.957741806089266E-008
   135.196875000000         1.431650293364037E-007
   135.410625000000         2.187378489990782E-007
   135.624375000000         2.743183298445344E-007
   135.838125000000         3.092265799409612E-007
   136.051875000000         3.240732723598222E-007
   136.265625000000         3.206804103080840E-007
   136.479375000000         3.019345874029455E-007
   136.693125000000         2.715810161911893E-007
   136.906875000000         2.339698528269309E-007
   137.120625000000         1.937690457207890E-007
   137.334375000000         1.556599253062310E-007
   137.548125000000         1.240329049287861E-007
   137.761875000000         1.027008913526748E-007
   137.975625000000         9.464726458694942E-008
   138.189375000000         1.018235879038788E-007
   138.403125000000         1.250096102637520E-007
   138.616875000000         1.637447381525369E-007
   138.830625000000         2.163361454674214E-007
   139.044375000000         2.799442658995730E-007
   139.258125000000         3.507418143003428E-007
   139.471875000000         4.241379763241726E-007
   139.685625000000         4.950552617259185E-007
   139.899375000000         5.582430002728272E-007
   140.113125000000         6.086088092630506E-007
   140.326875000000         6.415477751296868E-007
   140.540625000000         6.532487084535747E-007
   140.754375000000         6.409577222416456E-007
   140.968125000000         6.031815396791044E-007
   141.181875000000         5.398162697717725E-007
   141.395625000000         4.521917268531460E-007
   141.609375000000         3.430264690525343E-007
   141.823125000000         2.162942873304499E-007
   142.036875000000         7.700854391210923E-008
   142.250625000000        -6.906383033850393E-008
   142.464375000000        -2.157420790981849E-007
   142.678125000000        -3.568046664119984E-007
   142.891875000000        -4.863725833691477E-007
   143.105625000000        -5.992787079716138E-007
   143.319375000000        -6.913993950189086E-007
   143.533125000000        -7.599264170466652E-007
   143.746875000000        -8.035607843972922E-007
   143.960625000000        -8.226146434593782E-007
   144.174375000000        -8.190130979988501E-007
   144.388125000000        -7.961940590754419E-007
   144.601875000000        -7.589106971426532E-007
   144.815625000000        -7.129473196840636E-007
   145.029375000000        -6.647651143246544E-007
   145.243125000000        -6.210988062227586E-007
   145.456875000000        -5.885285717750789E-007
   145.670625000000        -5.730533084751051E-007
   145.884375000000        -5.796914665924599E-007
   146.098125000000        -6.121340963862768E-007
   146.311875000000        -6.724716593642298E-007
   146.525625000000        -7.610117002385529E-007
   146.739375000000        -8.761989710456983E-007
   146.953125000000        -1.014643399373306E-006
   147.166875000000        -1.171254798211609E-006
   147.380625000000        -1.339476838157404E-006
   147.594375000000        -1.511606941656221E-006
   147.808125000000        -1.679183771567555E-006
   148.021875000000        -1.833420167948725E-006
   148.235625000000        -1.965656952924961E-006
   148.449375000000        -2.067812097474618E-006
   148.663125000000        -2.132800352437332E-006
   148.876875000000        -2.154900519473460E-006
   149.090625000000        -2.130050917449730E-006
   149.304375000000        -2.056058050541984E-006
   149.518125000000        -1.932708711122408E-006
   149.731875000000        -1.761781418219811E-006
   149.945625000000        -1.546958847910789E-006
   150.159375000000        -1.293648406556652E-006
   150.373125000000        -1.008723008176187E-006
   150.586875000000        -7.001981653355931E-007
   150.800625000000        -3.768644718430775E-007
   151.014375000000        -4.789630157567180E-008
   151.228125000000         2.775419923258622E-007
   151.441875000000         5.906719007529197E-007
   151.655625000000         8.834401031639178E-007
   151.869375000000         1.148805807903142E-006
   152.083125000000         1.380964311896179E-006
   152.296875000000         1.575499257747442E-006
   152.510625000000         1.729460536073903E-006
   152.724375000000         1.841369174174741E-006
   152.938125000000         1.911154595003359E-006
   153.151875000000         1.940033085284841E-006
   153.365625000000         1.930338992329571E-006
   153.579375000000         1.885321951768831E-006
   153.793125000000         1.808924277451202E-006
   154.006875000000         1.705552533225607E-006
   154.220625000000         1.579856331403378E-006
   154.434375000000         1.436525695864512E-006
   154.648125000000         1.280116061629488E-006
   154.861875000000         1.114907354967622E-006
   155.075625000000         9.448008146638004E-007
   155.289375000000         7.732544736132633E-007
   155.503125000000         6.032556954802749E-007
   155.716875000000         4.373269948682037E-007
   155.930625000000         2.775596613256496E-007
   156.144375000000         1.256685136933671E-007
   156.358125000000        -1.693955440081565E-008
   156.571875000000        -1.490907378386438E-007
   156.785625000000        -2.697703998591768E-007
   156.999375000000        -3.780566022503177E-007
   157.213125000000        -4.730666441815536E-007
   157.426875000000        -5.539209713683428E-007
   157.640625000000        -6.197274732321246E-007
   157.854375000000        -6.695877571760212E-007
   158.068125000000        -7.026255271934615E-007
   158.281875000000        -7.180357400846320E-007
   158.495625000000        -7.151518022753070E-007
   158.709375000000        -6.935267391594468E-007
   158.923125000000        -6.530230579136123E-007
   159.136875000000        -5.939049844323235E-007
   159.350625000000        -5.169259476087500E-007
   159.564375000000        -4.234036822667955E-007
   159.778125000000        -3.152752039487147E-007
   159.991875000000        -1.951242503503827E-007
   160.205625000000        -6.617464810964664E-008
   160.419375000000         6.775551294957080E-008
   160.633125000000         2.023420335265302E-007
   160.846875000000         3.328857284385235E-007
   161.060625000000         4.544842598004643E-007
   161.274375000000         5.622392660949928E-007
   161.488125000000         6.514901768297995E-007
   161.701875000000         7.180631093421566E-007
   161.915625000000         7.585207223122124E-007
   162.129375000000         7.703971155544039E-007
   162.343125000000         7.524010559329042E-007
   162.556875000000         7.045711590736640E-007
   162.770625000000         6.283682720596030E-007
   162.984375000000         5.266931923902091E-007
   163.198125000000         4.038219232992470E-007
   163.411875000000         2.652556944142909E-007
   163.625625000000         1.174886568381523E-007
   163.839375000000        -3.229790291600874E-008
   164.053125000000        -1.766002454782766E-007
   164.266875000000        -3.079960967048898E-007
   164.480625000000        -4.195641748297494E-007
   164.694375000000        -5.052932294824019E-007
   164.908125000000        -5.604538027473981E-007
   165.121875000000        -5.819071600950790E-007
   165.335625000000        -5.683290077215460E-007
   165.549375000000        -5.203305546326732E-007
   165.763125000000        -4.404658826759180E-007
   165.976875000000        -3.331220142721691E-007
   166.190625000000        -2.042959762812707E-007
   166.404375000000        -6.127095457149926E-008
   166.618125000000         8.778928321759478E-008
   166.831875000000         2.343027053523122E-007
   167.045625000000         3.697590010176938E-007
   167.259375000000         4.862061398363898E-007
   167.473125000000         5.767026226938564E-007
   167.686875000000         6.357069691519895E-007
   167.900625000000         6.593804458602514E-007
   168.114375000000         6.457851798876285E-007
   168.328125000000         5.949671382614604E-007
   168.541875000000         5.089214165353062E-007
   168.755625000000         3.914452488803660E-007
   168.969375000000         2.478915235746509E-007
   169.183125000000         8.484181448950545E-008
   169.396875000000        -9.027742058403763E-008
   169.610625000000        -2.696090728447533E-007
   169.824375000000        -4.452829244619079E-007
   170.038125000000        -6.098106613287631E-007
   170.251875000000        -7.564356184296521E-007
   170.465625000000        -8.794191081997058E-007
   170.679375000000        -9.742508237759497E-007
   170.893125000000        -1.037777001351439E-006
   171.106875000000        -1.068246245121697E-006
   171.320625000000        -1.065278664471749E-006
   171.534375000000        -1.029768811371921E-006
   171.748125000000        -9.637365013678829E-007
   171.961875000000        -8.701417429301435E-007
   172.175625000000        -7.526806125089463E-007
   172.389375000000        -6.155780580721696E-007
   172.603125000000        -4.633914783551878E-007
   172.816875000000        -3.008357969383135E-007
   173.030625000000        -1.326369899516801E-007
   173.244375000000         3.658296929688915E-008
   173.458125000000         2.023906195317574E-007
   173.671875000000         3.605991571475878E-007
   173.885625000000         5.073068963855728E-007
   174.099375000000         6.389241977704236E-007
   174.313125000000         7.521973760477745E-007
   174.526875000000         8.442373505912790E-007
   174.740625000000         9.125590652549543E-007
   174.954375000000         9.551351908822015E-007
   175.168125000000         9.704646125157258E-007
   175.381875000000         9.576530186118676E-007
   175.595625000000         9.164998884966302E-007
   175.809375000000         8.475836371051803E-007
   176.023125000000         7.523348975513448E-007
   176.236875000000         6.330871078210619E-007
   176.450625000000         4.930938365419547E-007
   176.664375000000         3.365036561395547E-007
   176.878125000000         1.682857729105143E-007
   177.091875000000        -5.897116350249309E-009
   177.305625000000        -1.798683996331489E-007
   177.519375000000        -3.471650365748752E-007
   177.733125000000        -5.013042886801529E-007
   177.946875000000        -6.360772510663790E-007
   178.160625000000        -7.458536657132953E-007
   178.374375000000        -8.258803866517302E-007
   178.588125000000        -8.725549298487612E-007
   178.801875000000        -8.836558916291266E-007
   179.015625000000        -8.585136801865630E-007
   179.229375000000        -7.981078977080084E-007
   179.443125000000        -7.050816655249145E-007
   179.656875000000        -5.836679505511117E-007
   179.870625000000        -4.395282148149343E-007
   180.084375000000        -2.795091185190651E-007
   180.298125000000        -1.113281944716666E-007
   180.511875000000         5.679597551467423E-008
   180.725625000000         2.165498288300674E-007
   180.939375000000         3.599453033363047E-007
   181.153125000000         4.797316434445282E-007
   181.366875000000         5.697755943307238E-007
   181.580625000000         6.253885994807014E-007
   181.794375000000         6.435824678231601E-007
   182.008125000000         6.232389412791875E-007
   182.221875000000         5.651834155850522E-007
   182.435625000000         4.721584392605211E-007
   182.649375000000         3.486982007494908E-007
   182.863125000000         2.009106692816001E-007
   183.076875000000         3.617905529565238E-008
   183.290625000000        -1.372014860383002E-007
   183.504375000000        -3.104327011548310E-007
   183.718125000000        -4.746462808520014E-007
   183.931875000000        -6.213388235349343E-007
   184.145625000000        -7.427867531942485E-007
   184.359375000000        -8.324207037694480E-007
   184.573125000000        -8.851413950017685E-007
   184.786875000000        -8.975623900922717E-007
   185.000625000000        -8.681691202821423E-007
   185.214375000000        -7.973879424549961E-007
   185.428125000000        -6.875635149882238E-007
   185.641875000000        -5.428471970221536E-007
   185.855625000000        -3.690032834261129E-007
   186.069375000000        -1.731435019668111E-007
   186.283125000000         3.659681952376078E-008
   186.496875000000         2.514252569962704E-007
   186.710625000000         4.622843396071051E-007
   186.924375000000         6.602513526503160E-007
   187.138125000000         8.369282156028644E-007
   187.351875000000         9.848046026622312E-007
   187.565625000000         1.097578980406798E-006
   187.779375000000         1.170424318654644E-006
   187.993125000000         1.200187787179739E-006
   188.206875000000         1.185516675541750E-006
   188.420625000000         1.126905953283900E-006
   188.634375000000         1.026666206723256E-006
   188.848125000000         8.888140274434397E-007
   189.061875000000         7.188901659246203E-007
   189.275625000000         5.237137812992047E-007
   189.489375000000         3.110837976491911E-007
   189.703125000000         8.944060772532669E-008
   189.916875000000        -1.324969530978655E-007
   190.130625000000        -3.461033891635429E-007
   190.344375000000        -5.432107503700416E-007
   190.558125000000        -7.164492924219356E-007
   190.771875000000        -8.595497080674763E-007
   190.985625000000        -9.675938166489328E-007
   191.199375000000        -1.037202982031649E-006
   191.413125000000        -1.066656416385547E-006
   191.626875000000        -1.055934782621435E-006
   191.840625000000        -1.006687972626997E-006
   192.054375000000        -9.221294399743896E-007
   192.268125000000        -8.068628301679072E-007
   192.481875000000        -6.666497127061685E-007
   192.695625000000        -5.081298295337550E-007
   192.909375000000        -3.385073130051439E-007
   193.123125000000        -1.652177055982577E-007
   193.336875000000         4.408717653336340E-009
   193.550625000000         1.634718781688731E-007
   193.764375000000         3.058003853494014E-007
   193.978125000000         4.262103069403195E-007
   194.191875000000         5.207129088373344E-007
   194.405625000000         5.866624996729999E-007
   194.619375000000         6.228383189979998E-007
   194.833125000000         6.294574509857336E-007
   195.046875000000         6.081189062398964E-007
   195.260625000000         5.616821704843698E-007
   195.474375000000         4.940865506317237E-007
   195.688125000000         4.101204388673727E-007
   195.901875000000         3.151520504988992E-007
   196.115625000000         2.148351626761362E-007
   196.329375000000         1.148047867868600E-007
   196.543125000000         2.037845593351127E-008
   196.756875000000        -6.372117522570359E-008
   196.970625000000        -1.336074906888251E-007
   197.184375000000        -1.864214831115612E-007
   197.398125000000        -2.204627512365743E-007
   197.611875000000        -2.352520374472081E-007
   197.825625000000        -2.315211254512709E-007
   198.039375000000        -2.111300697245101E-007
   198.253125000000        -1.769161063671898E-007
   198.466875000000        -1.324829399183140E-007
   198.680625000000        -8.194312513034075E-008
   198.894375000000        -2.962967053454397E-008
   199.108125000000         2.020450052096750E-008
   199.321875000000         6.367922937453646E-008
   199.535625000000         9.755189634060933E-008
   199.749375000000         1.194356169905797E-007
   199.963125000000         1.279549686888304E-007
   200.176875000000         1.228274238238107E-007
   200.390625000000         1.048637878777803E-007
   200.604375000000         7.588677956637181E-008
   200.818125000000         3.857302842029149E-008
   201.031875000000        -3.770268415650697E-009
   201.245625000000        -4.747747998814708E-008
   201.459375000000        -8.882472577747002E-008
   201.673125000000        -1.243346911809728E-007
   201.886875000000        -1.510617729379838E-007
   202.100625000000        -1.668343158676912E-007
   202.314375000000        -1.704336986857442E-007
   202.528125000000        -1.616947793698767E-007
   202.741875000000        -1.415183831869069E-007
   202.955625000000        -1.117936361106893E-007
   203.169375000000        -7.523543941092624E-008
   203.383125000000        -3.514962044449918E-008
   203.596875000000         4.855346938268081E-009
   203.810625000000         4.118625234693221E-008
   204.024375000000         7.058589602726730E-008
   204.238125000000         9.042910825320596E-008
   204.451875000000         9.896804683574058E-008
   204.665625000000         9.550461156836677E-008
   204.879375000000         8.047362823163512E-008
   205.093125000000         5.542778831029632E-008
   205.306875000000         2.292357990760220E-008
   205.520625000000        -1.368408517779827E-008
   205.734375000000        -5.052288061202836E-008
   205.948125000000        -8.353728166628284E-008
   206.161875000000        -1.088485975384079E-007
   206.375625000000        -1.231107175184868E-007
   206.589375000000        -1.238312665056376E-007
   206.803125000000        -1.096302171201196E-007
   207.016875000000        -8.041273579949237E-008
   207.230625000000        -3.743976797210089E-008
   207.444375000000         1.671196052750137E-008
   207.658125000000         7.829990938894274E-008
   207.871875000000         1.426660763026197E-007
   208.085625000000         2.045699080849226E-007
   208.299375000000         2.585790916876404E-007
   208.513125000000         2.994886496835912E-007
   208.726875000000         3.227362134442036E-007
   208.940625000000         3.247813345990580E-007
   209.154375000000         3.034192045945120E-007
   209.368125000000         2.580039616089601E-007
   209.581875000000         1.895634704102231E-007
   209.795625000000         1.007955167985200E-007
   210.009375000000        -4.055878122408899E-009
   210.223125000000        -1.194365296835802E-007
   210.436875000000        -2.388149050644487E-007
   210.650625000000        -3.550891301100095E-007
   210.864375000000        -4.610404481084329E-007
   211.078125000000        -5.498022652401269E-007
   211.291875000000        -6.153130259343900E-007
   211.505625000000        -6.527225064931150E-007
   211.719375000000        -6.587245368288819E-007
   211.933125000000        -6.317943556906045E-007
   212.146875000000        -5.723153596732647E-007
   212.360625000000        -4.825874297370934E-007
   212.574375000000        -3.667167827593895E-007
   212.788125000000        -2.303948731575217E-007
   213.001875000000        -8.058077129104183E-008
   213.215625000000         7.489275105353355E-008
   213.429375000000         2.277648238067100E-007
   213.643125000000         3.698164469477666E-007
   213.856875000000         4.933365474137991E-007
   214.070625000000         5.915566576168520E-007
   214.284375000000         6.590292099989948E-007
   214.498125000000         6.919283483982375E-007
   214.711875000000         6.882572223518026E-007
   214.925625000000         6.479516097452934E-007
   215.139375000000         5.728760243939765E-007
   215.353125000000         4.667148125643520E-007
   215.566875000000         3.347667402492432E-007
   215.780625000000         1.836568676273016E-007
   215.994375000000         2.098379781885902E-008
   216.208125000000        -1.450765566272996E-007
   216.421875000000        -3.061878707421387E-007
   216.635625000000        -4.542679088837620E-007
   216.849375000000        -5.818787273134863E-007
   217.063125000000        -6.825730915845483E-007
   217.276875000000        -7.511810907101183E-007
   217.490625000000        -7.840251700988035E-007
   217.704375000000        -7.790564953694511E-007
   217.918125000000        -7.359103584054500E-007
   218.131875000000        -6.558829119417629E-007
   218.345625000000        -5.418355697828359E-007
   218.559375000000        -3.980366935482164E-007
   218.773125000000        -2.299525359772943E-007
   218.986875000000        -4.400074436123654E-008
   219.200625000000         1.527199450858970E-007
   219.414375000000         3.527107755530921E-007
   219.628125000000         5.483530834853538E-007
   219.841875000000         7.321775951396699E-007
   220.055625000000         8.971151747440429E-007
   220.269375000000         1.036723453003648E-006
   220.483125000000         1.145385728041310E-006
   220.696875000000         1.218480120528535E-006
   220.910625000000         1.252518068121484E-006
   221.124375000000         1.245251822842604E-006
   221.338125000000         1.195750705454500E-006
   221.551875000000         1.104445577740238E-006
   221.765625000000         9.731404744267603E-007
   221.979375000000         8.049897808770534E-007
   222.193125000000         6.044389480788341E-007
   222.406875000000         3.771266830988201E-007
   222.620625000000         1.297469810272870E-007
   222.834375000000        -1.301296452973834E-007
   223.048125000000        -3.942748183935622E-007
   223.261875000000        -6.540578413023841E-007
   223.475625000000        -9.007326999618148E-007
   223.689375000000        -1.125748466005507E-006
   223.903125000000        -1.321072479409271E-006
   224.116875000000        -1.479513439108736E-006
   224.330625000000        -1.595029838667573E-006
   224.544375000000        -1.663008269761544E-006
   224.758125000000        -1.680496141848357E-006
   224.971875000000        -1.646374424590722E-006
   225.185625000000        -1.561458121696163E-006
   225.399375000000        -1.428515257161246E-006
   225.613125000000        -1.252199042707142E-006
   225.826875000000        -1.038892373523778E-006
   226.040625000000        -7.964685899680600E-007
   226.254375000000        -5.339772350065463E-007
   226.468125000000        -2.612680117069590E-007
   226.681875000000         1.143000190999279E-008
   226.895625000000         2.739538578577679E-007
   227.109375000000         5.166550711240507E-007
   227.323125000000         7.308282531584077E-007
   227.536875000000         9.090981729655837E-007
   227.750625000000         1.045745289989966E-006
   227.964375000000         1.136952874727878E-006
   228.178125000000         1.180962879133754E-006
   228.391875000000         1.178132500091580E-006
   228.605625000000         1.130888613767973E-006
   228.819375000000         1.043582641154594E-006
   229.033125000000         9.222536260511536E-007
   229.246875000000         7.743120715148806E-007
   229.460625000000         6.081611268917275E-007
   229.674375000000         4.327748290511657E-007
   229.888125000000         2.572551201456360E-007
   230.101875000000         9.039019675552570E-008
   230.315625000000        -5.976363364664260E-008
   230.529375000000        -1.862559614003510E-007
   230.743125000000        -2.835541340598425E-007
   230.956875000000        -3.477784694461481E-007
   231.170625000000        -3.768505416130141E-007
   231.384375000000        -3.705489355320308E-007
   231.598125000000        -3.304717445717544E-007
   231.811875000000        -2.599099005106811E-007
   232.025625000000        -1.636399227042886E-007
   232.239375000000        -4.764861648317450E-008
   232.453125000000         8.119455999523267E-008
   232.666875000000         2.154994630562967E-007
   232.880625000000         3.477323046520006E-007
   233.094375000000         4.705883055927555E-007
   233.308125000000         5.773413452148015E-007
   233.521875000000         6.621538121057790E-007
   233.735625000000         7.203325268183600E-007
   233.949375000000         7.485199447922249E-007
   234.163125000000         7.448136450347568E-007
   234.376875000000         7.088111341495501E-007
   234.590625000000         6.415810055344372E-007
   234.804375000000         5.455652581244299E-007
   235.018125000000         4.244208899884313E-007
   235.231875000000         2.828115689367881E-007
   235.445625000000         1.261621226834315E-007
   235.659375000000        -3.961028245387628E-008
   235.873125000000        -2.083741031348625E-007
   236.086875000000        -3.740568272010191E-007
   236.300625000000        -5.309012995644229E-007
   236.514375000000        -6.736941588412760E-007
   236.728125000000        -7.979577029808145E-007
   236.941875000000        -9.000988668142778E-007
   237.155625000000        -9.775114395513821E-007
   237.369375000000        -1.028630033937247E-006
   237.583125000000        -1.052936525966881E-006
   237.796875000000        -1.050921632064635E-006
   238.010625000000        -1.024005930559318E-006
   238.224375000000        -9.744259481643371E-007
   238.438125000000        -9.050919267343083E-007
   238.651875000000        -8.194245835916432E-007
   238.865625000000        -7.211786095241168E-007
   239.079375000000        -6.142608391008052E-007
   239.293125000000        -5.025509959743943E-007
   239.506875000000        -3.897326661607845E-007
   239.720625000000        -2.791416768951787E-007
   239.934375000000        -1.736383405912637E-007
   240.148125000000        -7.550904383724834E-008
   240.361875000000         1.359859127562331E-008
   240.575625000000         9.270426637893466E-008
   240.789375000000         1.614863361701780E-007
   241.003125000000         2.202368883291105E-007
   241.216875000000         2.697835646136202E-007
   241.430625000000         3.113830790854037E-007
   241.644375000000         3.465931655111312E-007
   241.858125000000         3.771311212559831E-007
   242.071875000000         4.047280671350544E-007
   242.285625000000         4.309883963028476E-007
   242.499375000000         4.572635683581748E-007
   242.713125000000         4.845484019739468E-007
   242.926875000000         5.134063792420270E-007
   243.140625000000         5.439283110311081E-007
   243.354375000000         5.757261961712919E-007
   243.568125000000         6.079614525976879E-007
   243.781875000000         6.394041426744053E-007
   243.995625000000         6.685175926857295E-007
   244.209375000000         6.935611248932524E-007
   244.423125000000         7.127026346875305E-007
   244.636875000000         7.241325393649625E-007
   244.850625000000         7.261712006753089E-007
   245.064375000000         7.173631976577655E-007
   245.278125000000         6.965536397451743E-007
   245.491875000000         6.629438434075152E-007
   245.705625000000         6.161258947980125E-007
   245.919375000000         5.560976271529486E-007
   246.133125000000         4.832611226258707E-007
   246.346875000000         3.984088264808168E-007
   246.560625000000         3.027016376488021E-007
   246.774375000000         1.976429055962993E-007
   246.988125000000         8.505120536617188E-008
   247.201875000000        -3.296674840124011E-008
   247.415625000000        -1.540434157150341E-007
   247.629375000000        -2.755800140245356E-007
   247.843125000000        -3.947817539743762E-007
   248.056875000000        -5.087028877204918E-007
   248.270625000000        -6.143057618298127E-007
   248.484375000000        -7.085372743455238E-007
   248.698125000000        -7.884245426721091E-007
   248.911875000000        -8.511893285750089E-007
   249.125625000000        -8.943780693863681E-007
   249.339375000000        -9.160015350985519E-007
   249.553125000000        -9.146755147614889E-007
   249.766875000000        -8.897518790637346E-007
   249.980625000000        -8.414281759345530E-007
   250.194375000000        -7.708238215419477E-007
   250.408125000000        -6.800120714766570E-007
   250.621875000000        -5.719992909853176E-007
   250.835625000000        -4.506464521446756E-007
   251.049375000000        -3.205320112746860E-007
   251.263125000000        -1.867600045122757E-007
   251.476875000000        -5.472192209496192E-008
   251.690625000000         7.017476069887427E-008
   251.904375000000         1.827950261309001E-007
   252.118125000000         2.785630482951057E-007
   252.331875000000         3.537276572516357E-007
   252.545625000000         4.055876467876433E-007
   252.759375000000         4.326602536529007E-007
   252.973125000000         4.347797316341282E-007
   253.186875000000         4.131176395148139E-007
   253.400625000000         3.701218794963112E-007
   253.614375000000         3.093772228555116E-007
   253.828125000000         2.353955835529125E-007
   254.041875000000         1.533492112171578E-007
   254.255625000000         6.876389556746482E-008
   254.469375000000        -1.280808086795815E-008
   254.683125000000        -8.611430947077405E-008
   254.896875000000        -1.465073149292032E-007
   255.110625000000        -1.902094182544578E-007
   255.324375000000        -2.145215076257611E-007
   255.538125000000        -2.179638065393054E-007
   255.751875000000        -2.003413824052506E-007
   255.965625000000        -1.627321069821270E-007
   256.179375000000        -1.073997084992499E-007
   256.393125000000        -3.763911596725712E-008
   256.606875000000         4.243479070696332E-008
   256.820625000000         1.281408613234875E-007
   257.034375000000         2.145115794391575E-007
   257.248125000000         2.965820124632135E-007
   257.461875000000         3.696707297760496E-007
   257.675625000000         4.296367117701150E-007
   257.889375000000         4.730982544147531E-007
   258.103125000000         4.976025754322863E-007
   258.316875000000         5.017380610838407E-007
   258.530625000000         4.851846533873797E-007
   258.744375000000         4.487015585922329E-007
   258.958125000000         3.940550563838083E-007
   259.171875000000         3.238925162199791E-007
   259.385625000000         2.415716129536454E-007
   259.599375000000         1.509560347524065E-007
   259.813125000000         5.619057948041816E-008
   260.026875000000        -3.853063611799768E-008
   260.240625000000        -1.291891146679743E-007
   260.454375000000        -2.121471166140486E-007
   260.668125000000        -2.843216031406941E-007
   260.881875000000        -3.433178054045216E-007
   261.095625000000        -3.875159914867825E-007
   261.309375000000        -4.161081143844883E-007
   261.523125000000        -4.290843019211240E-007
   261.736875000000        -4.271723802979918E-007
   261.950625000000        -4.117365926522393E-007
   262.164375000000        -3.846441808512603E-007
   262.378125000000        -3.481103693153007E-007
   262.591875000000        -3.045333925696687E-007
   262.805625000000        -2.563314659117774E-007
   263.019375000000        -2.057929951411920E-007
   263.233125000000        -1.549499057461655E-007
   263.446875000000        -1.054818560682405E-007
   263.660625000000        -5.865644991112087E-008
   263.874375000000        -1.530759180941561E-008
   264.088125000000         2.414893095741963E-008
   264.301875000000         5.966645814643654E-008
   264.515625000000         9.149139263929229E-008
   264.729375000000         1.200683292741522E-007
   264.943125000000         1.459358430467219E-007
   265.156875000000         1.696227865109956E-007
   265.370625000000         1.915544969391966E-007
   265.584375000000         2.119770874296950E-007
   265.798125000000         2.309061137066623E-007
   266.011875000000         2.481035453558042E-007
   266.225625000000         2.630843406673464E-007
   266.439375000000         2.751512611118627E-007
   266.653125000000         2.834540957464313E-007
   266.866875000000         2.870674059174571E-007
   267.080625000000         2.850794140166796E-007
   267.294375000000         2.766838592309056E-007
   267.508125000000         2.612665768305816E-007
   267.721875000000         2.384792076591144E-007
   267.935625000000         2.082937302567633E-007
   268.149375000000         1.710332950648639E-007
   268.363125000000         1.273769545381550E-007
   268.576875000000         7.833812876085612E-008
   268.790625000000         2.521882396368960E-008
   269.004375000000        -3.045645325968629E-008
   269.218125000000        -8.702162373045730E-008
   269.431875000000        -1.427583398064499E-007
   269.645625000000        -1.959867725393984E-007
   269.859375000000        -2.451511431002312E-007
   270.073125000000        -2.888939528086260E-007
   270.286875000000        -3.261140113568390E-007
   270.500625000000        -3.560048418219552E-007
   270.714375000000        -3.780717162194713E-007
   270.928125000000        -3.921273032478735E-007
   271.141875000000        -3.982675537423409E-007
   271.355625000000        -3.968308895322008E-007
   271.569375000000        -3.883449029429631E-007
   271.783125000000        -3.734655512807376E-007
   271.996875000000        -3.529142078953487E-007
   272.210625000000        -3.274179024986200E-007
   272.424375000000        -2.976576677191494E-007
   272.638125000000        -2.642291471696686E-007
   272.851875000000        -2.276185700552095E-007
   273.065625000000        -1.881959284578912E-007
   273.279375000000        -1.462257847246603E-007
   273.493125000000        -1.018946729067897E-007
   273.706875000000        -5.535262909481436E-008
   273.920625000000        -6.765081963973802E-009
   274.134375000000         4.362975238562085E-008
   274.348125000000         9.546361143679512E-008
   274.561875000000         1.481871067048305E-007
   274.775625000000         2.010308273334788E-007
   274.989375000000         2.529841072544219E-007
   275.203125000000         3.027959196384755E-007
   275.416875000000         3.490008790235283E-007
   275.630625000000         3.899714496561453E-007
   275.844375000000         4.239952890870379E-007
   276.058125000000         4.493743494580949E-007
   276.271875000000         4.645400975267372E-007
   276.485625000000         4.681771995858597E-007
   276.699375000000         4.593464523582883E-007
   276.913125000000         4.375968112298320E-007
   277.126875000000         4.030562200777675E-007
   277.340625000000         3.564916722781440E-007
   277.554375000000         2.993305474771726E-007
   277.768125000000         2.336377089701113E-007
   277.981875000000         1.620459646643278E-007
   278.195625000000         8.764106762723024E-008
   278.409375000000         1.380617747066525E-008
   278.623125000000        -5.596569764757117E-008
   278.836875000000        -1.182796332773052E-007
   279.050625000000        -1.700531004772955E-007
   279.264375000000        -2.087213366828937E-007
   279.478125000000        -2.324183200548851E-007
   279.691875000000        -2.401190134095657E-007
   279.905625000000        -2.317308775554884E-007
   280.119375000000        -2.081260446643738E-007
   280.333125000000        -1.711097366227465E-007
   280.546875000000        -1.233251805975112E-007
   280.760625000000        -6.810003618077391E-008
   280.974375000000        -9.243814048196228E-009
   281.188125000000         4.919043400240016E-008
   281.401875000000         1.031640528778529E-007
   281.615625000000         1.489126373372903E-007
   281.829375000000         1.831898125098981E-007
   282.043125000000         2.034780299549669E-007
   282.256875000000         2.081517993319590E-007
   282.470625000000         1.965821680783718E-007
   282.684375000000         1.691754391782995E-007
   282.898125000000         1.273437513140737E-007
   283.111875000000         7.340988314003984E-008
   283.325625000000         1.045313594508892E-008
   283.539375000000        -5.789291929702635E-008
   283.753125000000        -1.276769347515389E-007
   283.966875000000        -1.948845253404183E-007
   284.180625000000        -2.556942876587022E-007
   284.394375000000        -3.067183077445593E-007
   284.608125000000        -3.452116464477970E-007
   284.821875000000        -3.692375543962603E-007
   285.035625000000        -3.777782416378413E-007
   285.249375000000        -3.707846940960543E-007
   285.463125000000        -3.491630477314915E-007
   285.676875000000        -3.146991477455410E-007
   285.890625000000        -2.699268822240157E-007
   286.104375000000        -2.179494494606060E-007
   286.318125000000        -1.622256831474396E-007
   286.531875000000        -1.063357418725429E-007
   286.745625000000        -5.374173461023726E-008
   286.959375000000        -7.559118827177505E-009
   287.173125000000         2.964605371243347E-008
   287.386875000000         5.602072114074911E-008
   287.600625000000         7.053854912723970E-008
   287.814375000000         7.305652465381754E-008
   288.028125000000         6.431100666025152E-008
   288.241875000000         4.585399199460697E-008
   288.455625000000         1.993448424319530E-008
   288.669375000000        -1.066634409042753E-008
   288.883125000000        -4.283431352728825E-008
   289.096875000000        -7.334150768863938E-008
   289.310625000000        -9.907014894091488E-008
   289.524375000000        -1.172254469352991E-007
   289.738125000000        -1.255228313430846E-007
   289.951875000000        -1.223371182742768E-007
   290.165625000000        -1.068042184647253E-007
   290.379375000000        -7.886971950992595E-008
   290.593125000000        -3.928274988066495E-008
   290.806875000000         1.046238637638860E-008
   291.020625000000         6.823057289042171E-008
   291.234375000000         1.313869172544569E-007
   291.448125000000         1.969629365115723E-007
   291.661875000000         2.618352209771188E-007
   291.875625000000         3.229038642651102E-007
   292.089375000000         3.772589582330718E-007
   292.303125000000         4.223253607873894E-007
   292.516875000000         4.559785163954983E-007
   292.730625000000         4.766270529492448E-007
   292.944375000000         4.832608810324322E-007
   293.158125000000         4.754662814293817E-007
   293.371875000000         4.534117272143054E-007
   293.585625000000         4.178097626691093E-007
   293.799375000000         3.698610565627385E-007
   294.013125000000         3.111867624104213E-007
   294.226875000000         2.437546457622226E-007
   294.440625000000         1.698032479254672E-007
   294.654375000000         9.176686953818008E-008
   294.868125000000         1.220262232861476E-008
   295.081875000000        -6.628054875869876E-008
   295.295625000000        -1.410919282894872E-007
   295.509375000000        -2.097296647370573E-007
   295.723125000000        -2.698533112550785E-007
   295.936875000000        -3.193588991461141E-007
   296.150625000000        -3.564560140137506E-007
   296.364375000000        -3.797449150133992E-007
   296.578125000000        -3.882902532590631E-007
   296.791875000000        -3.816866405613268E-007
   297.005625000000        -3.601104144689359E-007
   297.219375000000        -3.243516180399119E-007
   297.433125000000        -2.758205754749853E-007
   297.646875000000        -2.165245294838634E-007
   297.860625000000        -1.490115580646847E-007
   298.074375000000        -7.628126979566744E-008
   298.288125000000        -1.664381681765881E-009
   298.501875000000         7.132404069666636E-008
   298.715625000000         1.391504264905774E-007
   298.929375000000         1.984383600648532E-007
   299.143125000000         2.461434643155291E-007
   299.356875000000         2.797164253100458E-007
   299.570625000000         2.972435048229570E-007
   299.784375000000         2.975552134347192E-007
   299.998125000000         2.802959329943481E-007
   300.211875000000         2.459499954460813E-007
   300.425625000000         1.958227967765302E-007
   300.639375000000         1.319786671822171E-007
   300.853125000000         5.714014394041575E-008
   301.066875000000        -2.544425979871634E-008
   301.280625000000        -1.121549371981111E-007
   301.494375000000        -1.991689277232923E-007
   301.708125000000        -2.826306457648126E-007
   301.921875000000        -3.588164688539234E-007
   302.135625000000        -4.242854793541463E-007
   302.349375000000        -4.760105570590328E-007
   302.563125000000        -5.114861577920020E-007
   302.776875000000        -5.288112237195336E-007
   302.990625000000        -5.267475103444533E-007
   303.204375000000        -5.047549852452081E-007
   303.418125000000        -4.630067275425538E-007
   303.631875000000        -4.023858943754001E-007
   303.845625000000        -3.244668728143066E-007
   304.059375000000        -2.314818398443525E-007
   304.273125000000        -1.262728150895492E-007
   304.486875000000        -1.222815876928544E-008
   304.700625000000         1.067984016538297E-007
   304.914375000000         2.265885069314168E-007
   305.128125000000         3.426816613833173E-007
   305.341875000000         4.505204396875632E-007
   305.555625000000         5.456175753437273E-007
   305.769375000000         6.237417124607941E-007
   305.983125000000         6.811158358402196E-007
   306.196875000000         7.146195588455898E-007
   306.410625000000         7.219839011632214E-007
   306.624375000000         7.019652934339304E-007
   306.838125000000         6.544846306739073E-007
   307.051875000000         5.807175109022148E-007
   307.265625000000         4.831234754322754E-007
   307.479375000000         3.654051112495101E-007
   307.693125000000         2.323921348892562E-007
   307.906875000000         8.985076143855775E-008
   308.120625000000        -5.577563668352280E-008
   308.334375000000        -1.976828493372739E-007
   308.548125000000        -3.290621677578597E-007
   308.761875000000        -4.434755667803646E-007
   308.975625000000        -5.352257865617502E-007
   309.189375000000        -5.996963779332661E-007
   309.403125000000        -6.336377315776181E-007
   309.616875000000        -6.353780159100480E-007
   309.830625000000        -6.049426249957463E-007
   310.044375000000        -5.440718453697489E-007
   310.258125000000        -4.561335143438176E-007
   310.471875000000        -3.459348960380579E-007
   310.685625000000        -2.194452390570374E-007
   310.899375000000        -8.344691114765263E-008
   311.113125000000         5.486189005823851E-008
   311.326875000000         1.882864813658018E-007
   311.540625000000         3.100493455760933E-007
   311.754375000000         4.141710413946969E-007
   311.968125000000         4.957940132523834E-007
   312.181875000000         5.514293765289273E-007
   312.395625000000         5.791125475104834E-007
   312.609375000000         5.784602591979813E-007
   312.823125000000         5.506285177399269E-007
   313.036875000000         4.981778665238221E-007
   313.250625000000         4.248584305662269E-007
   313.464375000000         3.353321849976869E-007
   313.678125000000         2.348534084017266E-007
   313.891875000000         1.289301524730924E-007
   314.105625000000         2.298972727783206E-008
   314.319375000000        -7.793025872587439E-008
   314.533125000000        -1.694466604892934E-007
   314.746875000000        -2.480367606991853E-007
   314.960625000000        -3.111756757935502E-007
   315.174375000000        -3.574006858110177E-007
   315.388125000000        -3.863032232182208E-007
   315.601875000000        -3.984541485595786E-007
   315.815625000000        -3.952721516326401E-007
   316.029375000000        -3.788483921902121E-007
   316.243125000000        -3.517426607048325E-007
   316.456875000000        -3.167673110011095E-007
   316.670625000000        -2.767749927496057E-007
   316.884375000000        -2.344648741995078E-007
   317.098125000000        -1.922197462521314E-007
   317.311875000000        -1.519833472248950E-007
   317.525625000000        -1.151836932783377E-007
   317.739375000000        -8.270441515807715E-008
   317.953125000000        -5.490236485068328E-008
   318.166875000000        -3.166632985179424E-008
   318.380625000000        -1.250881201197830E-008
   318.594375000000         3.319317917229036E-009
   318.808125000000         1.670275606679220E-008
   319.021875000000         2.853609632749006E-008
   319.235625000000         3.960975993139603E-008
   319.449375000000         5.051725294927646E-008
   319.663125000000         6.159126337895512E-008
   319.876875000000         7.287333337562345E-008
   320.090625000000         8.411873344247676E-008
   320.304375000000         9.483497517727728E-008
   320.518125000000         1.043493851635877E-007
   320.731875000000         1.118985695416552E-007
   320.945625000000         1.167306393376853E-007
   321.159375000000         1.182099041283079E-007
   321.373125000000         1.159134763289874E-007
   321.586875000000         1.097098882757816E-007
   321.800625000000         9.981136133691201E-008
   322.014375000000         8.679365904282000E-008
   322.228125000000         7.158031814288351E-008
   322.441875000000         5.539124516686118E-008
   322.655625000000         3.965892187148944E-008
   322.869375000000         2.591850097395401E-008
   323.083125000000         1.568062696069929E-008
   323.296875000000         1.029765458542694E-008
   323.510625000000         1.083488539354697E-008
   323.724375000000         1.795839830392636E-008
   323.938125000000         3.184999511319939E-008
   324.151875000000         5.215778371699632E-008
   324.365625000000         7.798813194430650E-008
   324.579375000000         1.079413664641134E-007
   324.793125000000         1.401899422502989E-007
   325.006875000000         1.725941785363722E-007
   325.220625000000         2.028473626947357E-007
   325.434375000000         2.286393577552008E-007
   325.648125000000         2.478260575951042E-007
   325.861875000000         2.585912898702948E-007
   326.075625000000         2.595881551487512E-007
   326.289375000000         2.500482970229702E-007
   326.503125000000         2.298501073635699E-007
   326.716875000000         1.995401758848292E-007
   326.930625000000         1.603061104259237E-007
   327.144375000000         1.139028487951611E-007
   327.358125000000         6.253839804997510E-008
   327.571875000000         8.728227539158036E-009
   327.785625000000        -4.486999268465984E-008
   327.999375000000        -9.562820258151841E-008
   328.213125000000        -1.411129722900001E-007
   328.426875000000        -1.792313535060004E-007
   328.640625000000        -2.083472406612127E-007
   328.854375000000        -2.273608642260799E-007
   329.068125000000        -2.357475716392046E-007
   329.281875000000        -2.335558164778967E-007
   329.495625000000        -2.213678920717416E-007
   329.709375000000        -2.002300460036957E-007
   329.923125000000        -1.715608857015889E-007
   330.136875000000        -1.370482103588560E-007
   330.350625000000        -9.854447289754829E-008
   330.564375000000        -5.797000781860538E-008
   330.778125000000        -1.723110473710828E-008
   330.991875000000         2.184277510839999E-008
   331.205625000000         5.754150333151272E-008
   331.419375000000         8.829851815709490E-008
   331.633125000000         1.127015243109072E-007
   331.846875000000         1.294963529731801E-007
   332.060625000000         1.375915918775058E-007
   332.274375000000         1.360713220399311E-007
   332.488125000000         1.242218278536083E-007
   332.701875000000         1.015756233820093E-007
   332.915625000000         6.797283908735936E-008
   333.129375000000         2.363632958108548E-008
   333.343125000000        -3.074674698629437E-008
   333.556875000000        -9.394718641189437E-008
   333.770625000000        -1.641322089180704E-007
   333.984375000000        -2.388332435039692E-007
   334.198125000000        -3.149552920910179E-007
   334.411875000000        -3.888376938543145E-007
   334.625625000000        -4.563721836154560E-007
   334.839375000000        -5.131790354940591E-007
   335.053125000000        -5.548362595179872E-007
   335.266875000000        -5.771508382519182E-007
   335.480625000000        -5.764554691673365E-007
   335.694375000000        -5.499098224182814E-007
   335.908125000000        -4.957824640920668E-007
   336.121875000000        -4.136887297438117E-007
   336.335625000000        -3.047611803510488E-007
   336.549375000000        -1.717328424239281E-007
   336.763125000000        -1.891901877354810E-008
   336.976875000000         1.479093537223017E-007
   337.190625000000         3.217596065491011E-007
   337.404375000000         4.947487608297794E-007
   337.618125000000         6.585145914831739E-007
   337.831875000000         8.046814645526986E-007
   338.045625000000         9.253508635489320E-007
   338.259375000000         1.013583574337317E-006
   338.473125000000         1.063840112236458E-006
   338.686875000000         1.072348217482942E-006
   338.900625000000         1.037370953268577E-006
   339.114375000000         9.593557364085270E-007
   339.328125000000         8.409529576336190E-007
   339.541875000000         6.869020232431428E-007
   339.755625000000         5.037919259960773E-007
   339.969375000000         2.997120891320471E-007
   340.183125000000         8.381655255050218E-008
