  -1.60312500000000         9.879362828441442E-021
  -1.38937500000000         9.163260798365292E-018
  -1.17562500000000         8.612319893823036E-017
 -0.961875000000000         4.945527324182398E-016
 -0.748125000000000         2.208203522201475E-015
 -0.534375000000000         8.241168321394958E-015
 -0.320625000000000         2.652555192498421E-014
 -0.106875000000000         7.505084867684704E-014
  0.106875000000000         1.895344797888342E-013
  0.320625000000000         4.331586779209647E-013
  0.534375000000000         9.072857345204992E-013
  0.748125000000000         1.761660073499502E-012
  0.961875000000000         3.202562571270859E-012
   1.17562500000000         5.496807189558120E-012
   1.38937500000000         8.969244927920521E-012
   1.60312500000000         1.399153030688973E-011
   1.81687500000000         2.096126865739023E-011
   2.03062500000000         3.027185102598171E-011
   2.24437500000000         4.227459215636038E-011
   2.45812500000000         5.723710168166017E-011
   2.67187500000000         7.530251409717020E-011
   2.88562500000000         9.645512144313953E-011
   3.09937500000000         1.204967457424359E-010
   3.31312500000000         1.470387008220896E-010
   3.52687500000000         1.755142232660676E-010
   3.74062500000000         2.052090536629286E-010
   3.95437500000000         2.353056188779972E-010
   4.16812500000000         2.649425385114790E-010
   4.38187500000000         2.932762205155691E-010
   4.59562500000000         3.195361388583603E-010
   4.80937500000000         3.430734326829146E-010
   5.02312500000000         3.633883065698854E-010
   5.23687500000000         3.801367784207731E-010
   5.45062500000000         3.931223528923282E-010
   5.66437500000000         4.022700171439747E-010
   5.87812500000000         4.075933137757241E-010
   6.09187500000000         4.091678135640099E-010
   6.30562500000000         4.071157887314904E-010
   6.51937500000000         4.016099603319848E-010
   6.73312500000000         3.928999525586026E-010
   6.94687500000000         3.813582912256408E-010
   7.16062500000000         3.675364617840566E-010
   7.37437500000000         3.522188286629068E-010
   7.58812500000000         3.364613864789161E-010
   7.80187500000000         3.215971130077201E-010
   8.01562500000000         3.092022918086665E-010
   8.22937500000000         3.010180075776389E-010
   8.44312500000000         2.988310671720795E-010
   8.65687500000000         3.043265114265543E-010
   8.87062500000000         3.189309333319295E-010
   9.08437500000000         3.436729932812057E-010
   9.29812500000000         3.790796150742671E-010
   9.51187500000000         4.251300949296768E-010
   9.72562500000000         4.812739964596079E-010
   9.93937500000000         5.465152253008914E-010
   10.1531250000000         6.195514751051367E-010
   10.3668750000000         6.989434670309132E-010
   10.5806250000000         7.832908815123446E-010
   10.7943750000000         8.713839188828131E-010
   11.0081250000000         9.623070806132888E-010
   11.2218750000000         1.055481199027355E-009
   11.4356250000000         1.150638898072569E-009
   11.6493750000000         1.247746127227523E-009
   11.8631250000000         1.346887974756673E-009
   12.0768750000000         1.448147255509211E-009
   12.2906250000000         1.551506579345705E-009
   12.5043750000000         1.656797197103180E-009
   12.7181250000000         1.763712374612841E-009
   12.9318750000000         1.871883743321928E-009
   13.1456250000000         1.981009978506553E-009
   13.3593750000000         2.091010824281315E-009
   13.5731250000000         2.202174936017232E-009
   13.7868750000000         2.315268979795931E-009
   14.0006250000000         2.431577433981300E-009
   14.2143750000000         2.552856932532931E-009
   14.4281250000000         2.681204008805062E-009
   14.6418750000000         2.818852522660916E-009
   14.8556250000000         2.967927340220533E-009
   15.0693750000000         3.130192783670595E-009
   15.2831250000000         3.306837270542920E-009
   15.4968750000000         3.498329966133887E-009
   15.7106250000000         3.704371000290747E-009
   15.9243750000000         3.923944118737732E-009
   16.1381250000000         4.155460788571391E-009
   16.3518750000000         4.396971753279702E-009
   16.5656250000000         4.646409705275904E-009
   16.7793750000000         4.901820173736726E-009
   16.9931250000000         5.161548030963736E-009
   17.2068750000000         5.424351581528922E-009
   17.4206250000000         5.689431021370198E-009
   17.6343750000000         5.956374856762203E-009
   17.8481250000000         6.225044593051993E-009
   18.0618750000000         6.495424017762929E-009
   18.2756250000000         6.767466127728603E-009
   18.4893750000000         7.040974856349215E-009
   18.7031250000000         7.315538434101969E-009
   18.9168750000000         7.590530321232088E-009
   19.1306250000000         7.865177863678518E-009
   19.3443750000000         8.138681634476847E-009
   19.5581250000000         8.410364332290879E-009
   19.7718750000000         8.679820637353484E-009
   19.9856250000000         8.947043166118113E-009
   20.1993750000000         9.212501309155430E-009
   20.4131250000000         9.477162294000601E-009
   20.6268750000000         9.742452044372541E-009
   20.8406250000000         1.001016184210328E-008
   21.0543750000000         1.028231770521814E-008
   21.2681250000000         1.056103211342099E-008
   21.4818750000000         1.084835568430765E-008
   21.6956250000000         1.114614564125885E-008
   21.9093750000000         1.145596349188175E-008
   22.1231250000000         1.177900844125095E-008
   22.3368750000000         1.211608652412129E-008
   22.5506250000000         1.246761023899580E-008
   22.7643750000000         1.283362430325069E-008
   22.9781250000000         1.321384908215133E-008
   23.1918750000000         1.360773394956518E-008
   23.4056250000000         1.401451650879692E-008
   23.6193750000000         1.443328113916038E-008
   23.8331250000000         1.486301585900604E-008
   24.0468750000000         1.530266342888881E-008
   24.2606250000000         1.575116732810336E-008
   24.4743750000000         1.620751125052982E-008
   24.6881250000000         1.667074799377192E-008
   24.9018750000000         1.714002479765872E-008
   25.1156250000000         1.761460090921961E-008
   25.3293750000000         1.809386537444464E-008
   25.5431250000000         1.857735871012425E-008
   25.7568750000000         1.906479958015233E-008
   25.9706250000000         1.955612429343422E-008
   26.1843750000000         2.005153631061381E-008
   26.3981250000000         2.055156397645807E-008
   26.6118750000000         2.105711844516429E-008
   26.8256250000000         2.156953732701447E-008
   27.0393750000000         2.209060083280739E-008
   27.2531250000000         2.262250692411860E-008
   27.4668750000000         2.316778886314368E-008
   27.6806250000000         2.372917392275662E-008
   27.8943750000000         2.430938584887877E-008
   28.1081250000000         2.491090219054825E-008
   28.3218750000000         2.553569771094732E-008
   28.5356250000000         2.618499788537418E-008
   28.7493750000000         2.685908434922673E-008
   28.9631250000000         2.755718550582831E-008
   29.1768750000000         2.827747864236731E-008
   29.3906250000000         2.901722387764828E-008
   29.6043750000000         2.977302302541364E-008
   29.8181250000000         3.054119172979498E-008
   30.0318750000000         3.131820848859497E-008
   30.2456250000000         3.210118434156393E-008
   30.4593750000000         3.288829723147501E-008
   30.6731250000000         3.367912337511308E-008
   30.8868750000000         3.447480400605805E-008
   31.1006250000000         3.527799835944266E-008
   31.3143750000000         3.609259338108689E-008
   31.5281250000000         3.692317138156674E-008
   31.7418750000000         3.777426570629974E-008
   31.9556250000000         3.864947330679087E-008
   32.1693750000000         3.955052273081755E-008
   32.3831250000000         4.047642810564503E-008
   32.5968750000000         4.142287468088086E-008
   32.8106250000000         4.238198157229051E-008
   33.0243750000000         4.334257020798620E-008
   33.2381250000000         4.429102369493713E-008
   33.4518750000000         4.521275623903072E-008
   33.6656250000000         4.609422704713070E-008
   33.8793750000000         4.692533461756185E-008
   34.0931250000000         4.770193310181226E-008
   34.3068750000000         4.842812584947244E-008
   34.5206250000000         4.911793125653330E-008
   34.7343750000000         4.979591693253616E-008
   34.9481250000000         5.049644641256802E-008
   35.1618750000000         5.126129921605048E-008
   35.3756250000000         5.213561136512083E-008
   35.5893750000000         5.316231772358445E-008
   35.8031250000000         5.437554083772254E-008
   36.0168750000000         5.579363062461177E-008
   36.2306250000000         5.741277459909899E-008
   36.4443750000000         5.920222240730296E-008
   36.6581250000000         6.110217503256576E-008
   36.8718750000000         6.302523220918256E-008
   37.0856250000000         6.486198567399378E-008
   37.2993750000000         6.649088200139132E-008
   37.5131250000000         6.779190223376012E-008
   37.7268750000000         6.866298630518369E-008
   37.9406250000000         6.903752396668163E-008
   38.1543750000000         6.890076080857762E-008
   38.3681250000000         6.830268933154018E-008
   38.5818750000000         6.736500704752128E-008
   38.7956250000000         6.628007191847995E-008
   39.0093750000000         6.530046735275669E-008
   39.2231250000000         6.471879346251108E-008
   39.4368750000000         6.483852581185556E-008
   39.6506250000000         6.593810539544824E-008
   39.8643750000000         6.823168258316979E-008
   40.0781250000000         7.183095125682019E-008
   40.2918750000000         7.671310577054953E-008
   40.5056250000000         8.269998219042778E-008
   40.7193750000000         8.945282384737660E-008
   40.9331250000000         9.648582017950199E-008
   41.1468750000000         1.031996685944107E-007
   41.3606250000000         1.089340845468890E-007
   41.5743750000000         1.130356515815008E-007
   41.7881250000000         1.149349770672217E-007
   42.0018750000000         1.142251253702208E-007
   42.2156250000000         1.107320493611487E-007
   42.4293750000000         1.045674989407878E-007
   42.6431250000000         9.615579656511017E-008
   42.8568750000000         8.622799413127399E-008
   43.0706250000000         7.578009535951614E-008
   43.2843750000000         6.599599793042856E-008
   43.4981250000000         5.814016207088830E-008
   43.7118750000000         5.342921262679459E-008
   43.9256250000000         5.289520905132708E-008
   44.1393750000000         5.725562401760312E-008
   44.3531250000000         6.680574419336114E-008
   44.5668750000000         8.134799353602547E-008
   44.7806250000000         1.001695286256812E-007
   44.9943750000000         1.220745995577653E-007
   45.2081250000000         1.454720670475870E-007
   45.4218750000000         1.685117739252619E-007
   45.6356250000000         1.892570283765532E-007
   45.8493750000000         2.058751159571943E-007
   46.0631250000000         2.168243360032939E-007
   46.2768750000000         2.210151670830836E-007
   46.4906250000000         2.179251720029243E-007
   46.7043750000000         2.076521354780495E-007
   46.9181250000000         1.908972699131009E-007
   47.1318750000000         1.688793624507009E-007
   47.3456250000000         1.431903474763635E-007
   47.5593750000000         1.156116842546844E-007
   47.7731250000000         8.791774840142271E-008
   47.9868750000000         6.169601237331123E-008
   48.2006250000000         3.821320491696983E-008
   48.4143750000000         1.835150747634925E-008
   48.6281250000000         2.629374460393914E-009
   48.8418750000000        -8.691415408785727E-009
   49.0556250000000        -1.542589165097778E-008
   49.2693750000000        -1.724172617549102E-008
   49.4831250000000        -1.343223291141902E-008
   49.6968750000000        -2.736512358717676E-009
   49.9106250000000         1.674119633582734E-008
   50.1243750000000         4.746664329616660E-008
   50.3381250000000         9.223298882230374E-008
   50.5518750000000         1.537302922816999E-007
   50.7656250000000         2.339449484052204E-007
   50.9793750000000         3.334383939013116E-007
   51.1931250000000         4.505854297165196E-007
   51.4068750000000         5.808787713947095E-007
   51.6206250000000         7.164234916133176E-007
   51.8343750000000         8.457487958665582E-007
   52.0481250000000         9.540520276071274E-007
   52.2618750000000         1.023959415138259E-006
   52.4756250000000         1.036840300152019E-006
   52.6893750000000         9.746491489824341E-007
   52.9031250000000         8.221974996743646E-007
   53.1168750000000         5.696831723474301E-007
   53.3306250000000         2.152351177691342E-007
   53.5443750000000        -2.328214827694980E-007
   53.7581250000000        -7.543047057452708E-007
   53.9718750000000        -1.316442164679072E-006
   54.1856250000000        -1.874346168438041E-006
   54.3993750000000        -2.372900283101890E-006
   54.6131250000000        -2.750143033951921E-006
   54.8268750000000        -2.942087221711393E-006
   55.0406250000000        -2.888746820062085E-006
   55.2543750000000        -2.540972810642276E-006
   55.4681250000000        -1.867542470123559E-006
   55.6818750000000        -8.618226339966663E-007
   55.8956250000000         4.527453348701888E-007
   56.1093750000000         2.019097266536319E-006
   56.3231250000000         3.745621875474234E-006
   56.5368750000000         5.508395518411072E-006
   56.7506250000000         7.156882032029006E-006
   56.9643750000000         8.523110475217149E-006
   57.1781250000000         9.434007377550890E-006
   57.3918750000000         9.726209043538276E-006
   57.6056250000000         9.262346726281880E-006
   57.8193750000000         7.947518312793810E-006
   58.0331250000000         5.744468451412579E-006
   58.2468750000000         2.685923690558446E-006
   58.4606250000000        -1.117409366009489E-006
   58.6743750000000        -5.474467659974248E-006
   58.8881250000000        -1.011801316474427E-005
   59.1018750000000        -1.471583690786502E-005
   59.3156250000000        -1.888888800200640E-005
   59.5293750000000        -2.223562086247071E-005
   59.7431250000000        -2.436124898699779E-005
   59.9568750000000        -2.491004845004853E-005
   60.1706250000000        -2.359842206338722E-005
   60.3843750000000        -2.024616236337482E-005
   60.5981250000000        -1.480327268943180E-005
   60.8118750000000        -7.369839233026529E-006
   61.0256250000000         1.793206747477995E-006
   61.2393750000000         1.226405722674306E-005
   61.4531250000000         2.347164984186861E-005
   61.6668750000000         3.471906578627362E-005
   61.8806250000000         4.521797898015890E-005
   62.0943750000000         5.413260996949009E-005
   62.3081250000000         6.063090334655670E-005
   62.5218750000000         6.394005713723570E-005
   62.7356250000000         6.340312987778602E-005
   62.9493750000000         5.853326230174051E-005
   63.1631250000000         4.906208305843861E-005
   63.3768750000000         3.497911036446868E-005
   63.5906250000000         1.655938627492292E-005
   63.8043750000000        -5.622852531580607E-006
   64.0181250000000        -3.069600066914301E-005
   64.2318750000000        -5.750922887128033E-005
   64.4456250000000        -8.466705355876057E-005
   64.6593750000000        -1.105797484077604E-004
   64.8731250000000        -1.335283749645829E-004
   65.0868750000000        -1.517426245880462E-004
   65.3006250000000        -1.634891297171801E-004
   65.5143750000000        -1.671674053455959E-004
   65.7281250000000        -1.614101052417221E-004
   65.9418750000000        -1.451838089320243E-004
   66.1556250000000        -1.178860917061759E-004
   66.3693750000000        -7.943418324331292E-005
   66.5831250000000        -3.034012234203579E-005
   66.7968750000000         2.823298286584965E-005
   67.0106250000000         9.443910878330336E-005
   67.2243750000000         1.657472825260811E-004
   67.4381250000000         2.389743026140800E-004
   67.6518750000000         3.103562892598018E-004
   67.8656250000000         3.756618049901231E-004
   68.0793750000000         4.303474612132501E-004
   68.2931250000000         4.697546301448193E-004
   68.5068750000000         4.893431845345915E-004
   68.7206250000000         4.849552139179924E-004
   68.9343750000000         4.530985910307151E-004
   69.1481250000000         3.912373042557218E-004
   69.3618750000000         2.980728797145589E-004
   69.5756250000000         1.737992492289549E-004
   69.7893750000000         2.031232642060501E-005
   70.0031250000000        -1.586444531418480E-004
   70.2168750000000        -3.574161336665821E-004
   70.4306250000000        -5.684687265189315E-004
   70.6443750000000        -7.825292542393976E-004
   70.8581250000000        -9.888393532512991E-004
   71.0718750000000        -1.175522388547986E-003
   71.2856250000000        -1.330057315133286E-003
   71.4993750000000        -1.439845520023932E-003
   71.7131250000000        -1.492850035908697E-003
   71.9268750000000        -1.478280297528766E-003
   72.1406250000000        -1.387290469311585E-003
   72.3543750000000        -1.213655718962355E-003
   72.5681250000000        -9.543889818275313E-004
   72.7818750000000        -6.102609864185474E-004
   72.9956250000000        -1.861886995706673E-004
   73.2093750000000         3.085381293312961E-004
   73.4231250000000         8.602161604393554E-004
   73.6368750000000         1.450889077697362E-003
   73.8506250000000         2.058715911143891E-003
   74.0643750000000         2.658543204976004E-003
   74.2781250000000         3.222666831406318E-003
   74.4918750000000         3.721759302413592E-003
   74.7056250000000         4.125929435877752E-003
   74.9193750000000         4.405873699425632E-003
   75.1331250000000         4.534072910454501E-003
   75.3468750000000         4.485984530065082E-003
   75.5606250000000         4.241179739708765E-003
   75.7743750000000         3.784375882665969E-003
   75.9881250000000         3.106318600915923E-003
   76.2018750000000         2.204473885535032E-003
   76.4156250000000         1.083497957247175E-003
   76.6293750000000        -2.445380145344139E-004
   76.8431250000000        -1.760181340063083E-003
   77.0568750000000        -3.436891961489618E-003
   77.2706250000000        -5.241589603057252E-003
   77.4843750000000        -7.135436479210873E-003
   77.6981250000000        -9.074829420229859E-003
   77.9118750000000        -1.101256793689941E-002
   78.1256250000000        -1.289915902547374E-002
   78.3393750000000        -1.468421556580865E-002
   78.5531250000000        -1.631790303968963E-002
   78.7668750000000        -1.775238894501379E-002
   78.9806250000000        -1.894325056913606E-002
   79.1943750000000        -1.985079950457110E-002
   79.4081250000000        -2.044128518432572E-002
   79.6218750000000        -2.068794449546753E-002
   79.8356250000000        -2.057186990506502E-002
   80.0493750000000        -2.008267422499280E-002
   80.2631250000000        -1.921893590841421E-002
   80.4768750000000        -1.798841441738027E-002
   80.6906250000000        -1.640803059282808E-002
   80.9043750000000        -1.450361202201398E-002
   81.1181250000000        -1.230940811968793E-002
   81.3318750000000        -9.867384053600638E-003
   81.5456250000000        -7.226306823605331E-003
   81.7593750000000        -4.440640835976751E-003
   81.9731250000000        -1.569274287761633E-003
   82.1868750000000         1.325898345343545E-003
   82.4006250000000         4.181508416325056E-003
   82.6143750000000         6.934326503378690E-003
   82.8281250000000         9.522919884964657E-003
   83.0418750000000         1.188931324262307E-002
   83.2556250000000         1.398060859187855E-002
   83.4693750000000         1.575051805993645E-002
   83.6831250000000         1.716076182028404E-002
   83.8968750000000         1.818228356875634E-002
   84.1106250000000         1.879623766825817E-002
   84.3243750000000         1.899470573000170E-002
   84.5381250000000         1.878110608322952E-002
   84.7518750000000         1.817026734892540E-002
   84.9656250000000         1.718814708398395E-002
   85.1793750000000         1.587118797088316E-002
   85.3931250000000         1.426531692651458E-002
   85.6068750000000         1.242460629801697E-002
   85.8206250000000         1.040963040304230E-002
   86.0343750000000         8.285564381498568E-003
   86.2481250000000         6.120084942832413E-003
   86.4618750000000         3.981143410210106E-003
   86.6756250000000         1.934689823383738E-003
   86.8893750000000         4.243220170725490E-005
   87.1031250000000        -1.640283044344205E-003
   87.3168750000000        -3.066385399574198E-003
   87.5306250000000        -4.198710715089421E-003
   87.7443750000000        -5.011278684684239E-003
   87.9581250000000        -5.490160868618341E-003
   88.1718750000000        -5.633898426909346E-003
   88.3856250000000        -5.453446595801341E-003
   88.5993750000000        -4.971642289956211E-003
   88.8131250000000        -4.222211177054680E-003
   89.0268750000000        -3.248350243930025E-003
   89.2406250000000        -2.100940346895604E-003
   89.4543750000000        -8.364596500335089E-004
   89.6681250000000         4.853175751311773E-004
   89.8818750000000         1.803742245389180E-003
   90.0956250000000         3.059731251994741E-003
   90.3093750000000         4.198125412930756E-003
   90.5231250000000         5.169865036505562E-003
   90.7368750000000         5.933890749538109E-003
   90.9506250000000         6.458688643429500E-003
   91.1643750000000         6.723413947735518E-003
   91.3781250000000         6.718545742908130E-003
   91.5918750000000         6.446045907299467E-003
   91.8056250000000         5.919017667631880E-003
   92.0193750000000         5.160881803418145E-003
   92.2331250000000         4.204110706920752E-003
   92.4468750000000         3.088581073781605E-003
   92.6606250000000         1.859623985035767E-003
   92.8743750000000         5.658656148613123E-004
   93.0881250000000        -7.430380284995796E-004
   93.3018750000000        -2.018663655457954E-003
   93.5156250000000        -3.215971893656486E-003
   93.7293750000000        -4.295243929669504E-003
   93.9431250000000        -5.223711107660685E-003
   94.1568750000000        -5.976800555188955E-003
   94.3706250000000        -6.538939595998387E-003
   94.5843750000000        -6.903884577087750E-003
   94.7981250000000        -7.074564620811723E-003
   95.0118750000000        -7.062456402131716E-003
   95.2256250000000        -6.886530958612832E-003
   95.4393750000000        -6.571836380211079E-003
   95.6531250000000        -6.147799695743874E-003
   95.8668750000000        -5.646346237407621E-003
   96.0806250000000        -5.099944327215771E-003
   96.2943750000000        -4.539686692831143E-003
   96.5081250000000        -3.993517330179926E-003
   96.7218750000000        -3.484703695103977E-003
   96.9356250000000        -3.030639596222472E-003
   97.1493750000000        -2.642044782167007E-003
   97.3631250000000        -2.322604063222205E-003
   97.5768750000000        -2.069063197662006E-003
   97.7906250000000        -1.871772167405614E-003
   98.0043750000000        -1.715640381752256E-003
   98.2181250000000        -1.581444262492657E-003
   98.4318750000000        -1.447406938214737E-003
   98.6456250000000        -1.290953571890464E-003
   98.8593750000000        -1.090535065474533E-003
   99.0731250000000        -8.274081246018909E-004
   99.2868750000000        -4.872611905135814E-004
   99.5006250000000        -6.158348203628228E-005
   99.7143750000000         4.513120617341043E-004
   99.9281250000000         1.045682485900626E-003
   100.141875000000         1.708212900811066E-003
   100.355625000000         2.418360858318252E-003
   100.569375000000         3.149181454253547E-003
   100.783125000000         3.868599829509014E-003
   100.996875000000         4.541071147145360E-003
   101.210625000000         5.129544093771187E-003
   101.424375000000         5.597623800522989E-003
   101.638125000000         5.911814964322093E-003
   101.851875000000         6.043716833790864E-003
   102.065625000000         5.972039315036451E-003
   102.279375000000         5.684314163606325E-003
   102.493125000000         5.178187140624177E-003
   102.706875000000         4.462195843056287E-003
   102.920625000000         3.555963013739369E-003
   103.134375000000         2.489765463944194E-003
   103.348125000000         1.303472911201403E-003
   103.561875000000         4.488734425646724E-005
   103.775625000000        -1.232449978318055E-003
   103.989375000000        -2.471882224168598E-003
   104.203125000000        -3.616559236342784E-003
   104.416875000000        -4.612501908191481E-003
   104.630625000000        -5.411636027074358E-003
   104.844375000000        -5.974616271970768E-003
   105.058125000000        -6.273264988712030E-003
   105.271875000000        -6.292465323478408E-003
   105.485625000000        -6.031374006623591E-003
   105.699375000000        -5.503854554204704E-003
   105.913125000000        -4.738075184179051E-003
   106.126875000000        -3.775264960998674E-003
   106.340625000000        -2.667673677458912E-003
   106.554375000000        -1.475832471791803E-003
   106.768125000000        -2.652597093522573E-004
   106.981875000000         8.972031504775142E-004
   107.195625000000         1.947211193807311E-003
   107.409375000000         2.826659807257334E-003
   107.623125000000         3.487118903541327E-003
   107.836875000000         3.892737121447324E-003
   108.050625000000         4.022423771963311E-003
   108.264375000000         3.871158314267785E-003
   108.478125000000         3.450330483300177E-003
   108.691875000000         2.787075525156382E-003
   108.905625000000         1.922634295102751E-003
   109.119375000000         9.098327726331571E-004
   109.333125000000        -1.901647267256853E-004
   109.546875000000        -1.311624060286800E-003
   109.760625000000        -2.388289809998914E-003
   109.974375000000        -3.357451230568815E-003
   110.188125000000        -4.163759910219817E-003
   110.401875000000        -4.762548879690908E-003
   110.615625000000        -5.122435952284279E-003
   110.829375000000        -5.227042602966719E-003
   111.043125000000        -5.075720362421968E-003
   111.256875000000        -4.683245224225981E-003
   111.470625000000        -4.078512010851042E-003
   111.684375000000        -3.302329815723943E-003
   111.898125000000        -2.404481457240414E-003
   112.111875000000        -1.440259786916942E-003
   112.325625000000        -4.667280028209421E-004
   112.539375000000         4.610326868685892E-004
   112.753125000000         1.293427775004550E-003
   112.966875000000         1.989368281766962E-003
   113.180625000000         2.518604635179694E-003
   113.394375000000         2.863229853369507E-003
   113.608125000000         3.018269551231214E-003
   113.821875000000         2.991344649276318E-003
   114.035625000000         2.801460853109694E-003
   114.249375000000         2.477041810711572E-003
   114.463125000000         2.053375620108687E-003
   114.676875000000         1.569683167217651E-003
   114.890625000000         1.066038875842284E-003
   115.104375000000         5.803784483209030E-004
   115.318125000000         1.458141095277311E-004
   115.531875000000        -2.115527933541520E-004
   115.745625000000        -4.741764805654144E-004
   115.959375000000        -6.338778914111119E-004
   116.173125000000        -6.918914895048362E-004
   116.386875000000        -6.581775356815386E-004
   116.600625000000        -5.500860287164214E-004
   116.814375000000        -3.905062665709495E-004
   117.028125000000        -2.056714957723031E-004
   117.241875000000        -2.280886310363767E-005
   117.455625000000         1.321704070354562E-004
   117.669375000000         2.367569411853479E-004
   117.883125000000         2.735474181204406E-004
   118.096875000000         2.314470709736265E-004
   118.310625000000         1.062969163530120E-004
   118.524375000000        -9.909704307397054E-005
   118.738125000000        -3.755045365242758E-004
   118.951875000000        -7.083069368686612E-004
   119.165625000000        -1.078915072423101E-003
   119.379375000000        -1.466428169945384E-003
   119.593125000000        -1.849378797188073E-003
   119.806875000000        -2.207408272916677E-003
   120.020625000000        -2.522730205268833E-003
   120.234375000000        -2.781265072939960E-003
   120.448125000000        -2.973363535609915E-003
   120.661875000000        -3.094077136630380E-003
   120.875625000000        -3.142978457992913E-003
   121.089375000000        -3.123574686645963E-003
   121.303125000000        -3.042395242848449E-003
   121.516875000000        -2.907862424385363E-003
   121.730625000000        -2.729071551630948E-003
   121.944375000000        -2.514612467603849E-003
   122.158125000000        -2.271557164549230E-003
   122.371875000000        -2.004719594265946E-003
   122.585625000000        -1.716265216041627E-003
   122.799375000000        -1.405712233844498E-003
   123.013125000000        -1.070327064385229E-003
   123.226875000000        -7.058769559666312E-004
   123.440625000000        -3.076664275524811E-004
   123.654375000000         1.282454252219381E-004
   123.868125000000         6.037700555841076E-004
   124.081875000000         1.117589569962011E-003
   124.295625000000         1.664161671390689E-003
   124.509375000000         2.233044881687035E-003
   124.723125000000         2.808634542660453E-003
   124.936875000000         3.370366749696388E-003
   125.150625000000         3.893408433631073E-003
   125.364375000000         4.349810553263136E-003
   125.578125000000         4.710061239773835E-003
   125.791875000000         4.944940076331912E-003
   126.005625000000         5.027546437073581E-003
   126.219375000000         4.935356253222396E-003
   126.433125000000         4.652154213160064E-003
   126.646875000000         4.169692813028266E-003
   126.860625000000         3.488945485062601E-003
   127.074375000000         2.620846978786249E-003
   127.288125000000         1.586448221710736E-003
   127.501875000000         4.164524196565982E-004
   127.715625000000        -8.498588133672449E-004
   127.929375000000        -2.166259084400304E-003
   128.143125000000        -3.481682565013475E-003
   128.356875000000        -4.742681388352654E-003
   128.570625000000        -5.896092135326521E-003
   128.784375000000        -6.891754877674682E-003
   128.998125000000        -7.685125091523838E-003
   129.211875000000        -8.239625932798176E-003
   129.425625000000        -8.528605079580174E-003
   129.639375000000        -8.536785183155855E-003
   129.853125000000        -8.261128035830609E-003
   130.066875000000        -7.711067649565317E-003
   130.280625000000        -6.908104192198257E-003
   130.494375000000        -5.884786822790360E-003
   130.708125000000        -4.683146762218898E-003
   130.921875000000        -3.352670597210609E-003
   131.135625000000        -1.947926416721130E-003
   131.349375000000        -5.259709497824377E-004
   131.563125000000         8.563260770012315E-004
   131.776875000000         2.144903643752815E-003
   131.990625000000         3.290947141503889E-003
   132.204375000000         4.253025082498140E-003
   132.418125000000         4.998826281854476E-003
   132.631875000000         5.506421614070549E-003
   132.845625000000         5.764999945650731E-003
   133.059375000000         5.775054850436368E-003
   133.273125000000         5.548025907449116E-003
   133.486875000000         5.105424527269166E-003
   133.700625000000         4.477498240666394E-003
   133.914375000000         3.701508251339638E-003
   134.128125000000         2.819712009819830E-003
   134.341875000000         1.877154992163105E-003
   134.555625000000         9.193833326114345E-004
   134.769375000000        -9.808781762139285E-006
   134.983125000000        -8.704860507333895E-004
   135.196875000000        -1.628430563595705E-003
   135.410625000000        -2.256662025669206E-003
   135.624375000000        -2.736547080977792E-003
   135.838125000000        -3.058445886224352E-003
   136.051875000000        -3.221867561537865E-003
   136.265625000000        -3.235131262077809E-003
   136.479375000000        -3.114555217649634E-003
   136.693125000000        -2.883220928896144E-003
   136.906875000000        -2.569382513363465E-003
   137.120625000000        -2.204610721617735E-003
   137.334375000000        -1.821776254458464E-003
   137.548125000000        -1.452986743730762E-003
   137.761875000000        -1.127595391462256E-003
   137.975625000000        -8.703963795635236E-004
   138.189375000000        -7.001127011628337E-004
   138.403125000000        -6.282663405287137E-004
   138.616875000000        -6.584994427132873E-004
   138.830625000000        -7.863893336188937E-004
   139.044375000000        -9.997713635791054E-004
   139.258125000000        -1.279553190363000E-003
   139.471875000000        -1.600974086889802E-003
   139.685625000000        -1.935235001781117E-003
   139.899375000000        -2.251401197504301E-003
   140.113125000000        -2.518460936208453E-003
   140.326875000000        -2.707412174823176E-003
   140.540625000000        -2.793245471499638E-003
   140.754375000000        -2.756695729175472E-003
   140.968125000000        -2.585647929086431E-003
   141.181875000000        -2.276102031578722E-003
   141.395625000000        -1.832628635291691E-003
   141.609375000000        -1.268278236486754E-003
   141.823125000000        -6.039411127788972E-004
   142.036875000000         1.328101710542219E-004
   142.250625000000         9.093301126256470E-004
   142.464375000000         1.689866068795875E-003
   142.678125000000         2.437760840518287E-003
   142.891875000000         3.117755430736636E-003
   143.105625000000         3.698246910778602E-003
   143.319375000000         4.153357057553376E-003
   143.533125000000         4.464677404121318E-003
   143.746875000000         4.622575049416284E-003
   143.960625000000         4.626969888806428E-003
   144.174375000000         4.487526233221939E-003
   144.388125000000         4.223238049527682E-003
   144.601875000000         3.861424971004253E-003
   144.815625000000         3.436193362669289E-003
   145.029375000000         2.986450688043763E-003
   145.243125000000         2.553590016025356E-003
   145.456875000000         2.178982877719832E-003
   145.670625000000         1.901431450627163E-003
   145.884375000000         1.754734388568194E-003
   146.098125000000         1.765514320400207E-003
   146.311875000000         1.951439523951318E-003
   146.525625000000         2.319948552775891E-003
   146.739375000000         2.867556185122681E-003
   146.953125000000         3.579783928708612E-003
   147.166875000000         4.431720690593185E-003
   147.380625000000         5.389181486177075E-003
   147.594375000000         6.410396574963759E-003
   147.808125000000         7.448132362894869E-003
   148.021875000000         8.452120682508739E-003
   148.235625000000         9.371656108314754E-003
   148.449375000000         1.015821272915730E-002
   148.663125000000         1.076793266169514E-002
   148.876875000000         1.116384835057107E-002
   149.090625000000         1.131771860656654E-002
   149.304375000000         1.121138313077794E-002
   149.518125000000         1.083757029725423E-002
   149.731875000000         1.020012625771236E-002
   149.945625000000         9.313667861104529E-003
   150.159375000000         8.202695289337066E-003
   150.373125000000         6.900230647620732E-003
   150.586875000000         5.446074199976818E-003
   150.800625000000         3.884789042415013E-003
   151.014375000000         2.263536730499070E-003
   151.228125000000         6.298901928404419E-004
   151.441875000000        -9.702538418843666E-004
   151.655625000000        -2.494552195078312E-003
   151.869375000000        -3.905789612984730E-003
   152.083125000000        -5.173080434987863E-003
   152.296875000000        -6.272654238548896E-003
   152.510625000000        -7.188210099659709E-003
   152.724375000000        -7.910851705166302E-003
   152.938125000000        -8.438640976027636E-003
   153.151875000000        -8.775829500115082E-003
   153.365625000000        -8.931843637206487E-003
   153.579375000000        -8.920109754314285E-003
   153.793125000000        -8.756810234944849E-003
   154.006875000000        -8.459658709073035E-003
   154.220625000000        -8.046774850164643E-003
   154.434375000000        -7.535725958830545E-003
   154.648125000000        -6.942785594265338E-003
   154.861875000000        -6.282440132795968E-003
   155.075625000000        -5.567153833144630E-003
   155.289375000000        -4.807383253902053E-003
   155.503125000000        -4.011814049713358E-003
   155.716875000000        -3.187778389540705E-003
   155.930625000000        -2.341800314645712E-003
   156.144375000000        -1.480209767337683E-003
   156.358125000000        -6.097639071430282E-004
   156.571875000000         2.617835048020296E-004
   156.785625000000         1.125217901682941E-003
   156.999375000000         1.969549040846566E-003
   157.213125000000         2.781878214731694E-003
   157.426875000000         3.547467434512770E-003
   157.640625000000         4.250017010734700E-003
   157.854375000000         4.872144629076264E-003
   158.068125000000         5.396046463862289E-003
   158.281875000000         5.804309576007266E-003
   158.495625000000         6.080835159678393E-003
   158.709375000000         6.211824375478383E-003
   158.923125000000         6.186772703358644E-003
   159.136875000000         5.999415094879858E-003
   159.350625000000         5.648562828621410E-003
   159.564375000000         5.138774021436944E-003
   159.778125000000         4.480803392959944E-003
   159.991875000000         3.691783299362661E-003
   160.205625000000         2.795097391575817E-003
   160.419375000000         1.819920573119173E-003
   160.633125000000         8.004141423222247E-004
   160.846875000000        -2.254172035415555E-004
   161.060625000000        -1.217180023203250E-003
   161.274375000000        -2.133811027853906E-003
   161.488125000000        -2.935491891565702E-003
   161.701875000000        -3.585672184554393E-003
   161.915625000000        -4.053096208315301E-003
   162.129375000000        -4.313717752368673E-003
   162.343125000000        -4.352381241018151E-003
   162.556875000000        -4.164149668722845E-003
   162.770625000000        -3.755169980690864E-003
   162.984375000000        -3.142985416563599E-003
   163.198125000000        -2.356231398932865E-003
   163.411875000000        -1.433685687138890E-003
   163.625625000000        -4.226828902023867E-004
   163.839375000000         6.230544255312675E-004
   164.053125000000         1.646073825679325E-003
   164.266875000000         2.588207474798510E-003
   164.480625000000         3.393778102906076E-003
   164.694375000000         4.012808994191549E-003
   164.908125000000         4.404039732110172E-003
   165.121875000000         4.537552009496655E-003
   165.335625000000         4.396826318446021E-003
   165.549375000000         3.980080252229207E-003
   165.763125000000         3.300780858284353E-003
   165.976875000000         2.387274339066464E-003
   166.190625000000         1.281532932378928E-003
   166.404375000000         3.707696706750270E-005
   166.618125000000        -1.283814416207750E-003
   166.831875000000        -2.613441764562127E-003
   167.045625000000        -3.882372906495896E-003
   167.259375000000        -5.023255083242455E-003
   167.473125000000        -5.974518148616091E-003
   167.686875000000        -6.683742702193288E-003
   167.900625000000        -7.110490058529098E-003
   168.114375000000        -7.228427922173085E-003
   168.328125000000        -7.026633677185270E-003
   168.541875000000        -6.510012612386652E-003
   168.755625000000        -5.698826963360630E-003
   168.969375000000        -4.627388960282496E-003
   169.183125000000        -3.342022921082156E-003
   169.396875000000        -1.898444152425289E-003
   169.610625000000        -3.587331731169180E-004
   169.824375000000         1.211899248728300E-003
   170.038125000000         2.748358200180198E-003
   170.251875000000         4.188735172623382E-003
   170.465625000000         5.477040000476251E-003
   170.679375000000         6.565464558905993E-003
   170.893125000000         7.416088629510732E-003
   171.106875000000         8.001981472291201E-003
   171.320625000000         8.307695294725144E-003
   171.534375000000         8.329185683169284E-003
   171.748125000000         8.073226392047288E-003
   171.961875000000         7.556409651643928E-003
   172.175625000000         6.803837214633195E-003
   172.389375000000         5.847611502472636E-003
   172.603125000000         4.725231115981781E-003
   172.816875000000         3.477982098294690E-003
   173.030625000000         2.149397739819358E-003
   173.244375000000         7.838378239538422E-004
   173.458125000000        -5.747844161267183E-004
   173.671875000000        -1.884120294388381E-003
   173.885625000000        -3.104358447540854E-003
   174.099375000000        -4.199074050960566E-003
   174.313125000000        -5.135981760119337E-003
   174.526875000000        -5.887618902111832E-003
   174.740625000000        -6.431978834795915E-003
   174.954375000000        -6.753103107414915E-003
   175.168125000000        -6.841626764605348E-003
   175.381875000000        -6.695255824621637E-003
   175.595625000000        -6.319141738321310E-003
   175.809375000000        -5.726106508605423E-003
   176.023125000000        -4.936665835702274E-003
   176.236875000000        -3.978797399934858E-003
   176.450625000000        -2.887407853978238E-003
   176.664375000000        -1.703465257339376E-003
   176.878125000000        -4.727828536460999E-004
   177.091875000000         7.555360570715299E-004
   177.305625000000         1.930955711029515E-003
   177.519375000000         3.003604191514716E-003
   177.733125000000         3.926519184772287E-003
   177.946875000000         4.657932535389227E-003
   178.160625000000         5.163467877054170E-003
   178.374375000000         5.418118544822699E-003
   178.588125000000         5.407875045172536E-003
   178.801875000000         5.130883005372037E-003
   179.015625000000         4.598033427256741E-003
   179.229375000000         3.832916169140085E-003
   179.443125000000         2.871103130375146E-003
   179.656875000000         1.758767316790552E-003
   179.870625000000         5.506851362952751E-004
   180.084375000000        -6.922909564842454E-004
   180.298125000000        -1.906166812099334E-003
   180.511875000000        -3.026996556469501E-003
   180.725625000000        -3.994157013027455E-003
   180.939375000000        -4.753526064095947E-003
   181.153125000000        -5.260386306911745E-003
   181.366875000000        -5.481888424267029E-003
   181.580625000000        -5.398932145902972E-003
   181.794375000000        -5.007354998306440E-003
   182.008125000000        -4.318358099846564E-003
   182.221875000000        -3.358141490811922E-003
   182.435625000000        -2.166766087155227E-003
   182.649375000000        -7.963024719939866E-004
   182.863125000000         6.916342795701065E-004
   183.076875000000         2.228832022906325E-003
   183.290625000000         3.743755235523991E-003
   183.504375000000         5.164974202000775E-003
   183.718125000000         6.424574108745635E-003
   183.931875000000         7.461373511520437E-003
   184.145625000000         8.223795786002481E-003
   184.359375000000         8.672259144347470E-003
   184.573125000000         8.780978926231498E-003
   184.786875000000         8.539108227609400E-003
   185.000625000000         7.951177491296535E-003
   185.214375000000         7.036828471846314E-003
   185.428125000000         5.829871193865598E-003
   185.641875000000         4.376722605175273E-003
   185.855625000000         2.734311371527515E-003
   186.069375000000         9.675538147021736E-004
   186.283125000000        -8.534791365385630E-004
   186.496875000000        -2.656575104657754E-003
   186.710625000000        -4.370441399177012E-003
   186.924375000000        -5.927684180090886E-003
   187.138125000000        -7.267582841334957E-003
   187.351875000000        -8.338548337510240E-003
   187.565625000000        -9.100169467540824E-003
   187.779375000000        -9.524769522728375E-003
   187.993125000000        -9.598416531623603E-003
   188.206875000000        -9.321352901384240E-003
   188.420625000000        -8.707833849898932E-003
   188.634375000000        -7.785387892274374E-003
   188.848125000000        -6.593535991496009E-003
   189.061875000000        -5.182027965805661E-003
   189.275625000000        -3.608674498257382E-003
   189.489375000000        -1.936869757299334E-003
   189.703125000000        -2.329124051464075E-004
   189.916875000000         1.436759050860399E-003
   190.130625000000         3.008297539325200E-003
   190.344375000000         4.423028639137424E-003
   190.558125000000         5.629772752398421E-003
   190.771875000000         6.586812079560827E-003
   190.985625000000         7.263423534795537E-003
   191.199375000000         7.640919605642412E-003
   191.413125000000         7.713162461620808E-003
   191.626875000000         7.486541060458547E-003
   191.840625000000         6.979425238614068E-003
   192.054375000000         6.221133501244744E-003
   192.268125000000         5.250471288538915E-003
   192.481875000000         4.113912966029621E-003
   192.695625000000         2.863513037166914E-003
   192.909375000000         1.554639804874422E-003
   193.123125000000         2.436279370337945E-004
   193.336875000000        -1.014554571378682E-003
   193.550625000000        -2.168534166414721E-003
   193.764375000000        -3.172570965533607E-003
   193.978125000000        -3.988336054541290E-003
   194.191875000000        -4.586364918833795E-003
   194.405625000000        -4.947137569605312E-003
   194.619375000000        -5.061749047033676E-003
   194.833125000000        -4.932147505506608E-003
   195.046875000000        -4.570930937605204E-003
   195.260625000000        -4.000707802545462E-003
   195.474375000000        -3.253041446269685E-003
   195.688125000000        -2.367013228805935E-003
   195.901875000000        -1.387454558680983E-003
   196.115625000000        -3.629132091747183E-004
   196.329375000000         6.565662596226076E-004
   196.543125000000         1.621755292054788E-003
   196.756875000000         2.486544465077634E-003
   196.970625000000         3.210127724158238E-003
   197.184375000000         3.758957152839497E-003
   197.398125000000         4.108362363141327E-003
   197.611875000000         4.243739934194553E-003
   197.825625000000         4.161236549362613E-003
   198.039375000000         3.867874211853621E-003
   198.253125000000         3.381096142195489E-003
   198.466875000000         2.727746034191532E-003
   198.680625000000         1.942529073598961E-003
   198.894375000000         1.066037907417907E-003
   199.108125000000         1.424577990483485E-004
   199.321875000000        -7.829102191245964E-004
   199.535625000000        -1.666153686633592E-003
   199.749375000000        -2.467121042171865E-003
   199.963125000000        -3.151509143678604E-003
   200.176875000000        -3.692531660713132E-003
   200.390625000000        -4.072063263593027E-003
   200.604375000000        -4.281192557953500E-003
   200.818125000000        -4.320160648999550E-003
   201.031875000000        -4.197708549482727E-003
   201.245625000000        -3.929901503311102E-003
   201.459375000000        -3.538537817231326E-003
   201.673125000000        -3.049280475470588E-003
   201.886875000000        -2.489668863112137E-003
   202.100625000000        -1.887173542394592E-003
   202.314375000000        -1.267448601031652E-003
   202.528125000000        -6.529142885491307E-004
   202.741875000000        -6.176938192797315E-005
   202.955625000000         4.925090346537991E-004
   203.169375000000         1.001167122423481E-003
   203.383125000000         1.459712751384475E-003
   203.596875000000         1.867069345567463E-003
   203.810625000000         2.224458540962046E-003
   204.024375000000         2.534148849252106E-003
   204.238125000000         2.798217865801557E-003
   204.451875000000         3.017471530103024E-003
   204.665625000000         3.190645938972876E-003
   204.879375000000         3.313986946266545E-003
   205.093125000000         3.381263135936754E-003
   205.306875000000         3.384222491687842E-003
   205.520625000000         3.313456498711356E-003
   205.734375000000         3.159591916114985E-003
   205.948125000000         2.914694175533354E-003
   206.161875000000         2.573740738720331E-003
   206.375625000000         2.136010238719257E-003
   206.589375000000         1.606235077144247E-003
   206.803125000000         9.953812796358915E-004
   207.016875000000         3.209484517655971E-004
   207.230625000000        -3.932778996969107E-004
   207.444375000000        -1.118043053402579E-003
   207.658125000000        -1.819980877651418E-003
   207.871875000000        -2.463436961364944E-003
   208.085625000000        -3.012638856662994E-003
   208.299375000000        -3.434061876947299E-003
   208.513125000000        -3.698817437293517E-003
   208.726875000000        -3.784883124264215E-003
   208.940625000000        -3.679000162105940E-003
   209.154375000000        -3.378084150950535E-003
   209.368125000000        -2.890027245103562E-003
   209.581875000000        -2.233811743476726E-003
   209.795625000000        -1.438903116494705E-003
   210.009375000000        -5.439411223065328E-004
   210.223125000000         4.052029098962253E-004
   210.436875000000         1.357889923125767E-003
   210.650625000000         2.261548705964985E-003
   210.864375000000         3.064707524405820E-003
   211.078125000000         3.720031939320905E-003
   211.291875000000         4.187177569308250E-003
   211.505625000000         4.435277873861618E-003
   211.719375000000         4.444910021480000E-003
   211.933125000000         4.209414816045670E-003
   212.146875000000         3.735487132990233E-003
   212.360625000000         3.042998602481296E-003
   212.574375000000         2.164061391853130E-003
   212.788125000000         1.141387885892506E-003
   213.001875000000         2.604300909425470E-005
   213.215625000000        -1.125278623715417E-003
   213.429375000000        -2.253291638975064E-003
   213.643125000000        -3.299298931368555E-003
   213.856875000000        -4.208328736172138E-003
   214.070625000000        -4.932052627799901E-003
   214.284375000000        -5.431322746447973E-003
   214.498125000000        -5.678191339236503E-003
   214.711875000000        -5.657308174274031E-003
   214.925625000000        -5.366629424446261E-003
   215.139375000000        -4.817412785767654E-003
   215.353125000000        -4.033515290521518E-003
   215.566875000000        -3.050049892904654E-003
   215.780625000000        -1.911492003203385E-003
   215.994375000000        -6.693556091213644E-004
   216.208125000000         6.204211984914591E-004
   216.421875000000         1.900230648243883E-003
   216.635625000000         3.113537934819518E-003
   216.849375000000         4.207468755330417E-003
   217.063125000000         5.135115304356400E-003
   217.276875000000         5.857458165983399E-003
   217.490625000000         6.344830360854712E-003
   217.704375000000         6.577881256836290E-003
   217.918125000000         6.548029703265394E-003
   218.131875000000         6.257425264496239E-003
   218.345625000000         5.718461763086777E-003
   218.559375000000         4.952906913427970E-003
   218.773125000000         3.990724640631097E-003
   218.986875000000         2.868672407798973E-003
   219.200625000000         1.628754859098257E-003
   219.414375000000         3.166082807002450E-004
   219.628125000000        -1.020120765204737E-003
   219.841875000000        -2.333352992546611E-003
   220.055625000000        -3.576074870864663E-003
   220.269375000000        -4.703736007210671E-003
   220.483125000000        -5.675533958688125E-003
   220.696875000000        -6.455581792099244E-003
   220.910625000000        -7.013956208642050E-003
   221.124375000000        -7.327622356488930E-003
   221.338125000000        -7.381226244601013E-003
   221.551875000000        -7.167738133775235E-003
   221.765625000000        -6.688921960423782E-003
   221.979375000000        -5.955598460052576E-003
   222.193125000000        -4.987664877316353E-003
   222.406875000000        -3.813833409008279E-003
   222.620625000000        -2.471054830063723E-003
   222.834375000000        -1.003603543395731E-003
   223.048125000000         5.381846211431526E-004
   223.261875000000         2.099510989109859E-003
   223.475625000000         3.623015540388978E-003
   223.689375000000         5.050924068432008E-003
   223.903125000000         6.327360877364161E-003
   224.116875000000         7.400727133183267E-003
   224.330625000000         8.226030349137521E-003
   224.544375000000         8.767042632944031E-003
   224.758125000000         8.998165384598841E-003
   224.971875000000         8.905886594405403E-003
   225.185625000000         8.489733542602629E-003
   225.399375000000         7.762647655464714E-003
   225.613125000000         6.750738037193472E-003
   225.826875000000         5.492403812139572E-003
   226.040625000000         4.036850619244022E-003
   226.254375000000         2.442061034475160E-003
   226.468125000000         7.723100772898142E-004
   226.681875000000        -9.046567356640101E-004
   226.895625000000        -2.520645708527302E-003
   227.109375000000        -4.010088760263351E-003
   227.323125000000        -5.313016349495141E-003
   227.536875000000        -6.377782108213589E-003
   227.750625000000        -7.163404555318789E-003
   227.964375000000        -7.641410985425407E-003
   228.178125000000        -7.797094011090314E-003
   228.391875000000        -7.630120778388732E-003
   228.605625000000        -7.154466959230390E-003
   228.819375000000        -6.397680610174651E-003
   229.033125000000        -5.399513295945158E-003
   229.246875000000        -4.209986042844929E-003
   229.460625000000        -2.886984407032087E-003
   229.674375000000        -1.493499092274916E-003
   229.888125000000        -9.464520677546993E-005
   230.101875000000         1.245396305675872E-003
   230.315625000000         2.466367780123174E-003
   230.529375000000         3.514710417242390E-003
   230.743125000000         4.345992415467637E-003
   230.956875000000         4.926872505756104E-003
   231.170625000000         5.236504556666137E-003
   231.384375000000         5.267316817465968E-003
   231.598125000000         5.025131100515893E-003
   231.811875000000         4.528621223643593E-003
   232.025625000000         3.808144557125321E-003
   232.239375000000         2.904013620203295E-003
   232.453125000000         1.864304389333659E-003
   232.666875000000         7.423224586819484E-004
   232.880625000000        -4.061341753272415E-004
   233.094375000000        -1.525567370222643E-003
   233.308125000000        -2.563477018259827E-003
   233.521875000000        -3.472824160183540E-003
   233.735625000000        -4.214134564880595E-003
   233.949375000000        -4.757142113714429E-003
   234.163125000000        -5.081900757524176E-003
   234.376875000000        -5.179326794160334E-003
   234.590625000000        -5.051167425209772E-003
   234.804375000000        -4.709424618774553E-003
   235.018125000000        -4.175293004459038E-003
   235.231875000000        -3.477694965322478E-003
   235.445625000000        -2.651513866486964E-003
   235.659375000000        -1.735636662259567E-003
   235.873125000000        -7.709197824874953E-004
   236.086875000000         2.018123371130388E-004
   236.300625000000         1.143637459842010E-003
   236.514375000000         2.019191425278934E-003
   236.728125000000         2.798045372978203E-003
   236.941875000000         3.455760206634229E-003
   237.155625000000         3.974594312872177E-003
   237.369375000000         4.343859245688930E-003
   237.583125000000         4.559934400938824E-003
   237.796875000000         4.625965087967393E-003
   238.010625000000         4.551278716562888E-003
   238.224375000000         4.350561262514908E-003
   238.438125000000         4.042841205606156E-003
   238.651875000000         3.650331320506297E-003
   238.865625000000         3.197180602173028E-003
   239.079375000000         2.708189651366091E-003
   239.293125000000         2.207543245463794E-003
   239.506875000000         1.717613531085222E-003
   239.720625000000         1.257886007568492E-003
   239.934375000000         8.440577469486690E-004
   240.148125000000         4.873525536919840E-004
   240.361875000000         1.940904845324402E-004
   240.575625000000        -3.446102061957822E-005
   240.789375000000        -2.019402518502322E-004
   241.003125000000        -3.164501529422339E-004
   241.216875000000        -3.898421886909240E-004
   241.430625000000        -4.367625658614673E-004
   241.644375000000        -4.735157486312420E-004
   241.858125000000        -5.168153644817081E-004
   242.071875000000        -5.825037510170616E-004
   242.285625000000        -6.843271244584470E-004
   242.499375000000        -8.328526251823546E-004
   242.713125000000        -1.034605835442252E-003
   242.926875000000        -1.291492948988681E-003
   243.140625000000        -1.600551476262305E-003
   243.354375000000        -1.954048718568436E-003
   243.568125000000        -2.339920296354018E-003
   243.781875000000        -2.742514165933982E-003
   243.995625000000        -3.143581300960568E-003
   244.209375000000        -3.523434881314335E-003
   244.423125000000        -3.862187334576933E-003
   244.636875000000        -4.140970185472290E-003
   244.850625000000        -4.343045861717020E-003
   245.064375000000        -4.454732986392995E-003
   245.278125000000        -4.466086015589098E-003
   245.491875000000        -4.371294383313232E-003
   245.705625000000        -4.168793091403840E-003
   245.919375000000        -3.861103162246743E-003
   246.133125000000        -3.454443820995138E-003
   246.346875000000        -2.958176288325845E-003
   246.560625000000        -2.384149840246813E-003
   246.774375000000        -1.746023326311995E-003
   246.988125000000        -1.058629548126081E-003
   247.201875000000        -3.374366347364081E-004
   247.415625000000         4.018584998032431E-004
   247.629375000000         1.143592024092420E-003
   247.843125000000         1.872260986009254E-003
   248.056875000000         2.572548719879458E-003
   248.270625000000         3.229295919080541E-003
   248.484375000000         3.827475044634755E-003
   248.698125000000         4.352227317216282E-003
   248.911875000000         4.789014723194237E-003
   249.125625000000         5.123924877580284E-003
   249.339375000000         5.344145770526652E-003
   249.553125000000         5.438602680311801E-003
   249.766875000000         5.398723676711243E-003
   249.980625000000         5.219276181387952E-003
   250.194375000000         4.899197886785596E-003
   250.408125000000         4.442333404980003E-003
   250.621875000000         3.857985044345021E-003
   250.835625000000         3.161192896070375E-003
   251.049375000000         2.372675735501203E-003
   251.263125000000         1.518388873599418E-003
   251.476875000000         6.286859033056865E-004
   251.690625000000        -2.628945407214057E-004
   251.904375000000        -1.121161572013289E-003
   252.118125000000        -1.911037791618515E-003
   252.331875000000        -2.599446417864545E-003
   252.545625000000        -3.157191987576120E-003
   252.759375000000        -3.560700941732094E-003
   252.973125000000        -3.793493661256292E-003
   253.186875000000        -3.847275591006447E-003
   253.400625000000        -3.722560688160916E-003
   253.614375000000        -3.428773402085244E-003
   253.828125000000        -2.983812938524398E-003
   254.041875000000        -2.413102510267900E-003
   254.255625000000        -1.748183384170871E-003
   254.469375000000        -1.024945779298702E-003
   254.683125000000        -2.816135218175832E-004
   254.896875000000         4.433850114740262E-004
   255.110625000000         1.113521720820430E-003
   255.324375000000         1.696116355149449E-003
   255.538125000000         2.164008278627953E-003
   255.751875000000         2.496856419504414E-003
   255.965625000000         2.681999894808321E-003
   256.179375000000         2.714843822386650E-003
   256.393125000000         2.598767764620963E-003
   256.606875000000         2.344585587818753E-003
   256.820625000000         1.969613050630122E-003
   257.034375000000         1.496421389132899E-003
   257.248125000000         9.513703413923554E-004
   257.461875000000         3.630218574570148E-004
   257.675625000000        -2.394638161426159E-004
   257.889375000000        -8.278543455930747E-004
   258.103125000000        -1.376210628072166E-003
   258.316875000000        -1.862024634127295E-003
   258.530625000000        -2.267082713229892E-003
   258.744375000000        -2.578028166500871E-003
   258.958125000000        -2.786617580052768E-003
   259.171875000000        -2.889684578221165E-003
   259.385625000000        -2.888841192679117E-003
   259.599375000000        -2.789960133913183E-003
   259.813125000000        -2.602490385552203E-003
   260.026875000000        -2.338663510889803E-003
   260.240625000000        -2.012648933543042E-003
   260.454375000000        -1.639713540265487E-003
   260.668125000000        -1.235434759495002E-003
   260.881875000000        -8.150074492094116E-004
   261.095625000000        -3.926742386833516E-004
   261.309375000000         1.870277620577602E-005
   261.523125000000         4.079230584851454E-004
   261.736875000000         7.655868531164084E-004
   261.950625000000         1.084108178340311E-003
   262.164375000000         1.357625305790640E-003
   262.378125000000         1.581838153418203E-003
   262.591875000000         1.753804936557631E-003
   262.805625000000         1.871730415999935E-003
   263.019375000000         1.934775210048065E-003
   263.233125000000         1.942910176144181E-003
   263.446875000000         1.896832297442900E-003
   263.660625000000         1.797949491198649E-003
   263.874375000000         1.648432087408512E-003
   264.088125000000         1.451319286492090E-003
   264.301875000000         1.210660582941686E-003
   264.515625000000         9.316657602598599E-004
   264.729375000000         6.208332996618909E-004
   264.943125000000         2.860263658516575E-004
   265.156875000000        -6.353186566808853E-005
   265.370625000000        -4.173659978935265E-004
   265.584375000000        -7.639732328998702E-004
   265.798125000000        -1.091168521003597E-003
   266.011875000000        -1.386541565450075E-003
   266.225625000000        -1.638005357689223E-003
   266.439375000000        -1.834405110266430E-003
   266.653125000000        -1.966147763449699E-003
   266.866875000000        -2.025806584548069E-003
   267.080625000000        -2.008653422830469E-003
   267.294375000000        -1.913073275330924E-003
   267.508125000000        -1.740821945865020E-003
   267.721875000000        -1.497097359641393E-003
   267.935625000000        -1.190407808074428E-003
   268.149375000000        -8.322350443872831E-004
   268.363125000000        -4.365055426758966E-004
   268.576875000000        -1.889810068558572E-005
   268.790625000000         4.039709304565728E-004
   269.004375000000         8.154332679415366E-004
   269.218125000000         1.199667140072356E-003
   269.431875000000         1.542548299094485E-003
   269.645625000000         1.832395629548297E-003
   269.859375000000         2.060560001290992E-003
   270.073125000000         2.221815498456317E-003
   270.286875000000         2.314525717635056E-003
   270.500625000000         2.340573471959258E-003
   270.714375000000         2.305058827421492E-003
   270.928125000000         2.215786750632939E-003
   271.141875000000         2.082580618186856E-003
   271.355625000000         1.916470396166603E-003
   271.569375000000         1.728813590457948E-003
   271.783125000000         1.530412463501427E-003
   271.996875000000         1.330692131705713E-003
   272.210625000000         1.137000885016496E-003
   272.424375000000         9.540865544885510E-004
   272.638125000000         7.837913947528919E-004
   272.851875000000         6.249933758237283E-004
   273.065625000000         4.738048246186272E-004
   273.279375000000         3.240210201375026E-004
   273.493125000000         1.677927524490295E-004
   273.706875000000        -3.520794227231390E-006
   273.920625000000        -1.983779603618014E-004
   274.134375000000        -4.240306099482498E-004
   274.348125000000        -6.855292582549174E-004
   274.561875000000        -9.848389239560666E-004
   274.775625000000        -1.320144063834376E-003
   274.989375000000        -1.685411724355583E-003
   275.203125000000        -2.070267045491878E-003
   275.416875000000        -2.460215137636448E-003
   275.630625000000        -2.837219231107426E-003
   275.844375000000        -3.180618390699133E-003
   276.058125000000        -3.468340850148940E-003
   276.271875000000        -3.678343224156965E-003
   276.485625000000        -3.790183633034575E-003
   276.699375000000        -3.786620149051853E-003
   276.913125000000        -3.655116668958989E-003
   277.126875000000        -3.389137585992050E-003
   277.340625000000        -2.989121107274642E-003
   277.554375000000        -2.463038643568530E-003
   277.768125000000        -1.826473521785776E-003
   277.981875000000        -1.102184723274503E-003
   278.195625000000        -3.191581669070450E-004
   278.409375000000         4.888135209697412E-004
   278.623125000000         1.284944807598140E-003
   278.836875000000         2.031554156113201E-003
   279.050625000000         2.692308304476771E-003
   279.264375000000         3.234462508774750E-003
   279.478125000000         3.630940786375402E-003
   279.691875000000         3.862107459022057E-003
   279.905625000000         3.917100088249505E-003
   280.119375000000         3.794622959346388E-003
   280.333125000000         3.503137473751247E-003
   280.546875000000         3.060428319148099E-003
   280.760625000000         2.492568803413875E-003
   280.974375000000         1.832351782490343E-003
   281.188125000000         1.117290818949176E-003
   281.401875000000         3.873266164691667E-004
   281.615625000000        -3.176059235486787E-004
   281.829375000000        -9.599859532209320E-004
   282.043125000000        -1.506929541139306E-003
   282.256875000000        -1.932081469558215E-003
   282.470625000000        -2.217055587450961E-003
   282.684375000000        -2.352336784258027E-003
   282.898125000000        -2.337596528904568E-003
   283.111875000000        -2.181415198313460E-003
   283.325625000000        -1.900444992012814E-003
   283.539375000000        -1.518084168473688E-003
   283.753125000000        -1.062764121730697E-003
   283.966875000000        -5.659734992089179E-004
   284.180625000000        -6.015689333640040E-005
   284.394375000000         4.233708841185484E-004
   284.608125000000         8.563600863536314E-004
   284.821875000000         1.215290900056483E-003
   285.035625000000         1.482670099073922E-003
   285.249375000000         1.647889303193428E-003
   285.463125000000         1.707605633219536E-003
   285.676875000000         1.665637702819744E-003
   285.890625000000         1.532401107843742E-003
   286.104375000000         1.323935953042915E-003
   286.318125000000         1.060602878259913E-003
   286.531875000000         7.655422619081365E-004
   286.745625000000         4.630029478177785E-004
   286.959375000000         1.766515444214778E-004
   287.173125000000        -7.202891953170681E-005
   287.386875000000        -2.651510434388522E-004
   287.600625000000        -3.895605554932970E-004
   287.814375000000        -4.376335064507135E-004
   288.028125000000        -4.076904197237066E-004
   288.241875000000        -3.040097646233522E-004
   288.455625000000        -1.364487591748475E-004
   288.669375000000         8.029587773333398E-005
   288.883125000000         3.277325124801470E-004
   289.096875000000         5.848515774609736E-004
   289.310625000000         8.295487367187650E-004
   289.524375000000         1.040100518206884E-003
   289.738125000000         1.196597364944282E-003
   289.951875000000         1.282243918952807E-003
   290.165625000000         1.284446996242263E-003
   290.379375000000         1.195627329089376E-003
   290.593125000000         1.013710585477084E-003
   290.806875000000         7.422750004287931E-004
   291.020625000000         3.903555867237629E-004
   291.234375000000        -2.807328500767769E-005
   291.448125000000        -4.948956571978572E-004
   291.661875000000        -9.888749742468469E-004
   291.875625000000        -1.486829917664324E-003
   292.089375000000        -1.964890668972555E-003
   292.303125000000        -2.399760464598292E-003
   292.516875000000        -2.769911619270853E-003
   292.730625000000        -3.056653843619882E-003
   292.944375000000        -3.245024663342633E-003
   293.158125000000        -3.324465854798399E-003
   293.371875000000        -3.289264761930916E-003
   293.585625000000        -3.138753920495646E-003
   293.799375000000        -2.877275524882934E-003
   294.013125000000        -2.513928129586924E-003
   294.226875000000        -2.062121102501182E-003
   294.440625000000        -1.538967603964244E-003
   294.654375000000        -9.645494397273400E-004
   294.868125000000        -3.610874801012584E-004
   295.081875000000         2.479499147544566E-004
   295.295625000000         8.387701594342532E-004
   295.509375000000         1.388183428943909E-003
   295.723125000000         1.874507372644971E-003
   295.936875000000         2.278424826022165E-003
   296.150625000000         2.583770233879651E-003
   296.364375000000         2.778220280797932E-003
   296.578125000000         2.853863735589480E-003
   296.791875000000         2.807625320189535E-003
   297.005625000000         2.641519160603836E-003
   297.219375000000         2.362709703071542E-003
   297.433125000000         1.983362396483883E-003
   297.646875000000         1.520273251081180E-003
   297.860625000000         9.942755959203217E-004
   298.074375000000         4.294336613303861E-004
   298.288125000000        -1.479546285025331E-004
   298.501875000000        -7.105099717888911E-004
   298.715625000000        -1.231030721516238E-003
   298.929375000000        -1.683799328634912E-003
   299.143125000000        -2.045868957742369E-003
   299.356875000000        -2.298259097258606E-003
   299.570625000000        -2.426989764141100E-003
   299.784375000000        -2.423889736740879E-003
   299.998125000000        -2.287125028820093E-003
   300.211875000000        -2.021408970670824E-003
   300.425625000000        -1.637873788207467E-003
   300.639375000000        -1.153604117888562E-003
   300.853125000000        -5.908538865311255E-004
   301.066875000000         2.401223651866446E-005
   301.280625000000         6.617946169995179E-004
   301.494375000000         1.291880600124241E-003
   301.708125000000         1.883733784338378E-003
   301.921875000000         2.408369601275278E-003
   302.135625000000         2.839739565072189E-003
   302.349375000000         3.155954990335837E-003
   302.563125000000         3.340293499691726E-003
   302.776875000000         3.381946955004044E-003
   302.990625000000         3.276486075551986E-003
   303.204375000000         3.026033461853239E-003
   303.418125000000         2.639151687440506E-003
   303.631875000000         2.130465511796363E-003
   303.845625000000         1.520046468353754E-003
   304.059375000000         8.325939119756689E-004
   304.273125000000         9.644934245188529E-005
   304.486875000000        -6.575188870731773E-004
   304.700625000000        -1.397124586683082E-003
   304.914375000000        -2.090132266903132E-003
   305.128125000000        -2.705552155809624E-003
   305.341875000000        -3.214928529701917E-003
   305.555625000000        -3.593586368486948E-003
   305.769375000000        -3.821797869141695E-003
   305.983125000000        -3.885825735737411E-003
   306.196875000000        -3.778795364915127E-003
   306.410625000000        -3.501344338242443E-003
   306.624375000000        -3.061996452412277E-003
   306.838125000000        -2.477210253318755E-003
   307.051875000000        -1.771059815569718E-003
   307.265625000000        -9.745189832970529E-004
   307.479375000000        -1.243394921272817E-004
   307.693125000000         7.384623657930994E-004
   307.906875000000         1.570468018831385E-003
   308.120625000000         2.327995941298941E-003
   308.334375000000         2.969417808077085E-003
   308.548125000000         3.457526822094321E-003
   308.761875000000         3.761815812842731E-003
   308.975625000000         3.860514113571585E-003
   309.189375000000         3.742234618001159E-003
   309.403125000000         3.407096742196011E-003
   309.616875000000         2.867217171683211E-003
   309.830625000000         2.146497037689216E-003
   310.044375000000         1.279679244798155E-003
   310.258125000000         3.106998530172951E-004
   310.471875000000        -7.095911725164193E-004
   310.685625000000        -1.726216089167482E-003
   310.899375000000        -2.683197296381844E-003
   311.113125000000        -3.526831442667603E-003
   311.326875000000        -4.208897307307957E-003
   311.540625000000        -4.689583757945557E-003
   311.754375000000        -4.939938851845453E-003
   311.968125000000        -4.943671145911442E-003
   312.181875000000        -4.698177385906184E-003
   312.395625000000        -4.214723710741603E-003
   312.609375000000        -3.517766238823585E-003
   312.823125000000        -2.643456816737620E-003
   313.036875000000        -1.637436133279067E-003
   313.250625000000        -5.520649764218909E-004
   313.464375000000         5.567185343860774E-004
   313.678125000000         1.632705056372900E-003
   313.891875000000         2.622665625610397E-003
   314.105625000000         3.479339628038898E-003
   314.319375000000         4.163973540315850E-003
   314.533125000000         4.648260952893887E-003
   314.746875000000         4.915579949861577E-003
   314.960625000000         4.961475178835539E-003
   315.174375000000         4.793384861304617E-003
   315.388125000000         4.429663589307836E-003
   315.601875000000         3.897996425045439E-003
   315.815625000000         3.233335607460603E-003
   316.029375000000         2.475515956806896E-003
   316.243125000000         1.666717692150265E-003
   316.456875000000         8.489456561151100E-004
   316.670625000000         6.168262003784565E-005
   316.884375000000        -6.601470349764686E-004
   317.098125000000        -1.287796234390872E-003
   317.311875000000        -1.799824281588374E-003
   317.525625000000        -2.182700779038662E-003
   317.739375000000        -2.430886049901842E-003
   317.953125000000        -2.546423971019126E-003
   318.166875000000        -2.538112554889420E-003
   318.380625000000        -2.420340561888790E-003
   318.594375000000        -2.211693791625037E-003
   318.808125000000        -1.933441981031203E-003
   319.021875000000        -1.608016478556677E-003
   319.235625000000        -1.257580637917183E-003
   319.449375000000        -9.027801957257847E-004
   319.663125000000        -5.617411345574879E-004
   319.876875000000        -2.493593106017773E-004
   320.090625000000         2.309878526347836E-005
   320.304375000000         2.480895512465627E-004
   320.518125000000         4.216084213939335E-004
   320.731875000000         5.427764510007649E-004
   320.945625000000         6.132598794810015E-004
   321.159375000000         6.365942114930548E-004
   321.373125000000         6.174870831745668E-004
   321.586875000000         5.611705332166867E-004
   321.800625000000         4.728636580630330E-004
   322.014375000000         3.573918426661367E-004
   322.228125000000         2.189900901536935E-004
   322.441875000000         6.129703415905053E-005
   322.655625000000        -1.124751555865865E-004
   322.869375000000        -2.992296429421478E-004
   323.083125000000        -4.955837646734427E-004
   323.296875000000        -6.974405790330775E-004
   323.510625000000        -8.996011886819810E-004
   323.724375000000        -1.095484289330310E-003
   323.938125000000        -1.277010737285684E-003
   324.151875000000        -1.434695778475203E-003
   324.365625000000        -1.557971132436709E-003
   324.579375000000        -1.635735135730390E-003
   324.793125000000        -1.657103806570704E-003
   325.006875000000        -1.612311424278722E-003
   325.220625000000        -1.493688472213357E-003
   325.434375000000        -1.296629804852125E-003
   325.648125000000        -1.020458459324383E-003
   325.861875000000        -6.690917896179909E-004
   326.075625000000        -2.514269243793961E-004
   326.289375000000         2.186185550647753E-004
   326.503125000000         7.224486939261148E-004
   326.716875000000         1.237520723695634E-003
   326.930625000000         1.738439132870882E-003
   327.144375000000         2.198352187537209E-003
   327.358125000000         2.590561458232326E-003
   327.571875000000         2.890232111759850E-003
   327.785625000000         3.076077867769788E-003
   327.999375000000         3.131891185430098E-003
   328.213125000000         3.047797072455518E-003
   328.426875000000         2.821127495219877E-003
   328.640625000000         2.456841283998263E-003
   328.854375000000         1.967449325811918E-003
   329.068125000000         1.372443666351634E-003
   329.281875000000         6.972684273110324E-004
   329.495625000000        -2.809337718880353E-005
   329.709375000000        -7.708132741864293E-004
   329.923125000000        -1.497066519795614E-003
   330.136875000000        -2.173902870220787E-003
   330.350625000000        -2.771006848714810E-003
   330.564375000000        -3.262228913644766E-003
   330.778125000000        -3.626792371412453E-003
   330.991875000000        -3.850111836394626E-003
   331.205625000000        -3.924194374976499E-003
   331.419375000000        -3.847630645711466E-003
   331.633125000000        -3.625216799945392E-003
   331.846875000000        -3.267275418839812E-003
   332.060625000000        -2.788762795536263E-003
   332.274375000000        -2.208258830436280E-003
   332.488125000000        -1.546934203945320E-003
   332.701875000000        -8.275779835736646E-004
   332.915625000000        -7.374913634739006E-005
   333.129375000000         6.909098537690552E-004
   333.343125000000         1.443186753125997E-003
   333.556875000000         2.160656943289580E-003
   333.770625000000         2.821923133596936E-003
   333.984375000000         3.406791828915621E-003
   334.198125000000         3.896447876115850E-003
   334.411875000000         4.273685767766930E-003
   334.625625000000         4.523244493848597E-003
   334.839375000000         4.632273025019787E-003
   335.053125000000         4.590928355440756E-003
   335.266875000000         4.393080484628566E-003
   335.480625000000         4.037072173892133E-003
   335.694375000000         3.526459131686357E-003
   335.908125000000         2.870641403343402E-003
   336.121875000000         2.085291350423627E-003
   336.335625000000         1.192488883572764E-003
   336.549375000000         2.204905907611287E-004
   336.763125000000        -7.969150578745811E-004
   336.976875000000        -1.821481344995027E-003
   337.190625000000        -2.811983468272840E-003
   337.404375000000        -3.726044924581339E-003
   337.618125000000        -4.522214776532492E-003
   337.831875000000        -5.162171884961371E-003
   338.045625000000        -5.612912991321215E-003
   338.259375000000        -5.848773757835673E-003
   338.473125000000        -5.853136493243990E-003
   338.686875000000        -5.619695118596175E-003
   338.900625000000        -5.153175639923875E-003
   339.114375000000        -4.469446683844202E-003
   339.328125000000        -3.594996459569769E-003
   339.541875000000        -2.565796333336067E-003
   339.755625000000        -1.425613430494430E-003
   339.969375000000        -2.238719394519877E-004
   340.183125000000         9.868077648820649E-004
