  -1.60312500000000         6.736300136628073E-018
  -1.38937500000000         6.731712381944774E-018
  -1.17562500000000         6.805859167697241E-018
 -0.961875000000000         7.759067902723225E-018
 -0.748125000000000         1.418653254443023E-017
 -0.534375000000000         4.635478852977155E-017
 -0.320625000000000         1.785880482802958E-016
 -0.106875000000000         6.446189465759458E-016
  0.106875000000000         2.084645759166676E-015
  0.320625000000000         6.048186677057309E-015
  0.534375000000000         1.588761013890320E-014
  0.748125000000000         3.815691596774351E-014
  0.961875000000000         8.457361638982752E-014
   1.17562500000000         1.744880797353070E-013
   1.38937500000000         3.376971709168084E-013
   1.60312500000000         6.173441397221115E-013
   1.81687500000000         1.072572695735042E-012
   2.03062500000000         1.780589997413902E-012
   2.24437500000000         2.837780285331945E-012
   2.45812500000000         4.359603946096860E-012
   2.67187500000000         6.479094650167153E-012
   2.88562500000000         9.343880646963458E-012
   3.09937500000000         1.311193411740943E-011
   3.31312500000000         1.794622397581505E-011
   3.52687500000000         2.400875805068578E-011
   3.74062500000000         3.145446915830312E-011
   3.95437500000000         4.042555586150579E-011
   4.16812500000000         5.104681557257421E-011
   4.38187500000000         6.342234569403633E-011
   4.59562500000000         7.763380382209691E-011
   4.80937500000000         9.374049885886125E-011
   5.02312500000000         1.117809406374071E-010
   5.23687500000000         1.317756032563034E-010
   5.45062500000000         1.537305859798099E-010
   5.66437500000000         1.776414734677286E-010
   5.87812500000000         2.034970814206109E-010
   6.09187500000000         2.312826132096340E-010
   6.30562500000000         2.609820872851335E-010
   6.51937500000000         2.925799934177078E-010
   6.73312500000000         3.260623671205046E-010
   6.94687500000000         3.614174761098617E-010
   7.16062500000000         3.986364973070295E-010
   7.37437500000000         4.377144116574155E-010
   7.58812500000000         4.786513685440228E-010
   7.80187500000000         5.214544813426533E-010
   8.01562500000000         5.661398996008437E-010
   8.22937500000000         6.127347687075619E-010
   8.44312500000000         6.612786132930209E-010
   8.65687500000000         7.118237509662479E-010
   8.87062500000000         7.644342052725700E-010
   9.08437500000000         8.191828799614001E-010
   9.29812500000000         8.761470260093910E-010
   9.51187500000000         9.354022232275300E-010
   9.72562500000000         9.970154922002943E-010
   9.93937500000000         1.061038153385261E-009
   10.1531250000000         1.127499395512765E-009
   10.3668750000000         1.196401289342089E-009
   10.5806250000000         1.267715963660578E-009
   10.7943750000000         1.341385417239372E-009
   11.0081250000000         1.417324034019144E-009
   11.2218750000000         1.495423598911835E-009
   11.4356250000000         1.575560276513984E-009
   11.6493750000000         1.657602892903133E-009
   11.8631250000000         1.741421557806662E-009
   12.0768750000000         1.826895824643871E-009
   12.2906250000000         1.913921717272625E-009
   12.5043750000000         2.002417090340528E-009
   12.7181250000000         2.092325140543987E-009
   12.9318750000000         2.183615920596458E-009
   13.1456250000000         2.276286309912833E-009
   13.3593750000000         2.370358569846213E-009
   13.5731250000000         2.465878063117031E-009
   13.7868750000000         2.562910366649566E-009
   14.0006250000000         2.661538067371501E-009
   14.2143750000000         2.761857397708433E-009
   14.4281250000000         2.863974582240478E-009
   14.6418750000000         2.968002026683409E-009
   14.8556250000000         3.074054138811219E-009
   15.0693750000000         3.182242837554426E-009
   15.2831250000000         3.292672903281263E-009
   15.4968750000000         3.405437349878364E-009
   15.7106250000000         3.520613363273715E-009
   15.9243750000000         3.638259179606644E-009
   16.1381250000000         3.758412607235462E-009
   16.3518750000000         3.881091380368520E-009
   16.5656250000000         4.006295652306077E-009
   16.7793750000000         4.134012649254187E-009
   16.9931250000000         4.264223113028526E-009
   17.2068750000000         4.396908813422707E-009
   17.4206250000000         4.532060434172530E-009
   17.6343750000000         4.669684804751509E-009
   17.8481250000000         4.809810471691318E-009
   18.0618750000000         4.952491064887077E-009
   18.2756250000000         5.097805780881339E-009
   18.4893750000000         5.245856999055684E-009
   18.7031250000000         5.396765236195356E-009
   18.9168750000000         5.550662083532933E-009
   19.1306250000000         5.707682024558382E-009
   19.3443750000000         5.867954201861430E-009
   19.5581250000000         6.031595102485865E-009
   19.7718750000000         6.198703134900559E-009
   19.9856250000000         6.369355711576549E-009
   20.1993750000000         6.543609138099721E-009
   20.4131250000000         6.721501104073461E-009
   20.6268750000000         6.903055570350485E-009
   20.8406250000000         7.088289184969887E-009
   21.0543750000000         7.277218465994591E-009
   21.2681250000000         7.469866850926050E-009
   21.4818750000000         7.666270719791257E-009
   21.6956250000000         7.866483958265472E-009
   21.9093750000000         8.070580391351216E-009
   22.1231250000000         8.278654254729814E-009
   22.3368750000000         8.490818649800672E-009
   22.5506250000000         8.707202407662119E-009
   22.7643750000000         8.927945874110569E-009
   22.9781250000000         9.153196116376436E-009
   23.1918750000000         9.383102185282268E-009
   23.4056250000000         9.617810777720509E-009
   23.6193750000000         9.857462698415167E-009
   23.8331250000000         1.010219024756297E-008
   24.0468750000000         1.035211565228128E-008
   24.2606250000000         1.060735020994162E-008
   24.4743750000000         1.086799418366750E-008
   24.6881250000000         1.113413699283451E-008
   24.9018750000000         1.140585761209677E-008
   25.1156250000000         1.168322488514953E-008
   25.3293750000000         1.196629759569512E-008
   25.5431250000000         1.225512427820140E-008
   25.7568750000000         1.254974299062768E-008
   25.9706250000000         1.285018094888535E-008
   26.1843750000000         1.315645442966268E-008
   26.3981250000000         1.346856903003684E-008
   26.6118750000000         1.378652064318615E-008
   26.8256250000000         1.411029723602122E-008
   27.0393750000000         1.443988150228095E-008
   27.2531250000000         1.477525441985189E-008
   27.4668750000000         1.511639947685749E-008
   27.6806250000000         1.546330721108464E-008
   27.8943750000000         1.581597983232554E-008
   28.1081250000000         1.617443539133234E-008
   28.3218750000000         1.653871102873952E-008
   28.5356250000000         1.690886480365852E-008
   28.7493750000000         1.728497598064815E-008
   28.9631250000000         1.766714335275897E-008
   29.1768750000000         1.805548186514104E-008
   29.3906250000000         1.845011759142049E-008
   29.6043750000000         1.885118155457730E-008
   29.8181250000000         1.925880285254958E-008
   30.0318750000000         1.967310191343321E-008
   30.2456250000000         2.009418431287449E-008
   30.4593750000000         2.052213597382406E-008
   30.6731250000000         2.095702002175955E-008
   30.8868750000000         2.139887571612176E-008
   31.1006250000000         2.184771936727612E-008
   31.3143750000000         2.230354709392007E-008
   31.5281250000000         2.276633906392439E-008
   31.7418750000000         2.323606458878011E-008
   31.9556250000000         2.371268749131643E-008
   32.1693750000000         2.419617125521272E-008
   32.3831250000000         2.468648330944482E-008
   32.5968750000000         2.518359835645997E-008
   32.8106250000000         2.568750051568787E-008
   33.0243750000000         2.619818448105074E-008
   33.2381250000000         2.671565599091694E-008
   33.4518750000000         2.723993200542206E-008
   33.6656250000000         2.777104097676617E-008
   33.8793750000000         2.830902361159998E-008
   34.0931250000000         2.885393429264863E-008
   34.3068750000000         2.940584308543617E-008
   34.5206250000000         2.996483814464437E-008
   34.7343750000000         3.053102807525722E-008
   34.9481250000000         3.110454374405403E-008
   35.1618750000000         3.168553902532597E-008
   35.3756250000000         3.227419002276984E-008
   35.5893750000000         3.287069265389220E-008
   35.8031250000000         3.347525864674625E-008
   36.0168750000000         3.408811030551606E-008
   36.2306250000000         3.470947469316028E-008
   36.4443750000000         3.533957805659686E-008
   36.6581250000000         3.597864121727487E-008
   36.8718750000000         3.662687670567428E-008
   37.0856250000000         3.728448795593303E-008
   37.2993750000000         3.795167076691482E-008
   37.5131250000000         3.862861651868545E-008
   37.7268750000000         3.931551661760400E-008
   37.9406250000000         4.001256700565093E-008
   38.1543750000000         4.071997185348475E-008
   38.3681250000000         4.143794534241413E-008
   38.5818750000000         4.216671101783630E-008
   38.7956250000000         4.290649824024582E-008
   39.0093750000000         4.365753614724792E-008
   39.2231250000000         4.442004580698076E-008
   39.4368750000000         4.519423163355501E-008
   39.6506250000000         4.598027350937784E-008
   39.8643750000000         4.677832070163896E-008
   40.0781250000000         4.758848889575065E-008
   40.2918750000000         4.841086064794870E-008
   40.5056250000000         4.924548952679924E-008
   40.7193750000000         5.009240731062750E-008
   40.9331250000000         5.095163316940666E-008
   41.1468750000000         5.182318343206625E-008
   41.3606250000000         5.270708061349205E-008
   41.5743750000000         5.360336029465757E-008
   41.7881250000000         5.451207504261269E-008
   42.0018750000000         5.543329501768911E-008
   42.2156250000000         5.636710554092652E-008
   42.4293750000000         5.731360244987941E-008
   42.6431250000000         5.827288640803227E-008
   42.8568750000000         5.924505755287331E-008
   43.0706250000000         6.023021158105603E-008
   43.2843750000000         6.122843813717268E-008
   43.4981250000000         6.223982176199246E-008
   43.7118750000000         6.326444510671308E-008
   43.9256250000000         6.430239344384798E-008
   44.1393750000000         6.535375932424799E-008
   44.3531250000000         6.641864580631330E-008
   44.5668750000000         6.749716726932164E-008
   44.7806250000000         6.858944677495622E-008
   44.9943750000000         6.969560988320766E-008
   45.2081250000000         7.081577546086787E-008
   45.4218750000000         7.195004463071076E-008
   45.6356250000000         7.309848952392351E-008
   45.8493750000000         7.426114378358549E-008
   46.0631250000000         7.543799650178959E-008
   46.2768750000000         7.662899104349694E-008
   46.4906250000000         7.783402948585398E-008
   46.7043750000000         7.905298256650569E-008
   46.9181250000000         8.028570418524178E-008
   47.1318750000000         8.153204889947283E-008
   47.3456250000000         8.279189034501845E-008
   47.5593750000000         8.406513838253516E-008
   47.7731250000000         8.535175296100753E-008
   47.9868750000000         8.665175321638913E-008
   48.2006250000000         8.796522093824946E-008
   48.4143750000000         8.929229856305149E-008
   48.6281250000000         9.063318231873838E-008
   48.8418750000000         9.198811200485589E-008
   49.0556250000000         9.335735908196960E-008
   49.2693750000000         9.474121486905911E-008
   49.4831250000000         9.613998053283312E-008
   49.6968750000000         9.755395978366862E-008
   49.9106250000000         9.898345491037234E-008
   50.1243750000000         1.004287659191309E-007
   50.3381250000000         1.018901921094532E-007
   50.5518750000000         1.033680349633190E-007
   50.7656250000000         1.048626010754820E-007
   50.9793750000000         1.063742039703256E-007
   51.1931250000000         1.079031638952528E-007
   51.4068750000000         1.094498052532696E-007
   51.6206250000000         1.110144516839659E-007
   51.8343750000000         1.125974195176188E-007
   52.0481250000000         1.141990104843596E-007
   52.2618750000000         1.158195049812367E-007
   52.4756250000000         1.174591568727342E-007
   52.6893750000000         1.191181909474655E-007
   52.9031250000000         1.207968035091056E-007
   53.1168750000000         1.224951661706066E-007
   53.3306250000000         1.242134324161787E-007
   53.5443750000000         1.259517460580770E-007
   53.7581250000000         1.277102503957542E-007
   53.9718750000000         1.294890968601385E-007
   54.1856250000000         1.312884520107837E-007
   54.3993750000000         1.331085016459614E-007
   54.6131250000000         1.349494518003983E-007
   54.8268750000000         1.368115263110635E-007
   55.0406250000000         1.386949613584089E-007
   55.2543750000000         1.405999977211446E-007
   55.4681250000000         1.425268717606307E-007
   55.6818750000000         1.444758062753752E-007
   55.8956250000000         1.464470023491727E-007
   56.1093750000000         1.484406330584547E-007
   56.3231250000000         1.504568397448049E-007
   56.5368750000000         1.524957311612545E-007
   56.7506250000000         1.545573853741775E-007
   56.9643750000000         1.566418540878517E-007
   57.1781250000000         1.587491688338536E-007
   57.3918750000000         1.608793481882210E-007
   57.6056250000000         1.630324053083670E-007
   57.8193750000000         1.652083549502028E-007
   58.0331250000000         1.674072194116545E-007
   58.2468750000000         1.696290329586885E-007
   58.4606250000000         1.718738442338775E-007
   58.6743750000000         1.741417166004310E-007
   58.8881250000000         1.764327264454051E-007
   59.1018750000000         1.787469595251472E-007
   59.3156250000000         1.810845054890943E-007
   59.5293750000000         1.834454512023205E-007
   59.7431250000000         1.858298730334220E-007
   59.9568750000000         1.882378289918645E-007
   60.1706250000000         1.906693513082910E-007
   60.3843750000000         1.931244405131370E-007
   60.5981250000000         1.956030619286846E-007
   60.8118750000000         1.981051454889319E-007
   61.0256250000000         2.006305900275430E-007
   61.2393750000000         2.031792724638915E-007
   61.4531250000000         2.057510623091123E-007
   61.6668750000000         2.083458414995395E-007
   61.8806250000000         2.109635283811848E-007
   62.0943750000000         2.136041047690092E-007
   62.3081250000000         2.162676436128941E-007
   62.5218750000000         2.189543347941035E-007
   62.7356250000000         2.216645057652726E-007
   62.9493750000000         2.243986338239207E-007
   63.1631250000000         2.271573471201354E-007
   63.3768750000000         2.299414118668317E-007
   63.5906250000000         2.327517043171607E-007
   63.8043750000000         2.355891676156894E-007
   64.0181250000000         2.384547551220624E-007
   64.2318750000000         2.413493637483704E-007
   64.4456250000000         2.442737625057777E-007
   64.6593750000000         2.472285232822621E-007
   64.8731250000000         2.502139616884528E-007
   65.0868750000000         2.532300964179875E-007
   65.3006250000000         2.562766349376926E-007
   65.5143750000000         2.593529918444701E-007
   65.7281250000000         2.624583436352569E-007
   65.9418750000000         2.655917200845540E-007
   66.1556250000000         2.687521281173973E-007
   66.3693750000000         2.719386995102692E-007
   66.5831250000000         2.751508491982901E-007
   66.7968750000000         2.783884273542476E-007
   67.0106250000000         2.816518458090427E-007
   67.2243750000000         2.849421593605235E-007
   67.4381250000000         2.882610840068997E-007
   67.6518750000000         2.916109389016612E-007
   67.8656250000000         2.949945055997021E-007
   68.0793750000000         2.984148073764217E-007
   68.2931250000000         3.018748216144504E-007
   68.5068750000000         3.053771485983599E-007
   68.7206250000000         3.089236696876404E-007
   68.9343750000000         3.125152345812168E-007
   69.1481250000000         3.161514206061458E-007
   69.3618750000000         3.198304052440529E-007
   69.5756250000000         3.235489857705996E-007
   69.7893750000000         3.273027677514272E-007
   70.0031250000000         3.310865263448121E-007
   70.2168750000000         3.348947240435458E-007
   70.4306250000000         3.387221465506898E-007
   70.6443750000000         3.425645977646928E-007
   70.8581250000000         3.464195783518171E-007
   71.0718750000000         3.502868625685664E-007
   71.2856250000000         3.541688869723807E-007
   71.4993750000000         3.580708745460627E-007
   71.7131250000000         3.620006380437264E-007
   71.9268750000000         3.659680370676209E-007
   72.1406250000000         3.699841016503587E-007
   72.3543750000000         3.740598776354454E-007
   72.5681250000000         3.782050917663482E-007
   72.7818750000000         3.824267708570958E-007
   72.9956250000000         3.867279762088661E-007
   73.2093750000000         3.911068245039884E-007
   73.4231250000000         3.955559587901258E-007
   73.6368750000000         4.000626036082360E-007
   73.8506250000000         4.046092890176447E-007
   74.0643750000000         4.091752611160847E-007
   74.2781250000000         4.137385173267232E-007
   74.4918750000000         4.182783208313231E-007
   74.7056250000000         4.227779690284578E-007
   74.9193750000000         4.272275260450473E-007
   75.1331250000000         4.316261882998249E-007
   75.3468750000000         4.359839441126883E-007
   75.5606250000000         4.403222179277835E-007
   75.7743750000000         4.446732597912724E-007
   75.9881250000000         4.490781493886378E-007
   76.2018750000000         4.535834233416531E-007
   76.4156250000000         4.582364945925936E-007
   76.6293750000000         4.630801976219796E-007
   76.8431250000000         4.681469452336117E-007
   77.0568750000000         4.734531032759278E-007
   77.2706250000000         4.789942599537490E-007
   77.4843750000000         4.847420725543027E-007
   77.6981250000000         4.906433049539270E-007
   77.9118750000000         4.966215220129183E-007
   78.1256250000000         5.025816861881055E-007
   78.3393750000000         5.084176206710132E-007
   78.5531250000000         5.140219841751449E-007
   78.7668750000000         5.192980735913819E-007
   78.9806250000000         5.241724661189054E-007
   79.1943750000000         5.286072682204972E-007
   79.4081250000000         5.326105889140693E-007
   79.6218750000000         5.362438298309519E-007
   79.8356250000000         5.396245028579544E-007
   80.0493750000000         5.429235587536445E-007
   80.2631250000000         5.463566274615358E-007
   80.4768750000000         5.501691132547084E-007
   80.6906250000000         5.546157150385681E-007
   80.9043750000000         5.599356036335757E-007
   81.1181250000000         5.663251197847855E-007
   81.3318750000000         5.739103911857363E-007
   81.5456250000000         5.827226368479210E-007
   81.7593750000000         5.926790717223254E-007
   81.9731250000000         6.035721972656490E-007
   82.1868750000000         6.150698409615511E-007
   82.4006250000000         6.267275885635828E-007
   82.6143750000000         6.380142689764469E-007
   82.8281250000000         6.483499621102518E-007
   83.0418750000000         6.571546946397586E-007
   83.2556250000000         6.639046782047742E-007
   83.4693750000000         6.681917575959062E-007
   83.6831250000000         6.697808034334999E-007
   83.8968750000000         6.686592320080034E-007
   84.1106250000000         6.650727668765475E-007
   84.3243750000000         6.595420449447149E-007
   84.5381250000000         6.528557421838603E-007
   84.7518750000000         6.460375230834591E-007
   84.9656250000000         6.402862237267307E-007
   85.1793750000000         6.368911210377441E-007
   85.3931250000000         6.371267311715500E-007
   85.6068750000000         6.421340929912918E-007
   85.8206250000000         6.527976779386145E-007
   86.0343750000000         6.696286800253021E-007
   86.2481250000000         6.926662519379399E-007
   86.4618750000000         7.214080916882751E-007
   86.6756250000000         7.547805425531156E-007
   86.8893750000000         7.911560308777128E-007
   87.1031250000000         8.284223200310622E-007
   87.3168750000000         8.641038922758344E-007
   87.5306250000000         8.955310775075102E-007
   87.7443750000000         9.200477002651975E-007
   87.9581250000000         9.352434471807387E-007
   88.1718750000000         9.391933178043244E-007
   88.3856250000000         9.306838494523410E-007
   88.5993750000000         9.094046750966539E-007
   88.8131250000000         8.760846529412694E-007
   89.0268750000000         8.325544287815232E-007
   89.2406250000000         7.817218222527754E-007
   89.4543750000000         7.274526479310519E-007
   89.6681250000000         6.743571007832187E-007
   89.8818750000000         6.274900972115273E-007
   90.0956250000000         5.919822963496156E-007
   90.3093750000000         5.726261849929392E-007
   90.5231250000000         5.734478441566398E-007
   90.7368750000000         5.972991368899963E-007
   90.9506250000000         6.455065103427497E-007
   91.1643750000000         7.176110305055060E-007
   91.3781250000000         8.112295516822341E-007
   91.5918750000000         9.220592251425294E-007
   91.8056250000000         1.044037318654135E-006
   92.0193750000000         1.169656256169491E-006
   92.2331250000000         1.290420820133975E-006
   92.4468750000000         1.397421657918029E-006
   92.6606250000000         1.481987727898812E-006
   92.8743750000000         1.536371196190726E-006
   93.0881250000000         1.554412494621556E-006
   93.3018750000000         1.532131475256322E-006
   93.5156250000000         1.468193230594115E-006
   93.7293750000000         1.364204204205980E-006
   93.9431250000000         1.224805315047646E-006
   94.1568750000000         1.057543206486064E-006
   94.3706250000000         8.725173296429090E-007
   94.5843750000000         6.818180658411651E-007
   94.7981250000000         4.987880391708613E-007
   95.0118750000000         3.371537251409933E-007
   95.2256250000000         2.100861146928305E-007
   95.4393750000000         1.292564878484204E-007
   95.6531250000000         1.039555928293174E-007
   95.8668750000000         1.403414490615712E-007
   96.0806250000000         2.408727894614225E-007
   96.2943750000000         4.039724758262147E-007
   96.5081250000000         6.239490965138592E-007
   96.7218750000000         8.911867214144175E-007
   96.9356250000000         1.192593953546254E-006
   97.1493750000000         1.512285512028603E-006
   97.3631250000000         1.832454025759968E-006
   97.5768750000000         2.134377678110919E-006
   97.7906250000000         2.399501627990334E-006
   98.0043750000000         2.610528123598141E-006
   98.2181250000000         2.752451854621112E-006
   98.4318750000000         2.813482865955703E-006
   98.6456250000000         2.785808439361017E-006
   98.8593750000000         2.666156655069007E-006
   99.0731250000000         2.456136687473570E-006
   99.2868750000000         2.162343118203827E-006
   99.5006250000000         1.796222697712216E-006
   99.7143750000000         1.373711369603412E-006
   99.9281250000000         9.146566735890863E-007
   100.141875000000         4.420459249691314E-007
   100.355625000000        -1.893574881749968E-008
   100.569375000000        -4.419906689675596E-007
   100.783125000000        -8.009076408903659E-007
   100.996875000000        -1.070841842088458E-006
   101.210625000000        -1.229637883534257E-006
   101.424375000000        -1.259151948281133E-006
   101.638125000000        -1.146520973720175E-006
   101.851875000000        -8.853180355635430E-007
   102.065625000000        -4.765245592166277E-007
   102.279375000000         7.075670531123410E-008
   102.493125000000         7.389270281135917E-007
   102.706875000000         1.501931920551932E-006
   102.920625000000         2.325783054768404E-006
   103.134375000000         3.169610579556150E-006
   103.348125000000         3.987267574724076E-006
   103.561875000000         4.729473093749212E-006
   103.775625000000         5.346438173167078E-006
   103.989375000000         5.790872966726257E-006
   104.203125000000         6.021226392158276E-006
   104.416875000000         6.004966692488426E-006
   104.630625000000         5.721676835641494E-006
   104.844375000000         5.165717383648983E-006
   105.058125000000         4.348205497359447E-006
   105.271875000000         3.298075213474241E-006
   105.485625000000         2.062022660105952E-006
   105.699375000000         7.032002423291360E-007
   105.913125000000        -7.013962521696922E-007
   106.126875000000        -2.064808585640466E-006
   106.340625000000        -3.295122046777237E-006
   106.554375000000        -4.301348540736723E-006
   106.768125000000        -4.999841823404280E-006
   106.981875000000        -5.320819949932189E-006
   107.195625000000        -5.214515792169116E-006
   107.409375000000        -4.656455334878403E-006
   107.623125000000        -3.651380575649482E-006
   107.836875000000        -2.235391622971756E-006
   108.050625000000        -4.759801443032998E-007
   108.264375000000         1.530240675211650E-006
   108.478125000000         3.662143763452769E-006
   108.691875000000         5.780889727214204E-006
   108.905625000000         7.738596947647507E-006
   109.119375000000         9.388383442993557E-006
   109.333125000000         1.059513740906757E-005
   109.546875000000         1.124626571772204E-005
   109.760625000000         1.126161220598690E-005
   109.974375000000         1.060173852940697E-005
   110.188125000000         9.273823724640842E-006
   110.401875000000         7.334563723409761E-006
   110.615625000000         4.889633215941880E-006
   110.829375000000         2.089499030898364E-006
   111.043125000000        -8.783680509220892E-007
   111.256875000000        -3.800565262227571E-006
   111.470625000000        -6.451531647936066E-006
   111.684375000000        -8.609204623945385E-006
   111.898125000000        -1.007154938392477E-005
   112.111875000000        -1.067282333861651E-005
   112.325625000000        -1.029838547333821E-005
   112.539375000000        -8.896891392566915E-006
   112.753125000000        -6.488830639129435E-006
   112.966875000000        -3.170559240766033E-006
   113.180625000000         8.867530300978363E-007
   113.394375000000         5.443520263816961E-006
   113.608125000000         1.020338728332997E-005
   113.821875000000         1.482966391886052E-005
   114.035625000000         1.896573215847480E-005
   114.249375000000         2.225829697797647E-005
   114.463125000000         2.438209751074334E-005
   114.676875000000         2.506452067169819E-005
   114.890625000000         2.410847871702060E-005
   115.104375000000         2.141193407783709E-005
   115.318125000000         1.698258138959517E-005
   115.531875000000         1.094642365603163E-005
   115.745625000000         3.549296338467284E-006
   115.959375000000        -4.849216458708231E-006
   116.173125000000        -1.378958670277419E-005
   116.386875000000        -2.273351041804184E-005
   116.600625000000        -3.109160975701192E-005
   116.814375000000        -3.825639508760443E-005
   117.028125000000        -4.363882165399167E-005
   117.241875000000        -4.670646215870711E-005
   117.455625000000        -4.702110269629222E-005
   117.669375000000        -4.427347131187013E-005
   117.883125000000        -3.831283690597244E-005
   118.096875000000        -2.916937578832640E-005
   118.310625000000        -1.706749165196428E-005
   118.524375000000        -2.428682920671102E-006
   118.738125000000         1.413693666147930E-005
   118.951875000000         3.185076502236535E-005
   119.165625000000         4.979714041614929E-005
   119.379375000000         6.696505814555785E-005
   119.593125000000         8.229850884429772E-005
   119.806875000000         9.475317089600245E-005
   120.020625000000         1.033566775657475E-004
   120.234375000000         1.072692909004937E-004
   120.448125000000         1.058415795335624E-004
   120.661875000000         9.866563981187356E-005
   120.875625000000         8.561653436567888E-005
   121.089375000000         6.688095460240184E-005
   121.303125000000         4.297063777645294E-005
   121.516875000000         1.471876777774839E-005
   121.730625000000        -1.674156739340812E-005
   121.944375000000        -5.001683893890815E-005
   122.158125000000        -8.350943211042023E-005
   122.371875000000        -1.154888546048047E-004
   122.585625000000        -1.441748085423394E-004
   122.799375000000        -1.678282997579420E-004
   123.013125000000        -1.848462928603335E-004
   123.226875000000        -1.938549743581675E-004
   123.440625000000        -1.937964964725921E-004
   123.654375000000        -1.840041647495366E-004
   123.868125000000        -1.642614111138741E-004
   124.081875000000        -1.348405513884252E-004
   124.295625000000        -9.651823618308340E-005
   124.509375000000        -5.056562395166012E-005
   124.723125000000         1.287421580747027E-006
   124.936875000000         5.691344786826350E-005
   125.150625000000         1.138718107438992E-004
   125.364375000000         1.695130128315270E-004
   125.578125000000         2.210984767866338E-004
   125.791875000000         2.659302874988964E-004
   126.005625000000         3.014847421124059E-004
   126.219375000000         3.255431580807362E-004
   126.433125000000         3.363133329793835E-004
   126.646875000000         3.325353326069920E-004
   126.860625000000         3.135658945913937E-004
   127.074375000000         2.794366441549875E-004
   127.288125000000         2.308824820337828E-004
   127.501875000000         1.693378640152402E-004
   127.715625000000         9.690017995064638E-005
   127.929375000000         1.626098459990593E-005
   128.143125000000        -6.939264116361458E-005
   128.356875000000        -1.565028846844892E-004
   128.570625000000        -2.412871589403640E-004
   128.784375000000        -3.198991675462417E-004
   128.998125000000        -3.885982213758350E-004
   129.211875000000        -4.439194477636025E-004
   129.425625000000        -4.828373491385037E-004
   129.639375000000        -5.029153107324004E-004
   129.853125000000        -5.024341213299444E-004
   130.066875000000        -4.804933388794733E-004
   130.280625000000        -4.370803745535181E-004
   130.494375000000        -3.731034445727350E-004
   130.708125000000        -2.903859999138107E-004
   130.921875000000        -1.916218336914468E-004
   131.135625000000        -8.029172267483227E-005
   131.349375000000         3.945588259620438E-005
   131.563125000000         1.629560127498405E-004
   131.776875000000         2.852046145313867E-004
   131.990625000000         4.010554394647492E-004
   132.204375000000         5.054285550269639E-004
   132.418125000000         5.935219494861243E-004
   132.631875000000         6.610173513689791E-004
   132.845625000000         7.042714088477604E-004
   133.059375000000         7.204837848492850E-004
   133.273125000000         7.078345150759412E-004
   133.486875000000         6.655841251567306E-004
   133.700625000000         5.941314686393137E-004
   133.914375000000         4.950259713634300E-004
   134.128125000000         3.709328769030770E-004
   134.341875000000         2.255520974234760E-004
   134.555625000000         6.349329190872158E-005
   134.769375000000        -1.098882762825994E-004
   134.983125000000        -2.886888015474397E-004
   135.196875000000        -4.666781346719216E-004
   135.410625000000        -6.375381927549991E-004
   135.624375000000        -7.951079097321100E-004
   135.838125000000        -9.336247439210835E-004
   136.051875000000        -1.047952892203813E-003
   136.265625000000        -1.133788929925714E-003
   136.479375000000        -1.187836568998809E-003
   136.693125000000        -1.207943551350249E-003
   136.906875000000        -1.193195301246360E-003
   137.120625000000        -1.143961766291352E-003
   137.334375000000        -1.061895794067296E-003
   137.548125000000        -9.498833287829005E-004
   137.761875000000        -8.119475829080119E-004
   137.975625000000        -6.531110639717368E-004
   138.189375000000        -4.792208501902297E-004
   138.403125000000        -2.967437591427271E-004
   138.616875000000        -1.125390066990259E-004
   138.830625000000         6.638340901471925E-005
   139.044375000000         2.331100436641965E-004
   139.258125000000         3.810684933001181E-004
   139.471875000000         5.042607302879036E-004
   139.685625000000         5.974775076289833E-004
   139.899375000000         6.564867875111556E-004
   140.113125000000         6.781900660071175E-004
   140.326875000000         6.607415247170230E-004
   140.540625000000         6.036261077654698E-004
   140.754375000000         5.076938682315726E-004
   140.968125000000         3.751492246096007E-004
   141.181875000000         2.094950909422328E-004
   141.395625000000         1.543317124925684E-005
   141.609375000000        -2.012769825004340E-004
   141.823125000000        -4.339962828232834E-004
   142.036875000000        -6.754167244110952E-004
   142.250625000000        -9.177981395863360E-004
   142.464375000000        -1.153223950820939E-003
   142.678125000000        -1.373867970589378E-003
   142.891875000000        -1.572263690366922E-003
   143.105625000000        -1.741567128367214E-003
   143.319375000000        -1.875804202073401E-003
   143.533125000000        -1.970093783127826E-003
   143.746875000000        -2.020838096201378E-003
   143.960625000000        -2.025872946119819E-003
   144.174375000000        -1.984571391383161E-003
   144.388125000000        -1.897895905153068E-003
   144.601875000000        -1.768395739611122E-003
   144.815625000000        -1.600148084684577E-003
   145.029375000000        -1.398643623072461E-003
   145.243125000000        -1.170619155588859E-003
   145.456875000000        -9.238420223755205E-004
   145.670625000000        -6.668529916217274E-004
   145.884375000000        -4.086760440345179E-004
   146.098125000000        -1.585049693616688E-004
   146.311875000000         7.462215944764738E-005
   146.525625000000         2.821488163241571E-004
   146.739375000000         4.563140253815467E-004
   146.953125000000         5.904425588775547E-004
   147.166875000000         6.791999763194338E-004
   147.380625000000         7.188022370900301E-004
   147.594375000000         7.071711351899484E-004
   147.808125000000         6.440287029176038E-004
   148.021875000000         5.309259459549061E-004
   148.235625000000         3.712037266333162E-004
   148.449375000000         1.698862147388794E-004
   148.663125000000        -6.649002298436332E-005
   148.876875000000        -3.301056268955684E-004
   149.090625000000        -6.121386392064923E-004
   149.304375000000        -9.030850169622154E-004
   149.518125000000        -1.193107384725445E-003
   149.731875000000        -1.472398593451587E-003
   149.945625000000        -1.731545821133612E-003
   150.159375000000        -1.961880698311788E-003
   150.373125000000        -2.155801299488048E-003
   150.586875000000        -2.307052816418120E-003
   150.800625000000        -2.410955300056533E-003
   151.014375000000        -2.464568974700448E-003
   151.228125000000        -2.466790212207483E-003
   151.441875000000        -2.418374200968534E-003
   151.655625000000        -2.321883525358301E-003
   151.869375000000        -2.181565140432301E-003
   152.083125000000        -2.003161426192023E-003
   152.296875000000        -1.793663975013558E-003
   152.510625000000        -1.561021349619011E-003
   152.724375000000        -1.313814106838484E-003
   152.938125000000        -1.060911797705335E-003
   153.151875000000        -8.111273423332743E-004
   153.365625000000        -5.728840921448959E-004
   153.579375000000        -3.539100288292090E-004
   153.793125000000        -1.609719501508965E-004
   154.006875000000         3.397575378417713E-007
   154.220625000000         1.257679366018993E-004
   154.434375000000         2.124823862340736E-004
   154.648125000000         2.591091531293938E-004
   154.861875000000         2.656973591590476E-004
   155.075625000000         2.336286605231828E-004
   155.289375000000         1.654771683221517E-004
   155.503125000000         6.482985419041154E-005
   155.716875000000        -6.392100513156785E-005
   155.930625000000        -2.158010015658236E-004
   156.144375000000        -3.854800263585085E-004
   156.358125000000        -5.674903252295214E-004
   156.571875000000        -7.564259506826123E-004
   156.785625000000        -9.471153494315658E-004
   156.999375000000        -1.134761196906937E-003
   157.213125000000        -1.315044197456438E-003
   157.426875000000        -1.484190220226213E-003
   157.640625000000        -1.639002650643514E-003
   157.854375000000        -1.776864034837721E-003
   158.068125000000        -1.895712835340739E-003
   158.281875000000        -1.994002294244764E-003
   158.495625000000        -2.070648952115401E-003
   158.709375000000        -2.124978282712255E-003
   158.923125000000        -2.156674208289063E-003
   159.136875000000        -2.165738035753545E-003
   159.350625000000        -2.152460715861839E-003
   159.564375000000        -2.117410419879814E-003
   159.778125000000        -2.061435411817877E-003
   159.991875000000        -1.985680235250071E-003
   160.205625000000        -1.891611490028659E-003
   160.419375000000        -1.781048084869437E-003
   160.633125000000        -1.656189926686754E-003
   160.846875000000        -1.519638619957394E-003
   161.060625000000        -1.374403931205842E-003
   161.274375000000        -1.223890513888428E-003
   161.488125000000        -1.071860634978351E-003
   161.701875000000        -9.223703067663038E-004
   161.915625000000        -7.796781858955043E-004
   162.129375000000        -6.481287151089803E-004
   162.343125000000        -5.320130989157741E-004
   162.556875000000        -4.354136689862022E-004
   162.770625000000        -3.620388649384923E-004
   162.984375000000        -3.150573070395981E-004
   163.198125000000        -2.969401725482635E-004
   163.411875000000        -3.093212441490487E-004
   163.625625000000        -3.528835521751777E-004
   163.839375000000        -4.272804965048028E-004
   164.053125000000        -5.310977620126343E-004
   164.266875000000        -6.618603212812017E-004
   164.480625000000        -8.160864676017025E-004
   164.694375000000        -9.893882801830663E-004
   164.908125000000        -1.176615345722938E-003
   165.121875000000        -1.372036104061917E-003
   165.335625000000        -1.569549002904360E-003
   165.549375000000        -1.762913874711386E-003
   165.763125000000        -1.945992701087425E-003
   165.976875000000        -2.112988288210953E-003
   166.190625000000        -2.258669386164856E-003
   166.404375000000        -2.378571450271563E-003
   166.618125000000        -2.469163527561519E-003
   166.831875000000        -2.527973580835335E-003
   167.045625000000        -2.553666826000557E-003
   167.259375000000        -2.546074216806244E-003
   167.473125000000        -2.506170906583287E-003
   167.686875000000        -2.436007181663879E-003
   167.900625000000        -2.338596830141333E-003
   168.114375000000        -2.217770029876462E-003
   168.328125000000        -2.077999482004775E-003
   168.541875000000        -1.924209584059100E-003
   168.755625000000        -1.761578873067278E-003
   168.969375000000        -1.595345760106957E-003
   169.183125000000        -1.430626754955155E-003
   169.396875000000        -1.272255016228249E-003
   169.610625000000        -1.124645269328656E-003
   169.824375000000        -9.916890508788561E-004
   170.038125000000        -8.766820216302632E-004
   170.251875000000        -7.822829038421880E-004
   170.465625000000        -7.105016013859949E-004
   170.679375000000        -6.627123906935116E-004
   170.893125000000        -6.396868387648869E-004
   171.106875000000        -6.416403844803345E-004
   171.320625000000        -6.682863430196958E-004
   171.534375000000        -7.188914480369154E-004
   171.748125000000        -7.923278781301646E-004
   171.961875000000        -8.871179321403494E-004
   172.175625000000        -1.001469002446885E-003
   172.389375000000        -1.133298109181026E-003
   172.603125000000        -1.280246857263270E-003
   172.816875000000        -1.439689124142325E-003
   173.030625000000        -1.608734957651241E-003
   173.244375000000        -1.784234965375347E-003
   173.458125000000        -1.962789847455250E-003
   173.671875000000        -2.140769639051399E-003
   173.885625000000        -2.314346699710765E-003
   174.099375000000        -2.479545562616538E-003
   174.313125000000        -2.632311514797814E-003
   174.526875000000        -2.768598319377337E-003
   174.740625000000        -2.884473925237210E-003
   174.954375000000        -2.976241453753207E-003
   175.168125000000        -3.040571316293325E-003
   175.381875000000        -3.074639096058049E-003
   175.595625000000        -3.076262899877309E-003
   175.809375000000        -3.044033302663121E-003
   176.023125000000        -2.977428797535916E-003
   176.236875000000        -2.876909832701473E-003
   176.450625000000        -2.743985045684000E-003
   176.664375000000        -2.581244163683929E-003
   176.878125000000        -2.392353181077737E-003
   177.091875000000        -2.182008799892676E-003
   177.305625000000        -1.955850672035586E-003
   177.519375000000        -1.720331658619186E-003
   177.733125000000        -1.482548068733266E-003
   177.946875000000        -1.250033605552923E-003
   178.160625000000        -1.030522479897324E-003
   178.374375000000        -8.316887964290862E-004
   178.588125000000        -6.608708177415655E-004
   178.801875000000        -5.247900031619927E-004
   179.015625000000        -4.292757328759006E-004
   179.229375000000        -3.790072902102567E-004
   179.443125000000        -3.772849109565477E-004
   179.656875000000        -4.258414484833599E-004
   179.870625000000        -5.247053890548198E-004
   180.084375000000        -6.721245455689667E-004
   180.298125000000        -8.645577511696261E-004
   180.511875000000        -1.096739294892713E-003
   180.725625000000        -1.361817760172711E-003
   180.939375000000        -1.651567459285061E-003
   181.153125000000        -1.956666962162124E-003
   181.366875000000        -2.267035494257244E-003
   181.580625000000        -2.572214451063942E-003
   181.794375000000        -2.861778186128159E-003
   182.008125000000        -3.125755810816701E-003
   182.221875000000        -3.355044210547439E-003
   182.435625000000        -3.541792003828761E-003
   182.649375000000        -3.679734856901313E-003
   182.863125000000        -3.764464452625546E-003
   183.076875000000        -3.793616447853825E-003
   183.290625000000        -3.766966802164886E-003
   183.504375000000        -3.686430703249315E-003
   183.718125000000        -3.555963660420875E-003
   183.931875000000        -3.381369845637132E-003
   184.145625000000        -3.170028061168370E-003
   184.359375000000        -2.930550434930373E-003
   184.573125000000        -2.672392748325386E-003
   184.786875000000        -2.405437904925348E-003
   185.000625000000        -2.139575251733602E-003
   185.214375000000        -1.884298169560434E-003
   185.428125000000        -1.648340568799581E-003
   185.641875000000        -1.439369788984529E-003
   185.855625000000        -1.263749138394025E-003
   186.069375000000        -1.126378246318829E-003
   186.283125000000        -1.030613922486340E-003
   186.496875000000        -9.782687464210088E-004
   186.710625000000        -9.696795647795689E-004
   186.924375000000        -1.003833842718731E-003
   187.138125000000        -1.078538715078520E-003
   187.351875000000        -1.190615839950582E-003
   187.565625000000        -1.336104883707957E-003
   187.779375000000        -1.510459652996083E-003
   187.993125000000        -1.708723403749741E-003
   188.206875000000        -1.925673457014050E-003
   188.420625000000        -2.155929602139923E-003
   188.634375000000        -2.394025472501803E-003
   188.848125000000        -2.634446709940722E-003
   189.061875000000        -2.871643870131477E-003
   189.275625000000        -3.100031281615236E-003
   189.489375000000        -3.313985149079497E-003
   189.703125000000        -3.507854878532668E-003
   189.916875000000        -3.676000807341787E-003
   190.130625000000        -3.812869280232289E-003
   190.344375000000        -3.913112481660218E-003
   190.558125000000        -3.971755886010386E-003
   190.771875000000        -3.984410982014432E-003
   190.985625000000        -3.947525492589012E-003
   191.199375000000        -3.858658102899385E-003
   191.413125000000        -3.716760180449135E-003
   191.626875000000        -3.522443534564778E-003
   191.840625000000        -3.278211260342653E-003
   192.054375000000        -2.988628386874266E-003
   192.268125000000        -2.660410525772791E-003
   192.481875000000        -2.302411988171759E-003
   192.695625000000        -1.925499768850915E-003
   192.909375000000        -1.542306122368156E-003
   193.123125000000        -1.166859806304696E-003
   193.336875000000        -8.141039835286649E-004
   193.550625000000        -4.993167450503102E-004
   193.764375000000        -2.374577010842390E-004
   193.978125000000        -4.247056637411478E-005
   194.191875000000         7.342333987736289E-005
   194.405625000000         1.004026458254283E-004
   194.619375000000         3.165555403404966E-005
   194.833125000000        -1.361160443850938E-004
   195.046875000000        -4.023318185239416E-004
   195.260625000000        -7.623354999480132E-004
   195.474375000000        -1.207384620298497E-003
   195.688125000000        -1.724838009605316E-003
   195.901875000000        -2.298541087326829E-003
   196.115625000000        -2.909398038943073E-003
   196.329375000000        -3.536109223355198E-003
   196.543125000000        -4.156042246384993E-003
   196.756875000000        -4.746196678577985E-003
   196.970625000000        -5.284215937287765E-003
   197.184375000000        -5.749395835072939E-003
   197.398125000000        -6.123638025696944E-003
   197.611875000000        -6.392298205460356E-003
   197.825625000000        -6.544883430837018E-003
   198.039375000000        -6.575560099490060E-003
   198.253125000000        -6.483443650715799E-003
   198.466875000000        -6.272652365238994E-003
   198.680625000000        -5.952120154992637E-003
   198.894375000000        -5.535176219009339E-003
   199.108125000000        -5.038912148153590E-003
   199.321875000000        -4.483368739792439E-003
   199.535625000000        -3.890584735360850E-003
   199.749375000000        -3.283557316326984E-003
   199.963125000000        -2.685169019129709E-003
   200.176875000000        -2.117137454851708E-003
   200.390625000000        -1.599042729027992E-003
   200.604375000000        -1.147482831223528E-003
   200.818125000000        -7.753997753196693E-004
   201.031875000000        -4.916093685268199E-004
   201.245625000000        -3.005557671681003E-004
   201.459375000000        -2.022991482477720E-004
   201.673125000000        -1.927316614436172E-004
   201.886875000000        -2.640041163881288E-004
   202.100625000000        -4.051343605408176E-004
   202.314375000000        -6.027586867680030E-004
   202.528125000000        -8.419804252161652E-004
   202.741875000000        -1.107265510787060E-003
   202.955625000000        -1.383333483480290E-003
   203.169375000000        -1.655994089894685E-003
   203.383125000000        -1.912884236375040E-003
   203.596875000000        -2.144067149079924E-003
   203.810625000000        -2.342464726797500E-003
   204.024375000000        -2.504104619306351E-003
   204.238125000000        -2.628174847990982E-003
   204.451875000000        -2.716890102571317E-003
   204.665625000000        -2.775184516396399E-003
   204.879375000000        -2.810255126042768E-003
   205.093125000000        -2.830987844527388E-003
   205.306875000000        -2.847303238178719E-003
   205.520625000000        -2.869462462321735E-003
   205.734375000000        -2.907374306121553E-003
   205.948125000000        -2.969942503587499E-003
   206.161875000000        -3.064488509938359E-003
   206.375625000000        -3.196279165220849E-003
   206.589375000000        -3.368181507471291E-003
   206.803125000000        -3.580458952242504E-003
   207.016875000000        -3.830714644679945E-003
   207.230625000000        -4.113979525161774E-003
   207.444375000000        -4.422934999004549E-003
   207.658125000000        -4.748253466070224E-003
   207.871875000000        -5.079034660238639E-003
   208.085625000000        -5.403311983266053E-003
   208.299375000000        -5.708600897259599E-003
   208.513125000000        -5.982460964335890E-003
   208.726875000000        -6.213044193402482E-003
   208.940625000000        -6.389604791350941E-003
   209.154375000000        -6.502948972477050E-003
   209.368125000000        -6.545807863392910E-003
   209.581875000000        -6.513121434776267E-003
   209.795625000000        -6.402226476774173E-003
   210.009375000000        -6.212946609095616E-003
   210.223125000000        -5.947586910698195E-003
   210.436875000000        -5.610839745558538E-003
   210.650625000000        -5.209611585303557E-003
   210.864375000000        -4.752782984015849E-003
   211.078125000000        -4.250915306955413E-003
   211.291875000000        -3.715918376569430E-003
   211.505625000000        -3.160692954955571E-003
   211.719375000000        -2.598761057408275E-003
   211.933125000000        -2.043895647281789E-003
   212.146875000000        -1.509759480239273E-003
   212.360625000000        -1.009560935432196E-003
   212.574375000000        -5.557327745762370E-004
   212.788125000000        -1.596380688166011E-004
   213.001875000000         1.686938435084303E-004
   213.215625000000         4.207994711336389E-004
   213.429375000000         5.899799766421177E-004
   213.643125000000         6.714653789285541E-004
   213.856875000000         6.625425659649962E-004
   214.070625000000         5.626449806235240E-004
   214.284375000000         3.734011700206940E-004
   214.498125000000         9.863876102149762E-005
   214.711875000000        -2.556599872737980E-004
   214.925625000000        -6.814549375918930E-004
   215.139375000000        -1.168800540984676E-003
   215.353125000000        -1.706056339793751E-003
   215.566875000000        -2.280156107763493E-003
   215.780625000000        -2.876933889316844E-003
   215.994375000000        -3.481502339031195E-003
   216.208125000000        -4.078675536567417E-003
   216.421875000000        -4.653425075401636E-003
   216.635625000000        -5.191354951670519E-003
   216.849375000000        -5.679177891880002E-003
   217.063125000000        -6.105173536283810E-003
   217.276875000000        -6.459607597207782E-003
   217.490625000000        -6.735090951248059E-003
   217.704375000000        -6.926858746366599E-003
   217.918125000000        -7.032952069868407E-003
   218.131875000000        -7.054288495143815E-003
   218.345625000000        -6.994612767206799E-003
   218.559375000000        -6.860324765405138E-003
   218.773125000000        -6.660188376115459E-003
   218.986875000000        -6.404931631308209E-003
   219.200625000000        -6.106754990647222E-003
   219.414375000000        -5.778770522284869E-003
   219.628125000000        -5.434399546430667E-003
   219.841875000000        -5.086759672314993E-003
   220.055625000000        -4.748073789394496E-003
   220.269375000000        -4.429133278111608E-003
   220.483125000000        -4.138845417218978E-003
   220.696875000000        -3.883890748710663E-003
   220.910625000000        -3.668510215493098E-003
   221.124375000000        -3.494434532474218E-003
   221.338125000000        -3.360959915841041E-003
   221.551875000000        -3.265165484778164E-003
   221.765625000000        -3.202258919134445E-003
   221.979375000000        -3.166028871130653E-003
   222.193125000000        -3.149375727817723E-003
   222.406875000000        -3.144887078399299E-003
   222.620625000000        -3.145421033989987E-003
   222.834375000000        -3.144659629033065E-003
   223.048125000000        -3.137596010774965E-003
   223.261875000000        -3.120922948119473E-003
   223.475625000000        -3.093296161030745E-003
   223.689375000000        -3.055453739023026E-003
   223.903125000000        -3.010182010669352E-003
   224.116875000000        -2.962128079059980E-003
   224.330625000000        -2.917469225484935E-003
   224.544375000000        -2.883458861827366E-003
   224.758125000000        -2.867877062021797E-003
   224.971875000000        -2.878420370941739E-003
   225.185625000000        -2.922070124992379E-003
   225.399375000000        -3.004480606556586E-003
   225.613125000000        -3.129427834926876E-003
   225.826875000000        -3.298356678585219E-003
   226.040625000000        -3.510058435827147E-003
   226.254375000000        -3.760503409028857E-003
   226.468125000000        -4.042843764940424E-003
   226.681875000000        -4.347591707123890E-003
   226.895625000000        -4.662967331852660E-003
   227.109375000000        -4.975400164354076E-003
   227.323125000000        -5.270158926859926E-003
   227.536875000000        -5.532076159197256E-003
   227.750625000000        -5.746328381206403E-003
   227.964375000000        -5.899228906878639E-003
   228.178125000000        -5.978989392313165E-003
   228.391875000000        -5.976407759158232E-003
   228.605625000000        -5.885444154854851E-003
   228.819375000000        -5.703652812269583E-003
   229.033125000000        -5.432445646282417E-003
   229.246875000000        -5.077172666147978E-003
   229.460625000000        -4.647014218638243E-003
   229.674375000000        -4.154690111535340E-003
   229.888125000000        -3.616000217009413E-003
   230.101875000000        -3.049219686694405E-003
   230.315625000000        -2.474378972935019E-003
   230.529375000000        -1.912464097333103E-003
   230.743125000000        -1.384575813717716E-003
   230.956875000000        -9.110873824360634E-004
   231.170625000000        -5.108396385786252E-004
   231.384375000000        -2.004090488981422E-004
   231.598125000000         6.520236611307789E-006
   231.811875000000         9.965538882961318E-005
   232.025625000000         7.244704400707349E-005
   232.239375000000        -7.771573384501602E-005
   232.453125000000        -3.494702676051923E-004
   232.666875000000        -7.375999956214714E-004
   232.880625000000        -1.233297426632166E-003
   233.094375000000        -1.824552749901909E-003
   233.308125000000        -2.496645825530691E-003
   233.521875000000        -3.232715918338787E-003
   233.735625000000        -4.014381603620608E-003
   233.949375000000        -4.822382771270096E-003
   234.163125000000        -5.637217521037409E-003
   234.376875000000        -6.439748846595541E-003
   234.590625000000        -7.211759166526554E-003
   234.804375000000        -7.936434751401175E-003
   235.018125000000        -8.598766664317914E-003
   235.231875000000        -9.185859709112249E-003
   235.445625000000        -9.687145796177188E-003
   235.659375000000        -1.009450283264951E-002
   235.873125000000        -1.040228448813318E-002
   236.086875000000        -1.060726978101597E-002
   236.300625000000        -1.070854422022180E-002
   236.514375000000        -1.070732612093747E-002
   236.728125000000        -1.060675264442994E-002
   236.941875000000        -1.041164010291130E-002
   237.155625000000        -1.012823218763046E-002
   237.369375000000        -9.763948139957564E-003
   237.583125000000        -9.327140652126977E-003
   237.796875000000        -8.826870649830220E-003
   238.010625000000        -8.272703285943577E-003
   238.224375000000        -7.674526681769527E-003
   238.438125000000        -7.042392398548885E-003
   238.651875000000        -6.386374493612378E-003
   238.865625000000        -5.716442462270454E-003
   239.079375000000        -5.042342491871367E-003
   239.293125000000        -4.373481308271926E-003
   239.506875000000        -3.718807470103791E-003
   239.720625000000        -3.086686199072809E-003
   239.934375000000        -2.484765609698571E-003
   240.148125000000        -1.919834360619367E-003
   240.361875000000        -1.397673101347299E-003
   240.575625000000        -9.229044249198544E-004
   240.789375000000        -4.988481476812967E-004
   241.003125000000        -1.273904251992298E-004
   241.216875000000         1.911236909896874E-004
   241.430625000000         4.579642754791190E-004
   241.644375000000         6.760475708189662E-004
   241.858125000000         8.499157270523943E-004
   242.071875000000         9.856589287488855E-004
   242.285625000000         1.090776286053036E-003
   242.499375000000         1.173975075383562E-003
   242.713125000000         1.244911451053795E-003
   242.926875000000         1.313879384646690E-003
   243.140625000000         1.391458081932824E-003
   243.354375000000         1.488131235079704E-003
   243.568125000000         1.613893964905026E-003
   243.781875000000         1.777864999903058E-003
   243.995625000000         1.987922377152755E-003
   244.209375000000         2.250380642842844E-003
   244.423125000000         2.569726148779723E-003
   244.636875000000         2.948424625137788E-003
   244.850625000000         3.386811865066911E-003
   245.064375000000         3.883074251977286E-003
   245.278125000000         4.433321217288668E-003
   245.491875000000         5.031746798413565E-003
   245.705625000000         5.670872563358147E-003
   245.919375000000         6.341859578535168E-003
   246.133125000000         7.034873110424440E-003
   246.346875000000         7.739480632947675E-003
   246.560625000000         8.445061680147550E-003
   246.774375000000         9.141207298036969E-003
   246.988125000000         9.818087398865477E-003
   247.201875000000         1.046676621409025E-002
   247.415625000000         1.107944920353035E-002
   247.629375000000         1.164964904881306E-002
   247.843125000000         1.217226350338187E-002
   248.056875000000         1.264356358705509E-002
   248.270625000000         1.306109654828948E-002
   248.484375000000         1.342351378974812E-002
   248.698125000000         1.373033917356099E-002
   248.911875000000         1.398169742134914E-002
   249.125625000000         1.417802537440883E-002
   249.339375000000         1.431979042386775E-002
   249.553125000000         1.440724029180889E-002
   249.766875000000         1.444020648197947E-002
   249.980625000000         1.441798017992172E-002
   250.194375000000         1.433927434468600E-002
   250.408125000000         1.420227949001650E-002
   250.621875000000         1.400481359487281E-002
   250.835625000000         1.374455918215302E-002
   251.049375000000         1.341937337942745E-002
   251.263125000000         1.302765025809949E-002
   251.476875000000         1.256870944376332E-002
   251.690625000000         1.204318134229553E-002
   251.904375000000         1.145335767456267E-002
   252.118125000000         1.080347656791062E-002
   252.331875000000         1.009991427256556E-002
   252.545625000000         9.351260549800093E-003
   252.759375000000         8.568261647755430E-003
   252.973125000000         7.763623123007924E-003
   253.186875000000         6.951674041391812E-003
   253.400625000000         6.147903673922343E-003
   253.614375000000         5.368391024477413E-003
   253.828125000000         4.629155723430223E-003
   254.041875000000         3.945465390022040E-003
   254.255625000000         3.331139002458519E-003
   254.469375000000         2.797887756175627E-003
   254.683125000000         2.354734144850711E-003
   254.896875000000         2.007546558497353E-003
   255.110625000000         1.758720738752201E-003
   255.324375000000         1.607031318743776E-003
   255.538125000000         1.547666909105452E-003
   255.751875000000         1.572451391941977E-003
   255.965625000000         1.670242940042277E-003
   256.179375000000         1.827491500486548E-003
   256.393125000000         2.028925754743505E-003
   256.606875000000         2.258332504595278E-003
   256.820625000000         2.499385537751250E-003
   257.034375000000         2.736477661828160E-003
   257.248125000000         2.955508964170663E-003
   257.461875000000         3.144586493889439E-003
   257.675625000000         3.294595342591306E-003
   257.889375000000         3.399608239890914E-003
   258.103125000000         3.457109864869068E-003
   258.316875000000         3.468022585282657E-003
   258.530625000000         3.436531677461919E-003
   258.744375000000         3.369719614029338E-003
   258.958125000000         3.277030087387221E-003
   259.171875000000         3.169592441313928E-003
   259.385625000000         3.059445541914725E-003
   259.599375000000         2.958706345401699E-003
   259.813125000000         2.878732133039784E-003
   260.026875000000         2.829326329720018E-003
   260.240625000000         2.818035892233747E-003
   260.454375000000         2.849583491249225E-003
   260.668125000000         2.925470321339893E-003
   260.881875000000         3.043775716916007E-003
   261.095625000000         3.199168334919345E-003
   261.309375000000         3.383131119502046E-003
   261.523125000000         3.584389317498674E-003
   261.736875000000         3.789518251814661E-003
   261.950625000000         3.983696180021113E-003
   262.164375000000         4.151558124884099E-003
   262.378125000000         4.278099726509364E-003
   262.591875000000         4.349576451635353E-003
   262.805625000000         4.354343233420772E-003
   263.019375000000         4.283582908773143E-003
   263.233125000000         4.131878528531504E-003
   263.446875000000         3.897594349821570E-003
   263.660625000000         3.583042460686840E-003
   263.874375000000         3.194425722694972E-003
   264.088125000000         2.741562097760052E-003
   264.301875000000         2.237409432592753E-003
   264.515625000000         1.697422399744851E-003
   264.729375000000         1.138783621013125E-003
   264.943125000000         5.795582773543082E-004
   265.156875000000         3.782522182577542E-005
   265.370625000000        -4.691624808271774E-004
   265.584375000000        -9.257385001162103E-004
   265.798125000000        -1.318463801073865E-003
   266.011875000000        -1.636614919551280E-003
   266.225625000000        -1.872499924371981E-003
   266.439375000000        -2.021594830290346E-003
   266.653125000000        -2.082505890544112E-003
   266.866875000000        -2.056774729976261E-003
   267.080625000000        -1.948552798378840E-003
   267.294375000000        -1.764178450104546E-003
   267.508125000000        -1.511693670548567E-003
   267.721875000000        -1.200337944658736E-003
   267.935625000000        -8.400541645266541E-004
   268.149375000000        -4.410362409228085E-004
   268.363125000000        -1.334087714989756E-005
   268.576875000000         4.334224068861328E-004
   268.790625000000         8.903175701197320E-004
   269.004375000000         1.349227325247536E-003
   269.218125000000         1.802926828096571E-003
   269.431875000000         2.245100106703203E-003
   269.645625000000         2.670316221342521E-003
   269.859375000000         3.073982505099294E-003
   270.073125000000         3.452290457218279E-003
   270.286875000000         3.802166347478239E-003
   270.500625000000         4.121233913682944E-003
   270.714375000000         4.407791376402008E-003
   270.928125000000         4.660800061857224E-003
   271.141875000000         4.879877866940156E-003
   271.355625000000         5.065288142744523E-003
   271.569375000000         5.217913650720019E-003
   271.783125000000         5.339206171015074E-003
   271.996875000000         5.431104993504683E-003
   272.210625000000         5.495921557115112E-003
   272.424375000000         5.536192402674710E-003
   272.638125000000         5.554507731610823E-003
   272.851875000000         5.553327537749467E-003
   273.065625000000         5.534800860180321E-003
   273.279375000000         5.500605663733563E-003
   273.493125000000         5.451826840877031E-003
   273.706875000000         5.388887719322585E-003
   273.920625000000         5.311546371924072E-003
   274.134375000000         5.218962315171169E-003
   274.348125000000         5.109832408365218E-003
   274.561875000000         4.982587631410336E-003
   274.775625000000         4.835635699171132E-003
   274.989375000000         4.667628923844080E-003
   275.203125000000         4.477733022987625E-003
   275.416875000000         4.265871172644016E-003
   275.630625000000         4.032918770277115E-003
   275.844375000000         3.780828079827088E-003
   276.058125000000         3.512667885259153E-003
   276.271875000000         3.232570933735986E-003
   276.485625000000         2.945590561540994E-003
   276.699375000000         2.657476599302981E-003
   276.913125000000         2.374388549964421E-003
   277.126875000000         2.102570288972976E-003
   277.340625000000         1.848014471641516E-003
   277.554375000000         1.616145998546688E-003
   277.768125000000         1.411552120775640E-003
   277.981875000000         1.237782204034752E-003
   278.195625000000         1.097233252568476E-003
   278.409375000000         9.911287144580569E-004
   278.623125000000         9.195887286210773E-004
   278.836875000000         8.817808044615256E-004
   279.050625000000         8.761319128700218E-004
   279.264375000000         9.005769654087773E-004
   279.478125000000         9.528153154072369E-004
   279.691875000000         1.030546601698971E-003
   279.905625000000         1.131660023976010E-003
   280.119375000000         1.254356709910971E-003
   280.333125000000         1.397192626750775E-003
   280.546875000000         1.559038678456308E-003
   280.760625000000         1.738964230284931E-003
   280.974375000000         1.936059278952622E-003
   281.188125000000         2.149217858440265E-003
   281.401875000000         2.376910222563863E-003
   281.615625000000         2.616973311497765E-003
   281.829375000000         2.866447741732457E-003
   282.043125000000         3.121485153539857E-003
   282.256875000000         3.377342640602017E-003
   282.470625000000         3.628471900916158E-003
   282.684375000000         3.868700633312294E-003
   282.898125000000         4.091493626841921E-003
   283.111875000000         4.290272025609978E-003
   283.325625000000         4.458762368142290E-003
   283.539375000000         4.591342958139031E-003
   283.753125000000         4.683354392484507E-003
   283.966875000000         4.731343781699364E-003
   284.180625000000         4.733218120320000E-003
   284.394375000000         4.688290838088580E-003
   284.608125000000         4.597215947413609E-003
   284.821875000000         4.461815365579542E-003
   285.035625000000         4.284815811020286E-003
   285.249375000000         4.069521056746559E-003
   285.463125000000         3.819452312177246E-003
   285.676875000000         3.537993371182286E-003
   285.890625000000         3.228077487901281E-003
   286.104375000000         2.891949647657290E-003
   286.318125000000         2.531031265253196E-003
   286.531875000000         2.145904968279251E-003
   286.745625000000         1.736425873911746E-003
   286.959375000000         1.301953688203985E-003
   287.173125000000         8.416881691363136E-004
   287.386875000000         3.550800916672115E-004
   287.600625000000        -1.577182038602045E-004
   287.814375000000        -6.954035675022682E-004
   288.028125000000        -1.255116411500615E-003
   288.241875000000        -1.832118755600854E-003
   288.455625000000        -2.419590266195030E-003
   288.669375000000        -3.008567890721551E-003
   288.883125000000        -3.588043744340359E-003
   289.096875000000        -4.145223674009210E-003
   289.310625000000        -4.665936438881950E-003
   289.524375000000        -5.135171740950015E-003
   289.738125000000        -5.537715363997301E-003
   289.951875000000        -5.858842213447579E-003
   290.165625000000        -6.085023647255219E-003
   290.379375000000        -6.204604433187088E-003
   290.593125000000        -6.208406962118650E-003
   290.806875000000        -6.090225718625527E-003
   291.020625000000        -5.847182947249685E-003
   291.234375000000        -5.479926255148327E-003
   291.448125000000        -4.992659736648843E-003
   291.661875000000        -4.393011220474290E-003
   291.875625000000        -3.691748578820900E-003
   292.089375000000        -2.902366945316344E-003
   292.303125000000        -2.040575563614938E-003
   292.516875000000        -1.123717420941625E-003
   292.730625000000        -1.701566198019027E-004
   292.944375000000         8.013323629690289E-004
   293.158125000000         1.772142549065881E-003
   293.371875000000         2.724353600280416E-003
   293.585625000000         3.641172884952844E-003
   293.799375000000         4.507286420968308E-003
   294.013125000000         5.309115072043177E-003
   294.226875000000         6.034978317881290E-003
   294.440625000000         6.675173856566458E-003
   294.654375000000         7.221985830708965E-003
   294.868125000000         7.669637351831587E-003
   295.081875000000         8.014204149420574E-003
   295.295625000000         8.253505671968179E-003
   295.509375000000         8.386988039647405E-003
   295.723125000000         8.415610226393810E-003
   295.936875000000         8.341741140245894E-003
   296.150625000000         8.169071310810537E-003
   296.364375000000         7.902539102536453E-003
   296.578125000000         7.548268117951845E-003
   296.791875000000         7.113510015023606E-003
   297.005625000000         6.606585507971778E-003
   297.219375000000         6.036815904784448E-003
   297.433125000000         5.414438097698547E-003
   297.646875000000         4.750497307793618E-003
   297.860625000000         4.056713861844210E-003
   298.074375000000         3.345322577887536E-003
   298.288125000000         2.628885677764327E-003
   298.501875000000         1.920082278059945E-003
   298.715625000000         1.231479236708334E-003
   298.929375000000         5.752893254590916E-004
   299.143125000000        -3.687668427484304E-005
   299.356875000000        -5.942573539974574E-004
   299.570625000000        -1.087181007786028E-003
   299.784375000000        -1.507293553009058E-003
   299.998125000000        -1.847768687371960E-003
   300.211875000000        -2.103496097723081E-003
   300.425625000000        -2.271243631613316E-003
   300.639375000000        -2.349789477158185E-003
   300.853125000000        -2.340020106944636E-003
   301.066875000000        -2.244989193452449E-003
   301.280625000000        -2.069932027299511E-003
   301.494375000000        -1.822229365689852E-003
   301.708125000000        -1.511314342171948E-003
   301.921875000000        -1.148516320172996E-003
   302.135625000000        -7.468365824015304E-004
   302.349375000000        -3.206526643116788E-004
   302.563125000000         1.146489801890844E-004
   302.776875000000         5.431085021290792E-004
   302.990625000000         9.486883633782360E-004
   303.204375000000         1.315816241709807E-003
   303.418125000000         1.629957112654383E-003
   303.631875000000         1.878191839317310E-003
   303.845625000000         2.049775830277735E-003
   304.059375000000         2.136648894411854E-003
   304.273125000000         2.133866727036844E-003
   304.486875000000         2.039925787742734E-003
   304.700625000000         1.856956808199212E-003
   304.914375000000         1.590767750928741E-003
   305.128125000000         1.250724490465422E-003
   305.341875000000         8.494663858554731E-004
   305.555625000000         4.024636783939784E-004
   305.769375000000        -7.256641669073621E-005
   305.983125000000        -5.563587113552231E-004
   306.196875000000        -1.028879929431544E-003
   306.410625000000        -1.470149306441149E-003
   306.624375000000        -1.861056366304207E-003
   306.838125000000        -2.184131917261768E-003
   307.051875000000        -2.424230968152712E-003
   307.265625000000        -2.569091877022386E-003
   307.479375000000        -2.609744227988619E-003
   307.693125000000        -2.540748083174818E-003
   307.906875000000        -2.360258588540914E-003
   308.120625000000        -2.069921526430021E-003
   308.334375000000        -1.674616370051887E-003
   308.548125000000        -1.182072822480981E-003
   308.761875000000        -6.023939633665639E-004
   308.975625000000         5.247656872761327E-005
   309.189375000000         7.693047558901168E-004
   309.403125000000         1.534097106572871E-003
   309.616875000000         2.332580486728878E-003
   309.830625000000         3.150606249446312E-003
   310.044375000000         3.974462815465337E-003
   310.258125000000         4.791090378641507E-003
   310.471875000000         5.588200768154824E-003
   310.685625000000         6.354313834490173E-003
   310.899375000000         7.078728313415775E-003
   311.113125000000         7.751449439389849E-003
   311.326875000000         8.363097356626360E-003
   311.540625000000         8.904819613843141E-003
   311.754375000000         9.368227990962884E-003
   311.968125000000         9.745375079748424E-003
   312.181875000000         1.002878007330741E-002
   312.395625000000         1.021150684048113E-002
   312.609375000000         1.028729129317270E-002
   312.823125000000         1.025070993019401E-002
   313.036875000000         1.009737773111931E-002
   313.250625000000         9.824161537414541E-003
   313.464375000000         9.429394721621472E-003
   313.678125000000         8.913080108784596E-003
   313.891875000000         8.277070389204033E-003
   314.105625000000         7.525218132453186E-003
   314.319375000000         6.663490414752397E-003
   314.533125000000         5.700045475817538E-003
   314.746875000000         4.645270312708755E-003
   314.960625000000         3.511778461719942E-003
   315.174375000000         2.314366398883324E-003
   315.388125000000         1.069925217937633E-003
   315.601875000000        -2.026980598103445E-004
   315.815625000000        -1.482897455573131E-003
   316.029375000000        -2.748572778213715E-003
   316.243125000000        -3.976471914309838E-003
   316.456875000000        -5.142618890366418E-003
   316.670625000000        -6.222832269501207E-003
   316.884375000000        -7.193332623999703E-003
   317.098125000000        -8.031430120870445E-003
   317.311875000000        -8.716274247320691E-003
   317.525625000000        -9.229638227671925E-003
   317.739375000000        -9.556701768782332E-003
   317.953125000000        -9.686788521819902E-003
   318.166875000000        -9.614010121476550E-003
   318.380625000000        -9.337767740569471E-003
   318.594375000000        -8.863065365582210E-003
   318.808125000000        -8.200596657977715E-003
   319.021875000000        -7.366579077289569E-003
   319.235625000000        -6.382324216017616E-003
   319.449375000000        -5.273550935568277E-003
   319.663125000000        -4.069466478240301E-003
   319.876875000000        -2.801658649946439E-003
   320.090625000000        -1.502857769523753E-003
   320.304375000000        -2.056388364246758E-004
   320.518125000000         1.058858962006489E-003
   320.731875000000         2.262117519041892E-003
   320.945625000000         3.379257410379750E-003
   321.159375000000         4.389826765973125E-003
   321.373125000000         5.278316836191684E-003
   321.586875000000         6.034379948463389E-003
   321.800625000000         6.652747902827278E-003
   322.014375000000         7.132871360323177E-003
   322.228125000000         7.478321467322836E-003
   322.441875000000         7.696012008077463E-003
   322.655625000000         7.795312285136251E-003
   322.869375000000         7.787126659186044E-003
   323.083125000000         7.683015771993065E-003
   323.296875000000         7.494427079707854E-003
   323.510625000000         7.232089191544612E-003
   323.724375000000         6.905606922215817E-003
   323.938125000000         6.523273611341536E-003
   324.151875000000         6.092096066162822E-003
   324.365625000000         5.618007426797225E-003
   324.579375000000         5.106226181814289E-003
   324.793125000000         4.561707010476654E-003
   325.006875000000         3.989622175831902E-003
   325.220625000000         3.395811366285572E-003
   325.434375000000         2.787143113239298E-003
   325.648125000000         2.171741550651900E-003
   325.861875000000         1.559047174608844E-003
   326.075625000000         9.596978681470343E-004
   326.289375000000         3.852350124308526E-004
   326.503125000000        -1.523428064237448E-004
   326.716875000000        -6.411408525850763E-004
   326.930625000000        -1.069995233787541E-003
   327.144375000000        -1.429110752283656E-003
   327.358125000000        -1.710653668482865E-003
   327.571875000000        -1.909247885057567E-003
   327.785625000000        -2.022332236206703E-003
   327.999375000000        -2.050349429437916E-003
   328.213125000000        -1.996752369039847E-003
   328.426875000000        -1.867829543845190E-003
   328.640625000000        -1.672366320463406E-003
   328.854375000000        -1.421171921036582E-003
   329.068125000000        -1.126511437112147E-003
   329.281875000000        -8.014876824084836E-004
   329.495625000000        -4.594187132837714E-004
   329.709375000000        -1.132536091343126E-004
   329.923125000000         2.249378012007679E-004
   330.136875000000         5.443752138040110E-004
   330.350625000000         8.358632543367488E-004
   330.564375000000         1.091968602012006E-003
   330.778125000000         1.307085932413076E-003
   330.991875000000         1.477408295710237E-003
   331.205625000000         1.600823316372488E-003
   331.419375000000         1.676759231950184E-003
   331.633125000000         1.706004283805803E-003
   331.846875000000         1.690519708934736E-003
   332.060625000000         1.633261251018695E-003
   332.274375000000         1.538017620765449E-003
   332.488125000000         1.409267698999265E-003
   332.701875000000         1.252052468637761E-003
   332.915625000000         1.071853507493214E-003
   333.129375000000         8.744679405164623E-004
   333.343125000000         6.658702799721374E-004
   333.556875000000         4.520544637135208E-004
   333.770625000000         2.388541862415002E-004
   333.984375000000         3.174557640335410E-005
   334.198125000000        -1.643575043231850E-004
   334.411875000000        -3.452997696945546E-004
   334.625625000000        -5.078527931385194E-004
   334.839375000000        -6.498341669061000E-004
   335.053125000000        -7.701578042734466E-004
   335.266875000000        -8.687999732268969E-004
   335.480625000000        -9.466726495879417E-004
   335.694375000000        -1.005404826533210E-003
   335.908125000000        -1.047042588773339E-003
   336.121875000000        -1.073688928242465E-003
   336.335625000000        -1.087113246494971E-003
   336.549375000000        -1.088367124254128E-003
   336.763125000000        -1.077446305801643E-003
   336.976875000000        -1.053038322205336E-003
   337.190625000000        -1.012390533356098E-003
   337.404375000000        -9.513248080406431E-004
   337.618125000000        -8.644132129423116E-004
   337.831875000000        -7.453149461352727E-004
   338.045625000000        -5.872596053287337E-004
   338.259375000000        -3.836471533610496E-004
   338.473125000000        -1.287220680619972E-004
   338.686875000000         1.817305625561952E-004
   338.900625000000         5.497247887023002E-004
   339.114375000000         9.745079006867717E-004
   339.328125000000         1.452143074557680E-003
   339.541875000000         1.975285643136172E-003
   339.755625000000         2.533184867181226E-003
   339.969375000000         3.111926839357294E-003
   340.183125000000         3.694916210021269E-003
