  -1.60312500000000         1.523270274827173E-024
  -1.38937500000000         1.325569186135519E-023
  -1.17562500000000         7.547687125468314E-023
 -0.961875000000000         3.233910481039603E-022
 -0.748125000000000         1.088415916833999E-021
 -0.534375000000000         2.826225286177207E-021
 -0.320625000000000         4.908791548912856E-021
 -0.106875000000000         9.118157454446220E-022
  0.106875000000000        -3.376899038538628E-020
  0.320625000000000        -1.666591704607249E-019
  0.534375000000000        -5.480148930941319E-019
  0.748125000000000        -1.462973529980395E-018
  0.961875000000000        -3.389601644926543E-018
   1.17562500000000        -7.052663308584342E-018
   1.38937500000000        -1.345963629074028E-017
   1.60312500000000        -2.391441747687087E-017
   1.81687500000000        -4.000030948925157E-017
   2.03062500000000        -6.351749093124740E-017
   2.24437500000000        -9.639032048363190E-017
   2.45812500000000        -1.405418506416772E-016
   2.67187500000000        -1.977377592371214E-016
   2.88562500000000        -2.694294938329585E-016
   3.09937500000000        -3.566019993729605E-016
   3.31312500000000        -4.596652157263064E-016
   3.52687500000000        -5.784053916607114E-016
   3.74062500000000        -7.119719426671482E-016
   3.95437500000000        -8.589627175907914E-016
   4.16812500000000        -1.017600801991995E-015
   4.38187500000000        -1.185954161003972E-015
   4.59562500000000        -1.362173379795303E-015
   4.80937500000000        -1.544770465115165E-015
   5.02312500000000        -1.732853275913699E-015
   5.23687500000000        -1.926312683499760E-015
   5.45062500000000        -2.125920245239695E-015
   5.66437500000000        -2.333296268039359E-015
   5.87812500000000        -2.550778228329981E-015
   6.09187500000000        -2.781178854847479E-015
   6.30562500000000        -3.027443081227946E-015
   6.51937500000000        -3.292285733568326E-015
   6.73312500000000        -3.577810648800788E-015
   6.94687500000000        -3.885163750876219E-015
   7.16062500000000        -4.214300062610018E-015
   7.37437500000000        -4.563875500332863E-015
   7.58812500000000        -4.931296693473303E-015
   7.80187500000000        -5.312895426395194E-015
   8.01562500000000        -5.704259140115562E-015
   8.22937500000000        -6.100633243892038E-015
   8.44312500000000        -6.497389199219645E-015
   8.65687500000000        -6.890443506400981E-015
   8.87062500000000        -7.276592311744793E-015
   9.08437500000000        -7.653709711743478E-015
   9.29812500000000        -8.020783107352829E-015
   9.51187500000000        -8.377763324712242E-015
   9.72562500000000        -8.725245908110872E-015
   9.93937500000000        -9.064060885728316E-015
   10.1531250000000        -9.394789771870246E-015
   10.3668750000000        -9.717350110196673E-015
   10.5806250000000        -1.003066810545802E-014
   10.7943750000000        -1.033253950163059E-014
   11.0081250000000        -1.061970424898781E-014
   11.2218750000000        -1.088809928708857E-014
   11.4356250000000        -1.113331818755948E-014
   11.6493750000000        -1.135117632727589E-014
   11.8631250000000        -1.153829164334166E-014
   12.0768750000000        -1.169260182066649E-014
   12.2906250000000        -1.181375051903218E-014
   12.5043750000000        -1.190322295227882E-014
   12.7181250000000        -1.196426263167280E-014
   12.9318750000000        -1.200153102147585E-014
   13.1456250000000        -1.202055749962308E-014
   13.3593750000000        -1.202712075261021E-014
   13.5731250000000        -1.202657614319431E-014
   13.7868750000000        -1.202329544909629E-014
   14.0006250000000        -1.202028888648590E-014
   14.2143750000000        -1.201905296321984E-014
   14.4281250000000        -1.201966915795258E-014
   14.6418750000000        -1.202114886595684E-014
   14.8556250000000        -1.202193441531464E-014
   15.0693750000000        -1.202046325732428E-014
   15.2831250000000        -1.201573033669230E-014
   15.4968750000000        -1.200771521946476E-014
   15.7106250000000        -1.199762903589671E-014
   15.9243750000000        -1.198791569747165E-014
   16.1381250000000        -1.198201151640205E-014
   16.3518750000000        -1.198393673154490E-014
   16.5656250000000        -1.199780050093179E-014
   16.7793750000000        -1.202723931050914E-014
   16.9931250000000        -1.207491696911323E-014
   17.2068750000000        -1.214221572205596E-014
   17.4206250000000        -1.222911850534561E-014
   17.6343750000000        -1.233431057360822E-014
   17.8481250000000        -1.245547515560931E-014
   18.0618750000000        -1.258977362785795E-014
   18.2756250000000        -1.273439794738558E-014
   18.4893750000000        -1.288710458079832E-014
   18.7031250000000        -1.304666477918311E-014
   18.9168750000000        -1.321316422052355E-014
   19.1306250000000        -1.338811040536285E-014
   19.3443750000000        -1.357429669396559E-014
   19.5581250000000        -1.377550012929048E-014
   19.7718750000000        -1.399604323043502E-014
   19.9856250000000        -1.424022243036216E-014
   20.1993750000000        -1.451175202781950E-014
   20.4131250000000        -1.481326812508273E-014
   20.6268750000000        -1.514593927027610E-014
   20.8406250000000        -1.550925414037250E-014
   21.0543750000000        -1.590100462344578E-014
   21.2681250000000        -1.631743562756729E-014
   21.4818750000000        -1.675358419021901E-014
   21.6956250000000        -1.720373129738757E-014
   21.9093750000000        -1.766192453863751E-014
   22.1231250000000        -1.812253030666915E-014
   22.3368750000000        -1.858069556979748E-014
   22.5506250000000        -1.903273422932217E-014
   22.7643750000000        -1.947633571796968E-014
   22.9781250000000        -1.991064676600745E-014
   23.1918750000000        -2.033618072450323E-014
   23.4056250000000        -2.075457614461201E-014
   23.6193750000000        -2.116829073368922E-014
   23.8331250000000        -2.158022094393662E-014
   24.0468750000000        -2.199334499322003E-014
   24.2606250000000        -2.241042300515273E-014
   24.4743750000000        -2.283379730613463E-014
   24.6881250000000        -2.326528766916485E-014
   24.9018750000000        -2.370617663131119E-014
   25.1156250000000        -2.415729589996876E-014
   25.3293750000000        -2.461911665900280E-014
   25.5431250000000        -2.509180523906254E-014
   25.7568750000000        -2.557524415129118E-014
   25.9706250000000        -2.606895229661238E-014
   26.1843750000000        -2.657191318187535E-014
   26.3981250000000        -2.708233267515870E-014
   26.6118750000000        -2.759737722483468E-014
   26.8256250000000        -2.811296480397246E-014
   27.0393750000000        -2.862366656986036E-014
   27.2531250000000        -2.912278897722313E-014
   27.4668750000000        -2.960266636105517E-014
   27.6806250000000        -3.005517112150028E-014
   27.8943750000000        -3.047242961053412E-014
   28.1081250000000        -3.084759655537492E-014
   28.3218750000000        -3.117567047694420E-014
   28.5356250000000        -3.145416728176603E-014
   28.7493750000000        -3.168357180660378E-014
   28.9631250000000        -3.186750897675214E-014
   29.1768750000000        -3.201253671264091E-014
   29.3906250000000        -3.212760785941239E-014
   29.6043750000000        -3.222325377528996E-014
   29.8181250000000        -3.231059888480969E-014
   30.0318750000000        -3.240034150530796E-014
   30.2456250000000        -3.250185116720823E-014
   30.4593750000000        -3.262243611872614E-014
   30.6731250000000        -3.276692476084447E-014
   30.8868750000000        -3.293760435938955E-014
   31.1006250000000        -3.313444283253480E-014
   31.3143750000000        -3.335557497526062E-014
   31.5281250000000        -3.359794849209716E-014
   31.7418750000000        -3.385795522160229E-014
   31.9556250000000        -3.413202443535624E-014
   32.1693750000000        -3.441704676968391E-014
   32.3831250000000        -3.471059784502351E-014
   32.5968750000000        -3.501095745776220E-014
   32.8106250000000        -3.531696628134050E-014
   33.0243750000000        -3.562781438298455E-014
   33.2381250000000        -3.594281744476155E-014
   33.4518750000000        -3.626126212999872E-014
   33.6656250000000        -3.658236094389326E-014
   33.8793750000000        -3.690538370598723E-014
   34.0931250000000        -3.722989837096403E-014
   34.3068750000000        -3.755604684558352E-014
   34.5206250000000        -3.788485298494889E-014
   34.7343750000000        -3.821843798024827E-014
   34.9481250000000        -3.856007435190920E-014
   35.1618750000000        -3.891405249241862E-014
   35.3756250000000        -3.928534597294984E-014
   35.5893750000000        -3.967914060247065E-014
   35.8031250000000        -4.010024668479006E-014
   36.0168750000000        -4.055252518050112E-014
   36.2306250000000        -4.103842096781080E-014
   36.4443750000000        -4.155864693043119E-014
   36.6581250000000        -4.211213004377889E-014
   36.8718750000000        -4.269617028897667E-014
   37.0856250000000        -4.330683923362584E-014
   37.2993750000000        -4.393955946409835E-014
   37.5131250000000        -4.458973145124339E-014
   37.7268750000000        -4.525338467086731E-014
   37.9406250000000        -4.592766681424499E-014
   38.1543750000000        -4.661117928731682E-014
   38.3681250000000        -4.730405534769039E-014
   38.5818750000000        -4.800776815317518E-014
   38.7956250000000        -4.872477906469938E-014
   39.0093750000000        -4.945795951646019E-014
   39.2231250000000        -5.020994198405951E-014
   39.4368750000000        -5.098247350942862E-014
   39.6506250000000        -5.177584850005376E-014
   39.8643750000000        -5.258851915100257E-014
   40.0781250000000        -5.341691318240858E-014
   40.2918750000000        -5.425549905928382E-014
   40.5056250000000        -5.509707069615913E-014
   40.7193750000000        -5.593326466749602E-014
   40.9331250000000        -5.675525698548737E-014
   41.1468750000000        -5.755451578278831E-014
   41.3606250000000        -5.832357548441367E-014
   41.5743750000000        -5.905676781506060E-014
   41.7881250000000        -5.975078638899546E-014
   42.0018750000000        -6.040506169931021E-014
   42.2156250000000        -6.102188732567295E-014
   42.4293750000000        -6.160626711181993E-014
   42.6431250000000        -6.216552219269780E-014
   42.8568750000000        -6.270868146222831E-014
   43.0706250000000        -6.324569178059662E-014
   43.2843750000000        -6.378657917419085E-014
   43.4981250000000        -6.434060426940337E-014
   43.7118750000000        -6.491547507660764E-014
   43.9256250000000        -6.551676179301253E-014
   44.1393750000000        -6.614752724904980E-014
   44.3531250000000        -6.680819668102627E-014
   44.5668750000000        -6.749666976738173E-014
   44.7806250000000        -6.820864325373260E-014
   44.9943750000000        -6.893809973871570E-014
   45.2081250000000        -6.967788457836001E-014
   45.4218750000000        -7.042030731879025E-014
   45.6356250000000        -7.115769744537815E-014
   45.8493750000000        -7.188285246115089E-014
   46.0631250000000        -7.258939065574298E-014
   46.2768750000000        -7.327199468174933E-014
   46.4906250000000        -7.392652791970350E-014
   46.7043750000000        -7.455011474511553E-014
   46.9181250000000        -7.514119209127426E-014
   47.1318750000000        -7.569955622230998E-014
   47.3456250000000        -7.622645863154412E-014
   47.5593750000000        -7.672472184190811E-014
   47.7731250000000        -7.719883963310908E-014
   47.9868750000000        -7.765503374271960E-014
   48.2006250000000        -7.810122905947160E-014
   48.4143750000000        -7.854689779127240E-014
   48.6281250000000        -7.900273314922682E-014
   48.8418750000000        -7.948011946192974E-014
   49.0556250000000        -7.999046182367615E-014
   49.2693750000000        -8.054442630031124E-014
   49.4831250000000        -8.115113710814468E-014
   49.6968750000000        -8.181741875122961E-014
   49.9106250000000        -8.254723558081024E-014
   50.1243750000000        -8.334137359944611E-014
   50.3381250000000        -8.419741212782777E-014
   50.5518750000000        -8.511000178374368E-014
   50.7656250000000        -8.607145061714617E-014
   50.9793750000000        -8.707253859003508E-014
   51.1931250000000        -8.810346298157263E-014
   51.4068750000000        -8.915478345358526E-014
   51.6206250000000        -9.021823702898702E-014
   51.8343750000000        -9.128736948114326E-014
   52.0481250000000        -9.235785322282183E-014
   52.2618750000000        -9.342750743671870E-014
   52.4756250000000        -9.449602852803245E-014
   52.6893750000000        -9.556448041107080E-014
   52.9031250000000        -9.663468012738135E-014
   53.1168750000000        -9.770858277500962E-014
   53.3306250000000        -9.878777577335592E-014
   53.5443750000000        -9.987315781453295E-014
   53.7581250000000        -1.009648900230748E-013
   53.9718750000000        -1.020625976055954E-013
   54.1856250000000        -1.031657423839606E-013
   54.3993750000000        -1.042741246563142E-013
   54.6131250000000        -1.053883425383888E-013
   54.8268750000000        -1.065101028545539E-013
   55.0406250000000        -1.076422842135753E-013
   55.2543750000000        -1.087886753324931E-013
   55.4681250000000        -1.099533740467127E-013
   55.6818750000000        -1.111399351326442E-013
   55.8956250000000        -1.123503841116366E-013
   56.1093750000000        -1.135842613367416E-013
   56.3231250000000        -1.148379158803948E-013
   56.5368750000000        -1.161042025543584E-013
   56.7506250000000        -1.173727408817861E-013
   56.9643750000000        -1.186307695117934E-013
   57.1781250000000        -1.198645952522079E-013
   57.3918750000000        -1.210614602921893E-013
   57.6056250000000        -1.222116325520695E-013
   57.8193750000000        -1.233104051239911E-013
   58.0331250000000        -1.243596526500656E-013
   58.2468750000000        -1.253686890381809E-013
   58.4606250000000        -1.263541762482641E-013
   58.6743750000000        -1.273389328801697E-013
   58.8881250000000        -1.283496341227677E-013
   59.1018750000000        -1.294136298557034E-013
   59.3156250000000        -1.305551759911708E-013
   59.5293750000000        -1.317914673329246E-013
   59.7431250000000        -1.331289849312951E-013
   59.9568750000000        -1.345607621146192E-013
   60.1706250000000        -1.360650005627510E-013
   60.3843750000000        -1.376054001390741E-013
   60.5981250000000        -1.391334363247118E-013
   60.8118750000000        -1.405926232362012E-013
   61.0256250000000        -1.419244797977791E-013
   61.2393750000000        -1.430757066727197E-013
   61.4531250000000        -1.440059711673725E-013
   61.6668750000000        -1.446953825085267E-013
   61.8806250000000        -1.451507012201896E-013
   62.0943750000000        -1.454094062577576E-013
   62.3081250000000        -1.455406865179188E-013
   62.5218750000000        -1.456427544252978E-013
   62.7356250000000        -1.458362230097609E-013
   62.9493750000000        -1.462535841934368E-013
   63.1631250000000        -1.470254566490412E-013
   63.3768750000000        -1.482646043583336E-013
   63.5906250000000        -1.500492581902310E-013
   63.8043750000000        -1.524076845222744E-013
   64.0181250000000        -1.553060273723604E-013
   64.2318750000000        -1.586414619683579E-013
   64.4456250000000        -1.622424450357043E-013
   64.6593750000000        -1.658772927892823E-013
   64.8731250000000        -1.692714709032211E-013
   65.0868750000000        -1.721330044299637E-013
   65.3006250000000        -1.741843700126878E-013
   65.5143750000000        -1.751980823615770E-013
   65.7281250000000        -1.750323116238761E-013
   65.9418750000000        -1.736622871158375E-013
   66.1556250000000        -1.712029694409676E-013
   66.3693750000000        -1.679189199990776E-013
   66.5831250000000        -1.642181738163633E-013
   66.7968750000000        -1.606283010123265E-013
   67.0106250000000        -1.577547976134011E-013
   67.2243750000000        -1.562240124213765E-013
   67.4381250000000        -1.566149461209329E-013
   67.6518750000000        -1.593862431679064E-013
   67.8656250000000        -1.648060407978792E-013
   68.0793750000000        -1.728930993710813E-013
   68.2931250000000        -1.833774147011727E-013
   68.5068750000000        -1.956872275538434E-013
   68.7206250000000        -2.089673946474993E-013
   68.9343750000000        -2.221310306548591E-013
   69.1481250000000        -2.339429179476721E-013
   69.3618750000000        -2.431295630457116E-013
   69.5756250000000        -2.485073018272711E-013
   69.7893750000000        -2.491170898162062E-013
   70.0031250000000        -2.443526978269913E-013
   70.2168750000000        -2.340684636674202E-013
   70.4306250000000        -2.186535540881840E-013
   70.6443750000000        -1.990618873374404E-013
   70.8581250000000        -1.767902946476223E-013
   71.0718750000000        -1.538020016131665E-013
   71.2856250000000        -1.323974274142665E-013
   71.4993750000000        -1.150393979900398E-013
   71.7131250000000        -1.041445859938747E-013
   71.9268750000000        -1.018567769706846E-013
   72.1406250000000        -1.098201905591418E-013
   72.3543750000000        -1.289722461115056E-013
   72.5681250000000        -1.593746999381741E-013
   72.7818750000000        -2.001001536215355E-013
   72.9956250000000        -2.491877858992359E-013
   73.2093750000000        -3.036778006583084E-013
   73.4231250000000        -3.597291301742556E-013
   73.6368750000000        -4.128196214911298E-013
   73.8506250000000        -4.580225059695516E-013
   74.0643750000000        -4.903478338477324E-013
   74.2781250000000        -5.051325849447081E-013
   74.4918750000000        -4.984587723513513E-013
   74.7056250000000        -4.675748681441300E-013
   74.9193750000000        -4.112925067088589E-013
   75.1331250000000        -3.303276890148558E-013
   75.3468750000000        -2.275538573159342E-013
   75.5606250000000        -1.081338667300009E-013
   75.7743750000000         2.050076237358220E-014
   75.9881250000000         1.488510009284708E-013
   76.2018750000000         2.657524629598095E-013
   76.4156250000000         3.589883799089408E-013
   76.6293750000000         4.161084796726826E-013
   76.8431250000000         4.254303047240101E-013
   77.0568750000000         3.771779031614444E-013
   77.2706250000000         2.646894079495993E-013
   77.4843750000000         8.560208763211156E-014
   77.6981250000000        -1.570965211159981E-013
   77.9118750000000        -4.542766533421198E-013
   78.1256250000000        -7.902633143614096E-013
   78.3393750000000        -1.142944131519455E-012
   78.5531250000000        -1.484487748335132E-012
   78.7668750000000        -1.782734418582928E-012
   78.9806250000000        -2.003267370985421E-012
   79.1943750000000        -2.112107768510421E-012
   79.4081250000000        -2.078901877139090E-012
   79.6218750000000        -1.880392782793232E-012
   79.8356250000000        -1.503898531899715E-012
   80.0493750000000        -9.504627048832429E-013
   80.2631250000000        -2.373107611049560E-013
   80.4768750000000         6.007554513544244E-013
   80.6906250000000         1.511356268196266E-012
   80.9043750000000         2.426180330095110E-012
   81.1181250000000         3.264416091197444E-012
   81.3318750000000         3.937955513691617E-012
   81.5456250000000         4.358181078164582E-012
   81.7593750000000         4.443960730645369E-012
   81.9731250000000         4.130295739779903E-012
   82.1868750000000         3.376912518307936E-012
   82.4006250000000         2.175981263611113E-012
   82.6143750000000         5.580994973958349E-013
   82.8281250000000        -1.404289057109913E-012
   83.0418750000000        -3.596752098562871E-012
   83.2556250000000        -5.866511456881940E-012
   83.4693750000000        -8.030098377567552E-012
   83.6831250000000        -9.884907071583573E-012
   83.8968750000000        -1.122415475296809E-011
   84.1106250000000        -1.185437455381144E-011
   84.3243750000000        -1.161421794299232E-011
   84.5381250000000        -1.039306230225719E-011
   84.7518750000000        -8.147741871904016E-012
   84.9656250000000        -4.915675594017120E-012
   85.1793750000000        -8.227722662500831E-013
   85.3931250000000         3.915240596264002E-012
   85.6068750000000         8.998999688704967E-012
   85.8206250000000         1.405958776308701E-011
   86.0343750000000         1.868025868969774E-011
   86.2481250000000         2.242486070241634E-011
   86.4618750000000         2.487133348926928E-011
   86.6756250000000         2.564804656334201E-011
   86.8893750000000         2.447026864392084E-011
   87.1031250000000         2.117376436123688E-011
   87.3168750000000         1.574244682491150E-011
   87.5306250000000         8.327197718932550E-012
   87.7443750000000        -7.465933512848218E-013
   87.9581250000000        -1.098453765667742E-011
   88.1718750000000        -2.174268725114201E-011
   88.3856250000000        -3.226075753451861E-011
   88.5993750000000        -4.170787869891100E-011
   88.8131250000000        -4.923852677780888E-011
   89.0268750000000        -5.405528686009797E-011
   89.2406250000000        -5.547428602578118E-011
   89.4543750000000        -5.298857744222028E-011
   89.6681250000000        -4.632451957677221E-011
   89.8818750000000        -3.548631392461596E-011
   90.0956250000000        -2.078435409443237E-011
   90.3093750000000        -2.843884489430688E-012
   90.5231250000000         1.740837318837787E-011
   90.7368750000000         3.878055883734666E-011
   90.9506250000000         5.987434148628966E-011
   91.1643750000000         7.916364913499198E-011
   91.3781250000000         9.508961609869448E-011
   91.5918750000000         1.061664873219543E-010
   91.8056250000000         1.110920709755050E-010
   92.0193750000000         1.088555414211127E-010
   92.2331250000000         9.883503584548806E-011
   92.4468750000000         8.087760632490499E-011
   92.6606250000000         5.535470310736821E-011
   92.8743750000000         2.318746273680227E-011
   93.0881250000000        -1.416238531292149E-011
   93.3018750000000        -5.473826797090615E-011
   93.5156250000000        -9.617126051111836E-011
   93.7293750000000        -1.357970605960835E-010
   93.9431250000000        -1.708028097688608E-010
   94.1568750000000        -1.983968676221585E-010
   94.3706250000000        -2.159926410616186E-010
   94.5843750000000        -2.213959630558649E-010
   94.7981250000000        -2.129844262496150E-010
   95.0118750000000        -1.898666109302125E-010
   95.2256250000000        -1.520093799108036E-010
   95.4393750000000        -1.003223870926128E-010
   95.6531250000000        -3.669066515968596E-011
   95.8668750000000         3.605141893517691E-011
   96.0806250000000         1.142085083268446E-010
   96.2943750000000         1.933750325281009E-010
   96.5081250000000         2.686446896835168E-010
   96.7218750000000         3.348709330531492E-010
   96.9356250000000         3.869668987485586E-010
   97.1493750000000         4.202297118900238E-010
   97.3631250000000         4.306712195994052E-010
   97.5768750000000         4.153351577998634E-010
   97.7906250000000         3.725797711889403E-010
   98.0043750000000         3.023051330058252E-010
   98.2181250000000         2.061059532062328E-010
   98.4318750000000         8.733354687720931E-011
   98.6456250000000        -4.894519720881307E-011
   98.8593750000000        -1.960986989231654E-010
   99.0731250000000        -3.461920516568569E-010
   99.2868750000000        -4.903526820403695E-010
   99.5006250000000        -6.192270753705733E-010
   99.7143750000000        -7.235085006749366E-010
   99.9281250000000        -7.945094882133739E-010
   100.141875000000        -8.247477366804999E-010
   100.355625000000        -8.085105745767926E-010
   100.569375000000        -7.423614254165131E-010
   100.783125000000        -6.255521945948049E-010
   100.996875000000        -4.603082557010784E-010
   101.210625000000        -2.519577805853827E-010
   101.424375000000        -8.884398598061915E-012
   101.638125000000         2.577086953219209E-010
   101.851875000000         5.342244607648950E-010
   102.065625000000         8.052773151392725E-010
   102.279375000000         1.054455985149336E-009
   102.493125000000         1.265210530254466E-009
   102.706875000000         1.421820009997949E-009
   102.920625000000         1.510389025061555E-009
   103.134375000000         1.519815680744403E-009
   103.348125000000         1.442670937514894E-009
   103.561875000000         1.275930205681201E-009
   103.775625000000         1.021502597249233E-009
   103.989375000000         6.865114385912104E-010
   104.203125000000         2.832912147159345E-010
   104.416875000000        -1.709194258489922E-010
   104.630625000000        -6.545923229356135E-010
   104.844375000000        -1.142817857853489E-009
   105.058125000000        -1.608473871823872E-009
   105.271875000000        -2.023605416558359E-009
   105.485625000000        -2.360949697007983E-009
   105.699375000000        -2.595527903140650E-009
   105.913125000000        -2.706216839209052E-009
   106.126875000000        -2.677209089122279E-009
   106.340625000000        -2.499271405001667E-009
   106.554375000000        -2.170717285967346E-009
   106.768125000000        -1.698021224716130E-009
   106.981875000000        -1.096018417997199E-009
   107.195625000000        -3.876541318266912E-010
   107.409375000000         3.967296243409122E-010
   107.623125000000         1.220557160675994E-009
   107.836875000000         2.042593205706139E-009
   108.050625000000         2.818864607022037E-009
   108.264375000000         3.504843937203708E-009
   108.478125000000         4.057790866289051E-009
   108.691875000000         4.439133710442099E-009
   108.905625000000         4.616766016606198E-009
   109.119375000000         4.567131989796904E-009
   109.333125000000         4.276980253930018E-009
   109.546875000000         3.744677727591554E-009
   109.760625000000         2.980993796015256E-009
   109.974375000000         2.009288634960534E-009
   110.188125000000         8.650673680339513E-010
   110.401875000000        -4.051076319065745E-010
   110.615625000000        -1.745322051246716E-009
   110.829375000000        -3.092576629556698E-009
   111.043125000000        -4.379530041320731E-009
   111.256875000000        -5.537605254998157E-009
   111.470625000000        -6.500324901913197E-009
   111.684375000000        -7.206724766689294E-009
   111.898125000000        -7.604684552130249E-009
   112.111875000000        -7.654012122429273E-009
   112.325625000000        -7.329121748686626E-009
   112.539375000000        -6.621158444796774E-009
   112.753125000000        -5.539438992588918E-009
   112.966875000000        -4.112105162612905E-009
   113.180625000000        -2.385915161051550E-009
   113.394375000000        -4.251344866774795E-010
   113.608125000000         1.690474006997336E-009
   113.821875000000         3.868520315420256E-009
   114.035625000000         6.007635844792376E-009
   114.249375000000         8.001777997836828E-009
   114.463125000000         9.745030665178852E-009
   114.676875000000         1.113670710783976E-008
   114.890625000000         1.208653446267449E-008
   115.104375000000         1.251967969280775E-008
   115.318125000000         1.238136681037409E-008
   115.531875000000         1.164083596885917E-008
   115.745625000000         1.029440758323954E-008
   115.959375000000         8.367439583394969E-009
   116.173125000000         5.915003299350243E-009
   116.386875000000         3.021152747783652E-009
   116.600625000000        -2.032780264319720E-010
   116.814375000000        -3.624346397459848E-009
   117.028125000000        -7.090063834090651E-009
   117.241875000000        -1.043669531326156E-008
   117.455625000000        -1.349606544327106E-008
   117.669375000000        -1.610357141045185E-008
   117.883125000000        -1.810654311619507E-008
   118.096875000000        -1.937254554727158E-008
   118.310625000000        -1.979719142092166E-008
   118.524375000000        -1.931102665649344E-008
   118.738125000000        -1.788506944327134E-008
   118.951875000000        -1.553462655558419E-008
   119.165625000000        -1.232107764258819E-008
   119.379375000000        -8.351407493191328E-009
   119.593125000000        -3.775374212281942E-009
   119.806875000000         1.219677130590850E-009
   120.020625000000         6.416216709346718E-009
   120.234375000000         1.157587986806857E-008
   120.448125000000         1.645037445487221E-008
   120.661875000000         2.079344808766863E-008
   120.875625000000         2.437333299899534E-008
   121.089375000000         2.698502985308436E-008
   121.303125000000         2.846176922508644E-008
   121.516875000000         2.868500339369492E-008
   121.730625000000         2.759233272510789E-008
   121.944375000000         2.518285893232224E-008
   122.158125000000         2.151957827792011E-008
   122.371875000000         1.672857556330472E-008
   122.585625000000         1.099494681892616E-008
   122.799375000000         4.555555798001945E-009
   123.013125000000        -2.311093451969280E-009
   123.226875000000        -9.297418977584540E-009
   123.440625000000        -1.608116324538381E-008
   123.654375000000        -2.234092411608901E-008
   123.868125000000        -2.777202428327643E-008
   124.081875000000        -3.210189294311519E-008
   124.295625000000        -3.510414323768413E-008
   124.509375000000        -3.661058486801857E-008
   124.723125000000        -3.652051067114650E-008
   124.936875000000        -3.480673370168041E-008
   125.150625000000        -3.151801989008252E-008
   125.364375000000        -2.677775118990601E-008
   125.578125000000        -2.077885446292139E-008
   125.791875000000        -1.377523070287002E-008
   126.005625000000        -6.070106125545836E-009
   126.219375000000         1.998109538108030E-009
   126.433125000000         1.007174080822351E-008
   126.646875000000         1.779073187517580E-008
   126.860625000000         2.480964425436346E-008
   127.074375000000         3.081391115533370E-008
   127.288125000000         3.553453931597766E-008
   127.501875000000         3.876053846067666E-008
   127.715625000000         4.034848537847684E-008
   127.929375000000         4.022878610014271E-008
   128.143125000000         3.840837643480901E-008
   128.356875000000         3.496978789739697E-008
   128.570625000000         3.006669218755900E-008
   128.784375000000         2.391621256973428E-008
   128.998125000000         1.678844538978731E-008
   129.211875000000         8.993761657061491E-009
   129.425625000000         8.685511285141881E-010
   129.639375000000        -7.239874147894611E-009
   129.853125000000        -1.498848480433580E-008
   130.066875000000        -2.205313912428871E-008
   130.280625000000        -2.814193853395011E-008
   130.494375000000        -3.300677372676619E-008
   130.708125000000        -3.645261519790261E-008
   130.921875000000        -3.834423215837121E-008
   131.135625000000        -3.861016243406631E-008
   131.349375000000        -3.724389492524794E-008
   131.563125000000        -3.430235787729392E-008
   131.776875000000        -2.990192388778674E-008
   131.990625000000        -2.421224082873608E-008
   132.204375000000        -1.744827282465309E-008
   132.418125000000        -9.860984920569429E-009
   132.631875000000        -1.727128643257601E-009
   132.845625000000         6.661415521142365E-009
   133.059375000000         1.500830602954333E-008
   133.273125000000         2.302302755726796E-008
   133.486875000000         3.043046214409089E-008
   133.700625000000         3.697947302997223E-008
   133.914375000000         4.245029811134982E-008
   134.128125000000         4.666061716039862E-008
   134.341875000000         4.947021922504273E-008
   134.555625000000         5.078425083701408E-008
   134.769375000000         5.055506974017380E-008
   134.983125000000         4.878276189378906E-008
   135.196875000000         4.551440170077657E-008
   135.410625000000         4.084214795011148E-008
   135.624375000000         3.490027283493637E-008
   135.838125000000         2.786122114587866E-008
   136.051875000000         1.993079412588297E-008
   136.265625000000         1.134255023913244E-008
   136.479375000000         2.351515644178917E-009
   136.693125000000        -6.772697725646182E-009
   136.906875000000        -1.575325785314753E-008
   137.120625000000        -2.431383700957000E-008
   137.334375000000        -3.218654826832383E-008
   137.548125000000        -3.911992280985914E-008
   137.761875000000        -4.488673083247619E-008
   137.975625000000        -4.929142486652341E-008
   138.189375000000        -5.217696518148952E-008
   138.403125000000        -5.343077583403314E-008
   138.616875000000        -5.298957946324320E-008
   138.830625000000        -5.084287134149792E-008
   139.044375000000        -4.703481976444846E-008
   139.258125000000        -4.166442096436530E-008
   139.471875000000        -3.488379164690218E-008
   139.685625000000        -2.689454920195511E-008
   139.899375000000        -1.794230585175895E-008
   140.113125000000        -8.309384862269700E-009
   140.326875000000         1.694049777490067E-009
   140.540625000000         1.174017870068318E-008
   140.754375000000         2.149468375450962E-008
   140.968125000000         3.062847204418783E-008
   141.181875000000         3.882951977285359E-008
   141.395625000000         4.581436364190074E-008
   141.609375000000         5.133876442972060E-008
   141.823125000000         5.520708668183323E-008
   142.036875000000         5.727998005408564E-008
   142.250625000000         5.748001038169242E-008
   142.464375000000         5.579496948745859E-008
   142.678125000000         5.227868856271842E-008
   142.891875000000         4.704928628381830E-008
   143.105625000000         4.028489467427381E-008
   143.319375000000         3.221701772600214E-008
   143.533125000000         2.312178448566878E-008
   143.746875000000         1.330945439597795E-008
   143.960625000000         3.112613290652039E-009
   144.174375000000        -7.126440609764823E-009
   144.388125000000        -1.706858335364366E-008
   144.601875000000        -2.639047437280543E-008
   144.815625000000        -3.479635116472760E-008
   145.029375000000        -4.202851179326955E-008
   145.243125000000        -4.787605081261263E-008
   145.456875000000        -5.218149887501287E-008
   145.670625000000        -5.484511815646876E-008
   145.884375000000        -5.582671973901891E-008
   146.098125000000        -5.514498937145393E-008
   146.311875000000        -5.287442826434356E-008
   146.525625000000        -4.914012929365864E-008
   146.739375000000        -4.411070994780744E-008
   146.953125000000        -3.798980591144142E-008
   147.166875000000        -3.100658864860288E-008
   147.380625000000        -2.340580331857140E-008
   147.594375000000        -1.543782795800858E-008
   147.808125000000        -7.349230929586900E-009
   148.021875000000         6.257472138186185E-010
   148.235625000000         8.272435722459897E-009
   148.449375000000         1.540144085954473E-008
   148.663125000000         2.185266525393043E-008
   148.876875000000         2.749759730588274E-008
   149.090625000000         3.223993747915490E-008
   149.304375000000         3.601472780607995E-008
   149.518125000000         3.878623427003464E-008
   149.731875000000         4.054489333120450E-008
   149.945625000000         4.130366972747388E-008
   150.159375000000         4.109418072201108E-008
   150.373125000000         3.996292219024351E-008
   150.586875000000         3.796788647838750E-008
   150.800625000000         3.517579495396946E-008
   151.014375000000         3.166008543070332E-008
   151.228125000000         2.749970326400653E-008
   151.441875000000         2.277865265836047E-008
   151.655625000000         1.758617946017631E-008
   151.869375000000         1.201738572396961E-008
   152.083125000000         6.174025759947135E-009
   152.296875000000         1.652076299737615E-010
   152.510625000000        -5.892274491761778E-009
   152.724375000000        -1.187422298756650E-008
   152.938125000000        -1.765012674438010E-008
   153.151875000000        -2.308517648516843E-008
   153.365625000000        -2.804323521090899E-008
   153.579375000000        -3.239069844983874E-008
   153.793125000000        -3.600108557816764E-008
   154.006875000000        -3.876011987465439E-008
   154.220625000000        -4.057098870908567E-008
   154.434375000000        -4.135943247775940E-008
   154.648125000000        -4.107829581124462E-008
   154.861875000000        -3.971118912186050E-008
   155.075625000000        -3.727495218143841E-008
   155.289375000000        -3.382068111966939E-008
   155.503125000000        -2.943317078657613E-008
   155.716875000000        -2.422872881636158E-008
   155.930625000000        -1.835142774723686E-008
   156.144375000000        -1.196796846452400E-008
   156.358125000000        -5.261423541127490E-009
   156.571875000000         1.575794802806761E-009
   156.785625000000         8.349346378287997E-009
   156.999375000000         1.487033658751763E-008
   157.213125000000         2.096224257928079E-008
   157.426875000000         2.646702063286861E-008
   157.640625000000         3.125008733789383E-008
   157.854375000000         3.520395157472102E-008
   158.068125000000         3.825037215126526E-008
   158.281875000000         4.034101918187373E-008
   158.495625000000         4.145671763177407E-008
   158.709375000000         4.160544110501215E-008
   158.923125000000         4.081929627606443E-008
   159.136875000000         3.915078839451229E-008
   159.350625000000         3.666868313691561E-008
   159.564375000000         3.345377910354146E-008
   159.778125000000         2.959488004923413E-008
   159.991875000000         2.518521008301685E-008
   160.205625000000         2.031945374165228E-008
   160.419375000000         1.509153224992618E-008
   160.633125000000         9.593154054220203E-009
   160.846875000000         3.913108261394829E-009
   161.060625000000        -1.862790477494165E-009
   161.274375000000        -7.651243540164608E-009
   161.488125000000        -1.337066439808648E-008
   161.701875000000        -1.894021016268946E-008
   161.915625000000        -2.427882624256135E-008
   162.129375000000        -2.930446444559692E-008
   162.343125000000        -3.393360713455576E-008
   162.556875000000        -3.808119603437480E-008
   162.770625000000        -4.166102823979518E-008
   162.984375000000        -4.458664770047712E-008
   163.198125000000        -4.677273090634503E-008
   163.411875000000        -4.813694239540626E-008
   163.625625000000        -4.860221943733721E-008
   163.839375000000        -4.809943485666427E-008
   164.053125000000        -4.657038038249299E-008
   164.266875000000        -4.397100733911604E-008
   164.480625000000        -4.027485386571319E-008
   164.694375000000        -3.547657541467489E-008
   164.908125000000        -2.959547610332676E-008
   165.121875000000        -2.267891195303287E-008
   165.335625000000        -1.480540411696429E-008
   165.549375000000        -6.087263570072250E-009
   165.763125000000         3.327507273982482E-009
   165.976875000000         1.325430034919640E-008
   166.190625000000         2.347225670417933E-008
   166.404375000000         3.372617015661453E-008
   166.618125000000         4.373019354686290E-008
   166.831875000000         5.317354654241599E-008
   167.045625000000         6.172833887511743E-008
   167.259375000000         6.905950861932695E-008
   167.473125000000         7.483673591135610E-008
   167.686875000000         7.874803581602543E-008
   167.900625000000         8.051457017525695E-008
   168.114375000000         7.990605976133803E-008
   168.328125000000         7.675603874247699E-008
   168.541875000000         7.097608735343195E-008
   168.755625000000         6.256811865717992E-008
   168.969375000000         5.163379193087474E-008
   169.183125000000         3.838018553908120E-008
   169.396875000000         2.312098875281447E-008
   169.610625000000         6.272662375008178E-009
   169.824375000000        -1.165473545736708E-008
   170.038125000000        -3.007207199675589E-008
   170.251875000000        -4.833070847923426E-008
   170.465625000000        -6.574648934017808E-008
   170.679375000000        -8.162721994161545E-008
   170.893125000000        -9.530243168984422E-008
   171.106875000000        -1.061540227971747E-007
   171.320625000000        -1.136462280089032E-007
   171.534375000000        -1.173533239981787E-007
   171.748125000000        -1.169835256507759E-007
   171.961875000000        -1.123976724627668E-007
   172.175625000000        -1.036215374415200E-007
   172.389375000000        -9.085090060100210E-008
   172.603125000000        -7.444889726714895E-008
   172.816875000000        -5.493555564807093E-008
   173.030625000000        -3.296985356984119E-008
   173.244375000000        -9.325025229716719E-009
   173.458125000000         1.514178937135048E-008
   173.671875000000         3.952415882687067E-008
   173.885625000000         6.290362274685475E-008
   174.099375000000         8.438785466493508E-008
   174.313125000000         1.031479426620386E-007
   174.526875000000         1.184530657619532E-007
   174.740625000000         1.297009944999329E-007
   174.954375000000         1.364430720495869E-007
   175.168125000000         1.384026217828718E-007
   175.381875000000         1.354860591173075E-007
   175.595625000000         1.277863395761971E-007
   175.809375000000         1.155787308774605E-007
   176.023125000000         9.930923580422672E-008
   176.236875000000         7.957629847721865E-008
   176.450625000000         5.710668681254291E-008
   176.664375000000         3.272664973489330E-008
   176.878125000000         7.329594509365971E-009
   177.091875000000        -1.815838344802971E-008
   177.305625000000        -4.281375624838397E-008
   177.519375000000        -6.575026530882064E-008
   177.733125000000        -8.615179812169338E-008
   177.946875000000        -1.033022753100208E-007
   178.160625000000        -1.166115202601070E-007
   178.374375000000        -1.256362442415488E-007
   178.588125000000        -1.300954581804837E-007
   178.801875000000        -1.298798132883520E-007
   179.015625000000        -1.250545727636912E-007
   179.229375000000        -1.158561227482762E-007
   179.443125000000        -1.026821399462639E-007
   179.656875000000        -8.607574297220300E-008
   179.870625000000        -6.670416111469272E-008
   180.084375000000        -4.533265330142900E-008
   180.298125000000        -2.279459589601724E-008
   180.511875000000         4.117644583864724E-011
   180.725625000000         2.230455531351436E-008
   180.939375000000         4.315854649720263E-008
   181.153125000000         6.183248439308601E-008
   181.366875000000         7.765269399925146E-008
   181.580625000000         9.006927879824218E-008
   181.794375000000         9.867783238792700E-008
   182.008125000000         1.032350537736852E-007
   182.221875000000         1.036674870325604E-007
   182.435625000000         1.000728978048646E-007
   182.649375000000         9.271412997507260E-008
   182.863125000000         8.200564061426889E-008
   183.076875000000         6.849327158613197E-008
   183.290625000000         5.282816218944087E-008
   183.504375000000         3.573601830784707E-008
   183.718125000000         1.798321009652770E-008
   183.931875000000         3.413548552492428E-010
   184.145625000000        -1.644785938492399E-008
   184.359375000000        -3.170584996387691E-008
   184.573125000000        -4.484664999360491E-008
   184.786875000000        -5.540127753303502E-008
   185.000625000000        -6.303576473836698E-008
   185.214375000000        -6.756199715834459E-008
   185.428125000000        -6.894091487056671E-008
   185.641875000000        -6.727805764545267E-008
   185.855625000000        -6.281186972433839E-008
   186.069375000000        -5.589558926195864E-008
   186.283125000000        -4.697390714668769E-008
   186.496875000000        -3.655586664560452E-008
   186.710625000000        -2.518567034958832E-008
   186.924375000000        -1.341315115552602E-008
   187.138125000000        -1.765643178456428E-009
   187.351875000000         9.277142506594520E-009
   187.565625000000         1.930386519539541E-008
   187.779375000000         2.798687216744119E-008
   187.993125000000         3.509141824513928E-008
   188.206875000000         4.047854251150724E-008
   188.420625000000         4.410179100901261E-008
   188.634375000000         4.599838788264163E-008
   188.848125000000         4.627582216722921E-008
   189.061875000000         4.509510749771819E-008
   189.275625000000         4.265216677268020E-008
   189.489375000000         3.915887923799834E-008
   189.703125000000         3.482529742312254E-008
   189.916875000000         2.984439813789712E-008
   190.130625000000         2.438048604290509E-008
   190.344375000000         1.856203866329586E-008
   190.558125000000         1.247939321277321E-008
   190.771875000000         6.187258108257485E-009
   190.985625000000        -2.883819351287029E-010
   191.199375000000        -6.939776210320130E-009
   191.413125000000        -1.376445422101151E-008
   191.626875000000        -2.075114799375355E-008
   191.840625000000        -2.786604009829689E-008
   192.054375000000        -3.504077600261495E-008
   192.268125000000        -4.216354751162090E-008
   192.481875000000        -4.907431042241736E-008
   192.695625000000        -5.556486250447621E-008
   192.909375000000        -6.138410367128950E-008
   193.123125000000        -6.624836082399476E-008
   193.336875000000        -6.985622076650329E-008
   193.550625000000        -7.190691180466297E-008
   193.764375000000        -7.212094173226757E-008
   193.978125000000        -7.026146525066994E-008
   194.191875000000        -6.615473821123226E-008
   194.405625000000        -5.970803069184020E-008
   194.619375000000        -5.092351656605505E-008
   194.833125000000        -3.990692390049151E-008
   195.046875000000        -2.687009817787088E-008
   195.260625000000        -1.212707044538570E-008
   195.474375000000         3.916299728674141E-009
   195.688125000000         2.077855927981133E-008
   195.901875000000         3.792378893379369E-008
   196.115625000000         5.478627272763905E-008
   196.329375000000         7.079709906625964E-008
   196.543125000000         8.541094656909235E-008
   196.756875000000         9.813130729809529E-008
   196.970625000000         1.085325342816695E-007
   197.184375000000         1.162773580248620E-007
   197.398125000000         1.211288762261740E-007
   197.611875000000         1.229564521796605E-007
   197.825625000000         1.217354245243177E-007
   198.039375000000         1.175409955690166E-007
   198.253125000000         1.105370893574933E-007
   198.466875000000         1.009613196710037E-007
   198.680625000000         8.910745464098961E-008
   198.894375000000         7.530688981880930E-008
   199.108125000000         5.991063711543550E-008
   199.321875000000         4.327320572086641E-008
   199.535625000000         2.573950639268019E-008
   199.749375000000         7.635575282016513E-009
   199.963125000000        -1.073648192260889E-008
   200.176875000000        -2.909934521610944E-008
   200.390625000000        -4.719756326755350E-008
   200.604375000000        -6.479165417804302E-008
   200.818125000000        -8.165029748386126E-008
   201.031875000000        -9.754187225450708E-008
   201.245625000000        -1.122266603259869E-007
   201.459375000000        -1.254509757365122E-007
   201.673125000000        -1.369443066932725E-007
   201.886875000000        -1.464202800937198E-007
   202.100625000000        -1.535819043595319E-007
   202.314375000000        -1.581311440648734E-007
   202.528125000000        -1.597824632913262E-007
   202.741875000000        -1.582795785340516E-007
   202.955625000000        -1.534143191731243E-007
   203.169375000000        -1.450462323855768E-007
   203.383125000000        -1.331214116035295E-007
   203.596875000000        -1.176889866303161E-007
   203.810625000000        -9.891379352070469E-008
   204.024375000000        -7.708393817011367E-008
   204.238125000000        -5.261226532021770E-008
   204.451875000000        -2.603112291704703E-008
   204.665625000000         2.019756763226372E-009
   204.879375000000         3.081198389521518E-008
   205.093125000000         5.955312619431306E-008
   205.306875000000         8.741608905039745E-008
   205.520625000000         1.135718020508097E-007
   205.734375000000         1.372235086521635E-007
   205.948125000000         1.576408179361132E-007
   206.161875000000         1.741916548207954E-007
   206.375625000000         1.863703385009870E-007
   206.589375000000         1.938202213713760E-007
   206.803125000000         1.963496184825506E-007
   207.016875000000         1.939401311634514E-007
   207.230625000000         1.867468939744617E-007
   207.444375000000         1.750907251130581E-007
   207.658125000000         1.594426093108268E-007
   207.871875000000         1.404013624208842E-007
   208.085625000000         1.186656939076326E-007
   208.299375000000         9.500217661776260E-008
   208.513125000000         7.021083661905654E-008
   208.726875000000         4.509017919193681E-008
   208.940625000000         2.040346590381295E-008
   209.154375000000        -3.152046153340299E-009
   209.368125000000        -2.497139079757173E-008
   209.581875000000        -4.456247372533004E-008
   209.795625000000        -6.156006254293532E-008
   210.009375000000        -7.573268975925445E-008
   210.223125000000        -8.698238251307667E-008
   210.436875000000        -9.533753907288747E-008
   210.650625000000        -1.009396511380247E-007
   210.864375000000        -1.040249008435251E-007
   211.078125000000        -1.049019233639171E-007
   211.291875000000        -1.039272055456314E-007
   211.505625000000        -1.014796785538918E-007
   211.719375000000        -9.793605421963686E-008
   211.933125000000        -9.364835262876235E-008
   212.146875000000        -8.892488030711200E-008
   212.360625000000        -8.401565722619858E-008
   212.574375000000        -7.910297437906003E-008
   212.788125000000        -7.429741280781255E-008
   213.001875000000        -6.963929266007396E-008
   213.215625000000        -6.510517055689321E-008
   213.429375000000        -6.061868765205573E-008
   213.643125000000        -5.606480907623324E-008
   213.856875000000        -5.130630393580429E-008
   214.070625000000        -4.620120469438783E-008
   214.284375000000        -4.061996099579901E-008
   214.498125000000        -3.446106525717411E-008
   214.711875000000        -2.766406934253220E-008
   214.925625000000        -2.021912174290833E-008
   215.139375000000        -1.217241702893183E-008
   215.353125000000        -3.627244871852847E-009
   215.566875000000         5.259366092708774E-009
   215.780625000000         1.428411481071870E-008
   215.994375000000         2.320843874502492E-008
   216.208125000000         3.177227721432153E-008
   216.421875000000         3.970962792249585E-008
   216.635625000000         4.676483795004510E-008
   216.849375000000         5.270854277503738E-008
   217.063125000000         5.735221017188665E-008
   217.276875000000         6.056035465657210E-008
   217.490625000000         6.225965305838854E-008
   217.704375000000         6.244440020655478E-008
   217.918125000000         6.117798090200879E-008
   218.131875000000         5.859028453778424E-008
   218.345625000000         5.487123620593875E-008
   218.559375000000         5.026084816855731E-008
   218.773125000000         4.503639529817872E-008
   218.986875000000         3.949747710326463E-008
   219.200625000000         3.394983972830320E-008
   219.414375000000         2.868888942345506E-008
   219.628125000000         2.398383307311188E-008
   219.841875000000         2.006333303991347E-008
   220.055625000000         1.710346703564847E-008
   220.269375000000         1.521864543818565E-008
   220.483125000000         1.445596671391720E-008
   220.696875000000         1.479329601486153E-008
   220.910625000000         1.614114313419756E-008
   221.124375000000         1.834820480779380E-008
   221.338125000000         2.121023383603875E-008
   221.551875000000         2.448171424730416E-008
   221.765625000000         2.788966746647024E-008
   221.979375000000         3.114879765983419E-008
   222.193125000000         3.397711189323995E-008
   222.406875000000         3.611112717500268E-008
   222.620625000000         3.731980413156111E-008
   222.834375000000         3.741642552198369E-008
   223.048125000000         3.626776365883985E-008
   223.261875000000         3.380004772805143E-008
   223.475625000000         3.000144082337874E-008
   223.689375000000         2.492095558381038E-008
   223.903125000000         1.866396307038009E-008
   224.116875000000         1.138466720851831E-008
   224.330625000000         3.276111801414666E-009
   224.544375000000        -5.441555318702612E-009
   224.758125000000        -1.453372814441330E-008
   224.971875000000        -2.376401561367974E-008
   225.185625000000        -3.290607298876261E-008
   225.399375000000        -4.175380041963937E-008
   225.613125000000        -5.012925539590347E-008
   225.826875000000        -5.788781414430853E-008
   226.040625000000        -6.492034225631613E-008
   226.254375000000        -7.115237968953144E-008
   226.468125000000        -7.654059026351522E-008
   226.681875000000        -8.106695062555280E-008
   226.895625000000        -8.473133914811433E-008
   227.109375000000        -8.754331480923784E-008
   227.323125000000        -8.951393757324495E-008
   227.536875000000        -9.064846848327254E-008
   227.750625000000        -9.094069936081744E-008
   227.964375000000        -9.036950513458422E-008
   228.178125000000        -8.889799920966546E-008
   228.391875000000        -8.647542218705915E-008
   228.605625000000        -8.304162884064188E-008
   228.819375000000        -7.853378175597090E-008
   229.033125000000        -7.289463645392011E-008
   229.246875000000        -6.608163373298628E-008
   229.460625000000        -5.807591736888696E-008
   229.674375000000        -4.889037988035571E-008
   229.888125000000        -3.857590893363456E-008
   230.101875000000        -2.722515717530464E-008
   230.315625000000        -1.497337608719362E-008
   230.529375000000        -1.996120266690757E-009
   230.743125000000         1.149608233405341E-008
   230.956875000000         2.526571375079011E-008
   231.170625000000         3.905826950564000E-008
   231.384375000000         5.261345310050132E-008
   231.598125000000         6.567661409070229E-008
   231.811875000000         7.800945466009030E-008
   232.025625000000         8.939909704151904E-008
   232.239375000000         9.966476186725118E-008
   232.453125000000         1.086615418012324E-007
   232.666875000000         1.162810439290653E-007
   232.880625000000         1.224489907648778E-007
   233.094375000000         1.271201824374722E-007
   233.308125000000         1.302715003341996E-007
   233.521875000000         1.318938466150029E-007
   233.735625000000         1.319840415554334E-007
   233.949375000000         1.305377266096889E-007
   234.163125000000         1.275442400079729E-007
   234.376875000000         1.229842485920802E-007
   234.590625000000         1.168306495340597E-007
   234.804375000000         1.090529225133208E-007
   235.018125000000         9.962474749850004E-008
   235.231875000000         8.853434002706794E-008
   235.445625000000         7.579662996709955E-008
   235.659375000000         6.146615362333626E-008
   235.873125000000         4.564936928333366E-008
   236.086875000000         2.851506096354849E-008
   236.300625000000         1.030157194577454E-008
   236.514375000000        -8.680194787932935E-009
   236.728125000000        -2.804877242622300E-008
   236.941875000000        -4.735950618357768E-008
   237.155625000000        -6.611726544057453E-008
   237.369375000000        -8.379400999461035E-008
   237.583125000000        -9.985031683961596E-008
   237.796875000000        -1.137596256415909E-007
   238.010625000000        -1.250337066764806E-007
   238.224375000000        -1.332477169435546E-007
   238.438125000000        -1.380632007062102E-007
   238.651875000000        -1.392475107434155E-007
   238.865625000000        -1.366883656326362E-007
   239.079375000000        -1.304025955686518E-007
   239.293125000000        -1.205385352861018E-007
   239.506875000000        -1.073719626595922E-007
   239.720625000000        -9.129591813562839E-008
   239.934375000000        -7.280513694848022E-008
   240.148125000000        -5.247615105723086E-008
   240.361875000000        -3.094434609251275E-008
   240.575625000000        -8.879374885186994E-009
   240.789375000000         1.303967140900425E-008
   241.003125000000         3.414804483768842E-008
   241.216875000000         5.381699078792964E-008
   241.430625000000         7.147245819790728E-008
   241.644375000000         8.661037615815628E-008
   241.858125000000         9.880832417002522E-008
   242.071875000000         1.077337177439145E-007
   242.285625000000         1.131488700898626E-007
   242.499375000000         1.149134522819715E-007
   242.713125000000         1.129849452813311E-007
   242.926875000000         1.074176546232664E-007
   243.140625000000         9.836074997746642E-008
   243.354375000000         8.605561449247290E-008
   243.568125000000         7.083256814972451E-008
   243.781875000000         5.310679598179078E-008
   243.995625000000         3.337309886202241E-008
   244.209375000000         1.219892327786410E-008
   244.423125000000        -9.784956023324141E-009
   244.636875000000        -3.189671121753768E-008
   244.850625000000        -5.341918272179681E-008
   245.064375000000        -7.361930803422579E-008
   245.278125000000        -9.177120233376895E-008
   245.491875000000        -1.071824529412967E-007
   245.705625000000        -1.192227768574245E-007
   245.919375000000        -1.273537872339194E-007
   246.133125000000        -1.311582634847769E-007
   246.346875000000        -1.303670618504062E-007
   246.560625000000        -1.248816739689339E-007
   246.774375000000        -1.147904663988558E-007
   246.988125000000        -1.003768277701427E-007
   247.201875000000        -8.211781173064597E-008
   247.415625000000        -6.067237750502221E-008
   247.629375000000        -3.685896568020498E-008
   247.843125000000        -1.162286224219471E-008
   248.056875000000         1.400545306246859E-008
   248.270625000000         3.895906469039399E-008
   248.484375000000         6.218795096419062E-008
   248.698125000000         8.271386774638410E-008
   248.911875000000         9.968347313922355E-008
   249.125625000000         1.124163055263253E-007
   249.339375000000         1.204443901715453E-007
   249.553125000000         1.235406493566595E-007
   249.766875000000         1.217339087030225E-007
   249.980625000000         1.153090916214284E-007
   250.194375000000         1.047921235536242E-007
   250.408125000000         9.092006519718394E-008
   250.621875000000         7.459798974144513E-008
   250.835625000000         5.684504200188671E-008
   251.049375000000         3.873289946963383E-008
   251.263125000000         2.132043758031312E-008
   251.476875000000         5.588738003436029E-009
   251.690625000000        -7.619359742994142E-009
   251.904375000000        -1.765118661584624E-008
   252.118125000000        -2.408417416965518E-008
   252.331875000000        -2.675105227548515E-008
   252.545625000000        -2.574852204799503E-008
   252.759375000000        -2.142868925252537E-008
   252.973125000000        -1.437368459738262E-008
   253.186875000000        -5.355024225758452E-009
   253.400625000000         4.719701200942208E-009
   253.614375000000         1.486934926378704E-008
   253.828125000000         2.410685500610014E-008
   254.041875000000         3.150748720069121E-008
   254.255625000000         3.627317809103845E-008
   254.469375000000         3.778860633642031E-008
   254.683125000000         3.566524009436102E-008
   254.896875000000         2.977033432640013E-008
   255.110625000000         2.023887138685275E-008
   255.324375000000         7.467569936287280E-009
   255.538125000000        -7.908712732238823E-009
   255.751875000000        -2.505667753458839E-008
   255.965625000000        -4.299778850151399E-008
   256.179375000000        -6.067148403218714E-008
   256.393125000000        -7.700421789738977E-008
   256.606875000000        -9.097976070187498E-008
   256.820625000000        -1.017061089340521E-007
   257.034375000000        -1.084745797046053E-007
   257.248125000000        -1.108071983514742E-007
   257.461875000000        -1.084892760757174E-007
   257.675625000000        -1.015850703984383E-007
   257.889375000000        -9.043555310872088E-008
   258.103125000000        -7.563850000314188E-008
   258.316875000000        -5.801228212311474E-008
   258.530625000000        -3.854579980915601E-008
   258.744375000000        -1.833788721975326E-008
   258.958125000000         1.469832374319138E-009
   259.171875000000         1.976228246169325E-008
   259.385625000000         3.551802084282126E-008
   259.599375000000         4.786985462282240E-008
   259.813125000000         5.615524997586486E-008
   260.026875000000         5.995353274950235E-008
   260.240625000000         5.910778713094822E-008
   260.454375000000         5.373038712641097E-008
   260.668125000000         4.419216719475214E-008
   260.881875000000         3.109628076738682E-008
   261.095625000000         1.523873960254415E-008
   261.309375000000        -2.441586990554036E-009
   261.523125000000        -2.092015309664722E-008
   261.736875000000        -3.914739289305427E-008
   261.950625000000        -5.610905473939168E-008
   262.164375000000        -7.088256739312148E-008
   262.378125000000        -8.268617329924924E-008
   262.591875000000        -9.091813699500879E-008
   262.805625000000        -9.518405715022559E-008
   263.019375000000        -9.531112555567598E-008
   263.233125000000        -9.134902879951305E-008
   263.446875000000        -8.355802214684980E-008
   263.660625000000        -7.238546806431661E-008
   263.874375000000        -5.843277899223257E-008
   264.088125000000        -4.241520020460370E-008
   264.301875000000        -2.511719018305984E-008
   264.515625000000        -7.346291371628719E-009
   264.729375000000         1.011166581457188E-008
   264.943125000000         2.653340616042274E-008
   265.156875000000         4.129285496026316E-008
   265.370625000000         5.388783602944145E-008
   265.584375000000         6.395765375025706E-008
   265.798125000000         7.129101715599701E-008
   266.011875000000         7.582439647841547E-008
   266.225625000000         7.763150204829685E-008
   266.439375000000         7.690510679334694E-008
   266.653125000000         7.393286702476391E-008
   266.866875000000         6.906910872407971E-008
   267.080625000000         6.270472290816350E-008
   267.294375000000         5.523734701018084E-008
   267.508125000000         4.704390123604205E-008
   267.721875000000         3.845730945084571E-008
   267.935625000000         2.974888079437609E-008
   268.149375000000         2.111738491051576E-008
   268.363125000000         1.268534953675538E-008
   268.576875000000         4.502576874223434E-009
   268.790625000000        -3.443651055848856E-009
   269.004375000000        -1.121269396550126E-008
   269.218125000000        -1.889043193202380E-008
   269.431875000000        -2.656664620012934E-008
   269.645625000000        -3.431184122638229E-008
   269.859375000000        -4.215550585855385E-008
   270.073125000000        -5.006772942199147E-008
   270.286875000000        -5.794586866676951E-008
   270.500625000000        -6.560761634191829E-008
   270.714375000000        -7.279137250769562E-008
   270.928125000000        -7.916429396683215E-008
   271.141875000000        -8.433782966757959E-008
   271.355625000000        -8.788997869494014E-008
   271.569375000000        -8.939297201551524E-008
   271.783125000000        -8.844461776446187E-008
   271.996875000000        -8.470119700202176E-008
   272.210625000000        -7.790958062864729E-008
   272.424375000000        -6.793617814411112E-008
   272.638125000000        -5.479043462831352E-008
   272.851875000000        -3.864086200322386E-008
   273.065625000000        -1.982201116352234E-008
   273.279375000000         1.168661116472336E-009
   273.493125000000         2.368443612372564E-008
   273.706875000000         4.695320118276359E-008
   273.920625000000         7.011055650530031E-008
   274.134375000000         9.224051931769251E-008
   274.348125000000         1.124216154305599E-007
   274.561875000000         1.297757097811520E-007
   274.775625000000         1.435166519464981E-007
   274.989375000000         1.529957232095596E-007
   275.203125000000         1.577409791345930E-007
   275.416875000000         1.574878830919248E-007
   275.630625000000         1.521991056697270E-007
   275.844375000000         1.420719938144128E-007
   276.058125000000         1.275329525590025E-007
   276.271875000000         1.092187839696126E-007
   276.485625000000         8.794584025997404E-008
   276.699375000000         6.466861744145177E-008
   276.913125000000         4.043009139592132E-008
   277.126875000000         1.630663487283513E-008
   277.340625000000        -6.649284294653335E-009
   277.554375000000        -2.746526085779793E-008
   277.768125000000        -4.530065060155147E-008
   277.981875000000        -5.949075000772732E-008
   278.195625000000        -6.958084460928157E-008
   278.409375000000        -7.534812346073970E-008
   278.623125000000        -7.681019104834892E-008
   278.836875000000        -7.421971919716067E-008
   279.050625000000        -6.804561895635379E-008
   279.264375000000        -5.894192373780930E-008
   279.478125000000        -4.770630999420689E-008
   279.691875000000        -3.523079557951761E-008
   279.905625000000        -2.244761173619182E-008
   280.119375000000        -1.027351558950369E-008
   280.333125000000         4.441191705783789E-010
   280.546875000000         8.976228089934352E-009
   280.760625000000         1.475311917317316E-008
   280.974375000000         1.739529389364520E-008
   281.188125000000         1.673228797728327E-008
   281.401875000000         1.280853848664838E-008
   281.615625000000         5.876085884426451E-009
   281.829375000000        -3.625269211175780E-009
   282.043125000000        -1.509896434439286E-008
   282.256875000000        -2.783175560110573E-008
   282.470625000000        -4.104025434783132E-008
   282.684375000000        -5.392090695709463E-008
   282.898125000000        -6.570020682103463E-008
   283.111875000000        -7.568193498172790E-008
   283.325625000000        -8.328843860666024E-008
   283.539375000000        -8.809336387194812E-008
   283.753125000000        -8.984383745627830E-008
   283.966875000000        -8.847080304219751E-008
   284.180625000000        -8.408702046092940E-008
   284.394375000000        -7.697307275349980E-008
   284.608125000000        -6.755254391724565E-008
   284.821875000000        -5.635827076124975E-008
   285.035625000000        -4.399218320247686E-008
   285.249375000000        -3.108168332103514E-008
   285.463125000000        -1.823574070887450E-008
   285.676875000000        -6.003880525965005E-009
   285.890625000000         5.158992027654647E-009
   286.104375000000         1.491943746021755E-008
   286.318125000000         2.308214186532610E-008
   286.531875000000         2.959531334899640E-008
   286.745625000000         3.454459959990966E-008
   286.959375000000         3.813619174298688E-008
   287.173125000000         4.067061055052659E-008
   287.386875000000         4.250938713586203E-008
   287.600625000000         4.403739425548053E-008
   287.814375000000         4.562391211760952E-008
   288.028125000000         4.758559687095791E-008
   288.241875000000         5.015435295518284E-008
   288.455625000000         5.345270493117555E-008
   288.669375000000         5.747865265321177E-008
   288.883125000000         6.210122525019874E-008
   289.096875000000         6.706708702691294E-008
   289.310625000000         7.201766262034425E-008
   289.524375000000         7.651541195662975E-008
   289.738125000000         8.007716580380523E-008
   289.951875000000         8.221188785149016E-008
   290.165625000000         8.245990195492703E-008
   290.379375000000         8.043053738108756E-008
   290.593125000000         7.583530385227159E-008
   290.806875000000         6.851409446664691E-008
   291.020625000000         5.845249188920191E-008
   291.234375000000         4.578896989885713E-008
   291.448125000000         3.081157627867777E-008
   291.661875000000         1.394448716114115E-008
   291.875625000000        -4.274428503319299E-009
   292.089375000000        -2.322326155273233E-008
   292.303125000000        -4.223068675344370E-008
   292.516875000000        -6.061303297931396E-008
   292.730625000000        -7.771120045727676E-008
   292.944375000000        -9.292495466782105E-008
   293.158125000000        -1.057424358200897E-007
   293.371875000000        -1.157631776006785E-007
   293.585625000000        -1.227134837052981E-007
   293.799375000000        -1.264536146736115E-007
   294.013125000000        -1.269768394349833E-007
   294.226875000000        -1.244009585641375E-007
   294.440625000000        -1.189533704569855E-007
   294.654375000000        -1.109510993410595E-007
   294.868125000000        -1.007774196390770E-007
   295.081875000000        -8.885679186803411E-008
   295.295625000000        -7.562977982246703E-008
   295.509375000000        -6.152946563985230E-008
   295.723125000000        -4.696064349512643E-008
   295.936875000000        -3.228278249031866E-008
   296.150625000000        -1.779743325687109E-008
   296.364375000000        -3.740436556313296E-009
   296.578125000000         9.721003528421980E-009
   296.791875000000         2.248657990852093E-008
   297.005625000000         3.451689222114655E-008
   297.219375000000         4.582379496006837E-008
   297.433125000000         5.645780414195918E-008
   297.646875000000         6.649337755617093E-008
   297.860625000000         7.601294881977776E-008
   298.074375000000         8.509063633504472E-008
   298.288125000000         9.377656770884250E-008
   298.501875000000         1.020827577246458E-007
   298.715625000000         1.099714495531498E-007
   298.929375000000         1.173467677570874E-007
   299.143125000000         1.240504296034264E-007
   299.356875000000         1.298621105462189E-007
   299.570625000000         1.345048553867859E-007
   299.784375000000         1.376556680660747E-007
   299.998125000000         1.389611060242272E-007
   300.211875000000         1.380573624363810E-007
   300.425625000000         1.345939614242880E-007
   300.639375000000         1.282598437789788E-007
   300.853125000000         1.188103143221339E-007
   301.066875000000         1.060930888392166E-007
   301.280625000000         9.007154884269601E-008
   301.494375000000         7.084331131110277E-008
   301.708125000000         4.865236444686140E-008
   301.921875000000         2.389331449505381E-008
   302.135625000000        -2.893275317916124E-009
   302.349375000000        -3.103491650486087E-008
   302.563125000000        -5.975041907078503E-008
   302.776875000000        -8.818144779838349E-008
   302.990625000000        -1.154308844669989E-007
   303.204375000000        -1.406058723757190E-007
   303.418125000000        -1.628629469192248E-007
   303.631875000000        -1.814523549825002E-007
   303.845625000000        -1.957585719225775E-007
   304.059375000000        -2.053341574295111E-007
   304.273125000000        -2.099244516978847E-007
   304.486875000000        -2.094811827047331E-007
   304.700625000000        -2.041637968343288E-007
   304.914375000000        -1.943281852028806E-007
   305.128125000000        -1.805033912204828E-007
   305.341875000000        -1.633577787467483E-007
   305.555625000000        -1.436569415085214E-007
   305.769375000000        -1.222162757938089E-007
   305.983125000000        -9.985156408152666E-008
   306.196875000000        -7.733108833962314E-008
   306.410625000000        -5.533268995044634E-008
   306.624375000000        -3.440882289295472E-008
   306.838125000000        -1.496203477688575E-008
   307.051875000000         2.767496018154467E-009
   307.265625000000         1.870167540040436E-008
   307.479375000000         3.291176045784006E-008
   307.693125000000         4.559444356543634E-008
   307.906875000000         5.703888078471566E-008
   308.120625000000         6.758747944788969E-008
   308.334375000000         7.759371849679595E-008
   308.548125000000         8.738046867363778E-008
   308.761875000000         9.720219423735056E-008
   308.975625000000         1.072140629424724E-007
   309.189375000000         1.174503982333216E-007
   309.403125000000         1.278141279504041E-007
   309.616875000000         1.380779830498399E-007
   309.830625000000         1.478972526269586E-007
   310.044375000000         1.568329851914859E-007
   310.258125000000         1.643837139598108E-007
   310.471875000000         1.700231391581058E-007
   310.685625000000         1.732407711056019E-007
   310.899375000000         1.735823535510420E-007
   311.113125000000         1.706869560425232E-007
   311.326875000000         1.643179348610657E-007
   311.540625000000         1.543854828893557E-007
   311.754375000000         1.409591723902034E-007
   311.968125000000         1.242696821806185E-007
   312.181875000000         1.046997269862483E-007
   312.395625000000         8.276500603599767E-008
   312.609375000000         5.908669910825685E-008
   312.823125000000         3.435760965088013E-008
   313.036875000000         9.304447891919879E-009
   313.250625000000        -1.535106061878385E-008
   313.464375000000        -3.892956973227175E-008
   313.678125000000        -6.082754968392468E-008
   313.891875000000        -8.054468664473264E-008
   314.105625000000        -9.770368045896784E-008
   314.319375000000        -1.120614802502179E-007
   314.533125000000        -1.235116409483758E-007
   314.746875000000        -1.320781169458591E-007
   314.960625000000        -1.379013862691836E-007
   315.174375000000        -1.412182811115358E-007
   315.388125000000        -1.423372590538912E-007
   315.601875000000        -1.416110655528375E-007
   315.815625000000        -1.394088055873172E-007
   316.029375000000        -1.360893651853841E-007
   316.243125000000        -1.319779162974068E-007
   316.456875000000        -1.273469236531550E-007
   316.670625000000        -1.224026781906388E-007
   316.884375000000        -1.172779401076662E-007
   317.098125000000        -1.120308182289857E-007
   317.311875000000        -1.066495725486448E-007
   317.525625000000        -1.010626316133656E-007
   317.739375000000        -9.515278925357113E-008
   317.953125000000        -8.877430369971839E-008
   318.166875000000        -8.177147769644056E-008
   318.380625000000        -7.399725574754440E-008
   318.594375000000        -6.533043274259778E-008
   318.808125000000        -5.569021980023689E-008
   319.021875000000        -4.504714597131500E-008
   319.235625000000        -3.342957192518535E-008
   319.449375000000        -2.092543393536958E-008
   319.663125000000        -7.679200994502981E-009
   319.876875000000         6.115609058507243E-009
   320.090625000000         2.022767097458562E-008
   320.304375000000         3.440187876083083E-008
   320.518125000000         4.837496588947239E-008
   320.731875000000         6.189139496357434E-008
   320.945625000000         7.471815988802883E-008
   321.159375000000         8.665721679896009E-008
   321.373125000000         9.755443876992063E-008
   321.586875000000         1.073042654107812E-007
   321.800625000000         1.158495757522530E-007
   322.014375000000         1.231767275637784E-007
   322.228125000000         1.293061482725904E-007
   322.441875000000         1.342792969444075E-007
   322.655625000000         1.381432059532931E-007
   322.869375000000         1.409341181083662E-007
   323.083125000000         1.426619269475998E-007
   323.296875000000         1.432971785096807E-007
   323.510625000000         1.427622860859196E-007
   323.724375000000         1.409283417115371E-007
   323.938125000000         1.376184900725594E-007
   324.151875000000         1.326182872019049E-007
   324.365625000000         1.256928365412894E-007
   324.579375000000         1.166098286693003E-007
   324.793125000000         1.051669659216680E-007
   325.006875000000         9.122168990112673E-008
   325.220625000000         7.472070667621318E-008
   325.434375000000         5.572657136253897E-008
   325.648125000000         3.443858733667411E-008
   325.861875000000         1.120551412328479E-008
   326.075625000000        -1.347194053661116E-008
   326.289375000000        -3.895016980038780E-008
   326.503125000000        -6.446371333432554E-008
   326.716875000000        -8.915777933468045E-008
   326.930625000000        -1.121307216543797E-007
   327.144375000000        -1.324840106169832E-007
   327.358125000000        -1.493764437607146E-007
   327.571875000000        -1.620787765162460E-007
   327.785625000000        -1.700246749268822E-007
   327.999375000000        -1.728539425230653E-007
   328.213125000000        -1.704443634560976E-007
   328.426875000000        -1.629292162218660E-007
   328.640625000000        -1.506984995092064E-007
   328.854375000000        -1.343831002939952E-007
   329.068125000000        -1.148224301090284E-007
   329.281875000000        -9.301735164272277E-008
   329.495625000000        -7.007140436690172E-008
   329.709375000000        -4.712431134113418E-008
   329.923125000000        -2.528242250770316E-008
   330.136875000000        -5.551060020447531E-009
   330.350625000000         1.122635354763487E-008
   330.564375000000         2.441798083813708E-008
   330.778125000000         3.363849997565787E-008
   330.991875000000         3.876683314133970E-008
   331.205625000000         3.994554565177009E-008
   331.419375000000         3.756219163293124E-008
   331.633125000000         3.221425411423971E-008
   331.846875000000         2.466055280659177E-008
   332.060625000000         1.576297144717169E-008
   332.274375000000         6.423010406111496E-009
   332.488125000000        -2.482049443829739E-009
   332.701875000000        -1.015869425665335E-008
   332.915625000000        -1.594823785907258E-008
   333.129375000000        -1.936599643197891E-008
   333.343125000000        -2.012622084625642E-008
   333.556875000000        -1.815162102724378E-008
   333.770625000000        -1.356755045349507E-008
   333.984375000000        -6.682090683871026E-009
   334.198125000000         2.045709625821403E-009
   334.411875000000         1.204640679306064E-008
   334.625625000000         2.268601869652994E-008
   334.839375000000         3.331346026341650E-008
   335.053125000000         4.330598266393587E-008
   335.266875000000         5.210945020221411E-008
   335.480625000000         5.927092329910458E-008
   335.694375000000         6.446180550187621E-008
   335.908125000000         6.749067797430436E-008
   336.121875000000         6.830580616701493E-008
   336.335625000000         6.698808660190049E-008
   336.549375000000         6.373584621551655E-008
   336.763125000000         5.884336965177230E-008
   336.976875000000         5.267528905613916E-008
   337.190625000000         4.563902522761491E-008
   337.404375000000         3.815733686046831E-008
   337.618125000000         3.064275048020803E-008
   337.831875000000         2.347525307466128E-008
   338.045625000000         1.698418329017627E-008
   338.259375000000         1.143480595228180E-008
   338.473125000000         7.019643398869762E-009
   338.686875000000         3.854300481623634E-009
   338.900625000000         1.977280028426891E-009
   339.114375000000         1.353149945423772E-009
   339.328125000000         1.878386314846037E-009
   339.541875000000         3.389261669105771E-009
   339.755625000000         5.671248720974790E-009
   339.969375000000         8.469537624721282E-009
   340.183125000000         1.150038981473740E-008
