  -1.60312500000000        -2.403142085020961E-023
  -1.38937500000000        -1.030714441961190E-017
  -1.17562500000000        -9.621479006611064E-017
 -0.961875000000000        -5.596862473119917E-016
 -0.748125000000000        -2.523505220341108E-015
 -0.534375000000000        -9.489311034243944E-015
 -0.320625000000000        -3.074019052767210E-014
 -0.106875000000000        -8.735106081688571E-014
  0.106875000000000        -2.209909729120842E-013
  0.320625000000000        -5.039312329999629E-013
  0.534375000000000        -1.046775343310660E-012
  0.748125000000000        -2.001855375364901E-012
  0.961875000000000        -3.557225312003013E-012
   1.17562500000000        -5.922177902136557E-012
   1.38937500000000        -9.305827623489067E-012
   1.60312500000000        -1.389031565874470E-011
   1.81687500000000        -1.980294093711590E-011
   2.03062500000000        -2.708936718291402E-011
   2.24437500000000        -3.569555580811133E-011
   2.45812500000000        -4.545610276611761E-011
   2.67187500000000        -5.609402663307779E-011
   2.88562500000000        -6.723939129337265E-011
   3.09937500000000        -7.845407504057842E-011
   3.31312500000000        -8.926437818343785E-011
   3.52687500000000        -9.920577577380749E-011
   3.74062500000000        -1.078676298031472E-010
   3.95437500000000        -1.149301539735208E-010
   4.16812500000000        -1.201898398829734E-010
   4.38187500000000        -1.235590014159757E-010
   4.59562500000000        -1.250884747117197E-010
   4.80937500000000        -1.249187229318235E-010
   5.02312500000000        -1.232598790025383E-010
   5.23687500000000        -1.203667243012097E-010
   5.45062500000000        -1.164852673059805E-010
   5.66437500000000        -1.118448049732367E-010
   5.87812500000000        -1.066285958961855E-010
   6.09187500000000        -1.009889237961947E-010
   6.30562500000000        -9.506690357208137E-011
   6.51937500000000        -8.901602426737600E-011
   6.73312500000000        -8.303796410981905E-011
   6.94687500000000        -7.740493762000017E-011
   7.16062500000000        -7.247190367781948E-011
   7.37437500000000        -6.866392666203081E-011
   7.58812500000000        -6.644632028963724E-011
   7.80187500000000        -6.627061794937283E-011
   8.01562500000000        -6.849792084541311E-011
   8.22937500000000        -7.333335353025105E-011
   8.44312500000000        -8.076890701099798E-011
   8.65687500000000        -9.054403404674958E-011
   8.87062500000000        -1.021307140955988E-010
   9.08437500000000        -1.147780878284071E-010
   9.29812500000000        -1.275745517130983E-010
   9.51187500000000        -1.395580004363532E-010
   9.72562500000000        -1.498089482860283E-010
   9.93937500000000        -1.575798064774596E-010
   10.1531250000000        -1.623728137173824E-010
   10.3668750000000        -1.640042582074235E-010
   10.5806250000000        -1.626171651879606E-010
   10.7943750000000        -1.586405994501645E-010
   11.0081250000000        -1.527263772071222E-010
   11.2218750000000        -1.456345480786029E-010
   11.4356250000000        -1.381372118730651E-010
   11.6493750000000        -1.309027023811613E-010
   11.8631250000000        -1.244255555632369E-010
   12.0768750000000        -1.189907973481689E-010
   12.2906250000000        -1.146767213801779E-010
   12.5043750000000        -1.114087971999934E-010
   12.7181250000000        -1.090114124593382E-010
   12.9318750000000        -1.073197044390188E-010
   13.1456250000000        -1.062334969135040E-010
   13.3593750000000        -1.057831330152070E-010
   13.5731250000000        -1.061392212609651E-010
   13.7868750000000        -1.075837733364862E-010
   14.0006250000000        -1.104589033880376E-010
   14.2143750000000        -1.150631040197703E-010
   14.4281250000000        -1.215800705848557E-010
   14.6418750000000        -1.299877691099807E-010
   14.8556250000000        -1.400165868704841E-010
   15.0693750000000        -1.511530085051571E-010
   15.2831250000000        -1.626717519043855E-010
   15.4968750000000        -1.737413114171004E-010
   15.7106250000000        -1.835302130740221E-010
   15.9243750000000        -1.913496164082303E-010
   16.1381250000000        -1.967470105470993E-010
   16.3518750000000        -1.995954796262654E-010
   16.5656250000000        -2.001194452917480E-010
   16.7793750000000        -1.988754879781981E-010
   16.9931250000000        -1.966500732822268E-010
   17.2068750000000        -1.943548314025551E-010
   17.4206250000000        -1.928721228089283E-010
   17.6343750000000        -1.929045858728934E-010
   17.8481250000000        -1.948808021365891E-010
   18.0618750000000        -1.988627375464301E-010
   18.2756250000000        -2.045473537881006E-010
   18.4893750000000        -2.113006281680950E-010
   18.7031250000000        -2.182679552128885E-010
   18.9168750000000        -2.244954394587700E-010
   19.1306250000000        -2.290846168386528E-010
   19.3443750000000        -2.313345452334132E-010
   19.5581250000000        -2.308455849651609E-010
   19.7718750000000        -2.275979327190084E-010
   19.9856250000000        -2.219554783610179E-010
   20.1993750000000        -2.146196045144099E-010
   20.4131250000000        -2.065582157210022E-010
   20.6268750000000        -1.988722491434163E-010
   20.8406250000000        -1.926751503030381E-010
   21.0543750000000        -1.889562621845386E-010
   21.2681250000000        -1.884727596676096E-010
   21.4818750000000        -1.916929938993710E-010
   21.6956250000000        -1.987375331264461E-010
   21.9093750000000        -2.094094143556013E-010
   22.1231250000000        -2.232267572992802E-010
   22.3368750000000        -2.394955201262678E-010
   22.5506250000000        -2.573944517903367E-010
   22.7643750000000        -2.760687650361911E-010
   22.9781250000000        -2.947088412566987E-010
   23.1918750000000        -3.126145453190355E-010
   23.4056250000000        -3.292354303540805E-010
   23.6193750000000        -3.441850625962068E-010
   23.8331250000000        -3.572457179740042E-010
   24.0468750000000        -3.683194521148399E-010
   24.2606250000000        -3.774158413446287E-010
   24.4743750000000        -3.845847256291072E-010
   24.6881250000000        -3.899021511503554E-010
   24.9018750000000        -3.934316756749146E-010
   25.1156250000000        -3.952087838354101E-010
   25.3293750000000        -3.952589233339087E-010
   25.5431250000000        -3.936252581841381E-010
   25.7568750000000        -3.903867925050713E-010
   25.9706250000000        -3.857226542007085E-010
   26.1843750000000        -3.799257574068653E-010
   26.3981250000000        -3.734445795691138E-010
   26.6118750000000        -3.668783758229784E-010
   26.8256250000000        -3.609567826815921E-010
   27.0393750000000        -3.564957828456855E-010
   27.2531250000000        -3.543197723281996E-010
   27.4668750000000        -3.551752009013436E-010
   27.6806250000000        -3.596508439373970E-010
   27.8943750000000        -3.680866220968829E-010
   28.1081250000000        -3.805218506620064E-010
   28.3218750000000        -3.966534470626982E-010
   28.5356250000000        -4.158708157661135E-010
   28.7493750000000        -4.372717154986425E-010
   28.9631250000000        -4.597773158601175E-010
   29.1768750000000        -4.822179983164482E-010
   29.3906250000000        -5.034582349174210E-010
   29.6043750000000        -5.224976763475025E-010
   29.8181250000000        -5.385744176439673E-010
   30.0318750000000        -5.512021417615330E-010
   30.2456250000000        -5.602057791224590E-010
   30.4593750000000        -5.656861752866394E-010
   30.6731250000000        -5.679786874376211E-010
   30.8868750000000        -5.675679102994532E-010
   31.1006250000000        -5.650051574341301E-010
   31.3143750000000        -5.608385392096702E-010
   31.5281250000000        -5.555380674291669E-010
   31.7418750000000        -5.494693872940676E-010
   31.9556250000000        -5.428916089468880E-010
   32.1693750000000        -5.359654004057255E-010
   32.3831250000000        -5.288070054771824E-010
   32.5968750000000        -5.215314791040708E-010
   32.8106250000000        -5.142959848373693E-010
   33.0243750000000        -5.073429068573111E-010
   33.2381250000000        -5.010008805917569E-010
   33.4518750000000        -4.956793633481030E-010
   33.6656250000000        -4.918332128911603E-010
   33.8793750000000        -4.899143089778111E-010
   34.0931250000000        -4.903050771676822E-010
   34.3068750000000        -4.932728972868700E-010
   34.5206250000000        -4.989210785204757E-010
   34.7343750000000        -5.071731110315025E-010
   34.9481250000000        -5.177768457652450E-010
   35.1618750000000        -5.303321816853730E-010
   35.3756250000000        -5.443441551745158E-010
   35.5893750000000        -5.592935347506516E-010
   35.8031250000000        -5.746942675778315E-010
   36.0168750000000        -5.901577596814107E-010
   36.2306250000000        -6.054394081071884E-010
   36.4443750000000        -6.204444850561619E-010
   36.6581250000000        -6.352335966789702E-010
   36.8718750000000        -6.499708891012844E-010
   37.0856250000000        -6.648889912163692E-010
   37.2993750000000        -6.802014530808273E-010
   37.5131250000000        -6.960587846909579E-010
   37.7268750000000        -7.124683345868505E-010
   37.9406250000000        -7.292775129350067E-010
   38.1543750000000        -7.461537782438365E-010
   38.3681250000000        -7.626234362178146E-010
   38.5818750000000        -7.781019932562081E-010
   38.7956250000000        -7.919790797044554E-010
   39.0093750000000        -8.037062981131644E-010
   39.2231250000000        -8.128711622974987E-010
   39.4368750000000        -8.192898078529197E-010
   39.6506250000000        -8.230249529050096E-010
   39.8643750000000        -8.244256829232542E-010
   40.0781250000000        -8.240803082707092E-010
   40.2918750000000        -8.227730529927300E-010
   40.5056250000000        -8.213897503210374E-010
   40.7193750000000        -8.208107643478071E-010
   40.9331250000000        -8.218051292754482E-010
   41.1468750000000        -8.249514384859473E-010
   41.3606250000000        -8.305682975187043E-010
   41.5743750000000        -8.386954194840199E-010
   41.7881250000000        -8.491138706712003E-010
   42.0018750000000        -8.613968055419705E-010
   42.2156250000000        -8.749995911738102E-010
   42.4293750000000        -8.893536848079618E-010
   42.6431250000000        -9.039608469046685E-010
   42.8568750000000        -9.184577331225966E-010
   43.0706250000000        -9.326581628007534E-010
   43.2843750000000        -9.465466589677828E-010
   43.4981250000000        -9.602395989574264E-010
   43.7118750000000        -9.739039833860236E-010
   43.9256250000000        -9.876752783058395E-010
   44.1393750000000        -1.001556862644421E-009
   44.3531250000000        -1.015368850385786E-009
   44.5668750000000        -1.028701331246561E-009
   44.7806250000000        -1.040938595041320E-009
   44.9943750000000        -1.051318193383001E-009
   45.2081250000000        -1.059032727594337E-009
   45.4218750000000        -1.063353812786054E-009
   45.6356250000000        -1.063767926110366E-009
   45.8493750000000        -1.060072676754117E-009
   46.0631250000000        -1.052459024573786E-009
   46.2768750000000        -1.041524340196568E-009
   46.4906250000000        -1.028238178437770E-009
   46.7043750000000        -1.013838072391729E-009
   46.9181250000000        -9.997002767833779E-010
   47.1318750000000        -9.871841676634386E-010
   47.3456250000000        -9.774777908563432E-010
   47.5593750000000        -9.714725480222498E-010
   47.7731250000000        -9.696842598133759E-010
   47.9868750000000        -9.722234259778042E-010
   48.2006250000000        -9.788395391754783E-010
   48.4143750000000        -9.889930779861905E-010
   48.6281250000000        -1.001976751959465E-009
   48.8418750000000        -1.017044222524715E-009
   49.0556250000000        -1.033528699108547E-009
   49.2693750000000        -1.050943017409320E-009
   49.4831250000000        -1.069010332703997E-009
   49.6968750000000        -1.087679564543574E-009
   49.9106250000000        -1.107065542269574E-009
   50.1243750000000        -1.127380916608748E-009
   50.3381250000000        -1.148828490130004E-009
   50.5518750000000        -1.171513539750889E-009
   50.7656250000000        -1.195366522233869E-009
   50.9793750000000        -1.220100125465446E-009
   51.1931250000000        -1.245222946469330E-009
   51.4068750000000        -1.270069969389823E-009
   51.6206250000000        -1.293898638754477E-009
   51.8343750000000        -1.315975644279522E-009
   52.0481250000000        -1.335692110002638E-009
   52.2618750000000        -1.352638746044357E-009
   52.4756250000000        -1.366677249997685E-009
   52.6893750000000        -1.377960333842811E-009
   52.9031250000000        -1.386906649438575E-009
   53.1168750000000        -1.394140149371622E-009
   53.3306250000000        -1.400398725264816E-009
   53.5443750000000        -1.406436720287798E-009
   53.7581250000000        -1.412918735486030E-009
   53.9718750000000        -1.420355322167393E-009
   54.1856250000000        -1.429018737114246E-009
   54.3993750000000        -1.438963524003371E-009
   54.6131250000000        -1.450027229626154E-009
   54.8268750000000        -1.461893742730056E-009
   55.0406250000000        -1.474166091104900E-009
   55.2543750000000        -1.486451632566648E-009
   55.4681250000000        -1.498439527789658E-009
   55.6818750000000        -1.509953806830195E-009
   55.8956250000000        -1.520978600423567E-009
   56.1093750000000        -1.531652164548278E-009
   56.3231250000000        -1.542231123284115E-009
   56.5368750000000        -1.553022208598193E-009
   56.7506250000000        -1.564309003940641E-009
   56.9643750000000        -1.576279686397425E-009
   57.1781250000000        -1.588964627055728E-009
   57.3918750000000        -1.602209706472977E-009
   57.6056250000000        -1.615660454311370E-009
   57.8193750000000        -1.628811732982615E-009
   58.0331250000000        -1.641065469170015E-009
   58.2468750000000        -1.651793880264837E-009
   58.4606250000000        -1.660440826548815E-009
   58.6743750000000        -1.666602721409042E-009
   58.8881250000000        -1.670085930953733E-009
   59.1018750000000        -1.670924796458049E-009
   59.3156250000000        -1.669407878697573E-009
   59.5293750000000        -1.666018517073773E-009
   59.7431250000000        -1.661392191506713E-009
   59.9568750000000        -1.656227953765703E-009
   60.1706250000000        -1.651228127800844E-009
   60.3843750000000        -1.647016897372820E-009
   60.5981250000000        -1.644089488616442E-009
   60.8118750000000        -1.642791699358713E-009
   61.0256250000000        -1.643313503064651E-009
   61.2393750000000        -1.645705159181338E-009
   61.4531250000000        -1.649942705063634E-009
   61.6668750000000        -1.655935963910961E-009
   61.8806250000000        -1.663610728987795E-009
   62.0943750000000        -1.672913100527254E-009
   62.3081250000000        -1.683855472420765E-009
   62.5218750000000        -1.696500359744207E-009
   62.7356250000000        -1.710952297117065E-009
   62.9493750000000        -1.727345488680454E-009
   63.1631250000000        -1.745798246331532E-009
   63.3768750000000        -1.766380902735642E-009
   63.5906250000000        -1.789098314463040E-009
   63.8043750000000        -1.813863020302914E-009
   64.0181250000000        -1.840494346043036E-009
   64.2318750000000        -1.868701664872377E-009
   64.4456250000000        -1.898110436983558E-009
   64.6593750000000        -1.928258134309281E-009
   64.8731250000000        -1.958615172932924E-009
   65.0868750000000        -1.988606022955628E-009
   65.3006250000000        -2.017626612082725E-009
   65.5143750000000        -2.045075792419032E-009
   65.7281250000000        -2.070387515485146E-009
   65.9418750000000        -2.093064745231401E-009
   66.1556250000000        -2.112733816219223E-009
   66.3693750000000        -2.129175907290723E-009
   66.5831250000000        -2.142373983089349E-009
   66.7968750000000        -2.152522060736599E-009
   67.0106250000000        -2.160052191130928E-009
   67.2243750000000        -2.165591700892137E-009
   67.4381250000000        -2.169934466591356E-009
   67.6518750000000        -2.173953350968277E-009
   67.8656250000000        -2.178528616519505E-009
   68.0793750000000        -2.184453740863057E-009
   68.2931250000000        -2.192337545945710E-009
   68.5068750000000        -2.202552436455891E-009
   68.7206250000000        -2.215190423652128E-009
   68.9343750000000        -2.230071265666259E-009
   69.1481250000000        -2.246781496670040E-009
   69.3618750000000        -2.264729512252217E-009
   69.5756250000000        -2.283258705201612E-009
   69.7893750000000        -2.301720221901100E-009
   70.0031250000000        -2.319563010689593E-009
   70.2168750000000        -2.336395027655562E-009
   70.4306250000000        -2.352000429587808E-009
   70.6443750000000        -2.366335485983875E-009
   70.8581250000000        -2.379489194161429E-009
   71.0718750000000        -2.391612128453268E-009
   71.2856250000000        -2.402863388288803E-009
   71.4993750000000        -2.413341327847075E-009
   71.7131250000000        -2.423055269876253E-009
   71.9268750000000        -2.431917512074737E-009
   72.1406250000000        -2.439761367969583E-009
   72.3543750000000        -2.446409290534596E-009
   72.5681250000000        -2.451712203747908E-009
   72.7818750000000        -2.455649727323376E-009
   72.9956250000000        -2.458342986481161E-009
   73.2093750000000        -2.460104264352071E-009
   73.4231250000000        -2.461410999387373E-009
   73.6368750000000        -2.462859359548304E-009
   73.8506250000000        -2.465089504499615E-009
   74.0643750000000        -2.468695042228251E-009
   74.2781250000000        -2.474136089254288E-009
   74.4918750000000        -2.481667387259966E-009
   74.7056250000000        -2.491312182306632E-009
   74.9193750000000        -2.502850092811400E-009
   75.1331250000000        -2.515879028860109E-009
   75.3468750000000        -2.529893121526260E-009
   75.5606250000000        -2.544364587105627E-009
   75.7743750000000        -2.558864175300064E-009
   75.9881250000000        -2.573129110020552E-009
   76.2018750000000        -2.587121247177424E-009
   76.4156250000000        -2.601037675557409E-009
   76.6293750000000        -2.615267435394887E-009
   76.8431250000000        -2.630338057888957E-009
   77.0568750000000        -2.646796754838651E-009
   77.2706250000000        -2.665124466544950E-009
   77.4843750000000        -2.685639919909744E-009
   77.6981250000000        -2.708420127290294E-009
   77.9118750000000        -2.733290851218805E-009
   78.1256250000000        -2.759822295059444E-009
   78.3393750000000        -2.787390025748258E-009
   78.5531250000000        -2.815254489053421E-009
   78.7668750000000        -2.842663102347202E-009
   78.9806250000000        -2.868943867578683E-009
   79.1943750000000        -2.893581133705372E-009
   79.4081250000000        -2.916284701142511E-009
   79.6218750000000        -2.936979944003865E-009
   79.8356250000000        -2.955820572388297E-009
   80.0493750000000        -2.973113385729713E-009
   80.2631250000000        -2.989269828947877E-009
   80.4768750000000        -3.004709588058280E-009
   80.6906250000000        -3.019805697491161E-009
   80.9043750000000        -3.034838928287178E-009
   81.1181250000000        -3.049951113194642E-009
   81.3318750000000        -3.065150892687253E-009
   81.5456250000000        -3.080361154108307E-009
   81.7593750000000        -3.095434522954499E-009
   81.9731250000000        -3.110228740003621E-009
   82.1868750000000        -3.124646394282660E-009
   82.4006250000000        -3.138686700046427E-009
   82.6143750000000        -3.152457737476224E-009
   82.8281250000000        -3.166180642067030E-009
   83.0418750000000        -3.180159266310645E-009
   83.2556250000000        -3.194750229439700E-009
   83.4693750000000        -3.210288886275393E-009
   83.6831250000000        -3.227042923556279E-009
   83.8968750000000        -3.245166022759265E-009
   84.1106250000000        -3.264640608517074E-009
   84.3243750000000        -3.285301601025968E-009
   84.5381250000000        -3.306817035954828E-009
   84.7518750000000        -3.328724022034616E-009
   84.9656250000000        -3.350495536664104E-009
   85.1793750000000        -3.371589000529932E-009
   85.3931250000000        -3.391530093011366E-009
   85.6068750000000        -3.409926715024661E-009
   85.8206250000000        -3.426543166092017E-009
   86.0343750000000        -3.441292319783551E-009
   86.2481250000000        -3.454236666920792E-009
   86.4618750000000        -3.465574404611095E-009
   86.6756250000000        -3.475554222161447E-009
   86.8893750000000        -3.484469640130929E-009
   87.1031250000000        -3.492579946388292E-009
   87.3168750000000        -3.500093918598421E-009
   87.5306250000000        -3.507125600295730E-009
   87.7443750000000        -3.513719443895530E-009
   87.9581250000000        -3.519863982947763E-009
   88.1718750000000        -3.525521058257819E-009
   88.3856250000000        -3.530685937979983E-009
   88.5993750000000        -3.535430272908498E-009
   88.8131250000000        -3.539920188343002E-009
   89.0268750000000        -3.544472570802907E-009
   89.2406250000000        -3.549506200133001E-009
   89.4543750000000        -3.555549234121252E-009
   89.6681250000000        -3.563158526429775E-009
   89.8818750000000        -3.572884016421583E-009
   90.0956250000000        -3.585185235808239E-009
   90.3093750000000        -3.600377935972995E-009
   90.5231250000000        -3.618592037987820E-009
   90.7368750000000        -3.639747841303091E-009
   90.9506250000000        -3.663558963757640E-009
   91.1643750000000        -3.689585366135694E-009
   91.3781250000000        -3.717261310537610E-009
   91.5918750000000        -3.745982726944040E-009
   91.8056250000000        -3.775162377306795E-009
   92.0193750000000        -3.804300401663805E-009
   92.2331250000000        -3.833013841616293E-009
   92.4468750000000        -3.861076925660724E-009
   92.6606250000000        -3.888400611063068E-009
   92.8743750000000        -3.915012581372157E-009
   93.0881250000000        -3.941024382562554E-009
   93.3018750000000        -3.966562522896921E-009
   93.5156250000000        -3.991725813284475E-009
   93.7293750000000        -4.016542735378085E-009
   93.9431250000000        -4.040955135995336E-009
   94.1568750000000        -4.064781832706384E-009
   94.3706250000000        -4.087765847812388E-009
   94.5843750000000        -4.109603886509030E-009
   94.7981250000000        -4.129977270624430E-009
   95.0118750000000        -4.148632369187391E-009
   95.2256250000000        -4.165431558225364E-009
   95.4393750000000        -4.180379204765721E-009
   95.6531250000000        -4.193695486007573E-009
   95.8668750000000        -4.205784085687226E-009
   96.0806250000000        -4.217222746065222E-009
   96.2943750000000        -4.228749051810904E-009
   96.5081250000000        -4.241158016061399E-009
   96.7218750000000        -4.255249753946717E-009
   96.9356250000000        -4.271754476368144E-009
   97.1493750000000        -4.291225350611869E-009
   97.3631250000000        -4.313990571618487E-009
   97.5768750000000        -4.340114319560768E-009
   97.7906250000000        -4.369384719686113E-009
   98.0043750000000        -4.401328762757759E-009
   98.2181250000000        -4.435246761401418E-009
   98.4318750000000        -4.470314854502214E-009
   98.6456250000000        -4.505644480334335E-009
   98.8593750000000        -4.540390804297262E-009
   99.0731250000000        -4.573803846918337E-009
   99.2868750000000        -4.605321934429388E-009
   99.5006250000000        -4.634565074434264E-009
   99.7143750000000        -4.661358765247368E-009
   99.9281250000000        -4.685659624916640E-009
   100.141875000000        -4.707545049104196E-009
   100.355625000000        -4.727120012898363E-009
   100.569375000000        -4.744441895593435E-009
   100.783125000000        -4.759497953481464E-009
   100.996875000000        -4.772176478347962E-009
   101.210625000000        -4.782280472035829E-009
   101.424375000000        -4.789589355952646E-009
   101.638125000000        -4.793916720407608E-009
   101.851875000000        -4.795229747170207E-009
   102.065625000000        -4.793714230226215E-009
   102.279375000000        -4.789846653568028E-009
   102.493125000000        -4.784425962867556E-009
   102.706875000000        -4.778550053643587E-009
   102.920625000000        -4.773543939212214E-009
   103.134375000000        -4.770855081611717E-009
   103.348125000000        -4.771889612596580E-009
   103.561875000000        -4.777875779563390E-009
   103.775625000000        -4.789709912877772E-009
   103.989375000000        -4.807840237569923E-009
   104.203125000000        -4.832215269676997E-009
   104.416875000000        -4.862268469832642E-009
   104.630625000000        -4.896994275203297E-009
   104.844375000000        -4.935048628853413E-009
   105.058125000000        -4.974902316545293E-009
   105.271875000000        -5.015009779987437E-009
   105.485625000000        -5.053973833221930E-009
   105.699375000000        -5.090679977325146E-009
   105.913125000000        -5.124376724125566E-009
   106.126875000000        -5.154733328932757E-009
   106.340625000000        -5.181804980498484E-009
   106.554375000000        -5.205997896097697E-009
   106.768125000000        -5.227949444545140E-009
   106.981875000000        -5.248430115385445E-009
   107.195625000000        -5.268223569399387E-009
   107.409375000000        -5.288025454295028E-009
   107.623125000000        -5.308365458569673E-009
   107.836875000000        -5.329556827149145E-009
   108.050625000000        -5.351688471574575E-009
   108.264375000000        -5.374614340327860E-009
   108.478125000000        -5.398023045875695E-009
   108.691875000000        -5.421457569088797E-009
   108.905625000000        -5.444394215121462E-009
   109.119375000000        -5.466296542931241E-009
   109.333125000000        -5.486667972328087E-009
   109.546875000000        -5.505113847721327E-009
   109.760625000000        -5.521391469699118E-009
   109.974375000000        -5.535442289016275E-009
   110.188125000000        -5.547411551148452E-009
   110.401875000000        -5.557684356213219E-009
   110.615625000000        -5.566880462612887E-009
   110.829375000000        -5.575828973674333E-009
   111.043125000000        -5.585562183033641E-009
   111.256875000000        -5.597243229557618E-009
   111.470625000000        -5.612112476926536E-009
   111.684375000000        -5.631398836532425E-009
   111.898125000000        -5.656254886544052E-009
   112.111875000000        -5.687637407158730E-009
   112.325625000000        -5.726246463766578E-009
   112.539375000000        -5.772449122509623E-009
   112.753125000000        -5.826227888059060E-009
   112.966875000000        -5.887161090738572E-009
   113.180625000000        -5.954401544182903E-009
   113.394375000000        -6.026703205738311E-009
   113.608125000000        -6.102454992660022E-009
   113.821875000000        -6.179727023658986E-009
   114.035625000000        -6.256334139362887E-009
   114.249375000000        -6.329922538880285E-009
   114.463125000000        -6.398030619530639E-009
   114.676875000000        -6.458203653433375E-009
   114.890625000000        -6.508093343735117E-009
   115.104375000000        -6.545577055634878E-009
   115.318125000000        -6.568870542982238E-009
   115.531875000000        -6.576678688364075E-009
   115.745625000000        -6.568303258304308E-009
   115.959375000000        -6.543764486080781E-009
   116.173125000000        -6.503896144784158E-009
   116.386875000000        -6.450397850197653E-009
   116.600625000000        -6.385820217236760E-009
   116.814375000000        -6.313552425450506E-009
   117.028125000000        -6.237646511397777E-009
   117.241875000000        -6.162698676016253E-009
   117.455625000000        -6.093576531609076E-009
   117.669375000000        -6.035189165514285E-009
   117.883125000000        -5.992168749553855E-009
   118.096875000000        -5.968609394108110E-009
   118.310625000000        -5.967805581391310E-009
   118.524375000000        -5.992034471186780E-009
   118.738125000000        -6.042398601196942E-009
   118.951875000000        -6.118750822446482E-009
   119.165625000000        -6.219668668257052E-009
   119.379375000000        -6.342525082099573E-009
   119.593125000000        -6.483588228383002E-009
   119.806875000000        -6.638219491594061E-009
   120.020625000000        -6.801058176977589E-009
   120.234375000000        -6.966256530647612E-009
   120.448125000000        -7.127741483802809E-009
   120.661875000000        -7.279432407922590E-009
   120.875625000000        -7.415506296462706E-009
   121.089375000000        -7.530625916479790E-009
   121.303125000000        -7.620154984119435E-009
   121.516875000000        -7.680365401644002E-009
   121.730625000000        -7.708636566544185E-009
   121.944375000000        -7.703604396840056E-009
   122.158125000000        -7.665288405490139E-009
   122.371875000000        -7.595207868023637E-009
   122.585625000000        -7.496367458597085E-009
   122.799375000000        -7.373260164340439E-009
   123.013125000000        -7.231741682037469E-009
   123.226875000000        -7.078847055964929E-009
   123.440625000000        -6.922519632533028E-009
   123.654375000000        -6.771283515526461E-009
   123.868125000000        -6.633837538302968E-009
   124.081875000000        -6.518634276431918E-009
   124.295625000000        -6.433431801176502E-009
   124.509375000000        -6.384882860599428E-009
   124.723125000000        -6.378139521391431E-009
   124.936875000000        -6.416546560025256E-009
   125.150625000000        -6.501422892090838E-009
   125.364375000000        -6.631924329714160E-009
   125.578125000000        -6.805034193406156E-009
   125.791875000000        -7.015651396609558E-009
   126.005625000000        -7.256765951868294E-009
   126.219375000000        -7.519756212598602E-009
   126.433125000000        -7.794708728696799E-009
   126.646875000000        -8.070874671188674E-009
   126.860625000000        -8.337086062750641E-009
   127.074375000000        -8.582268456303519E-009
   127.288125000000        -8.795928429795084E-009
   127.501875000000        -8.968658264842072E-009
   127.715625000000        -9.092622698918426E-009
   127.929375000000        -9.161953319560546E-009
   128.143125000000        -9.173158241092233E-009
   128.356875000000        -9.125374673349997E-009
   128.570625000000        -9.020527033929706E-009
   128.784375000000        -8.863355890329440E-009
   128.998125000000        -8.661296649142154E-009
   129.211875000000        -8.424202456365978E-009
   129.425625000000        -8.163915999239016E-009
   129.639375000000        -7.893714231915111E-009
   129.853125000000        -7.627651918538446E-009
   130.066875000000        -7.379844597816089E-009
   130.280625000000        -7.163738246715778E-009
   130.494375000000        -6.991402221172663E-009
   130.708125000000        -6.872916529083367E-009
   130.921875000000        -6.815854173878510E-009
   131.135625000000        -6.824935486524798E-009
   131.349375000000        -6.901814695895996E-009
   131.563125000000        -7.045036738962316E-009
   131.776875000000        -7.250188311676463E-009
   131.990625000000        -7.510100379800420E-009
   132.204375000000        -7.815252918034154E-009
   132.418125000000        -8.154206823290041E-009
   132.631875000000        -8.514090980009976E-009
   132.845625000000        -8.881171964052245E-009
   133.059375000000        -9.241391618271889E-009
   133.273125000000        -9.580930639501725E-009
   133.486875000000        -9.886761897764150E-009
   133.700625000000        -1.014716291753530E-008
   133.914375000000        -1.035221106516278E-008
   134.128125000000        -1.049422498487675E-008
   134.341875000000        -1.056812495432966E-008
   134.555625000000        -1.057173378305696E-008
   134.769375000000        -1.050590267727882E-008
   134.983125000000        -1.037458717454578E-008
   135.196875000000        -1.018469352715543E-008
   135.410625000000        -9.945842908082669E-009
   135.624375000000        -9.669937432558302E-009
   135.838125000000        -9.370611962798833E-009
   136.051875000000        -9.062598163505229E-009
   136.265625000000        -8.760965515124186E-009
   136.479375000000        -8.480419422361151E-009
   136.693125000000        -8.234539222887850E-009
   136.906875000000        -8.035155010361098E-009
   137.120625000000        -7.891776763571305E-009
   137.334375000000        -7.811194554340375E-009
   137.548125000000        -7.797211060680183E-009
   137.761875000000        -7.850554157945306E-009
   137.975625000000        -7.968939052459050E-009
   138.189375000000        -8.147260957127954E-009
   138.403125000000        -8.377917212859385E-009
   138.616875000000        -8.651237042589864E-009
   138.830625000000        -8.955947136506340E-009
   139.044375000000        -9.279701605390212E-009
   139.258125000000        -9.609605455154745E-009
   139.471875000000        -9.932752447814304E-009
   139.685625000000        -1.023673669395473E-008
   139.899375000000        -1.051010608338079E-008
   140.113125000000        -1.074278800924273E-008
   140.326875000000        -1.092646024356246E-008
   140.540625000000        -1.105484466925248E-008
   140.754375000000        -1.112392857010255E-008
   140.968125000000        -1.113210315133966E-008
   141.181875000000        -1.108022645292313E-008
   141.395625000000        -1.097156900305660E-008
   141.609375000000        -1.081167808899016E-008
   141.823125000000        -1.060813789266844E-008
   142.036875000000        -1.037023995943083E-008
   142.250625000000        -1.010857749976040E-008
   142.464375000000        -9.834577170270978E-009
   142.678125000000        -9.559980183841801E-009
   142.891875000000        -9.296336011008557E-009
   143.105625000000        -9.054472967628520E-009
   143.319375000000        -8.844059819210379E-009
   143.533125000000        -8.673180047461884E-009
   143.746875000000        -8.548053320508552E-009
   143.960625000000        -8.472811007139738E-009
   144.174375000000        -8.449405916102737E-009
   144.388125000000        -8.477625120617293E-009
   144.601875000000        -8.555199946318023E-009
   144.815625000000        -8.677996236131845E-009
   145.029375000000        -8.840277648568154E-009
   145.243125000000        -9.035009490736523E-009
   145.456875000000        -9.254186624030309E-009
   145.670625000000        -9.489174399229120E-009
   145.884375000000        -9.731048503883410E-009
   146.098125000000        -9.970904723017748E-009
   146.311875000000        -1.020017684880195E-008
   146.525625000000        -1.041089438957412E-008
   146.739375000000        -1.059594649198842E-008
   146.953125000000        -1.074928500492165E-008
   147.166875000000        -1.086612330855372E-008
   147.380625000000        -1.094306579896824E-008
   147.594375000000        -1.097821155147139E-008
   147.808125000000        -1.097119933106984E-008
   148.021875000000        -1.092319634178264E-008
   148.235625000000        -1.083682314664033E-008
   148.449375000000        -1.071602450025374E-008
   148.663125000000        -1.056589935067378E-008
   148.876875000000        -1.039246300980020E-008
   149.090625000000        -1.020240671989080E-008
   149.304375000000        -1.000283406044321E-008
   149.518125000000        -9.800998581825395E-009
   149.731875000000        -9.604053676335001E-009
   149.945625000000        -9.418834744865231E-009
   150.159375000000        -9.251675408922827E-009
   150.373125000000        -9.108220634621976E-009
   150.586875000000        -8.993313328116960E-009
   150.800625000000        -8.910877598797220E-009
   151.014375000000        -8.863797032008107E-009
   151.228125000000        -8.853872213725223E-009
   151.441875000000        -8.881729789783331E-009
   151.655625000000        -8.946773324394055E-009
   151.869375000000        -9.047163932500878E-009
   152.083125000000        -9.179855657243911E-009
   152.296875000000        -9.340605772807335E-009
   152.510625000000        -9.524131854146686E-009
   152.724375000000        -9.724227852308106E-009
   152.938125000000        -9.934014269509435E-009
   153.151875000000        -1.014615620543125E-008
   153.365625000000        -1.035318582901143E-008
   153.579375000000        -1.054775309485107E-008
   153.793125000000        -1.072296452523164E-008
   154.006875000000        -1.087262242745082E-008
   154.220625000000        -1.099146868567448E-008
   154.434375000000        -1.107537896942996E-008
   154.648125000000        -1.112150407475779E-008
   154.861875000000        -1.112835008298549E-008
   155.075625000000        -1.109583131949707E-008
   155.289375000000        -1.102526131421956E-008
   155.503125000000        -1.091932207386737E-008
   155.716875000000        -1.078196188965846E-008
   155.930625000000        -1.061831802021857E-008
   156.144375000000        -1.043451053764241E-008
   156.358125000000        -1.023749188918829E-008
   156.571875000000        -1.003477776131280E-008
   156.785625000000        -9.834178176542372E-009
   156.999375000000        -9.643486227991653E-009
   157.213125000000        -9.470126797406599E-009
   157.426875000000        -9.320846026299640E-009
   157.640625000000        -9.201352502865412E-009
   157.854375000000        -9.116067794645167E-009
   158.068125000000        -9.067895077738047E-009
   158.281875000000        -9.058089124935802E-009
   158.495625000000        -9.086253244739035E-009
   158.709375000000        -9.150370710825104E-009
   158.923125000000        -9.246996766543150E-009
   159.136875000000        -9.371515778762420E-009
   159.350625000000        -9.518423028689331E-009
   159.564375000000        -9.681685438185434E-009
   159.778125000000        -9.855071391921140E-009
   159.991875000000        -1.003248876883583E-008
   160.205625000000        -1.020820837281327E-008
   160.419375000000        -1.037712209163071E-008
   160.633125000000        -1.053484403782933E-008
   160.846875000000        -1.067777787200587E-008
   161.060625000000        -1.080314095319789E-008
   161.274375000000        -1.090888115921041E-008
   161.488125000000        -1.099361960113329E-008
   161.701875000000        -1.105654002852709E-008
   161.915625000000        -1.109729552640202E-008
   162.129375000000        -1.111588274473563E-008
   162.343125000000        -1.111260652163631E-008
   162.556875000000        -1.108800070693188E-008
   162.770625000000        -1.104282006769546E-008
   162.984375000000        -1.097803134914353E-008
   163.198125000000        -1.089484431390609E-008
   163.411875000000        -1.079473506801923E-008
   163.625625000000        -1.067949369496350E-008
   163.839375000000        -1.055127140282294E-008
   164.053125000000        -1.041260607644819E-008
   164.266875000000        -1.026642210131216E-008
   164.480625000000        -1.011604624098324E-008
   164.694375000000        -9.965146978937198E-009
   164.908125000000        -9.817671518556601E-009
   165.121875000000        -9.677728963791254E-009
   165.335625000000        -9.549456474223202E-009
   165.549375000000        -9.436867783794848E-009
   165.763125000000        -9.343678021756130E-009
   165.976875000000        -9.273107092653494E-009
   166.190625000000        -9.227752810893509E-009
   166.404375000000        -9.209441534101639E-009
   166.618125000000        -9.219138795661381E-009
   166.831875000000        -9.256908842210824E-009
   167.045625000000        -9.321931156792977E-009
   167.259375000000        -9.412580892777463E-009
   167.473125000000        -9.526552520649058E-009
   167.686875000000        -9.661005809927125E-009
   167.900625000000        -9.812767263863421E-009
   168.114375000000        -9.978500632832086E-009
   168.328125000000        -1.015486820032914E-008
   168.541875000000        -1.033861303955516E-008
   168.755625000000        -1.052666644538517E-008
   168.969375000000        -1.071609933587930E-008
   169.183125000000        -1.090404988810206E-008
   169.396875000000        -1.108758817862505E-008
   169.610625000000        -1.126357725497843E-008
   169.824375000000        -1.142846650888653E-008
   170.038125000000        -1.157815424665426E-008
   170.251875000000        -1.170789237141307E-008
   170.465625000000        -1.181231030315898E-008
   170.679375000000        -1.188548461526082E-008
   170.893125000000        -1.192119442014245E-008
   171.106875000000        -1.191327872297057E-008
   171.320625000000        -1.185609363580648E-008
   171.534375000000        -1.174505136458052E-008
   171.748125000000        -1.157718912667259E-008
   171.961875000000        -1.135173352859096E-008
   172.175625000000        -1.107058185149791E-008
   172.389375000000        -1.073866049895299E-008
   172.603125000000        -1.036412200248498E-008
   172.816875000000        -9.958319195356739E-009
   173.030625000000        -9.535572295814887E-009
   173.244375000000        -9.112676900654667E-009
   173.458125000000        -8.708221930871432E-009
   173.671875000000        -8.341688466738419E-009
   173.885625000000        -8.032455734863836E-009
   174.099375000000        -7.798660537975260E-009
   174.313125000000        -7.656096609825182E-009
   174.526875000000        -7.617160798405791E-009
   174.740625000000        -7.689880836317954E-009
   174.954375000000        -7.877217605017762E-009
   175.168125000000        -8.176547638143858E-009
   175.381875000000        -8.579494262878669E-009
   175.595625000000        -9.072066382778614E-009
   175.809375000000        -9.635123820686285E-009
   176.023125000000        -1.024521601031744E-008
   176.236875000000        -1.087563837708139E-008
   176.450625000000        -1.149781228048281E-008
   176.664375000000        -1.208276163741297E-008
   176.878125000000        -1.260269991096201E-008
   177.091875000000        -1.303257275381854E-008
   177.305625000000        -1.335151628880412E-008
   177.519375000000        -1.354403870936533E-008
   177.733125000000        -1.360094097486657E-008
   177.946875000000        -1.351984800790032E-008
   178.160625000000        -1.330535475947183E-008
   178.374375000000        -1.296873531026854E-008
   178.588125000000        -1.252728456047204E-008
   178.801875000000        -1.200328727490115E-008
   179.015625000000        -1.142274251045078E-008
   179.229375000000        -1.081388002067771E-008
   179.443125000000        -1.020562279318976E-008
   179.656875000000        -9.626010950199121E-009
   179.870625000000        -9.100807292611695E-009
   180.084375000000        -8.652229204407991E-009
   180.298125000000        -8.297948209535463E-009
   180.511875000000        -8.050411166081976E-009
   180.725625000000        -7.916439638563123E-009
   180.939375000000        -7.897182860273099E-009
   181.153125000000        -7.988331168046001E-009
   181.366875000000        -8.180615409630074E-009
   181.580625000000        -8.460532470953793E-009
   181.794375000000        -8.811204358644449E-009
   182.008125000000        -9.213383723527658E-009
   182.221875000000        -9.646481259429016E-009
   182.435625000000        -1.008959534504715E-008
   182.649375000000        -1.052247895716507E-008
   182.863125000000        -1.092640851390733E-008
   183.076875000000        -1.128491514862907E-008
   183.290625000000        -1.158435817853038E-008
   183.504375000000        -1.181432259343452E-008
   183.718125000000        -1.196784438552298E-008
   183.931875000000        -1.204150152323947E-008
   184.145625000000        -1.203532038334763E-008
   184.359375000000        -1.195259791363356E-008
   184.573125000000        -1.179961144967567E-008
   184.786875000000        -1.158527292841948E-008
   185.000625000000        -1.132071076654003E-008
   185.214375000000        -1.101884004314682E-008
   185.428125000000        -1.069389432568288E-008
   185.641875000000        -1.036093445204180E-008
   185.855625000000        -1.003534011114372E-008
   186.069375000000        -9.732261071384426E-009
   186.283125000000        -9.466095009569145E-009
   186.496875000000        -9.249869233710091E-009
   186.710625000000        -9.094731730479058E-009
   186.924375000000        -9.009388327823751E-009
   187.138125000000        -8.999646149440604E-009
   187.351875000000        -9.068020670004962E-009
   187.565625000000        -9.213480429428124E-009
   187.779375000000        -9.431383381477252E-009
   187.993125000000        -9.713537505248188E-009
   188.206875000000        -1.004849925813555E-008
   188.420625000000        -1.042206536250638E-008
   188.634375000000        -1.081789742238294E-008
   188.848125000000        -1.121834212379635E-008
   189.061875000000        -1.160531054465177E-008
   189.275625000000        -1.196119597604496E-008
   189.489375000000        -1.226983004727690E-008
   189.703125000000        -1.251729871470460E-008
   189.916875000000        -1.269267094905807E-008
   190.130625000000        -1.278855574484326E-008
   190.344375000000        -1.280143401643385E-008
   190.558125000000        -1.273177101045719E-008
   190.771875000000        -1.258390935948383E-008
   190.985625000000        -1.236569640823907E-008
   191.199375000000        -1.208792705464909E-008
   191.413125000000        -1.176362110995584E-008
   191.626875000000        -1.140712259954957E-008
   191.840625000000        -1.103320884213020E-008
   192.054375000000        -1.065610629275865E-008
   192.268125000000        -1.028863298614950E-008
   192.481875000000        -9.941417824682643E-009
   192.695625000000        -9.622327260041889E-009
   192.909375000000        -9.336118875928660E-009
   193.123125000000        -9.084354602277104E-009
   193.336875000000        -8.865585729655193E-009
   193.550625000000        -8.675821812566404E-009
   193.764375000000        -8.509212360967107E-009
   193.978125000000        -8.358925997841185E-009
   194.191875000000        -8.218119584334633E-009
   194.405625000000        -8.080972400744338E-009
   194.619375000000        -7.943604667009893E-009
   194.833125000000        -7.804905776763298E-009
   195.046875000000        -7.667080411761558E-009
   195.260625000000        -7.535977141227221E-009
   195.474375000000        -7.421028246458144E-009
   195.688125000000        -7.334920007948254E-009
   195.901875000000        -7.292901897894202E-009
   196.115625000000        -7.311820108325179E-009
   196.329375000000        -7.408965766520534E-009
   196.543125000000        -7.600722428484832E-009
   196.756875000000        -7.901192933747862E-009
   196.970625000000        -8.320857732597383E-009
   197.184375000000        -8.865356997923110E-009
   197.398125000000        -9.534472879531503E-009
   197.611875000000        -1.032139937006550E-008
   197.825625000000        -1.121236353949555E-008
   198.039375000000        -1.218659657648726E-008
   198.253125000000        -1.321676159322598E-008
   198.466875000000        -1.426968095660195E-008
   198.680625000000        -1.530755720725973E-008
   198.894375000000        -1.628941727102458E-008
   199.108125000000        -1.717290844294020E-008
   199.321875000000        -1.791621962565670E-008
   199.535625000000        -1.848013890939512E-008
   199.749375000000        -1.883009064103105E-008
   199.963125000000        -1.893804890954096E-008
   200.176875000000        -1.878423398522270E-008
   200.390625000000        -1.835848902235988E-008
   200.604375000000        -1.766121531724645E-008
   200.818125000000        -1.670385167046915E-008
   201.031875000000        -1.550880876875998E-008
   201.245625000000        -1.410883128530221E-008
   201.459375000000        -1.254590504431386E-008
   201.673125000000        -1.086955491667439E-008
   201.886875000000        -9.134851581332929E-009
   202.100625000000        -7.400035213215282E-009
   202.314375000000        -5.723991854466747E-009
   202.528125000000        -4.163646464536619E-009
   202.741875000000        -2.771491059713827E-009
   202.955625000000        -1.593305994289641E-009
   203.169375000000        -6.662286468734501E-010
   203.383125000000        -1.727925318403979E-011
   203.596875000000         3.375815456589150E-010
   203.810625000000         3.938730268234248E-010
   204.024375000000         1.584425045136442E-010
   204.238125000000        -3.512713465242139E-010
   204.451875000000        -1.108386790328927E-009
   204.665625000000        -2.078173552388617E-009
   204.879375000000        -3.219940714175706E-009
   205.093125000000        -4.489110798343971E-009
   205.306875000000        -5.839354332695887E-009
   205.520625000000        -7.224692853739340E-009
   205.734375000000        -8.601433891852360E-009
   205.948125000000        -9.929870994120040E-009
   206.161875000000        -1.117566418980887E-008
   206.375625000000        -1.231082787686870E-008
   206.589375000000        -1.331434925181218E-008
   206.803125000000        -1.417236927117966E-008
   207.016875000000        -1.487801510908456E-008
   207.230625000000        -1.543087597090840E-008
   207.444375000000        -1.583618581030056E-008
   207.658125000000        -1.610384974749706E-008
   207.871875000000        -1.624729706948239E-008
   208.085625000000        -1.628232873404897E-008
   208.299375000000        -1.622598570739516E-008
   208.513125000000        -1.609551332622030E-008
   208.726875000000        -1.590750779841159E-008
   208.940625000000        -1.567719797472011E-008
   209.154375000000        -1.541797199440005E-008
   209.368125000000        -1.514106240480753E-008
   209.581875000000        -1.485539414893275E-008
   209.795625000000        -1.456763451263541E-008
   210.009375000000        -1.428222539488120E-008
   210.223125000000        -1.400163234812637E-008
   210.436875000000        -1.372650954346440E-008
   210.650625000000        -1.345594542868924E-008
   210.864375000000        -1.318766548373211E-008
   211.078125000000        -1.291829926172919E-008
   211.291875000000        -1.264357236519193E-008
   211.505625000000        -1.235856164521818E-008
   211.719375000000        -1.205796431734790E-008
   211.933125000000        -1.173637061784399E-008
   212.146875000000        -1.138859660410970E-008
   212.360625000000        -1.101003696251146E-008
   212.574375000000        -1.059700138981859E-008
   212.788125000000        -1.014707558074412E-008
   213.001875000000        -9.659443053758307E-009
   213.215625000000        -9.135158257694309E-009
   213.429375000000        -8.577328063981927E-009
   213.643125000000        -7.991250223778075E-009
   213.856875000000        -7.384407640172128E-009
   214.070625000000        -6.766370293009485E-009
   214.284375000000        -6.148606528765710E-009
   214.498125000000        -5.544201512747273E-009
   214.711875000000        -4.967464658357396E-009
   214.925625000000        -4.433498975581898E-009
   215.139375000000        -3.957671366079293E-009
   215.353125000000        -3.555089680856379E-009
   215.566875000000        -3.240006718099408E-009
   215.780625000000        -3.025265412665364E-009
   215.994375000000        -2.921725488062264E-009
   216.208125000000        -2.937756940929067E-009
   216.421875000000        -3.078804504891005E-009
   216.635625000000        -3.347040498878410E-009
   216.849375000000        -3.741158885908126E-009
   217.063125000000        -4.256288415461842E-009
   217.276875000000        -4.884068249835602E-009
   217.490625000000        -5.612912963592103E-009
   217.704375000000        -6.428365508039866E-009
   217.918125000000        -7.313589725738396E-009
   218.131875000000        -8.250020155899383E-009
   218.345625000000        -9.217957291986054E-009
   218.559375000000        -1.019726219148497E-008
   218.773125000000        -1.116799047267008E-008
   218.986875000000        -1.211103262361775E-008
   219.200625000000        -1.300855993380543E-008
   219.414375000000        -1.384453118671522E-008
   219.628125000000        -1.460503928907547E-008
   219.841875000000        -1.527853971963032E-008
   220.055625000000        -1.585611153037046E-008
   220.269375000000        -1.633154693273817E-008
   220.483125000000        -1.670148381209753E-008
   220.696875000000        -1.696539559637832E-008
   220.910625000000        -1.712558450529896E-008
   221.124375000000        -1.718706782135864E-008
   221.338125000000        -1.715738451562457E-008
   221.551875000000        -1.704630788196083E-008
   221.765625000000        -1.686543607315140E-008
   221.979375000000        -1.662764024602611E-008
   222.193125000000        -1.634646142276587E-008
   222.406875000000        -1.603535597985747E-008
   222.620625000000        -1.570695832929116E-008
   222.834375000000        -1.537229289760897E-008
   223.048125000000        -1.504009016452760E-008
   223.261875000000        -1.471615598851541E-008
   223.475625000000        -1.440298225004589E-008
   223.689375000000        -1.409952886970547E-008
   223.903125000000        -1.380126932963809E-008
   224.116875000000        -1.350047725550055E-008
   224.330625000000        -1.318682909611843E-008
   224.544375000000        -1.284816573304403E-008
   224.758125000000        -1.247149119549743E-008
   224.971875000000        -1.204408576397209E-008
   225.185625000000        -1.155466922551708E-008
   225.399375000000        -1.099456688105406E-008
   225.613125000000        -1.035874773547918E-008
   225.826875000000        -9.646712555683691E-009
   226.040625000000        -8.863120914921668E-009
   226.254375000000        -8.018118758768933E-009
   226.468125000000        -7.127344200395681E-009
   226.681875000000        -6.211561611966501E-009
   226.895625000000        -5.295963578128865E-009
   227.109375000000        -4.409139579054961E-009
   227.323125000000        -3.581761477187343E-009
   227.536875000000        -2.845084828322797E-009
   227.750625000000        -2.229336062996529E-009
   227.964375000000        -1.762052849951373E-009
   228.178125000000        -1.466562859121848E-009
   228.391875000000        -1.360574496568883E-009
   228.605625000000        -1.455109889540169E-009
   228.819375000000        -1.753762115968137E-009
   229.033125000000        -2.252353014039829E-009
   229.246875000000        -2.939023588648490E-009
   229.460625000000        -3.794758936244761E-009
   229.674375000000        -4.794296027765069E-009
   229.888125000000        -5.907379910481059E-009
   230.101875000000        -7.100235931277115E-009
   230.315625000000        -8.337249047011315E-009
   230.529375000000        -9.582624705124050E-009
   230.743125000000        -1.080206212261949E-008
   230.956875000000        -1.196420375537117E-008
   231.170625000000        -1.304188332865120E-008
   231.384375000000        -1.401306862803949E-008
   231.598125000000        -1.486141998530104E-008
   231.811875000000        -1.557658658808627E-008
   232.025625000000        -1.615407370274960E-008
   232.239375000000        -1.659484076649581E-008
   232.453125000000        -1.690468497012725E-008
   232.666875000000        -1.709339381976709E-008
   232.880625000000        -1.717379940587491E-008
   233.094375000000        -1.716080125951808E-008
   233.308125000000        -1.707042241756341E-008
   233.521875000000        -1.691891184882575E-008
   233.735625000000        -1.672197629862069E-008
   233.949375000000        -1.649417384191182E-008
   234.163125000000        -1.624841633416128E-008
   234.376875000000        -1.599569100981425E-008
   234.590625000000        -1.574486579165075E-008
   234.804375000000        -1.550266371447728E-008
   235.018125000000        -1.527373674317600E-008
   235.231875000000        -1.506080799288410E-008
   235.445625000000        -1.486491253276582E-008
   235.659375000000        -1.468568292336745E-008
   235.873125000000        -1.452165068288342E-008
   236.086875000000        -1.437058494169414E-008
   236.300625000000        -1.422984391629139E-008
   236.514375000000        -1.409670382521665E-008
   236.728125000000        -1.396868886802895E-008
   236.941875000000        -1.384385279842547E-008
   237.155625000000        -1.372102862353805E-008
   237.369375000000        -1.360001375780062E-008
   237.583125000000        -1.348167847623210E-008
   237.796875000000        -1.336799246295923E-008
   238.010625000000        -1.326195666090436E-008
   238.224375000000        -1.316749643024666E-008
   238.438125000000        -1.308917855370923E-008
   238.651875000000        -1.303193420626794E-008
   238.865625000000        -1.300070161990622E-008
   239.079375000000        -1.300002202629334E-008
   239.293125000000        -1.303364325862134E-008
   239.506875000000        -1.310414212741806E-008
   239.720625000000        -1.321257488204803E-008
   239.934375000000        -1.335821880176112E-008
   240.148125000000        -1.353837750681125E-008
   240.361875000000        -1.374833543090690E-008
   240.575625000000        -1.398139365430799E-008
   240.789375000000        -1.422904897120376E-008
   241.003125000000        -1.448127465660619E-008
   241.216875000000        -1.472695233460249E-008
   241.430625000000        -1.495430603168267E-008
   241.644375000000        -1.515148566456612E-008
   241.858125000000        -1.530715045398575E-008
   242.071875000000        -1.541103126458319E-008
   242.285625000000        -1.545447915282837E-008
   242.499375000000        -1.543095334375472E-008
   242.713125000000        -1.533642248318633E-008
   242.926875000000        -1.516961479697155E-008
   243.140625000000        -1.493219184045045E-008
   243.354375000000        -1.462876624132409E-008
   243.568125000000        -1.426679283083169E-008
   243.781875000000        -1.385636919761165E-008
   243.995625000000        -1.340991421139001E-008
   244.209375000000        -1.294178620966775E-008
   244.423125000000        -1.246783472060293E-008
   244.636875000000        -1.200497900444232E-008
   244.850625000000        -1.157070477511593E-008
   245.064375000000        -1.118261191009388E-008
   245.278125000000        -1.085798379357294E-008
   245.491875000000        -1.061336317146102E-008
   245.705625000000        -1.046419814265673E-008
   245.919375000000        -1.042444659683030E-008
   246.133125000000        -1.050627482718595E-008
   246.346875000000        -1.071973174438995E-008
   246.560625000000        -1.107248678011358E-008
   246.774375000000        -1.156954983290510E-008
   246.988125000000        -1.221304024682421E-008
   247.201875000000        -1.300201268711637E-008
   247.415625000000        -1.393230551424562E-008
   247.629375000000        -1.499645470962036E-008
   247.843125000000        -1.618370889037516E-008
   248.056875000000        -1.748013182840956E-008
   248.270625000000        -1.886879775176117E-008
   248.484375000000        -2.033013123349935E-008
   248.698125000000        -2.184229200140989E-008
   248.911875000000        -2.338180398437463E-008
   249.125625000000        -2.492409740446415E-008
   249.339375000000        -2.644428512135653E-008
   249.553125000000        -2.791791913563259E-008
   249.766875000000        -2.932171841423100E-008
   249.980625000000        -3.063433185223925E-008
   250.194375000000        -3.183700865697082E-008
   250.408125000000        -3.291417124918446E-008
   250.621875000000        -3.385382686210789E-008
   250.835625000000        -3.464785715188648E-008
   251.049375000000        -3.529213364514159E-008
   251.263125000000        -3.578638690935248E-008
   251.476875000000        -3.613403420844853E-008
   251.690625000000        -3.634173643787740E-008
   251.904375000000        -3.641892812082407E-008
   252.118125000000        -3.637724466595589E-008
   252.331875000000        -3.622987248341513E-008
   252.545625000000        -3.599096615642372E-008
   252.759375000000        -3.567507149013383E-008
   252.973125000000        -3.529664993436988E-008
   253.186875000000        -3.486965045756971E-008
   253.400625000000        -3.440724322051437E-008
   253.614375000000        -3.392165520234556E-008
   253.828125000000        -3.342404574832240E-008
   254.041875000000        -3.292454230368421E-008
   254.255625000000        -3.243224781580678E-008
   254.469375000000        -3.195534090749346E-008
   254.683125000000        -3.150110082894463E-008
   254.896875000000        -3.107594602716024E-008
   255.110625000000        -3.068538567198184E-008
   255.324375000000        -3.033394962137567E-008
   255.538125000000        -3.002504062975839E-008
   255.751875000000        -2.976072315962800E-008
   255.965625000000        -2.954157627812607E-008
   256.179375000000        -2.936644989911365E-008
   256.393125000000        -2.923238208170116E-008
   256.606875000000        -2.913451655624206E-008
   256.820625000000        -2.906618483876579E-008
   257.034375000000        -2.901907394492692E-008
   257.248125000000        -2.898355050953618E-008
   257.461875000000        -2.894909702383427E-008
   257.675625000000        -2.890486227828466E-008
   257.889375000000        -2.884023890722179E-008
   258.103125000000        -2.874547165401895E-008
   258.316875000000        -2.861224583798618E-008
   258.530625000000        -2.843418627112531E-008
   258.744375000000        -2.820718426534370E-008
   258.958125000000        -2.792961630188571E-008
   259.171875000000        -2.760231875058306E-008
   259.385625000000        -2.722841456021396E-008
   259.599375000000        -2.681288812771355E-008
   259.813125000000        -2.636206576090825E-008
   260.026875000000        -2.588288761209420E-008
   260.240625000000        -2.538217110089899E-008
   260.454375000000        -2.486585113797193E-008
   260.668125000000        -2.433823078728342E-008
   260.881875000000        -2.380141703380995E-008
   261.095625000000        -2.325491402739023E-008
   261.309375000000        -2.269547260691238E-008
   261.523125000000        -2.211720123050530E-008
   261.736875000000        -2.151204877725582E-008
   261.950625000000        -2.087049443498287E-008
   262.164375000000        -2.018260127010865E-008
   262.378125000000        -1.943922559592764E-008
   262.591875000000        -1.863335485948501E-008
   262.805625000000        -1.776147758255518E-008
   263.019375000000        -1.682480918073811E-008
   263.233125000000        -1.583026049979439E-008
   263.446875000000        -1.479107702097151E-008
   263.660625000000        -1.372692890139178E-008
   263.874375000000        -1.266349229398237E-008
   264.088125000000        -1.163144904575387E-008
   264.301875000000        -1.066492395337502E-008
   264.515625000000        -9.799488538298160E-009
   264.729375000000        -9.069767576190441E-009
   264.943125000000        -8.506961213805435E-009
   265.156875000000        -8.136386826793497E-009
   265.370625000000        -7.975202338016703E-009
   265.584375000000        -8.030696278537021E-009
   265.798125000000        -8.299122509029859E-009
   266.011875000000        -8.765238699845298E-009
   266.225625000000        -9.402734547271451E-009
   266.439375000000        -1.017537268520255E-008
   266.653125000000        -1.103886344323666E-008
   266.866875000000        -1.194332589441330E-008
   267.080625000000        -1.283617897503204E-008
   267.294375000000        -1.366515768761716E-008
   267.508125000000        -1.438143671440419E-008
   267.721875000000        -1.494238433619252E-008
   267.935625000000        -1.531398850404103E-008
   268.149375000000        -1.547266151778208E-008
   268.363125000000        -1.540641355199574E-008
   268.576875000000        -1.511524124712883E-008
   268.790625000000        -1.461085470431069E-008
   269.004375000000        -1.391564353557804E-008
   269.218125000000        -1.306113622711608E-008
   269.431875000000        -1.208595017878522E-008
   269.645625000000        -1.103344372744118E-008
   269.859375000000        -9.949227848865940E-009
   270.073125000000        -8.878665180617357E-009
   270.286875000000        -7.864564991671610E-009
   270.500625000000        -6.945128872394987E-009
   270.714375000000        -6.152372147391645E-009
   270.928125000000        -5.510929302271239E-009
   271.141875000000        -5.037472203196361E-009
   271.355625000000        -4.740566657244330E-009
   271.569375000000        -4.621046164783496E-009
   271.783125000000        -4.672788187272709E-009
   271.996875000000        -4.883823155952244E-009
   272.210625000000        -5.237677665783079E-009
   272.424375000000        -5.714791096167695E-009
   272.638125000000        -6.293971698008502E-009
   272.851875000000        -6.953745819068793E-009
   273.065625000000        -7.673529507161657E-009
   273.279375000000        -8.434621943729822E-009
   273.493125000000        -9.220905991514130E-009
   273.706875000000        -1.001932073858302E-008
   273.920625000000        -1.082008308785739E-008
   274.134375000000        -1.161671804201451E-008
   274.348125000000        -1.240587870829576E-008
   274.561875000000        -1.318701102830247E-008
   274.775625000000        -1.396195987471203E-008
   274.989375000000        -1.473437466861725E-008
   275.203125000000        -1.550912897780916E-008
   275.416875000000        -1.629160823334855E-008
   275.630625000000        -1.708695000443932E-008
   275.844375000000        -1.789921522120122E-008
   276.058125000000        -1.873056256729849E-008
   276.271875000000        -1.958039967385494E-008
   276.485625000000        -2.044455047145097E-008
   276.699375000000        -2.131460617154519E-008
   276.913125000000        -2.217734282292075E-008
   277.126875000000        -2.301449042413725E-008
   277.340625000000        -2.380274040066398E-008
   277.554375000000        -2.451415096995235E-008
   277.768125000000        -2.511699351066841E-008
   277.981875000000        -2.557697519491265E-008
   278.195625000000        -2.585889287997112E-008
   278.409375000000        -2.592862938496274E-008
   278.623125000000        -2.575536425935697E-008
   278.836875000000        -2.531393706048778E-008
   279.050625000000        -2.458715672333889E-008
   279.264375000000        -2.356785465022474E-008
   279.478125000000        -2.226063880020027E-008
   279.691875000000        -2.068304752461497E-008
   279.905625000000        -1.886598734383129E-008
   280.119375000000        -1.685347285795749E-008
   280.333125000000        -1.470151325193445E-008
   280.546875000000        -1.247615997283751E-008
   280.760625000000        -1.025081067212200E-008
   280.974375000000        -8.102992784897888E-009
   281.188125000000        -6.110622563219742E-009
   281.401875000000        -4.348143692703787E-009
   281.615625000000        -2.882655749212487E-009
   281.829375000000        -1.770424355243723E-009
   282.043125000000        -1.053863186920529E-009
   282.256875000000        -7.592831956481862E-010
   282.470625000000        -8.955728536323678E-010
   282.684375000000        -1.453820917239097E-009
   282.898125000000        -2.407949100304072E-009
   283.111875000000        -3.716320253647836E-009
   283.325625000000        -5.324108914660243E-009
   283.539375000000        -7.166361178434845E-009
   283.753125000000        -9.171441608447256E-009
   283.966875000000        -1.126468400601480E-008
   284.180625000000        -1.337192719578062E-008
   284.394375000000        -1.542278451879596E-008
   284.608125000000        -1.735343022934518E-008
   284.821875000000        -1.910875102627931E-008
   285.035625000000        -2.064380393799167E-008
   285.249375000000        -2.192450733007965E-008
   285.463125000000        -2.292770515969946E-008
   285.676875000000        -2.364058955617688E-008
   285.890625000000        -2.405964809829894E-008
   286.104375000000        -2.418929364344265E-008
   286.318125000000        -2.404034167182554E-008
   286.531875000000        -2.362845481147115E-008
   286.745625000000        -2.297274231564254E-008
   286.959375000000        -2.209453425763674E-008
   287.173125000000        -2.101657171060997E-008
   287.386875000000        -1.976237268065330E-008
   287.600625000000        -1.835605898059307E-008
   287.814375000000        -1.682240599263519E-008
   288.028125000000        -1.518709254465286E-008
   288.241875000000        -1.347713112341235E-008
   288.455625000000        -1.172124463167667E-008
   288.669375000000        -9.950239752701811E-009
   288.883125000000        -8.197160745171821E-009
   289.096875000000        -6.497226357145621E-009
   289.310625000000        -4.887478985203491E-009
   289.524375000000        -3.406146421665344E-009
   289.738125000000        -2.091630090066131E-009
   289.951875000000        -9.813310166676288E-010
   290.165625000000        -1.101962612510177E-010
   290.379375000000         4.908110864250154E-010
   290.593125000000         7.962731973991179E-010
   290.806875000000         7.877892305702977E-010
   291.020625000000         4.552886020462029E-010
   291.234375000000        -2.019740597550850E-010
   291.448125000000        -1.174738276776547E-009
   291.661875000000        -2.443467410166613E-009
   291.875625000000        -3.978544635268860E-009
   292.089375000000        -5.740828196760770E-009
   292.303125000000        -7.682707812154762E-009
   292.516875000000        -9.749448746220423E-009
   292.730625000000        -1.188088640682623E-008
   292.944375000000        -1.401336285216581E-008
   293.158125000000        -1.608175943111142E-008
   293.371875000000        -1.802168198039087E-008
   293.585625000000        -1.977160280222020E-008
   293.799375000000        -2.127492963276627E-008
   294.013125000000        -2.248199658730029E-008
   294.226875000000        -2.335182424473281E-008
   294.440625000000        -2.385366582189845E-008
   294.654375000000        -2.396827229172102E-008
   294.868125000000        -2.368881914415090E-008
   295.081875000000        -2.302146924478327E-008
   295.295625000000        -2.198548992215583E-008
   295.509375000000        -2.061292058445082E-008
   295.723125000000        -1.894775101153606E-008
   295.936875000000        -1.704458264649304E-008
   296.150625000000        -1.496680099653825E-008
   296.364375000000        -1.278430897251181E-008
   296.578125000000        -1.057079218721932E-008
   296.791875000000        -8.400887737270001E-009
   297.005625000000        -6.346967779686126E-009
   297.219375000000        -4.476146123381163E-009
   297.433125000000        -2.847377382079279E-009
   297.646875000000        -1.508913515157093E-009
   297.860625000000        -4.963249344591696E-010
   298.074375000000         1.688229545827158E-010
   298.288125000000         4.795917861366111E-010
   298.501875000000         4.434507068216227E-010
   298.715625000000         8.124261795355573E-011
   298.929375000000        -5.744735267758540E-010
   299.143125000000        -1.481757159602275E-009
   299.356875000000        -2.592042104984799E-009
   299.570625000000        -3.853148720345025E-009
   299.784375000000        -5.212307608934524E-009
   299.998125000000        -6.619037287147619E-009
   300.211875000000        -8.027681662577597E-009
   300.425625000000        -9.399413044259665E-009
   300.639375000000        -1.070359630374131E-008
   300.853125000000        -1.191846972518106E-008
   301.066875000000        -1.303108373454864E-008
   301.280625000000        -1.403660870872478E-008
   301.494375000000        -1.493700947654947E-008
   301.708125000000        -1.573929066497729E-008
   301.921875000000        -1.645344373799709E-008
   302.135625000000        -1.709030518330816E-008
   302.349375000000        -1.765949110388527E-008
   302.563125000000        -1.816754621572782E-008
   302.776875000000        -1.861657872751266E-008
   302.990625000000        -1.900333572530378E-008
   303.204375000000        -1.931894215374218E-008
   303.418125000000        -1.954917248155887E-008
   303.631875000000        -1.967536096425628E-008
   303.845625000000        -1.967576407487662E-008
   304.059375000000        -1.952729514461382E-008
   304.273125000000        -1.920747663473245E-008
   304.486875000000        -1.869646255088728E-008
   304.700625000000        -1.797885463824560E-008
   304.914375000000        -1.704536645166374E-008
   305.128125000000        -1.589397221618307E-008
   305.341875000000        -1.453067160517195E-008
   305.555625000000        -1.296963747173164E-008
   305.769375000000        -1.123294894572536E-008
   305.983125000000        -9.349792890039527E-009
   306.196875000000        -7.355359874878378E-009
   306.410625000000        -5.289433800315882E-009
   306.624375000000        -3.194925062957883E-009
   306.838125000000        -1.116350942275955E-009
   307.051875000000         9.015181216654784E-010
   307.265625000000         2.814786088678749E-009
   307.479375000000         4.581368184703308E-009
   307.693125000000         6.161581001352568E-009
   307.906875000000         7.518543580480719E-009
   308.120625000000         8.618315472990901E-009
   308.334375000000         9.430030408706649E-009
   308.548125000000         9.925914382268674E-009
   308.761875000000         1.008149321931016E-008
   308.975625000000         9.875864849846031E-009
   309.189375000000         9.292311626708663E-009
   309.403125000000         8.319050402370267E-009
   309.616875000000         6.950306821630644E-009
   309.830625000000         5.187465116181201E-009
   310.044375000000         3.040378816090033E-009
   310.258125000000         5.285272758896176E-010
   310.471875000000        -2.317960713756384E-009
   310.685625000000        -5.457670563469941E-009
   310.899375000000        -8.837747555170953E-009
   311.113125000000        -1.239432913775706E-008
   311.326875000000        -1.605359468379883E-008
   311.540625000000        -1.973352086422165E-008
   311.754375000000        -2.334621447409939E-008
   311.968125000000        -2.680072189411255E-008
   312.181875000000        -3.000622388259928E-008
   312.395625000000        -3.287542805129411E-008
   312.609375000000        -3.532787214095681E-008
   312.823125000000        -3.729305918600515E-008
   313.036875000000        -3.871310767363830E-008
   313.250625000000        -3.954488006224278E-008
   313.464375000000        -3.976140135449218E-008
   313.678125000000        -3.935252264257619E-008
   313.891875000000        -3.832483998682806E-008
   314.105625000000        -3.670089608371906E-008
   314.319375000000        -3.451779333716828E-008
   314.533125000000        -3.182525158130611E-008
   314.746875000000        -2.868345643197593E-008
   314.960625000000        -2.516061404419149E-008
   315.174375000000        -2.133058804086834E-008
   315.388125000000        -1.727059690495177E-008
   315.601875000000        -1.305920220377294E-008
   315.815625000000        -8.774587380512270E-009
   316.029375000000        -4.493178740166436E-009
   316.243125000000        -2.886261403365128E-010
   316.456875000000         3.768889530685521E-009
   316.670625000000         7.613175409853349E-009
   316.884375000000         1.118229943391337E-008
   317.098125000000         1.441886965942278E-008
   317.311875000000         1.727035890365564E-008
   317.525625000000         1.968943840811602E-008
   317.739375000000         2.163458870013710E-008
   317.953125000000         2.307080405162467E-008
   318.166875000000         2.397047777541755E-008
   318.380625000000         2.431441901686904E-008
   318.594375000000         2.409283476691562E-008
   318.808125000000         2.330632794720544E-008
   319.021875000000         2.196659933027238E-008
   319.235625000000         2.009691243702532E-008
   319.449375000000         1.773216472501037E-008
   319.663125000000         1.491849954624048E-008
   319.876875000000         1.171237258203109E-008
   320.090625000000         8.179241818843931E-009
   320.304375000000         4.391786679919097E-009
   320.518125000000         4.277875150480316E-010
   320.731875000000        -3.632169754200519E-009
   320.945625000000        -7.707061670741355E-009
   321.159375000000        -1.171770718375267E-008
   321.373125000000        -1.558889835632914E-008
   321.586875000000        -1.925117981933290E-008
   321.800625000000        -2.264225198754655E-008
   322.014375000000        -2.570794838932945E-008
   322.228125000000        -2.840284241241687E-008
   322.441875000000        -3.069042173623178E-008
   322.655625000000        -3.254296214256508E-008
   322.869375000000        -3.394116426025480E-008
   323.083125000000        -3.487364128514755E-008
   323.296875000000        -3.533633465559080E-008
   323.510625000000        -3.533195616397834E-008
   323.724375000000        -3.486950468304110E-008
   323.938125000000        -3.396387642280807E-008
   324.151875000000        -3.263558112991747E-008
   324.365625000000        -3.091061030697868E-008
   324.579375000000        -2.882036070208589E-008
   324.793125000000        -2.640154939417262E-008
   325.006875000000        -2.369613936701745E-008
   325.220625000000        -2.075119017222751E-008
   325.434375000000        -1.761850931503103E-008
   325.648125000000        -1.435413354073677E-008
   325.861875000000        -1.101763095117601E-008
   326.075625000000        -7.671080383490655E-009
   326.289375000000        -4.377875722093756E-009
   326.503125000000        -1.201321880755707E-009
   326.716875000000         1.796952458554153E-009
   326.930625000000         4.558650231254582E-009
   327.144375000000         7.030478851225935E-009
   327.358125000000         9.165739994336308E-009
   327.571875000000         1.092576072765847E-008
   327.785625000000         1.228113545206317E-008
   327.999375000000         1.321255541218609E-008
   328.213125000000         1.371141031913337E-008
   328.426875000000         1.377996094661980E-008
   328.640625000000         1.343108530826564E-008
   328.854375000000         1.268775007328812E-008
   329.068125000000         1.158211293806809E-008
   329.281875000000         1.015433941953690E-008
   329.495625000000         8.451210100064407E-009
   329.709375000000         6.524592538460484E-009
   329.923125000000         4.429774422682181E-009
   330.136875000000         2.223791145842744E-009
   330.350625000000        -3.627420237509079E-011
   330.564375000000        -2.294886649018598E-009
   330.778125000000        -4.499594769453876E-009
   330.991875000000        -6.602463896426830E-009
   331.205625000000        -8.561271546884515E-009
   331.419375000000        -1.034055957298812E-008
   331.633125000000        -1.191244167076851E-008
   331.846875000000        -1.325709562080464E-008
   332.060625000000        -1.436303768886298E-008
   332.274375000000        -1.522698390357673E-008
   332.488125000000        -1.585341698409317E-008
   332.701875000000        -1.625386360586088E-008
   332.915625000000        -1.644575924976878E-008
   333.129375000000        -1.645116927985301E-008
   333.343125000000        -1.629522964451705E-008
   333.556875000000        -1.600450225035076E-008
   333.770625000000        -1.560532262210495E-008
   333.984375000000        -1.512221374809179E-008
   334.198125000000        -1.457650555532161E-008
   334.411875000000        -1.398524404008549E-008
   334.625625000000        -1.336047227687835E-008
   334.839375000000        -1.270891370820171E-008
   335.053125000000        -1.203215820667104E-008
   335.266875000000        -1.132726640520425E-008
   335.480625000000        -1.058783320836876E-008
   335.694375000000        -9.805391726432639E-009
   335.908125000000        -8.971085268813343E-009
   336.121875000000        -8.077464993172254E-009
   336.335625000000        -7.120365524480623E-009
   336.549375000000        -6.100595096266907E-009
   336.763125000000        -5.025312188514087E-009
   336.976875000000        -3.909124787365540E-009
   337.190625000000        -2.774516139247660E-009
   337.404375000000        -1.651759157610704E-009
   337.618125000000        -5.781703429324441E-010
   337.831875000000         4.033504698420481E-010
   338.045625000000         1.246321145144534E-009
   338.259375000000         1.903267817167392E-009
   338.473125000000         2.328613466811190E-009
   338.686875000000         2.481859612411290E-009
   338.900625000000         2.330715283609990E-009
   339.114375000000         1.854007675001759E-009
   339.328125000000         1.044186893142256E-009
   339.541875000000        -9.085848840448017E-011
   339.755625000000        -1.526756134574693E-009
   339.969375000000        -3.222632116706132E-009
   340.183125000000        -5.121959782985056E-009
