  -1.60312500000000         2.974218597748736E-020
  -1.38937500000000         3.432128463906460E-019
  -1.17562500000000         2.259484240568996E-018
 -0.961875000000000         1.079774778424105E-017
 -0.748125000000000         4.122345302598646E-017
 -0.534375000000000         1.296619092280582E-016
 -0.320625000000000         3.356069107309134E-016
 -0.106875000000000         6.946315540938745E-016
  0.106875000000000         1.038879269433284E-015
  0.320625000000000         5.854629111890139E-016
  0.534375000000000        -2.794973399092577E-015
  0.748125000000000        -1.361821566489785E-014
  0.961875000000000        -4.004533773600944E-014
   1.17562500000000        -9.523741245565920E-014
   1.38937500000000        -1.986365920656477E-013
   1.60312500000000        -3.769921734243773E-013
   1.81687500000000        -6.650513769353173E-013
   2.03062500000000        -1.105714888066689E-012
   2.24437500000000        -1.749488586962606E-012
   2.45812500000000        -2.653186732789981E-012
   2.67187500000000        -3.877771059778238E-012
   2.88562500000000        -5.485695793908907E-012
   3.09937500000000        -7.537478112437493E-012
   3.31312500000000        -1.008816715168625E-011
   3.52687500000000        -1.318412956342933E-011
   3.74062500000000        -1.686017411360101E-011
   3.95437500000000        -2.113797008724289E-011
   4.16812500000000        -2.602578885631382E-011
   4.38187500000000        -3.152006154487165E-011
   4.59562500000000        -3.760829011495117E-011
   4.80937500000000        -4.427343608918409E-011
   5.02312500000000        -5.149941820459576E-011
   5.23687500000000        -5.927636263993622E-011
   5.45062500000000        -6.760526345149239E-011
   5.66437500000000        -7.650057303835535E-011
   5.87812500000000        -8.599055384340654E-011
   6.09187500000000        -9.611468535728987E-011
   6.30562500000000        -1.069172506501535E-010
   6.51937500000000        -1.184387802654995E-010
   6.73312500000000        -1.307055664983686E-010
   6.94687500000000        -1.437186011666344E-010
   7.16062500000000        -1.574438816693969E-010
   7.37437500000000        -1.718059453776903E-010
   7.58812500000000        -1.866860257585652E-010
   7.80187500000000        -2.019251128311420E-010
   8.01562500000000        -2.173331737045667E-010
   8.22937500000000        -2.327032059297059E-010
   8.44312500000000        -2.478285747226703E-010
   8.65687500000000        -2.625212199731250E-010
   8.87062500000000        -2.766284702199238E-010
   9.08437500000000        -2.900459314200507E-010
   9.29812500000000        -3.027236644700109E-010
   9.51187500000000        -3.146648571717356E-010
   9.72562500000000        -3.259171131869599E-010
   9.93937500000000        -3.365575029046801E-010
   10.1531250000000        -3.466736396387545E-010
   10.3668750000000        -3.563437562296467E-010
   10.5806250000000        -3.656192740391441E-010
   10.7943750000000        -3.745136288143703E-010
   11.0081250000000        -3.829982291998029E-010
   11.2218750000000        -3.910072499160007E-010
   11.4356250000000        -3.984507929318221E-010
   11.6493750000000        -4.052334273720078E-010
   11.8631250000000        -4.112753017506249E-010
   12.0768750000000        -4.165317959427730E-010
   12.2906250000000        -4.210080639768070E-010
   12.5043750000000        -4.247650460197915E-010
   12.7181250000000        -4.279159218688507E-010
   12.9318750000000        -4.306129092560739E-010
   13.1456250000000        -4.330260420281328E-010
   13.3593750000000        -4.353179536149070E-010
   13.5731250000000        -4.376184556448568E-010
   13.7868750000000        -4.400037022639643E-010
   14.0006250000000        -4.424836328217606E-010
   14.2143750000000        -4.450001102255296E-010
   14.4281250000000        -4.474366690859336E-010
   14.6418750000000        -4.496381394445649E-010
   14.8556250000000        -4.514373601155904E-010
   15.0693750000000        -4.526845393132039E-010
   15.2831250000000        -4.532746316578107E-010
   15.4968750000000        -4.531683883786690E-010
   15.7106250000000        -4.524032205839782E-010
   15.9243750000000        -4.510927573685565E-010
   16.1381250000000        -4.494154952790519E-010
   16.3518750000000        -4.475941316931257E-010
   16.5656250000000        -4.458698298495354E-010
   16.7793750000000        -4.444752428434046E-010
   16.9931250000000        -4.436107502432895E-010
   17.2068750000000        -4.434277835910333E-010
   17.4206250000000        -4.440211314928411E-010
   17.6343750000000        -4.454310128960223E-010
   17.8481250000000        -4.476534689499958E-010
   18.0618750000000        -4.506570158724979E-010
   18.2756250000000        -4.544017739178617E-010
   18.4893750000000        -4.588577218398479E-010
   18.7031250000000        -4.640183178856009E-010
   18.9168750000000        -4.699073705057654E-010
   19.1306250000000        -4.765788629289265E-010
   19.3443750000000        -4.841087061473743E-010
   19.5581250000000        -4.925809614374124E-010
   19.7718750000000        -5.020710494356596E-010
   19.9856250000000        -5.126284438423705E-010
   20.1993750000000        -5.242620125865823E-010
   20.4131250000000        -5.369302340331978E-010
   20.6268750000000        -5.505379296147839E-010
   20.8406250000000        -5.649395321034715E-010
   21.0543750000000        -5.799489774855481E-010
   21.2681250000000        -5.953546526502214E-010
   21.4818750000000        -6.109369800150304E-010
   21.6956250000000        -6.264868093052152E-010
   21.9093750000000        -6.418226021067473E-010
   22.1231250000000        -6.568041630617519E-010
   22.3368750000000        -6.713415398721975E-010
   22.5506250000000        -6.853990585537228E-010
   22.7643750000000        -6.989937207483967E-010
   22.9781250000000        -7.121887849453063E-010
   23.1918750000000        -7.250837654387602E-010
   23.4056250000000        -7.378017837885224E-010
   23.6193750000000        -7.504764733236397E-010
   23.8331250000000        -7.632394755369892E-010
   24.0468750000000        -7.762097270757951E-010
   24.2606250000000        -7.894857569646517E-010
   24.4743750000000        -8.031416667833669E-010
   24.6881250000000        -8.172262916630690E-010
   24.9018750000000        -8.317647309370793E-010
   25.1156250000000        -8.467620333309625E-010
   25.3293750000000        -8.622067753217532E-010
   25.5431250000000        -8.780737105343315E-010
   25.7568750000000        -8.943248096036801E-010
   25.9706250000000        -9.109069260420651E-010
   26.1843750000000        -9.277471087628264E-010
   26.3981250000000        -9.447466239903504E-010
   26.6118750000000        -9.617745091682791E-010
   26.8256250000000        -9.786627396103634E-010
   27.0393750000000        -9.952052834493576E-010
   27.2531250000000        -1.011162851627820E-009
   27.4668750000000        -1.026273693940976E-009
   27.6806250000000        -1.040270735410089E-009
   27.8943750000000        -1.052904309143752E-009
   28.1081250000000        -1.063967296848089E-009
   28.3218750000000        -1.073319691656021E-009
   28.5356250000000        -1.080909060441703E-009
   28.7493750000000        -1.086783807705431E-009
   28.9631250000000        -1.091096434578094E-009
   29.1768750000000        -1.094095209744602E-009
   29.3906250000000        -1.096105185712320E-009
   29.6043750000000        -1.097500108933668E-009
   29.8181250000000        -1.098668912035936E-009
   30.0318750000000        -1.099981031780527E-009
   30.2456250000000        -1.101754819491141E-009
   30.4593750000000        -1.104233393593961E-009
   30.6731250000000        -1.107570628856515E-009
   30.8868750000000        -1.111828597341444E-009
   31.1006250000000        -1.116986194662370E-009
   31.3143750000000        -1.122956497561740E-009
   31.5281250000000        -1.129609900809450E-009
   31.7418750000000        -1.136798820377553E-009
   31.9556250000000        -1.144380000323781E-009
   32.1693750000000        -1.152231638475177E-009
   32.3831250000000        -1.160263318743913E-009
   32.5968750000000        -1.168418060748734E-009
   32.8106250000000        -1.176667931912146E-009
   33.0243750000000        -1.185005312058660E-009
   33.2381250000000        -1.193432553913867E-009
   33.4518750000000        -1.201953049788027E-009
   33.6656250000000        -1.210565826367008E-009
   33.8793750000000        -1.219265281376222E-009
   34.0931250000000        -1.228045886745505E-009
   34.3068750000000        -1.236910846091577E-009
   34.5206250000000        -1.245882722313741E-009
   34.7343750000000        -1.255013418222916E-009
   34.9481250000000        -1.264390897330614E-009
   35.1618750000000        -1.274140623053791E-009
   35.3756250000000        -1.284420891975237E-009
   35.5893750000000        -1.295411614839363E-009
   35.8031250000000        -1.307297864833602E-009
   36.0168750000000        -1.320250887860276E-009
   36.2306250000000        -1.334408340719114E-009
   36.4443750000000        -1.349857306682893E-009
   36.6581250000000        -1.366622409986894E-009
   36.8718750000000        -1.384660711910245E-009
   37.0856250000000        -1.403864392823178E-009
   37.2993750000000        -1.424070929717450E-009
   37.5131250000000        -1.445079400752016E-009
   37.7268750000000        -1.466670853434486E-009
   37.9406250000000        -1.488630450268633E-009
   38.1543750000000        -1.510768074454508E-009
   38.3681250000000        -1.532935142169664E-009
   38.5818750000000        -1.555035514803341E-009
   38.7956250000000        -1.577029507079163E-009
   39.0093750000000        -1.598930208995579E-009
   39.2231250000000        -1.620792854329212E-009
   39.4368750000000        -1.642698479154815E-009
   39.6506250000000        -1.664734201767010E-009
   39.8643750000000        -1.686973160760396E-009
   40.0781250000000        -1.709455830293631E-009
   40.2918750000000        -1.732175952565681E-009
   40.5056250000000        -1.755073296418260E-009
   40.7193750000000        -1.778034131452268E-009
   40.9331250000000        -1.800899957716509E-009
   41.1468750000000        -1.823483546632867E-009
   41.3606250000000        -1.845590294436645E-009
   41.5743750000000        -1.867042375363749E-009
   41.7881250000000        -1.887702019936074E-009
   42.0018750000000        -1.907490790786783E-009
   42.2156250000000        -1.926402001450061E-009
   42.4293750000000        -1.944503711847370E-009
   42.6431250000000        -1.961931968046160E-009
   42.8568750000000        -1.978874762899227E-009
   43.0706250000000        -1.995548669179899E-009
   43.2843750000000        -2.012171453622911E-009
   43.4981250000000        -2.028934455043286E-009
   43.7118750000000        -2.045978806779333E-009
   43.9256250000000        -2.063378958523838E-009
   44.1393750000000        -2.081135661672265E-009
   44.3531250000000        -2.099179567815639E-009
   44.5668750000000        -2.117384549589558E-009
   44.7806250000000        -2.135587971556109E-009
   44.9943750000000        -2.153615107569629E-009
   45.2081250000000        -2.171303606515724E-009
   45.4218750000000        -2.188523861817837E-009
   45.6356250000000        -2.205192458308233E-009
   45.8493750000000        -2.221277106197136E-009
   46.0631250000000        -2.236792975055259E-009
   46.2768750000000        -2.251792102504645E-009
   46.4906250000000        -2.266348415105304E-009
   46.7043750000000        -2.280541862702219E-009
   46.9181250000000        -2.294445583261290E-009
   47.1318750000000        -2.308118541306420E-009
   47.3456250000000        -2.321605383594853E-009
   47.5593750000000        -2.334943612260865E-009
   47.7731250000000        -2.348176420792616E-009
   47.9868750000000        -2.361368316923072E-009
   48.2006250000000        -2.374619874039057E-009
   48.4143750000000        -2.388077958511519E-009
   48.6281250000000        -2.401938355875183E-009
   48.8418750000000        -2.416438872639594E-009
   49.0556250000000        -2.431842637746456E-009
   49.2693750000000        -2.448413667297661E-009
   49.4831250000000        -2.466387910918620E-009
   49.6968750000000        -2.485943809807798E-009
   49.9106250000000        -2.507177457054956E-009
   50.1243750000000        -2.530086442538971E-009
   50.3381250000000        -2.554565491891396E-009
   50.5518750000000        -2.580415075919661E-009
   50.7656250000000        -2.607362199904508E-009
   50.9793750000000        -2.635091103385161E-009
   51.1931250000000        -2.663279155431153E-009
   51.4068750000000        -2.691632990579085E-009
   51.6206250000000        -2.719919699867121E-009
   51.8343750000000        -2.747988512502706E-009
   52.0481250000000        -2.775780349029560E-009
   52.2618750000000        -2.803324087131644E-009
   52.4756250000000        -2.830720811160342E-009
   52.6893750000000        -2.858118995758214E-009
   52.9031250000000        -2.885685133432380E-009
   53.1168750000000        -2.913575177770057E-009
   53.3306250000000        -2.941911419856381E-009
   53.5443750000000        -2.970768220497429E-009
   53.7581250000000        -3.000169163176546E-009
   53.9718750000000        -3.030095309595166E-009
   54.1856250000000        -3.060502088375197E-009
   54.3993750000000        -3.091341253875244E-009
   54.6131250000000        -3.122582902502573E-009
   54.8268750000000        -3.154232354099192E-009
   55.0406250000000        -3.186337900528262E-009
   55.2543750000000        -3.218986754133645E-009
   55.4681250000000        -3.252288405468961E-009
   55.6818750000000        -3.286347919436346E-009
   55.8956250000000        -3.321233090620837E-009
   56.1093750000000        -3.356941250204430E-009
   56.3231250000000        -3.393372339090915E-009
   56.5368750000000        -3.430313824630528E-009
   56.7506250000000        -3.467442392459749E-009
   56.9643750000000        -3.504344600410774E-009
   57.1781250000000        -3.540555213703186E-009
   57.3918750000000        -3.575609684994148E-009
   57.6056250000000        -3.609104744393455E-009
   57.8193750000000        -3.640758185845541E-009
   58.0331250000000        -3.670459225105373E-009
   58.2468750000000        -3.698301684947693E-009
   58.4606250000000        -3.724592836498337E-009
   58.6743750000000        -3.749834491411375E-009
   58.8881250000000        -3.774676699242096E-009
   59.1018750000000        -3.799847699007718E-009
   59.3156250000000        -3.826067179894003E-009
   59.5293750000000        -3.853951921007777E-009
   59.7431250000000        -3.883925889428226E-009
   59.9568750000000        -3.916146796728202E-009
   60.1706250000000        -3.950458440286890E-009
   60.3843750000000        -3.986377962330220E-009
   60.5981250000000        -4.023122704601823E-009
   60.8118750000000        -4.059678229748913E-009
   61.0256250000000        -4.094903360036309E-009
   61.2393750000000        -4.127664560984693E-009
   61.4531250000000        -4.156988531079661E-009
   61.6668750000000        -4.182216423941818E-009
   61.8806250000000        -4.203143064985190E-009
   62.0943750000000        -4.220122236032843E-009
   62.3081250000000        -4.234120024535261E-009
   62.5218750000000        -4.246701912745196E-009
   62.7356250000000        -4.259943505984485E-009
   62.9493750000000        -4.276262213729495E-009
   63.1631250000000        -4.298176406666437E-009
   63.3768750000000        -4.328008269024337E-009
   63.5906250000000        -4.367556680113919E-009
   63.8043750000000        -4.417775770636703E-009
   64.0181250000000        -4.478500673152653E-009
   64.2318750000000        -4.548264264537745E-009
   64.4456250000000        -4.624245496980382E-009
   64.6593750000000        -4.702380570893184E-009
   64.8731250000000        -4.777653198645776E-009
   65.0868750000000        -4.844558890600862E-009
   65.3006250000000        -4.897714948040283E-009
   65.5143750000000        -4.932563520504770E-009
   65.7281250000000        -4.946092891808760E-009
   65.9418750000000        -4.937487193599192E-009
   66.1556250000000        -4.908607848690205E-009
   66.3693750000000        -4.864216677933197E-009
   66.5831250000000        -4.811870156427533E-009
   66.7968750000000        -4.761444300518037E-009
   67.0106250000000        -4.724292480052925E-009
   67.2243750000000        -4.712086784407053E-009
   67.4381250000000        -4.735440475538793E-009
   67.6518750000000        -4.802452260624098E-009
   67.8656250000000        -4.917343187473344E-009
   68.0793750000000        -5.079368407331214E-009
   68.2931250000000        -5.282176601574868E-009
   68.5068750000000        -5.513755807047584E-009
   68.7206250000000        -5.757049555482067E-009
   68.9343750000000        -5.991255040093220E-009
   69.1481250000000        -6.193732335524506E-009
   69.3618750000000        -6.342371195557475E-009
   69.5756250000000        -6.418188783527765E-009
   69.7893750000000        -6.407879173674897E-009
   70.0031250000000        -6.306011568456595E-009
   70.2168750000000        -6.116584893477427E-009
   70.4306250000000        -5.853693323411333E-009
   70.6443750000000        -5.541137531427639E-009
   70.8581250000000        -5.210924289003426E-009
   71.0718750000000        -4.900720002961085E-009
   71.2856250000000        -4.650448190994310E-009
   71.4993750000000        -4.498332667492409E-009
   71.7131250000000        -4.476772199411330E-009
   71.9268750000000        -4.608477157390954E-009
   72.1406250000000        -4.903295904620919E-009
   72.3543750000000        -5.356107024607840E-009
   72.5681250000000        -5.946056470698581E-009
   72.7818750000000        -6.637285787501305E-009
   72.9956250000000        -7.381144813050289E-009
   73.2093750000000        -8.119726113627162E-009
   73.4231250000000        -8.790418628067600E-009
   73.6368750000000        -9.331072315245889E-009
   73.8506250000000        -9.685306323556433E-009
   74.0643750000000        -9.807487787279413E-009
   74.2781250000000        -9.666957348913487E-009
   74.4918750000000        -9.251172012462296E-009
   74.7056250000000        -8.567561171951062E-009
   74.9193750000000        -7.644029735070838E-009
   75.1331250000000        -6.528170388443101E-009
   75.3468750000000        -5.285345033188024E-009
   75.5606250000000        -3.995850506340891E-009
   75.7743750000000        -2.751386361130838E-009
   75.9881250000000        -1.650996252823760E-009
   76.2018750000000        -7.965731924157423E-010
   76.4156250000000        -2.879232965830006E-010
   76.6293750000000        -2.173015546927782E-010
   76.8431250000000        -6.632952184919283E-010
   77.0568750000000        -1.683962943717002E-009
   77.2706250000000        -3.309256900792871E-009
   77.4843750000000        -5.532961571787702E-009
   77.6981250000000        -8.304665586949477E-009
   77.9118750000000        -1.152260318596681E-008
   78.1256250000000        -1.502851203714284E-008
   78.3393750000000        -1.860589221537772E-008
   78.5531250000000        -2.198314725093380E-008
   78.7668750000000        -2.484298424465098E-008
   78.9806250000000        -2.683910184570256E-008
   79.1943750000000        -2.762058260705483E-008
   79.4081250000000        -2.686354946045921E-008
   79.6218750000000        -2.430860288130759E-008
   79.8356250000000        -1.980142305478824E-008
   80.0493750000000        -1.333283262711443E-008
   80.2631250000000        -5.073724319592482E-009
   80.4768750000000         4.600272818341528E-009
   80.6906250000000         1.509954016736743E-008
   80.9043750000000         2.563118988951828E-008
   81.1181250000000         3.523305669271351E-008
   81.3318750000000         4.283234562224389E-008
   81.5456250000000         4.732786076710167E-008
   81.7593750000000         4.769192008953395E-008
   81.9731250000000         4.308514672397846E-008
   82.1868750000000         3.297463877426289E-008
   82.4006250000000         1.724389964906927E-008
   82.6143750000000        -3.718302661311067E-009
   82.8281250000000        -2.896300337581015E-008
   83.0418750000000        -5.697153734786047E-008
   83.2556250000000        -8.570016589462868E-008
   83.4693750000000        -1.126833762526486E-007
   83.6831250000000        -1.351951269597112E-007
   83.8968750000000        -1.504613351096529E-007
   84.1106250000000        -1.559107470503135E-007
   84.3243750000000        -1.494456258624805E-007
   84.5381250000000        -1.297090733691305E-007
   84.7518750000000        -9.632289904570782E-008
   84.9656250000000        -5.006926085816232E-008
   85.1793750000000         7.008829798963710E-009
   85.3931250000000         7.160850834914853E-008
   85.6068750000000         1.392828686844367E-007
   85.8206250000000         2.046757221286846E-007
   86.0343750000000         2.618688272820607E-007
   86.2481250000000         3.048239392798481E-007
   86.4618750000000         3.278913035762866E-007
   86.6756250000000         3.263470134313689E-007
   86.8893750000000         2.969149751334397E-007
   87.1031250000000         2.382259345983711E-007
   87.3168750000000         1.511667205492056E-007
   87.5306250000000         3.907782825089963E-008
   87.7443750000000        -9.223339585149637E-008
   87.9581250000000        -2.346838978262882E-007
   88.1718750000000        -3.783146973374587E-007
   88.3856250000000        -5.118863570944529E-007
   88.5993750000000        -6.236396894942060E-007
   88.8131250000000        -7.021750026829211E-007
   89.0268750000000        -7.373896604866540E-007
   89.2406250000000        -7.214042308271472E-007
   89.4543750000000        -6.494030491321921E-007
   89.6681250000000        -5.203162651547516E-007
   89.8818750000000        -3.372775626136274E-007
   90.0956250000000        -1.078044513978637E-007
   90.3093750000000         1.563344231053777E-007
   90.5231250000000         4.395792961920621E-007
   90.7368750000000         7.233575695993104E-007
   90.9506250000000         9.871474154840207E-007
   91.1643750000000         1.209771106415442E-006
   91.3781250000000         1.370842778177988E-006
   91.5918750000000         1.452280059967405E-006
   91.8056250000000         1.439779339441395E-006
   92.0193750000000         1.324151162272660E-006
   92.2331250000000         1.102415753368262E-006
   92.4468750000000         7.785688024750635E-007
   92.6606250000000         3.639439648990947E-007
   92.8743750000000        -1.228799018014804E-007
   93.0881250000000        -6.566530984140654E-007
   93.3018750000000        -1.206509070607367E-006
   93.5156250000000        -1.737466623651732E-006
   93.7293750000000        -2.212320003460477E-006
   93.9431250000000        -2.593829539866092E-006
   94.1568750000000        -2.847102082316185E-006
   94.3706250000000        -2.942031785754269E-006
   94.5843750000000        -2.855659061200598E-006
   94.7981250000000        -2.574299606864584E-006
   95.0118750000000        -2.095297068409366E-006
   95.2256250000000        -1.428262462266045E-006
   95.4393750000000        -5.956811642979696E-007
   95.6531250000000         3.672061742366814E-007
   95.8668750000000         1.413309515769000E-006
   96.0806250000000         2.485403549574822E-006
   96.2943750000000         3.518627083872212E-006
   96.5081250000000         4.443697135117651E-006
   96.7218750000000         5.190718423477920E-006
   96.9356250000000         5.693421766923451E-006
   97.1493750000000         5.893621993964243E-006
   97.3631250000000         5.745650484977317E-006
   97.5768750000000         5.220492316032905E-006
   97.7906250000000         4.309346033214116E-006
   98.0043750000000         3.026327726724309E-006
   98.2181250000000         1.410062043913668E-006
   98.4318750000000        -4.760580405119030E-007
   98.6456250000000        -2.545103673770872E-006
   98.8593750000000        -4.689421920558112E-006
   99.0731250000000        -6.785026187188726E-006
   99.2868750000000        -8.697466624405499E-006
   99.5006250000000        -1.028897890065957E-005
   99.7143750000000        -1.142660776534764E-005
   99.9281250000000        -1.199090750098825E-005
   100.141875000000        -1.188474164814656E-005
   100.355625000000        -1.104164607082521E-005
   100.569375000000        -9.433188676574552E-006
   100.783125000000        -7.074760960495966E-006
   100.996875000000        -4.029274477714084E-006
   101.210625000000        -4.083108520641161E-007
   101.424375000000         3.629613804552906E-006
   101.638125000000         7.883863447089271E-006
   101.851875000000         1.211959562627777E-005
   102.065625000000         1.607860120316362E-005
   102.279375000000         1.949269565342641E-005
   102.493125000000         2.209908859717890E-005
   102.706875000000         2.365697557574945E-005
   102.920625000000         2.396444307172611E-005
   103.134375000000         2.287466721668042E-005
   103.348125000000         2.031032999049818E-005
   103.561875000000         1.627518306704365E-005
   103.775625000000         1.086176466850413E-005
   103.989375000000         4.254420790862039E-006
   104.203125000000        -3.273003585170573E-006
   104.416875000000        -1.136516248557742E-005
   104.630625000000        -1.959893123903510E-005
   104.844375000000        -2.750253169436075E-005
   105.058125000000        -3.457937032125384E-005
   105.271875000000        -4.033554129063443E-005
   105.485625000000        -4.430962394120329E-005
   105.699375000000        -4.610314078942560E-005
   105.913125000000        -4.540986088285074E-005
   106.126875000000        -4.204205274917132E-005
   106.340625000000        -3.595182520796848E-005
   106.554375000000        -2.724585004967137E-005
   106.768125000000        -1.619203756510730E-005
   106.981875000000        -3.217125403102217E-006
   107.195625000000         1.110537378793154E-005
   107.409375000000         2.607686478055741E-005
   107.623125000000         4.090440602408919E-005
   107.836875000000         5.473929524277648E-005
   108.050625000000         6.672174722536864E-005
   108.264375000000         7.602941846535885E-005
   108.478125000000         8.192715576736152E-005
   108.691875000000         8.381510983755539E-005
   108.905625000000         8.127228318153767E-005
   109.119375000000         7.409268743792940E-005
   109.333125000000         6.231157043736226E-005
   109.546875000000         4.621962778851413E-005
   109.760625000000         2.636371601751060E-005
   109.974375000000         3.533302051069654E-006
   110.188125000000        -2.126732365493033E-005
   110.401875000000        -4.686022260797164E-005
   110.615625000000        -7.194672606103241E-005
   110.829375000000        -9.516972129728989E-005
   111.043125000000        -1.151823218063335E-004
   111.256875000000        -1.307194810911247E-004
   111.470625000000        -1.406688383429708E-004
   111.684375000000        -1.441370143649989E-004
   111.898125000000        -1.405077128921693E-004
   112.111875000000        -1.294883181863503E-004
   112.325625000000        -1.111421950044199E-004
   112.539375000000        -8.590456210702915E-005
   112.753125000000        -5.458058792478483E-005
   112.966875000000        -1.832520432982957E-005
   113.180625000000         2.139499286509441E-005
   113.394375000000         6.285653367863020E-005
   113.608125000000         1.041485350196629E-004
   113.821875000000         1.432541109417343E-004
   114.035625000000         1.781404271813363E-004
   114.249375000000         2.068536521944416E-004
   114.463125000000         2.276147659351112E-004
   114.676875000000         2.389120534986225E-004
   114.890625000000         2.395861325926319E-004
   115.104375000000         2.289035363388727E-004
   115.318125000000         2.066151880027032E-004
   115.531875000000         1.729965521816084E-004
   115.745625000000         1.288668173851496E-004
   115.959375000000         7.558514716006418E-005
   116.173125000000         1.502281981769292E-005
   116.386875000000        -5.048905202359827E-005
   116.600625000000        -1.182355864413520E-004
   116.814375000000        -1.852163474752154E-004
   117.028125000000        -2.482630482085311E-004
   117.241875000000        -3.041730531005100E-004
   117.455625000000        -3.498540060884997E-004
   117.669375000000        -3.824740138522529E-004
   117.883125000000        -3.996110571328100E-004
   118.096875000000        -3.993947439397609E-004
   118.310625000000        -3.806332142563199E-004
   118.524375000000        -3.429180101215500E-004
   118.738125000000        -2.867000826931562E-004
   118.951875000000        -2.133308501055215E-004
   119.165625000000        -1.250633587334237E-004
   119.379375000000        -2.501012473585224E-005
   119.593125000000         8.294389488017469E-005
   119.806875000000         1.942725969450794E-004
   120.020625000000         3.039813411179950E-004
   120.234375000000         4.068154997315057E-004
   120.448125000000         4.974972125395628E-004
   120.661875000000         5.709804538844510E-004
   120.875625000000         6.227127184283239E-004
   121.089375000000         6.488903272532353E-004
   121.303125000000         6.466936728353459E-004
   121.516875000000         6.144887550869608E-004
   121.730625000000         5.519821701329912E-004
   121.944375000000         4.603183132519381E-004
   122.158125000000         3.421099130895355E-004
   122.371875000000         2.013960411609442E-004
   122.585625000000         4.352530577057210E-005
   122.799375000000        -1.250341330871712E-004
   123.013125000000        -2.969520114959497E-004
   123.226875000000        -4.643511559906736E-004
   123.440625000000        -6.191670299141436E-004
   123.654375000000        -7.535351143863061E-004
   123.868125000000        -8.601872524000847E-004
   124.081875000000        -9.328366754339735E-004
   124.295625000000        -9.665310948905547E-004
   124.509375000000        -9.579540432575105E-004
   124.723125000000        -9.056565937425296E-004
   124.936875000000        -8.102046052783085E-004
   125.150625000000        -6.742305984700675E-004
   125.364375000000        -5.023840728519940E-004
   125.578125000000        -3.011792818099942E-004
   125.791875000000        -7.874490689842503E-005
   126.005625000000         1.555145844562767E-004
   126.219375000000         3.913311599883423E-004
   126.433125000000         6.180400086790047E-004
   126.646875000000         8.250785368647839E-004
   126.860625000000         1.002493019556753E-003
   127.074375000000         1.141427438650893E-003
   127.288125000000         1.234569485248244E-003
   127.501875000000         1.276530503520948E-003
   127.715625000000         1.264139226329561E-003
   127.929375000000         1.196633342313425E-003
   128.143125000000         1.075738019508429E-003
   128.356875000000         9.056262181292261E-004
   128.570625000000         6.927616445165482E-004
   128.784375000000         4.456312000012245E-004
   128.998125000000         1.743794334160520E-004
   129.211875000000        -1.096374955363587E-004
   129.425625000000        -3.943567651368123E-004
   129.639375000000        -6.675482538340362E-004
   129.853125000000        -9.173621957484460E-004
   130.066875000000        -1.132858767766274E-003
   130.280625000000        -1.304494384055520E-003
   130.494375000000        -1.424541912436316E-003
   130.708125000000        -1.487425615624061E-003
   130.921875000000        -1.489956144714038E-003
   131.135625000000        -1.431456108420164E-003
   131.349375000000        -1.313772312131445E-003
   131.563125000000        -1.141176393223420E-003
   131.776875000000        -9.201609644186971E-004
   131.990625000000        -6.591432286990288E-004
   132.204375000000        -3.680920997158534E-004
   132.418125000000        -5.809795629846862E-005
   132.631875000000         2.590938524696688E-004
   132.845625000000         5.715638153218275E-004
   133.059375000000         8.676917820133944E-004
   133.273125000000         1.136603021915598E-003
   133.486875000000         1.368568997859271E-003
   133.700625000000         1.555348148154347E-003
   133.914375000000         1.690455613424425E-003
   134.128125000000         1.769354777731765E-003
   134.341875000000         1.789567472066872E-003
   134.555625000000         1.750703483826376E-003
   134.769375000000         1.654413428790730E-003
   134.983125000000         1.504271913857458E-003
   135.196875000000         1.305600140380930E-003
   135.410625000000         1.065238614176148E-003
   135.624375000000         7.912814375745873E-004
   135.838125000000         4.927838094992250E-004
   136.051875000000         1.794539412730959E-004
   136.265625000000        -1.386602702193387E-004
   136.479375000000        -4.514806449112912E-004
   136.693125000000        -7.491963689043649E-004
   136.906875000000        -1.022543428496392E-003
   137.120625000000        -1.263060644040016E-003
   137.334375000000        -1.463318219755576E-003
   137.548125000000        -1.617115597396825E-003
   137.761875000000        -1.719646028905395E-003
   137.975625000000        -1.767625686659252E-003
   138.189375000000        -1.759385361772091E-003
   138.403125000000        -1.694922936983280E-003
   138.616875000000        -1.575914950720880E-003
   138.830625000000        -1.405685785513160E-003
   139.044375000000        -1.189133401381969E-003
   139.258125000000        -9.326111590183771E-004
   139.471875000000        -6.437661774565788E-004
   139.685625000000        -3.313358532064853E-004
   139.899375000000        -4.905603989475385E-006
   140.113125000000         3.253674721279944E-004
   140.326875000000         6.490586046719666E-004
   140.540625000000         9.557988976180316E-004
   140.754375000000         1.235608721195789E-003
   140.968125000000         1.479229965039590E-003
   141.181875000000         1.678445278507006E-003
   141.395625000000         1.826372036055343E-003
   141.609375000000         1.917718955294156E-003
   141.823125000000         1.948994102046811E-003
   142.036875000000         1.918654439761511E-003
   142.250625000000         1.827189077974412E-003
   142.464375000000         1.677130864984649E-003
   142.678125000000         1.472993837774239E-003
   142.891875000000         1.221137144799703E-003
   143.105625000000         9.295592341781946E-004
   143.319375000000         6.076291832972254E-004
   143.533125000000         2.657648717771164E-004
   143.746875000000        -8.492988243447538E-005
   143.960625000000        -4.330552218246583E-004
   144.174375000000        -7.673169316867581E-004
   144.388125000000        -1.076924100666087E-003
   144.601875000000        -1.351967118940493E-003
   144.815625000000        -1.583761243245103E-003
   145.029375000000        -1.765142482133694E-003
   145.243125000000        -1.890704650973154E-003
   145.456875000000        -1.956969005286188E-003
   145.670625000000        -1.962480754738007E-003
   145.884375000000        -1.907829847773997E-003
   146.098125000000        -1.795596553661366E-003
   146.311875000000        -1.630225412340656E-003
   146.525625000000        -1.417833940441098E-003
   146.739375000000        -1.165964956700842E-003
   146.953125000000        -8.832934243521907E-004
   147.166875000000        -5.793002275123690E-004
   147.380625000000        -2.639262543603672E-004
   147.594375000000         5.277947072541343E-005
   147.808125000000         3.610040773505852E-004
   148.021875000000         6.514948008342748E-004
   148.235625000000         9.158511060217364E-004
   148.449375000000         1.146775197428736E-003
   148.663125000000         1.338273178799885E-003
   148.876875000000         1.485801419595344E-003
   149.090625000000         1.586355118636658E-003
   149.304375000000         1.638498515735530E-003
   149.518125000000         1.642338581895524E-003
   149.731875000000         1.599446215353510E-003
   149.945625000000         1.512730892960089E-003
   150.159375000000         1.386276297788473E-003
   150.373125000000         1.225145606361046E-003
   150.586875000000         1.035165835374244E-003
   150.800625000000         8.227009036888570E-004
   151.014375000000         5.944228690386524E-004
   151.228125000000         3.570901811032427E-004
   151.441875000000         1.173408044083002E-004
   151.655625000000        -1.184932255355584E-004
   151.869375000000        -3.445447594510013E-004
   152.083125000000        -5.555405908987901E-004
   152.296875000000        -7.468988732685999E-004
   152.510625000000        -9.147947768550654E-004
   152.724375000000        -1.056195743731073E-003
   152.938125000000        -1.168868963191911E-003
   153.151875000000        -1.251364686522117E-003
   153.365625000000        -1.302979689618195E-003
   153.579375000000        -1.323705559097308E-003
   153.793125000000        -1.314166526313671E-003
   154.006875000000        -1.275551328298617E-003
   154.220625000000        -1.209543076439559E-003
   154.434375000000        -1.118250417901211E-003
   154.648125000000        -1.004142445991643E-003
   154.861875000000        -8.699889231083153E-004
   155.075625000000        -7.188064924264217E-004
   155.289375000000        -5.538107358839591E-004
   155.503125000000        -3.783732408162534E-004
   155.716875000000        -1.959823078227085E-004
   155.930625000000        -1.020559543840770E-005
   156.144375000000         1.753471354284955E-004
   156.358125000000         3.570629463764180E-004
   156.571875000000         5.313678341851217E-004
   156.785625000000         6.947731462043233E-004
   156.999375000000         8.439268952880007E-004
   157.213125000000         9.756699822036707E-004
   157.426875000000         1.087096719180851E-003
   157.640625000000         1.175618452500804E-003
   157.854375000000         1.239028544199220E-003
   158.068125000000         1.275566525869906E-003
   158.281875000000         1.283978906067766E-003
   158.495625000000         1.263573913234281E-003
   158.709375000000         1.214267396430610E-003
   158.923125000000         1.136617187038460E-003
   159.136875000000         1.031843440352462E-003
   159.350625000000         9.018328162840164E-004
   159.564375000000         7.491248095548094E-004
   159.778125000000         5.768790859459626E-004
   159.991875000000         3.888233051893352E-004
   160.205625000000         1.891815946979165E-004
   160.419375000000        -1.741543787790847E-005
   160.633125000000        -2.260375223409497E-004
   160.846875000000        -4.315760041363894E-004
   161.060625000000        -6.288765046541798E-004
   161.274375000000        -8.128792359526708E-004
   161.488125000000        -9.787626841942548E-004
   161.701875000000        -1.122085943223252E-003
   161.915625000000        -1.238924706113717E-003
   162.129375000000        -1.325995840102579E-003
   162.343125000000        -1.380765605912246E-003
   162.556875000000        -1.401536954454346E-003
   162.770625000000        -1.387511949032265E-003
   162.984375000000        -1.338826211692795E-003
   163.198125000000        -1.256553354140995E-003
   163.411875000000        -1.142678585260153E-003
   163.625625000000        -1.000042030959266E-003
   163.839375000000        -8.322536859375810E-004
   164.053125000000        -6.435832591117632E-004
   164.266875000000        -4.388293884081839E-004
   164.480625000000        -2.231737017985460E-004
   164.694375000000        -2.025914209377995E-006
   164.908125000000         2.191334855247524E-004
   165.121875000000         4.349064249487122E-004
   165.335625000000         6.401202012969217E-004
   165.549375000000         8.299548807458128E-004
   165.763125000000         1.000050954093737E-003
   165.976875000000         1.146594441584358E-003
   166.190625000000         1.266378177945526E-003
   166.404375000000         1.356839588907877E-003
   166.618125000000         1.416076771214210E-003
   166.831875000000         1.442845990913819E-003
   167.045625000000         1.436544713744049E-003
   167.259375000000         1.397184892762300E-003
   167.473125000000         1.325361407855665E-003
   167.686875000000         1.222220260123197E-003
   167.900625000000         1.089430389857178E-003
   168.114375000000         9.291618655915411E-004
   168.328125000000         7.440717727221774E-004
   168.541875000000         5.372975300502595E-004
   168.755625000000         3.124557163062512E-004
   168.969375000000         7.364293954596483E-005
   169.183125000000        -1.745660292829096E-004
   169.396875000000        -4.271285846074209E-004
   169.610625000000        -6.785592822493293E-004
   169.824375000000        -9.229756502833240E-004
   170.038125000000        -1.154170330348435E-003
   170.251875000000        -1.365713867563322E-003
   170.465625000000        -1.551090751082160E-003
   170.679375000000        -1.703869158029441E-003
   170.893125000000        -1.817902389630301E-003
   171.106875000000        -1.887557354451596E-003
   171.320625000000        -1.907962812059266E-003
   171.534375000000        -1.875267611677151E-003
   171.748125000000        -1.786897014007408E-003
   171.961875000000        -1.641793529144879E-003
   172.175625000000        -1.440627679281030E-003
   172.389375000000        -1.185963814697076E-003
   172.603125000000        -8.823666552224211E-004
   172.816875000000        -5.364356383498050E-004
   173.030625000000        -1.567564288430006E-004
   173.244375000000         2.462379623149565E-004
   173.458125000000         6.605001801201385E-004
   173.671875000000         1.072694964525100E-003
   173.885625000000         1.468613511536299E-003
   174.099375000000         1.833665211685308E-003
   174.313125000000         2.153431238209144E-003
   174.526875000000         2.414259790943533E-003
   174.740625000000         2.603878732833088E-003
   174.954375000000         2.711998162468939E-003
   175.168125000000         2.730873408842173E-003
   175.381875000000         2.655798239727750E-003
   175.595625000000         2.485498917168252E-003
   175.809375000000         2.222402218281599E-003
   176.023125000000         1.872754689611491E-003
   176.236875000000         1.446576146146633E-003
   176.450625000000         9.574375879186760E-004
   176.664375000000         4.220620110960829E-004
   176.878125000000        -1.402443365559945E-004
   177.091875000000        -7.083133205633266E-004
   177.305625000000        -1.259962790692101E-003
   177.519375000000        -1.772936424787049E-003
   177.733125000000        -2.225893909003656E-003
   177.946875000000        -2.599404550790566E-003
   178.160625000000        -2.876894437962195E-003
   178.374375000000        -3.045496897458745E-003
   178.588125000000        -3.096758469600248E-003
   178.801875000000        -3.027157931718162E-003
   179.015625000000        -2.838403933690802E-003
   179.229375000000        -2.537487219878799E-003
   179.443125000000        -2.136475708193847E-003
   179.656875000000        -1.652054229752046E-003
   179.870625000000        -1.104824740428139E-003
   180.084375000000        -5.183964691365176E-004
   180.298125000000         8.169207815587727E-005
   180.511875000000         6.691668888149602E-004
   180.725625000000         1.218267877738274E-003
   180.939375000000         1.704989402308031E-003
   181.153125000000         2.108246437134367E-003
   181.366875000000         2.410903927992234E-003
   181.580625000000         2.600613468053218E-003
   181.794375000000         2.670411413402044E-003
   182.008125000000         2.619045324878614E-003
   182.221875000000         2.451010447845898E-003
   182.435625000000         2.176293938283391E-003
   182.649375000000         1.809840747268961E-003
   182.863125000000         1.370770501838146E-003
   183.076875000000         8.813884301596342E-004
   183.290625000000         3.660445435957766E-004
   183.504375000000        -1.500967580460078E-004
   183.718125000000        -6.423102074257019E-004
   183.931875000000        -1.087519473955017E-003
   184.145625000000        -1.465399883705069E-003
   184.359375000000        -1.759317761696120E-003
   184.573125000000        -1.957060288460641E-003
   184.786875000000        -2.051322384761943E-003
   185.000625000000        -2.039931386398501E-003
   185.214375000000        -1.925805253139826E-003
   185.428125000000        -1.716654858517583E-003
   185.641875000000        -1.424454654587419E-003
   185.855625000000        -1.064717914320056E-003
   186.069375000000        -6.556221792256846E-004
   186.283125000000        -2.170370108101831E-004
   186.496875000000         2.304906116389255E-004
   186.710625000000         6.667379544769993E-004
   186.924375000000         1.072743170841795E-003
   187.138125000000         1.431630884054745E-003
   187.351875000000         1.729289087998735E-003
   187.565625000000         1.954869913510520E-003
   187.779375000000         2.101098071010777E-003
   187.993125000000         2.164382415378112E-003
   188.206875000000         2.144737386445075E-003
   188.420625000000         2.045531405114533E-003
   188.634375000000         1.873088085685671E-003
   188.848125000000         1.636172910883026E-003
   189.061875000000         1.345402496702707E-003
   189.275625000000         1.012615589565648E-003
   189.489375000000         6.502444825277732E-004
   189.703125000000         2.707227532226882E-004
   189.916875000000        -1.140396084542564E-004
   190.130625000000        -4.930891083733330E-004
   190.344375000000        -8.567527906256678E-004
   190.558125000000        -1.196844831171957E-003
   190.771875000000        -1.506755505054016E-003
   190.985625000000        -1.781430297787309E-003
   191.199375000000        -2.017253923174759E-003
   191.413125000000        -2.211859621426380E-003
   191.626875000000        -2.363888021069376E-003
   191.840625000000        -2.472721853879591E-003
   192.054375000000        -2.538222843702144E-003
   192.268125000000        -2.560495211647695E-003
   192.481875000000        -2.539696644188035E-003
   192.695625000000        -2.475912563313885E-003
   192.909375000000        -2.369103516782789E-003
   193.123125000000        -2.219128931971793E-003
   193.336875000000        -2.025843839062387E-003
   193.550625000000        -1.789258952868165E-003
   193.764375000000        -1.509749152014419E-003
   193.978125000000        -1.188291281955913E-003
   194.191875000000        -8.267096089210877E-004
   194.405625000000        -4.279063229289076E-004
   194.619375000000         3.944739329046106E-006
   194.833125000000         4.632606019665071E-004
   195.046875000000         9.429835643574255E-004
   195.260625000000         1.434598340228142E-003
   195.474375000000         1.928237175325598E-003
   195.688125000000         2.412872349584924E-003
   195.901875000000         2.876589763867466E-003
   196.115625000000         3.306932146613911E-003
   196.329375000000         3.691296133382318E-003
   196.543125000000         4.017364331209207E-003
   196.756875000000         4.273551640079340E-003
   196.970625000000         4.449444618841190E-003
   197.184375000000         4.536213500929227E-003
   197.398125000000         4.526978440092549E-003
   197.611875000000         4.417114475650390E-003
   197.825625000000         4.204483276080873E-003
   198.039375000000         3.889583649518729E-003
   198.253125000000         3.475616803307863E-003
   198.466875000000         2.968466123923155E-003
   198.680625000000         2.376594614788482E-003
   198.894375000000         1.710865918710660E-003
   199.108125000000         9.842969816447112E-004
   199.321875000000         2.117518745276670E-004
   199.535625000000        -5.904128672260686E-004
   199.749375000000        -1.404740698846962E-003
   199.963125000000        -2.213094681058968E-003
   200.176875000000        -2.997093908810207E-003
   200.390625000000        -3.738556797695365E-003
   200.604375000000        -4.419941653167873E-003
   200.818125000000        -5.024775251263785E-003
   201.031875000000        -5.538060363049182E-003
   201.245625000000        -5.946653283321648E-003
   201.459375000000        -6.239602543794869E-003
   201.673125000000        -6.408440198706219E-003
   201.886875000000        -6.447417477587022E-003
   202.100625000000        -6.353677313487400E-003
   202.314375000000        -6.127357361655599E-003
   202.528125000000        -5.771618673051863E-003
   202.741875000000        -5.292597180322441E-003
   202.955625000000        -4.699277538090753E-003
   203.169375000000        -4.003291528465551E-003
   203.383125000000        -3.218646044465216E-003
   203.596875000000        -2.361388414051018E-003
   203.810625000000        -1.449219326527973E-003
   204.024375000000        -5.010656781217948E-004
   204.238125000000         4.633729015447896E-004
   204.451875000000         1.424089365828183E-003
   204.665625000000         2.361232009662470E-003
   204.879375000000         3.255551126191410E-003
   205.093125000000         4.088817574751092E-003
   205.306875000000         4.844203388140612E-003
   205.520625000000         5.506617024086876E-003
   205.734375000000         6.062988478781246E-003
   205.948125000000         6.502501994587503E-003
   206.161875000000         6.816776290943505E-003
   206.375625000000         6.999993948181014E-003
   206.589375000000         7.048982658800757E-003
   206.803125000000         6.963251482794476E-003
   207.016875000000         6.744985034710314E-003
   207.230625000000         6.398997798121483E-003
   207.444375000000         5.932649680660460E-003
   207.658125000000         5.355722708822086E-003
   207.871875000000         4.680257657444614E-003
   208.085625000000         3.920348650109024E-003
   208.299375000000         3.091893556948602E-003
   208.513125000000         2.212298501381802E-003
   208.726875000000         1.300136036200019E-003
   208.940625000000         3.747585430968720E-004
   209.154375000000        -5.441289617837061E-004
   209.368125000000        -1.436929363859640E-003
   209.581875000000        -2.284636824887013E-003
   209.795625000000        -3.069329367124563E-003
   210.009375000000        -3.774654353481120E-003
   210.223125000000        -4.386288610485468E-003
   210.436875000000        -4.892353999493467E-003
   210.650625000000        -5.283769478156548E-003
   210.864375000000        -5.554522194178950E-003
   211.078125000000        -5.701842896595424E-003
   211.291875000000        -5.726274809217009E-003
   211.505625000000        -5.631629861641896E-003
   211.719375000000        -5.424831510759814E-003
   211.933125000000        -5.115648951510112E-003
   212.146875000000        -4.716332928087450E-003
   212.360625000000        -4.241168243672468E-003
   212.574375000000        -3.705962097012940E-003
   212.788125000000        -3.127490285170346E-003
   213.001875000000        -2.522924929988506E-003
   213.215625000000        -1.909267639090730E-003
   213.429375000000        -1.302810932172361E-003
   213.643125000000        -7.186484789151415E-004
   213.856875000000        -1.702514168906212E-004
   214.070625000000         3.308759826418416E-004
   214.284375000000         7.754524511240520E-004
   214.498125000000         1.156583335638842E-003
   214.711875000000         1.469831702405071E-003
   214.925625000000         1.713200851999547E-003
   215.139375000000         1.887035454502273E-003
   215.353125000000         1.993851062132370E-003
   215.566875000000         2.038103523647387E-003
   215.780625000000         2.025910831312285E-003
   215.994375000000         1.964740256310375E-003
   216.208125000000         1.863073391029806E-003
   216.421875000000         1.730061057418272E-003
   216.635625000000         1.575179103133576E-003
   216.849375000000         1.407895020934635E-003
   217.063125000000         1.237354193513236E-003
   217.276875000000         1.072093451668369E-003
   217.490625000000         9.197885656312368E-004
   217.704375000000         7.870412590363833E-004
   217.918125000000         6.792103063867826E-004
   218.131875000000         6.002901957920733E-004
   218.345625000000         5.528396550046748E-004
   218.559375000000         5.379610078711458E-004
   218.773125000000         5.553298318149935E-004
   218.986875000000         6.032727392930031E-004
   219.200625000000         6.788893588183090E-004
   219.414375000000         7.782128315116080E-004
   219.628125000000         8.964014839996004E-004
   219.841875000000         1.027952922683717E-003
   220.055625000000         1.166930756028811E-003
   220.269375000000         1.307193615146857E-003
   220.483125000000         1.442616203001646E-003
   220.696875000000         1.567292808790627E-003
   220.910625000000         1.675715070968191E-003
   221.124375000000         1.762917694117280E-003
   221.338125000000         1.824588196507381E-003
   221.551875000000         1.857139410534524E-003
   221.765625000000         1.857746163938526E-003
   221.979375000000         1.824350104036902E-003
   222.193125000000         1.755638762259250E-003
   222.406875000000         1.651006490777528E-003
   222.620625000000         1.510505683976833E-003
   222.834375000000         1.334796637708618E-003
   223.048125000000         1.125103489144016E-003
   223.261875000000         8.831819920784447E-004
   223.475625000000         6.113025675447425E-004
   223.689375000000         3.122493450095241E-004
   223.903125000000        -1.066695954955029E-005
   224.116875000000        -3.535872071227304E-004
   224.330625000000        -7.120802149571194E-004
   224.544375000000        -1.081126139979490E-003
   224.758125000000        -1.455116391515012E-003
   224.971875000000        -1.827879340465041E-003
   225.185625000000        -2.192739812951897E-003
   225.399375000000        -2.542618125925915E-003
   225.613125000000        -2.870171401933728E-003
   225.826875000000        -3.167976330351805E-003
   226.040625000000        -3.428748720911880E-003
   226.254375000000        -3.645591451759991E-003
   226.468125000000        -3.812259080148570E-003
   226.681875000000        -3.923424763179579E-003
   226.895625000000        -3.974933478356759E-003
   227.109375000000        -3.964025012400138E-003
   227.323125000000        -3.889510884272198E-003
   227.536875000000        -3.751891269882338E-003
   227.750625000000        -3.553400991742068E-003
   227.964375000000        -3.297977532606722E-003
   228.178125000000        -2.991148566063707E-003
   228.391875000000        -2.639841361823496E-003
   228.605625000000        -2.252121290906434E-003
   228.819375000000        -1.836871201618472E-003
   229.033125000000        -1.403427363465698E-003
   229.246875000000        -9.611907310172192E-004
   229.460625000000        -5.192342711325950E-004
   229.674375000000        -8.592790135088181E-005
   229.888125000000         3.313978473162598E-004
   230.101875000000         7.267299853694433E-004
   230.315625000000         1.095576373473742E-003
   230.529375000000         1.435081313596976E-003
   230.743125000000         1.744045157499510E-003
   230.956875000000         2.022844863203400E-003
   231.170625000000         2.273257964310642E-003
   231.384375000000         2.498198019545792E-003
   231.598125000000         2.701374999873087E-003
   231.811875000000         2.886898965038597E-003
   232.025625000000         3.058849504370621E-003
   232.239375000000         3.220836509317347E-003
   232.453125000000         3.375579677907288E-003
   232.666875000000         3.524534537406474E-003
   232.880625000000         3.667591582115778E-003
   233.094375000000         3.802872302776490E-003
   233.308125000000         3.926641463739129E-003
   233.521875000000         4.033349093110716E-003
   233.735625000000         4.115808522442336E-003
   233.949375000000         4.165508781665419E-003
   234.163125000000         4.173051150588647E-003
   234.376875000000         4.128691193595956E-003
   234.590625000000         4.022959709667229E-003
   234.804375000000         3.847329277834774E-003
   235.018125000000         3.594888002164065E-003
   235.231875000000         3.260979121570784E-003
   235.445625000000         2.843764695180848E-003
   235.659375000000         2.344673799163369E-003
   235.873125000000         1.768700592658421E-003
   236.086875000000         1.124525050984533E-003
   236.300625000000         4.244387517352994E-004
   236.514375000000        -3.159307166768683E-004
   236.728125000000        -1.078091070559240E-003
   236.941875000000        -1.841334529648459E-003
   237.155625000000        -2.583535606063124E-003
   237.369375000000        -3.282058291540874E-003
   237.583125000000        -3.914725835979381E-003
   237.796875000000        -4.460801563032987E-003
   238.010625000000        -4.901927674700669E-003
   238.224375000000        -5.222970908130487E-003
   238.438125000000        -5.412729124325505E-003
   238.651875000000        -5.464461081556161E-003
   238.865625000000        -5.376212202874041E-003
   239.079375000000        -5.150921332514688E-003
   239.293125000000        -4.796306413188338E-003
   239.506875000000        -4.324539776250230E-003
   239.720625000000        -3.751735413839128E-003
   239.934375000000        -3.097280387928083E-003
   240.148125000000        -2.383049780880954E-003
   240.361875000000        -1.632548876140874E-003
   240.575625000000        -8.700273957431448E-004
   240.789375000000        -1.196086938950077E-004
   241.003125000000         5.955278571547872E-004
   241.216875000000         1.253879905323644E-003
   241.430625000000         1.836247530170012E-003
   241.644375000000         2.326236984479218E-003
   241.858125000000         2.710637579544737E-003
   242.071875000000         2.979674464663113E-003
   242.285625000000         3.127146427913921E-003
   242.499375000000         3.150462208137603E-003
   242.713125000000         3.050590931770917E-003
   242.926875000000         2.831942193818002E-003
   243.140625000000         2.502189251109154E-003
   243.354375000000         2.072045259961120E-003
   243.568125000000         1.554998100284661E-003
   243.781875000000         9.670048059282000E-004
   243.995625000000         3.261427010884852E-004
   244.209375000000        -3.477883087909981E-004
   244.423125000000        -1.033718703472881E-003
   244.636875000000        -1.709822735910781E-003
   244.850625000000        -2.354093981779903E-003
   245.064375000000        -2.944979387135538E-003
   245.278125000000        -3.462061221610844E-003
   245.491875000000        -3.886768562860607E-003
   245.705625000000        -4.203092135728762E-003
   245.919375000000        -4.398269417905507E-003
   246.133125000000        -4.463401801429224E-003
   246.346875000000        -4.393963058727465E-003
   246.560625000000        -4.190159001557199E-003
   246.774375000000        -3.857102373770508E-003
   246.988125000000        -3.404774701862264E-003
   247.201875000000        -2.847757722942577E-003
   247.415625000000        -2.204730476172341E-003
   247.629375000000        -1.497743257461086E-003
   247.843125000000        -7.512952646849256E-004
   248.056875000000         8.742348708880190E-006
   248.270625000000         7.563033999734821E-004
   248.484375000000         1.466339231638763E-003
   248.698125000000         2.115996905796217E-003
   248.911875000000         2.685692165453111E-003
   249.125625000000         3.160010445136171E-003
   249.339375000000         3.528378293251981E-003
   249.553125000000         3.785461061207179E-003
   249.766875000000         3.931259739492527E-003
   249.980625000000         3.970899198918846E-003
   250.194375000000         3.914120437349017E-003
   250.408125000000         3.774509251211655E-003
   250.621875000000         3.568511579147489E-003
   250.835625000000         3.314300271293132E-003
   251.049375000000         3.030568132954967E-003
   251.263125000000         2.735327014052764E-003
   251.476875000000         2.444792089540418E-003
   251.690625000000         2.172424337399496E-003
   251.904375000000         1.928193012842935E-003
   252.118125000000         1.718104452482964E-003
   252.331875000000         1.544024937011437E-003
   252.545625000000         1.403804929176721E-003
   252.759375000000         1.291691234966721E-003
   252.973125000000         1.198993967446807E-003
   253.186875000000         1.114957984759354E-003
   253.400625000000         1.027774893541552E-003
   253.614375000000         9.256626517747357E-004
   253.828125000000         7.979358370568629E-004
   254.041875000000         6.359909722672191E-004
   254.255625000000         4.341377577687650E-004
   254.469375000000         1.902181368134393E-004
   254.683125000000        -9.402999750683395E-005
   254.896875000000        -4.128900187422529E-004
   255.110625000000        -7.568711254630510E-004
   255.324375000000        -1.113187298720071E-003
   255.538125000000        -1.466479435457370E-003
   255.751875000000        -1.799733435247103E-003
   255.965625000000        -2.095334324772965E-003
   256.179375000000        -2.336187904669279E-003
   256.393125000000        -2.506837396094786E-003
   256.606875000000        -2.594503334230523E-003
   256.820625000000        -2.589980365797209E-003
   257.034375000000        -2.488334214730634E-003
   257.248125000000        -2.289355171242676E-003
   257.461875000000        -1.997740105205471E-003
   257.675625000000        -1.622992127235270E-003
   257.889375000000        -1.179044470786058E-003
   258.103125000000        -6.836318062018866E-004
   258.316875000000        -1.574469712891991E-004
   258.530625000000         3.768668804477183E-004
   258.744375000000         8.958301299840651E-004
   258.958125000000         1.376283228815528E-003
   259.171875000000         1.796521877780758E-003
   259.385625000000         2.137349941966764E-003
   259.599375000000         2.382995814101702E-003
   259.813125000000         2.521847443863425E-003
   260.026875000000         2.546972887012669E-003
   260.240625000000         2.456406148386181E-003
   260.454375000000         2.253191423245045E-003
   260.668125000000         1.945191748949822E-003
   260.881875000000         1.544679827602775E-003
   261.095625000000         1.067738776813499E-003
   261.309375000000         5.335083885713841E-004
   261.523125000000        -3.668211224936194E-005
   261.736875000000        -6.202508762943744E-004
   261.950625000000        -1.194325297782379E-003
   262.164375000000        -1.736685998852823E-003
   262.378125000000        -2.226653366955459E-003
   262.591875000000        -2.645881905746089E-003
   262.805625000000        -2.979033541249849E-003
   263.019375000000        -3.214307595687302E-003
   263.233125000000        -3.343812072978226E-003
   263.446875000000        -3.363767915769635E-003
   263.660625000000        -3.274544770104368E-003
   263.874375000000        -3.080533352569365E-003
   264.088125000000        -2.789865610722368E-003
   264.301875000000        -2.413999372895860E-003
   264.515625000000        -1.967188973358767E-003
   264.729375000000        -1.465867281982997E-003
   264.943125000000        -9.279675234240608E-004
   265.156875000000        -3.722150948875992E-004
   265.370625000000         1.825798512949744E-004
   265.584375000000         7.181991099428149E-004
   265.798125000000         1.217634702801957E-003
   266.011875000000         1.665624677664790E-003
   266.225625000000         2.049087309504703E-003
   266.439375000000         2.357440599682251E-003
   266.653125000000         2.582800731735280E-003
   266.866875000000         2.720060238620491E-003
   267.080625000000         2.766853585158430E-003
   267.294375000000         2.723424160068720E-003
   267.508125000000         2.592411809075444E-003
   267.721875000000         2.378583592906057E-003
   267.935625000000         2.088532101542379E-003
   268.149375000000         1.730365229850532E-003
   268.363125000000         1.313408829665500E-003
   268.576875000000         8.479392999986338E-004
   268.790625000000         3.449573441487848E-004
   269.004375000000        -1.839926489190803E-004
   269.218125000000        -7.269601975052975E-004
   269.431875000000        -1.271692524577372E-003
   269.645625000000        -1.805719300299167E-003
   269.859375000000        -2.316436844638797E-003
   270.073125000000        -2.791211874441373E-003
   270.286875000000        -3.217523975106497E-003
   270.500625000000        -3.583162566143965E-003
   270.714375000000        -3.876488429580354E-003
   270.928125000000        -4.086762337977127E-003
   271.141875000000        -4.204534618737880E-003
   271.355625000000        -4.222080438595462E-003
   271.569375000000        -4.133857080711229E-003
   271.783125000000        -3.936952406934572E-003
   271.996875000000        -3.631488850604835E-003
   272.210625000000        -3.220945303021350E-003
   272.424375000000        -2.712360536099967E-003
   272.638125000000        -2.116386459592895E-003
   272.851875000000        -1.447167355008199E-003
   273.065625000000        -7.220317743027209E-004
   273.279375000000         3.900370946235295E-005
   273.493125000000         8.139062132066798E-004
   273.706875000000         1.579447609437708E-003
   273.920625000000         2.312136607234645E-003
   274.134375000000         2.989213512785518E-003
   274.348125000000         3.589652460818184E-003
   274.561875000000         4.095112809765232E-003
   274.775625000000         4.490782421549131E-003
   274.989375000000         4.766060721085889E-003
   275.203125000000         4.915038432949194E-003
   275.416875000000         4.936743092194618E-003
   275.630625000000         4.835133931709658E-003
   275.844375000000         4.618845483017732E-003
   276.058125000000         4.300695020582602E-003
   276.271875000000         3.896983665422525E-003
   276.485625000000         3.426633478230938E-003
   276.699375000000         2.910212339862041E-003
   276.913125000000         2.368904219858197E-003
   277.126875000000         1.823484255157396E-003
   277.340625000000         1.293355902970172E-003
   277.554375000000         7.957016021321534E-004
   277.768125000000         3.447894519036937E-004
   277.981875000000        -4.853282075530880E-005
   278.195625000000        -3.771379709108687E-004
   278.409375000000        -6.377078616949723E-004
   278.623125000000        -8.306176318013641E-004
   278.836875000000        -9.596337122000036E-004
   279.050625000000        -1.031453332985190E-003
   279.264375000000        -1.055120105975972E-003
   279.478125000000        -1.041354608768891E-003
   279.691875000000        -1.001840630846725E-003
   279.905625000000        -9.485070598247879E-004
   280.119375000000        -8.928426193109848E-004
   280.333125000000        -8.452762461763410E-004
   280.546875000000        -8.146502806258161E-004
   280.760625000000        -8.078072930077282E-004
   280.974375000000        -8.293046918173980E-004
   281.188125000000        -8.812645761869157E-004
   281.401875000000        -9.633598548789873E-004
   281.615625000000        -1.072931612578313E-003
   281.829375000000        -1.205227160023827E-003
   282.043125000000        -1.353743217541221E-003
   282.256875000000        -1.510654305003894E-003
   282.470625000000        -1.667302717777396E-003
   282.684375000000        -1.814723568098929E-003
   282.898125000000        -1.944176418597359E-003
   283.111875000000        -2.047654218595453E-003
   283.325625000000        -2.118340776661181E-003
   283.539375000000        -2.150990045725244E-003
   283.753125000000        -2.142204179293585E-003
   283.966875000000        -2.090592654933846E-003
   284.180625000000        -1.996801631920128E-003
   284.394375000000        -1.863410830360060E-003
   284.608125000000        -1.694704140658823E-003
   284.821875000000        -1.496329297870227E-003
   285.035625000000        -1.274870579120671E-003
   285.249375000000        -1.037365847015246E-003
   285.463125000000        -7.908046333838974E-004
   285.676875000000        -5.416467040416107E-004
   285.890625000000        -2.954002148834789E-004
   286.104375000000        -5.629495736048421E-005
   286.318125000000         1.729206165368597E-004
   286.531875000000         3.910395080169354E-004
   286.745625000000         5.983060614876879E-004
   286.959375000000         7.961811622794901E-004
   287.173125000000         9.869812360376090E-004
   287.386875000000         1.173421399142162E-003
   287.600625000000         1.358102726030265E-003
   287.814375000000         1.542990003850491E-003
   288.028125000000         1.728928827187262E-003
   288.241875000000         1.915249079540825E-003
   288.455625000000         2.099495780910895E-003
   288.669375000000         2.277318382776863E-003
   288.883125000000         2.442536666280789E-003
   289.096875000000         2.587386552812139E-003
   289.310625000000         2.702933675675040E-003
   289.524375000000         2.779627870810674E-003
   289.738125000000         2.807959150008083E-003
   289.951875000000         2.779166361311282E-003
   290.165625000000         2.685944460150535E-003
   290.379375000000         2.523095573668381E-003
   290.593125000000         2.288072880447531E-003
   290.806875000000         1.981374367279480E-003
   291.020625000000         1.606755003611960E-003
   291.234375000000         1.171239734146452E-003
   291.448125000000         6.849346824714136E-004
   291.661875000000         1.606487716327329E-004
   291.875625000000        -3.866486457547156E-004
   292.089375000000        -9.404976586541847E-004
   292.303125000000        -1.483701059941351E-003
   292.516875000000        -1.999112989595435E-003
   292.730625000000        -2.470414848431387E-003
   292.944375000000        -2.882833801551270E-003
   293.158125000000        -3.223765579198329E-003
   293.371875000000        -3.483271839603065E-003
   293.585625000000        -3.654432171028819E-003
   293.799375000000        -3.733540948348687E-003
   294.013125000000        -3.720148874138569E-003
   294.226875000000        -3.616957439573928E-003
   294.440625000000        -3.429581269827714E-003
   294.654375000000        -3.166198150428292E-003
   294.868125000000        -2.837109481533944E-003
   295.081875000000        -2.454235194830832E-003
   295.295625000000        -2.030567154346079E-003
   295.509375000000        -1.579604179361898E-003
   295.723125000000        -1.114790499396938E-003
   295.936875000000        -6.489780257627662E-004
   296.150625000000        -1.939315192858783E-004
   296.364375000000         2.401053928429051E-004
   296.578125000000         6.447664514187114E-004
   296.791875000000         1.013825574007588E-003
   297.005625000000         1.343352286370403E-003
   297.219375000000         1.631748408196041E-003
   297.433125000000         1.879658373792732E-003
   297.646875000000         2.089750669542110E-003
   297.860625000000         2.266374331306015E-003
   298.074375000000         2.415102059217140E-003
   298.288125000000         2.542179842577291E-003
   298.501875000000         2.653911409314539E-003
   298.715625000000         2.756013536639495E-003
   298.929375000000         2.852984421490996E-003
   299.143125000000         2.947531069546094E-003
   299.356875000000         3.040102298463309E-003
   299.570625000000         3.128570959286003E-003
   299.784375000000         3.208102150401355E-003
   299.998125000000         3.271233671821887E-003
   300.211875000000         3.308181254162901E-003
   300.425625000000         3.307365058353366E-003
   300.639375000000         3.256136735981255E-003
   300.853125000000         3.141669328630452E-003
   301.066875000000         2.951956919087886E-003
   301.280625000000         2.676858637017542E-003
   301.494375000000         2.309113599434735E-003
   301.708125000000         1.845250565423402E-003
   301.921875000000         1.286319039035194E-003
   302.135625000000         6.383773327952186E-004
   302.349375000000        -8.731271511771025E-005
   302.563125000000        -8.744159870806415E-004
   302.776875000000        -1.701989014790261E-003
   302.990625000000        -2.545265812197693E-003
   303.204375000000        -3.376727522123746E-003
   303.418125000000        -4.167397473007885E-003
   303.631875000000        -4.888285617964660E-003
   303.845625000000        -5.511893815750424E-003
   304.059375000000        -6.013687048024893E-003
   304.273125000000        -6.373436010381532E-003
   304.486875000000        -6.576343605505858E-003
   304.700625000000        -6.613881221121335E-003
   304.914375000000        -6.484279326462018E-003
   305.128125000000        -6.192639501263960E-003
   305.341875000000        -5.750659865285424E-003
   305.555625000000        -5.175991195551900E-003
   305.769375000000        -4.491264985089113E-003
   305.983125000000        -3.722855624803597E-003
   306.196875000000        -2.899455351188618E-003
   306.410625000000        -2.050551527623926E-003
   306.624375000000        -1.204900575504825E-003
   306.838125000000        -3.890912637568888E-004
   307.051875000000         3.737176212513079E-004
   307.265625000000         1.064813273892599E-003
   307.479375000000         1.670643994847116E-003
   307.693125000000         2.183199353028237E-003
   307.906875000000         2.600043327110713E-003
   308.120625000000         2.924010490663368E-003
   308.334375000000         3.162596075386447E-003
   308.548125000000         3.327088885050922E-003
   308.761875000000         3.431510486665457E-003
   308.975625000000         3.491434108108894E-003
   309.189375000000         3.522761771896379E-003
   309.403125000000         3.540538266260895E-003
   309.616875000000         3.557875782718907E-003
   309.830625000000         3.585053901060803E-003
   310.044375000000         3.628846783611804E-003
   310.258125000000         3.692113840563635E-003
   310.471875000000         3.773672762574462E-003
   310.685625000000         3.868455765441034E-003
   310.899375000000         3.967932238434874E-003
   311.113125000000         4.060764764077204E-003
   311.326875000000         4.133651609234844E-003
   311.540625000000         4.172298051695097E-003
   311.754375000000         4.162451890661803E-003
   311.968125000000         4.090935563847316E-003
   312.181875000000         3.946608590218054E-003
   312.395625000000         3.721199461542829E-003
   312.609375000000         3.409955259722432E-003
   312.823125000000         3.012069595008271E-003
   313.036875000000         2.530864159222568E-003
   313.250625000000         1.973715329111634E-003
   313.464375000000         1.351733798123701E-003
   313.678125000000         6.792210831937440E-004
   313.891875000000        -2.705909774541665E-005
   314.105625000000        -7.487450920728646E-004
   314.319375000000        -1.466819675487929E-003
   314.533125000000        -2.162568869754429E-003
   314.746875000000        -2.818495710293134E-003
   314.960625000000        -3.419131794334125E-003
   315.174375000000        -3.951697639871808E-003
   315.388125000000        -4.406574334030999E-003
   315.601875000000        -4.777562794471441E-003
   315.815625000000        -5.061922183124516E-003
   316.029375000000        -5.260194476419537E-003
   316.243125000000        -5.375836780366506E-003
   316.456875000000        -5.414695632585312E-003
   316.670625000000        -5.384367368894327E-003
   316.884375000000        -5.293494992310878E-003
   317.098125000000        -5.151054489815107E-003
   317.311875000000        -4.965682124276079E-003
   317.525625000000        -4.745089116853141E-003
   317.739375000000        -4.495601838139940E-003
   317.953125000000        -4.221854882422945E-003
   318.166875000000        -3.926652108924724E-003
   318.380625000000        -3.610997880813613E-003
   318.594375000000        -3.274288302248554E-003
   318.808125000000        -2.914641152596258E-003
   319.021875000000        -2.529334204169133E-003
   319.235625000000        -2.115315242683693E-003
   319.449375000000        -1.669743709569487E-003
   319.663125000000        -1.190523525307061E-003
   319.876875000000        -6.767891667696635E-004
   320.090625000000        -1.293120818524323E-004
   320.304375000000         4.491985121641331E-004
   320.518125000000         1.053918138596097E-003
   320.731875000000         1.677861716267101E-003
   320.945625000000         2.311970439296344E-003
   321.159375000000         2.945322929430541E-003
   321.373125000000         3.565455912403617E-003
   321.586875000000         4.158774474225056E-003
   321.800625000000         4.711028556969066E-003
   322.014375000000         5.207830786297165E-003
   322.228125000000         5.635190857203438E-003
   322.441875000000         5.980043280703299E-003
   322.655625000000         6.230747955764789E-003
   322.869375000000         6.377546366191538E-003
   323.083125000000         6.412959790192613E-003
   323.296875000000         6.332119364274755E-003
   323.510625000000         6.133020849914210E-003
   323.724375000000         5.816699302961950E-003
   323.938125000000         5.387320457966092E-003
   324.151875000000         4.852186559242931E-003
   324.365625000000         4.221654766891376E-003
   324.579375000000         3.508966408914668E-003
   324.793125000000         2.729985576162203E-003
   325.006875000000         1.902846222812630E-003
   325.220625000000         1.047508371612482E-003
   325.434375000000         1.852264817450987E-004
   325.648125000000        -6.620633542956391E-004
   325.861875000000        -1.472425991816244E-003
   326.075625000000        -2.224662566361960E-003
   326.289375000000        -2.899075401576885E-003
   326.503125000000        -3.478233202912997E-003
   326.716875000000        -3.947701838567894E-003
   326.930625000000        -4.296702030481813E-003
   327.144375000000        -4.518653437565896E-003
   327.358125000000        -4.611565516682048E-003
   327.571875000000        -4.578239617328561E-003
   327.785625000000        -4.426254172112176E-003
   327.999375000000        -4.167715448944625E-003
   328.213125000000        -3.818769663098467E-003
   328.426875000000        -3.398887514870557E-003
   328.640625000000        -2.929948348226574E-003
   328.854375000000        -2.435166840517256E-003
   329.068125000000        -1.937919058457357E-003
   329.281875000000        -1.460535504206476E-003
   329.495625000000        -1.023135242596174E-003
   329.709375000000        -6.425764518681864E-004
   329.923125000000        -3.315942813373539E-004
   330.136875000000        -9.818671326367517E-005
   330.350625000000         5.470629144394966E-005
   330.564375000000         1.292047386958943E-004
   330.778125000000         1.321684748685808E-004
   330.991875000000         7.457534081906483E-005
   331.205625000000        -2.935940391520638E-005
   331.419375000000        -1.632595716276199E-004
   331.633125000000        -3.097823819956319E-004
   331.846875000000        -4.518433006280209E-004
   332.060625000000        -5.737816698586330E-004
   332.274375000000        -6.623822873124208E-004
   332.488125000000        -7.076798839240764E-004
   332.701875000000        -7.034912515966332E-004
   332.915625000000        -6.476420956662599E-004
   333.129375000000        -5.418806425515831E-004
   333.343125000000        -3.914954719981299E-004
   333.556875000000        -2.046787656980298E-004
   333.770625000000         8.303881794404373E-006
   333.984375000000         2.360614706666921E-004
   334.198125000000         4.670600257895999E-004
   334.411875000000         6.905555790504043E-004
   334.625625000000         8.974006089317384E-004
   334.839375000000         1.080660158925364E-003
   335.053125000000         1.235992427711844E-003
   335.266875000000         1.361770707281468E-003
   335.480625000000         1.458947108995305E-003
   335.694375000000         1.530681433572148E-003
   335.908125000000         1.581778781082336E-003
   336.121875000000         1.617995317982386E-003
   336.335625000000         1.645281715556992E-003
   336.549375000000         1.669037391633519E-003
   336.763125000000         1.693445672859177E-003
   336.976875000000         1.720950797893813E-003
   337.190625000000         1.751923296267476E-003
   337.404375000000         1.784542134366581E-003
   337.618125000000         1.814901843375256E-003
   337.831875000000         1.837332485351771E-003
   338.045625000000         1.844901579002634E-003
   338.259375000000         1.830051594915300E-003
   338.473125000000         1.785315595831521E-003
   338.686875000000         1.704047852058424E-003
   338.900625000000         1.581106117767808E-003
   339.114375000000         1.413427517692048E-003
   339.328125000000         1.200450006831735E-003
   339.541875000000         9.443450843151350E-004
   339.755625000000         6.500435492183946E-004
   339.969375000000         3.250531215198832E-004
   340.183125000000        -2.091674896793894E-005
