  -1.60312500000000         2.120473816059326E-020
  -1.38937500000000         9.934660415410109E-020
  -1.17562500000000         2.575673304447010E-019
 -0.961875000000000        -2.350949956389031E-020
 -0.748125000000000        -5.006848458736306E-018
 -0.534375000000000        -3.583137446445394E-017
 -0.320625000000000        -1.736650430893603E-016
 -0.106875000000000        -6.704482856022490E-016
  0.106875000000000        -2.184148804182291E-015
  0.320625000000000        -6.195317687842310E-015
  0.534375000000000        -1.560753332259936E-014
  0.748125000000000        -3.545145294896372E-014
  0.961875000000000        -7.356624354323847E-014
   1.17562500000000        -1.410403488467355E-013
   1.38937500000000        -2.521296077571031E-013
   1.60312500000000        -4.236825025588631E-013
   1.81687500000000        -6.738708129796631E-013
   2.03062500000000        -1.019929881001829E-012
   2.24437500000000        -1.475594828892587E-012
   2.45812500000000        -2.048189634407648E-012
   2.67187500000000        -2.735559939131669E-012
   2.88562500000000        -3.523478075266414E-012
   3.09937500000000        -4.383983999369880E-012
   3.31312500000000        -5.275300512709632E-012
   3.52687500000000        -6.143440479853598E-012
   3.74062500000000        -6.924667106756176E-012
   3.95437500000000        -7.549957623774486E-012
   4.16812500000000        -7.951209649843197E-012
   4.38187500000000        -8.067055120950227E-012
   4.59562500000000        -7.847916757926707E-012
   4.80937500000000        -7.260953911865928E-012
   5.02312500000000        -6.292397034887529E-012
   5.23687500000000        -4.948542279985324E-012
   5.45062500000000        -3.254332154130661E-012
   5.66437500000000        -1.249666933245700E-012
   5.87812500000000         1.015375075638557E-012
   6.09187500000000         3.486055514502558E-012
   6.30562500000000         6.108038640132690E-012
   6.51937500000000         8.830939208820976E-012
   6.73312500000000         1.161054718924954E-011
   6.94687500000000         1.440932866214413E-011
   7.16062500000000         1.719447635538752E-011
   7.37437500000000         1.993502244296677E-011
   7.58812500000000         2.259830214361345E-011
   7.80187500000000         2.514717661473831E-011
   8.01562500000000         2.753822542399871E-011
   8.22937500000000         2.972240209917581E-011
   8.44312500000000         3.164679239369913E-011
   8.65687500000000         3.325890149201684E-011
   8.87062500000000         3.451237268784282E-011
   9.08437500000000         3.537332782451002E-011
   9.29812500000000         3.582541354770565E-011
   9.51187500000000         3.587350100598003E-011
   9.72562500000000         3.554561099361919E-011
   9.93937500000000         3.489162068717406E-011
   10.1531250000000         3.398040552060811E-011
   10.3668750000000         3.289370088077600E-011
   10.5806250000000         3.171951721420332E-011
   10.7943750000000         3.054554003741330E-011
   11.0081250000000         2.945253985707003E-011
   11.2218750000000         2.851070950201974E-011
   11.4356250000000         2.777749124561120E-011
   11.6493750000000         2.729728407025579E-011
   11.8631250000000         2.710322326835616E-011
   12.0768750000000         2.721962379766294E-011
   12.2906250000000         2.766367072520079E-011
   12.5043750000000         2.844692804933252E-011
   12.7181250000000         2.957455885481991E-011
   12.9318750000000         3.104344553950675E-011
   13.1456250000000         3.283926670195743E-011
   13.3593750000000         3.493184777943117E-011
   13.5731250000000         3.727212174135830E-011
   13.7868750000000         3.978993946132903E-011
   14.0006250000000         4.239410582239787E-011
   14.2143750000000         4.497561707924691E-011
   14.4281250000000         4.741418156050758E-011
   14.6418750000000         4.958642664092282E-011
   14.8556250000000         5.137601314075464E-011
   15.0693750000000         5.268429728880599E-011
   15.2831250000000         5.343905177196303E-011
   15.4968750000000         5.360134887803801E-011
   15.7106250000000         5.316822092858862E-011
   15.9243750000000         5.217217333907648E-011
   16.1381250000000         5.067781169783604E-011
   16.3518750000000         4.877471849366001E-011
   16.5656250000000         4.656812415332736E-011
   16.7793750000000         4.417056454001199E-011
   16.9931250000000         4.169471002488058E-011
   17.2068750000000         3.924692264994992E-011
   17.4206250000000         3.692344898553270E-011
   17.6343750000000         3.480909521429912E-011
   17.8481250000000         3.297777365493433E-011
   18.0618750000000         3.149316373921071E-011
   18.2756250000000         3.040944226435342E-011
   18.4893750000000         2.977175322404875E-011
   18.7031250000000         2.961481406325365E-011
   18.9168750000000         2.995977413673827E-011
   19.1306250000000         3.081042615923515E-011
   19.3443750000000         3.214945440882430E-011
   19.5581250000000         3.393469030969579E-011
   19.7718750000000         3.609690084715671E-011
   19.9856250000000         3.854154127205429E-011
   20.1993750000000         4.115265825181643E-011
   20.4131250000000         4.379969633941108E-011
   20.6268750000000         4.634729340054170E-011
   20.8406250000000         4.866571913997641E-011
   21.0543750000000         5.064142815026577E-011
   21.2681250000000         5.218710926972605E-011
   21.4818750000000         5.324803069876847E-011
   21.6956250000000         5.380540961174009E-011
   21.9093750000000         5.387618121854531E-011
   22.1231250000000         5.350828873928894E-011
   22.3368750000000         5.277413799495563E-011
   22.5506250000000         5.176167792230613E-011
   22.7643750000000         5.056576821511046E-011
   22.9781250000000         4.927895105299945E-011
   23.1918750000000         4.798440604137994E-011
   23.4056250000000         4.675130215849095E-011
   23.6193750000000         4.563187171714029E-011
   23.8331250000000         4.466158255796227E-011
   24.0468750000000         4.386032956621738E-011
   24.2606250000000         4.323474369939319E-011
   24.4743750000000         4.278085025662516E-011
   24.6881250000000         4.248674477707389E-011
   24.9018750000000         4.233463171022244E-011
   25.1156250000000         4.230163832050345E-011
   25.3293750000000         4.236038961982975E-011
   25.5431250000000         4.247981040174530E-011
   25.7568750000000         4.262546748398189E-011
   25.9706250000000         4.275989699628376E-011
   26.1843750000000         4.284364990801674E-011
   26.3981250000000         4.283740435221958E-011
   26.6118750000000         4.270426254484944E-011
   26.8256250000000         4.241190244833716E-011
   27.0393750000000         4.193493088691662E-011
   27.2531250000000         4.125691654976751E-011
   27.4668750000000         4.037144779452017E-011
   27.6806250000000         3.928227242593329E-011
   27.8943750000000         3.800216884892339E-011
   28.1081250000000         3.655227886196498E-011
   28.3218750000000         3.495947880478433E-011
   28.5356250000000         3.325438126978853E-011
   28.7493750000000         3.146953821855371E-011
   28.9631250000000         2.963697469477377E-011
   29.1768750000000         2.778674616943908E-011
   29.3906250000000         2.594587190435437E-011
   29.6043750000000         2.413743725605836E-011
   29.8181250000000         2.237991184431695E-011
   30.0318750000000         2.068641665580510E-011
   30.2456250000000         1.906319502265274E-011
   30.4593750000000         1.750987218862381E-011
   30.6731250000000         1.601938931563360E-011
   30.8868750000000         1.457748155076621E-011
   31.1006250000000         1.316392650069562E-011
   31.3143750000000         1.175371301614755E-011
   31.5281250000000         1.031866919051283E-011
   31.7418750000000         8.831169214446095E-012
   31.9556250000000         7.266696941355963E-012
   32.1693750000000         5.606875387119507E-012
   32.3831250000000         3.841971844961014E-012
   32.5968750000000         1.972321244020394E-012
   32.8106250000000         8.716155960817032E-015
   33.0243750000000        -2.029298352969710E-012
   33.2381250000000        -4.116335453736979E-012
   33.4518750000000        -6.224983197350632E-012
   33.6656250000000        -8.329742199081474E-012
   33.8793750000000        -1.041171257083296E-011
   34.0931250000000        -1.246194517945517E-011
   34.3068750000000        -1.448197854947047E-011
   34.5206250000000        -1.648346939896065E-011
   34.7343750000000        -1.848536194869403E-011
   34.9481250000000        -2.050892012025207E-011
   35.1618750000000        -2.257178702556092E-011
   35.3756250000000        -2.468144020820749E-011
   35.5893750000000        -2.683067855081570E-011
   35.8031250000000        -2.899446289958240E-011
   36.0168750000000        -3.112978596370200E-011
   36.2306250000000        -3.317992301385458E-011
   36.4443750000000        -3.508095127518437E-011
   36.6581250000000        -3.677193329305408E-011
   36.8718750000000        -3.820541239868547E-011
   37.0856250000000        -3.935810906988269E-011
   37.2993750000000        -4.024013354711842E-011
   37.5131250000000        -4.089960936974784E-011
   37.7268750000000        -4.142401100949566E-011
   37.9406250000000        -4.193426277029955E-011
   38.1543750000000        -4.257522301438766E-011
   38.3681250000000        -4.350134264630757E-011
   38.5818750000000        -4.485919617512876E-011
   38.7956250000000        -4.677160938023924E-011
   39.0093750000000        -4.932193039913288E-011
   39.2231250000000        -5.254293482614461E-011
   39.4368750000000        -5.641158003368602E-011
   39.6506250000000        -6.084983543184432E-011
   39.8643750000000        -6.573183083559933E-011
   40.0781250000000        -7.089658638091441E-011
   40.2918750000000        -7.616440446670924E-011
   40.5056250000000        -8.135375270865786E-011
   40.7193750000000        -8.629817808794572E-011
   40.9331250000000        -9.086092699393508E-011
   41.1468750000000        -9.494406579907334E-011
   41.3606250000000        -9.849296200130142E-011
   41.5743750000000        -1.014964879720819E-010
   41.7881250000000        -1.039825115020070E-010
   42.0018750000000        -1.060110502728820E-010
   42.2156250000000        -1.076659813305928E-010
   42.4293750000000        -1.090468785622088E-010
   42.6431250000000        -1.102626211507914E-010
   42.8568750000000        -1.114270852684632E-010
   43.0706250000000        -1.126561698438276E-010
   43.2843750000000        -1.140672308986827E-010
   43.4981250000000        -1.157785601042833E-010
   43.7118750000000        -1.179069117202513E-010
   43.9256250000000        -1.205644555261420E-010
   44.1393750000000        -1.238534295992425E-010
   44.3531250000000        -1.278581289877655E-010
   44.5668750000000        -1.326352281533119E-010
   44.7806250000000        -1.382041702077381E-010
   44.9943750000000        -1.445389586246635E-010
   45.2081250000000        -1.515628633654789E-010
   45.4218750000000        -1.591480862809771E-010
   45.6356250000000        -1.671208774784562E-010
   45.8493750000000        -1.752716232561871E-010
   46.0631250000000        -1.833704091860710E-010
   46.2768750000000        -1.911859011683119E-010
   46.4906250000000        -1.985043773691153E-010
   46.7043750000000        -2.051484410701361E-010
   46.9181250000000        -2.109917094997198E-010
   47.1318750000000        -2.159678169393423E-010
   47.3456250000000        -2.200737852522532E-010
   47.5593750000000        -2.233666779545688E-010
   47.7731250000000        -2.259540149378617E-010
   47.9868750000000        -2.279799105933155E-010
   48.2006250000000        -2.296093506124572E-010
   48.4143750000000        -2.310126289631147E-010
   48.6281250000000        -2.323517239009734E-010
   48.8418750000000        -2.337694415704439E-010
   49.0556250000000        -2.353837277958251E-010
   49.2693750000000        -2.372867810093309E-010
   49.4831250000000        -2.395472787843114E-010
   49.6968750000000        -2.422146090913020E-010
   49.9106250000000        -2.453250952459817E-010
   50.1243750000000        -2.489076014462740E-010
   50.3381250000000        -2.529869817014335E-010
   50.5518750000000        -2.575847379468520E-010
   50.7656250000000        -2.627177473121729E-010
   50.9793750000000        -2.683946652130441E-010
   51.1931250000000        -2.746114872328316E-010
   51.4068750000000        -2.813468566741657E-010
   51.6206250000000        -2.885579885840598E-010
   51.8343750000000        -2.961800181341086E-010
   52.0481250000000        -3.041270482767344E-010
   52.2618750000000        -3.122965957186546E-010
   52.4756250000000        -3.205764239984957E-010
   52.6893750000000        -3.288524507584491E-010
   52.9031250000000        -3.370177337842696E-010
   53.1168750000000        -3.449806106298826E-010
   53.3306250000000        -3.526710310856154E-010
   53.5443750000000        -3.600441618536147E-010
   53.7581250000000        -3.670816177520219E-010
   53.9718750000000        -3.737899102204545E-010
   54.1856250000000        -3.801959285879412E-010
   54.3993750000000        -3.863416529566623E-010
   54.6131250000000        -3.922773792059182E-010
   54.8268750000000        -3.980551347509301E-010
   55.0406250000000        -4.037229787854902E-010
   55.2543750000000        -4.093202920008956E-010
   55.4681250000000        -4.148743640732703E-010
   55.6818750000000        -4.203986896899100E-010
   55.8956250000000        -4.258929558938735E-010
   56.1093750000000        -4.313443994460080E-010
   56.3231250000000        -4.367312398024864E-010
   56.5368750000000        -4.420277145032801E-010
   56.7506250000000        -4.472110802322215E-010
   56.9643750000000        -4.522694984057492E-010
   57.1781250000000        -4.572120703040952E-010
   57.3918750000000        -4.620786582451301E-010
   57.6056250000000        -4.669490244422835E-010
   57.8193750000000        -4.719497239080688E-010
   58.0331250000000        -4.772556144568490E-010
   58.2468750000000        -4.830852051220655E-010
   58.4606250000000        -4.896886650333907E-010
   58.6743750000000        -4.973268429432957E-010
   58.8881250000000        -5.062406559142313E-010
   59.1018750000000        -5.166147906540862E-010
   59.3156250000000        -5.285385198973594E-010
   59.5293750000000        -5.419675362709673E-010
   59.7431250000000        -5.566918621091824E-010
   59.9568750000000        -5.723180404189864E-010
   60.1706250000000        -5.882706995945260E-010
   60.3843750000000        -6.038165047675846E-010
   60.5981250000000        -6.181136379251593E-010
   60.8118750000000        -6.302864982847548E-010
   61.0256250000000        -6.395203135350570E-010
   61.2393750000000        -6.451668476934455E-010
   61.4531250000000        -6.468521779064286E-010
   61.6668750000000        -6.445724114750185E-010
   61.8806250000000        -6.387619788076342E-010
   62.0943750000000        -6.303241358476698E-010
   62.3081250000000        -6.206104596135214E-010
   62.5218750000000        -6.113435410744543E-010
   62.7356250000000        -6.044843747417461E-010
   62.9493750000000        -6.020484247163114E-010
   63.1631250000000        -6.058862587774781E-010
   63.3768750000000        -6.174460457559188E-010
   63.5906250000000        -6.375428652840583E-010
   63.8043750000000        -6.661642252639623E-010
   64.0181250000000        -7.023380261710474E-010
   64.2318750000000        -7.440872970159265E-010
   64.4456250000000        -7.884907629295104E-010
   64.6593750000000        -8.318590949342080E-010
   64.8731250000000        -8.700233637407347E-010
   65.0868750000000        -8.987209046984806E-010
   65.3006250000000        -9.140521025344237E-010
   65.5143750000000        -9.129674738683498E-010
   65.7281250000000        -8.937373899178847E-010
   65.9418750000000        -8.563523435506871E-010
   66.1556250000000        -8.027994304759964E-010
   66.3693750000000        -7.371690519755295E-010
   66.5831250000000        -6.655556013061604E-010
   66.7968750000000        -5.957320062895235E-010
   67.0106250000000        -5.366005439870204E-010
   67.2243750000000        -4.974430336250313E-010
   67.4381250000000        -4.870177814304025E-010
   67.6518750000000        -5.125737785420775E-010
   67.8656250000000        -5.788674910907982E-010
   68.0793750000000        -6.872815864535953E-010
   68.2931250000000        -8.351469577708012E-010
   68.5068750000000        -1.015360560957493E-009
   68.7206250000000        -1.216381305984869E-009
   68.9343750000000        -1.422656392487706E-009
   69.1481250000000        -1.615499174153905E-009
   69.3618750000000        -1.774401249367961E-009
   69.5756250000000        -1.878718406639291E-009
   69.7893750000000        -1.909630053875961E-009
   70.0031250000000        -1.852231444485179E-009
   70.2168750000000        -1.697588042876313E-009
   70.4306250000000        -1.444561062479802E-009
   70.6443750000000        -1.101206074331086E-009
   70.8581250000000        -6.855530193934418E-010
   71.0718750000000        -2.256032648623224E-010
   71.2856250000000         2.415808820578420E-010
   71.4993750000000         6.717601625996912E-010
   71.7131250000000         1.016367974541269E-009
   71.9268750000000         1.226235564867270E-009
   72.1406250000000         1.256011543316906E-009
   72.3543750000000         1.069003301958482E-009
   72.5681250000000         6.420855450127539E-010
   72.7818750000000        -2.974821293237260E-011
   72.9956250000000        -9.296636631022041E-010
   73.2093750000000        -2.016576713231456E-009
   73.4231250000000        -3.224515479162014E-009
   73.6368750000000        -4.464139306967704E-009
   73.8506250000000        -5.626678175281987E-009
   74.0643750000000        -6.590389178349871E-009
   74.2781250000000        -7.229410184522168E-009
   74.4918750000000        -7.424647607080439E-009
   74.7056250000000        -7.076074715225457E-009
   74.9193750000000        -6.115564107663042E-009
   75.1331250000000        -4.519156769871097E-009
   75.3468750000000        -2.317508898506984E-009
   75.5606250000000         3.968094594588323E-010
   75.7743750000000         3.466446938472939E-009
   75.9881250000000         6.671938851253050E-009
   76.2018750000000         9.740694028247537E-009
   76.4156250000000         1.236262554930237E-008
   76.6293750000000         1.421217270581100E-008
   76.8431250000000         1.497579953928078E-008
   77.0568750000000         1.438336174965146E-008
   77.2706250000000         1.224106644815153E-008
   77.4843750000000         8.463186501785446E-009
   77.6981250000000         3.099304842306383E-009
   77.9118750000000        -3.646278906170841E-009
   78.1256250000000        -1.140618648869015E-008
   78.3393750000000        -1.965534510649070E-008
   78.5531250000000        -2.773197513920530E-008
   78.7668750000000        -3.487486507540676E-008
   78.9806250000000        -4.027618347279218E-008
   79.1943750000000        -4.314748484019579E-008
   79.4081250000000        -4.279493560313926E-008
   79.6218750000000        -3.869827421043932E-008
   79.8356250000000        -3.058679273131657E-008
   80.0493750000000        -1.850484751400769E-008
   80.2631250000000        -2.859207447798023E-009
   80.4768750000000         1.555894796206462E-008
   80.6906250000000         3.558332014176492E-008
   80.9043750000000         5.571702666285507E-008
   81.1181250000000         7.421368676202766E-008
   81.3318750000000         8.919321570857835E-008
   81.5456250000000         9.878706185328153E-008
   81.7593750000000         1.013041942771123E-007
   81.9731250000000         9.540604984645495E-008
   82.1868750000000         8.027618589570234E-008
   82.4006250000000         5.576888600512695E-008
   82.6143750000000         2.252068562081975E-008
   82.8281250000000        -1.799010295548908E-008
   83.0418750000000        -6.344819496309436E-008
   83.2556250000000        -1.107787866760102E-007
   83.4693750000000        -1.563007233746461E-007
   83.6831250000000        -1.959522712922687E-007
   83.8968750000000        -2.255797226775821E-007
   84.1106250000000        -2.412724346790882E-007
   84.3243750000000        -2.397219024376810E-007
   84.5381250000000        -2.185776768956192E-007
   84.7518750000000        -1.767699033336124E-007
   84.9656250000000        -1.147674477643915E-007
   85.1793750000000        -3.474228806700972E-008
   85.3931250000000         5.938478963348768E-008
   85.6068750000000         1.620352178132165E-007
   85.8206250000000         2.662092414638949E-007
   86.0343750000000         3.638660171387583E-007
   86.2481250000000         4.464332538541079E-007
   86.4618750000000         5.054204123437147E-007
   86.6756250000000         5.330983176077536E-007
   86.8893750000000         5.231987128926381E-007
   87.1031250000000         4.715807373475476E-007
   87.3168750000000         3.768083224253166E-007
   87.5306250000000         2.405836450069566E-007
   87.7443750000000         6.798735201071817E-008
   87.9581250000000        -1.325137621940803E-007
   88.1718750000000        -3.493169685219565E-007
   88.3856250000000        -5.681997837172989E-007
   88.5993750000000        -7.730906921953088E-007
   88.8131250000000        -9.470625412085414E-007
   89.0268750000000        -1.073496829415850E-006
   89.2406250000000        -1.137349290476833E-006
   89.4543750000000        -1.126432961824149E-006
   89.6681250000000        -1.032625689230633E-006
   89.8818750000000        -8.529058469803737E-007
   90.0956250000000        -5.901236835258233E-007
   90.3093750000000        -2.534264228790047E-007
   90.5231250000000         1.417271506714040E-007
   90.7368750000000         5.740031473495345E-007
   90.9506250000000         1.017091911590583E-006
   91.1643750000000         1.441050145844561E-006
   91.3781250000000         1.814032521311228E-006
   91.5918750000000         2.104327285165574E-006
   91.8056250000000         2.282581521219653E-006
   92.0193750000000         2.324078479177901E-006
   92.2331250000000         2.210913802455786E-006
   92.4468750000000         1.933911217828056E-006
   92.6606250000000         1.494122438415193E-006
   92.8743750000000         9.037711781374352E-007
   93.0881250000000         1.865270790647458E-007
   93.3018750000000        -6.229689239005439E-007
   93.5156250000000        -1.480362405210669E-006
   93.7293750000000        -2.333611326562206E-006
   93.9431250000000        -3.125712255348255E-006
   94.1568750000000        -3.798006870183221E-006
   94.3706250000000        -4.293900196289109E-006
   94.5843750000000        -4.562780801198485E-006
   94.7981250000000        -4.563902513628147E-006
   95.0118750000000        -4.269969913603947E-006
   95.2256250000000        -3.670168004979373E-006
   95.4393750000000        -2.772391408536694E-006
   95.6531250000000        -1.604460411729350E-006
   95.8668750000000        -2.141594857389603E-007
   96.0806250000000         1.332003446068325E-006
   96.2943750000000         2.951344589391055E-006
   96.5081250000000         4.548804653576968E-006
   96.7218750000000         6.021863430302028E-006
   96.9356250000000         7.266347798621633E-006
   97.1493750000000         8.182837958345079E-006
   97.3631250000000         8.683315392300670E-006
   97.5768750000000         8.697652779156528E-006
   97.7906250000000         8.179524924751675E-006
   98.0043750000000         7.111323746708111E-006
   98.2181250000000         5.507691035597717E-006
   98.4318750000000         3.417340127890347E-006
   98.6456250000000         9.229200505048113E-007
   98.8593750000000        -1.861220308913567E-006
   99.0731250000000        -4.793389971866995E-006
   99.2868750000000        -7.710927069809521E-006
   99.5006250000000        -1.043834209679928E-005
   99.7143750000000        -1.279686484685095E-005
   99.9281250000000        -1.461491401084712E-005
   100.141875000000        -1.573891818703453E-005
   100.355625000000        -1.604385644624044E-005
   100.569375000000        -1.544286131327230E-005
   100.783125000000        -1.389524089678615E-005
   100.996875000000        -1.141233142241430E-005
   101.210625000000        -8.060685592811285E-006
   101.424375000000        -3.962232387673478E-006
   101.638125000000         7.087960176127545E-007
   101.851875000000         5.732192973057427E-006
   102.065625000000         1.085119159619403E-005
   102.279375000000         1.578460163546079E-005
   102.493125000000         2.024112529622784E-005
   102.706875000000         2.393515130139362E-005
   102.920625000000         2.660320374901583E-005
   103.134375000000         2.802014286720531E-005
   103.348125000000         2.801418503921363E-005
   103.561875000000         2.647983307101207E-005
   103.775625000000         2.338788497393446E-005
   103.989375000000         1.879181760398225E-005
   104.203125000000         1.283001422836144E-005
   104.416875000000         5.723513524275673E-006
   104.630625000000        -2.230809567742203E-006
   104.844375000000        -1.067147613387647E-005
   105.058125000000        -1.918765108094060E-005
   105.271875000000        -2.733778160285907E-005
   105.485625000000        -3.467080236437417E-005
   105.699375000000        -4.074892331606488E-005
   105.913125000000        -4.517090356857927E-005
   106.126875000000        -4.759465582963401E-005
   106.340625000000        -4.775802347046262E-005
   106.554375000000        -4.549662628008809E-005
   106.768125000000        -4.075777847757660E-005
   106.981875000000        -3.360963818337975E-005
   107.195625000000        -2.424494388037694E-005
   107.409375000000        -1.297892153756470E-005
   107.623125000000        -2.411962172306100E-007
   107.836875000000         1.343819601735336E-005
   108.050625000000         2.744833629409600E-005
   108.264375000000         4.112187570839224E-005
   108.478125000000         5.376355807047361E-005
   108.691875000000         6.468174395951683E-005
   108.905625000000         7.322168589737569E-005
   109.119375000000         7.879916224837489E-005
   109.333125000000         8.093298077941655E-005
   109.546875000000         7.927481736695489E-005
   109.760625000000         7.363486624367570E-005
   109.974375000000         6.400184983943189E-005
   110.188125000000         5.055607209178957E-005
   110.401875000000         3.367440100861427E-005
   110.615625000000         1.392633413719371E-005
   110.829375000000        -7.939368368022935E-006
   111.043125000000        -3.101761033603849E-005
   111.256875000000        -5.427913805310320E-005
   111.470625000000        -7.661119514730167E-005
   111.684375000000        -9.686539672393154E-005
   111.898125000000        -1.139110926546678E-004
   112.111875000000        -1.266920518921958E-004
   112.325625000000        -1.342839249326242E-004
   112.539375000000        -1.359496591503574E-004
   112.753125000000        -1.311898795089966E-004
   112.966875000000        -1.197852295037554E-004
   113.180625000000        -1.018278128371901E-004
   113.394375000000        -7.773919611688287E-005
   113.608125000000        -4.827292787014445E-005
   113.821875000000        -1.450018929698837E-005
   114.035625000000         2.222200459305427E-005
   114.249375000000         6.029972236663933E-005
   114.463125000000         9.796684406199469E-005
   114.676875000000         1.333633039124504E-004
   114.890625000000         1.646236136886717E-004
   115.104375000000         1.899716055923255E-004
   115.318125000000         2.078166794978529E-004
   115.531875000000         2.168464131203354E-004
   115.745625000000         2.161102403620361E-004
   115.959375000000         2.050890534295045E-004
   116.173125000000         1.837460515571058E-004
   116.386875000000         1.525549367666932E-004
   116.600625000000         1.125026176398213E-004
   116.814375000000         6.506487771283912E-005
   117.028125000000         1.215492940494584E-005
   117.241875000000        -4.395367430549971E-005
   117.455625000000        -1.007267521678577E-004
   117.669375000000        -1.554873689399211E-004
   117.883125000000        -2.055461640883308E-004
   118.096875000000        -2.483374674599381E-004
   118.310625000000        -2.815539335351198E-004
   118.524375000000        -3.032722369576511E-004
   118.738125000000        -3.120626236029867E-004
   118.951875000000        -3.070758043245904E-004
   119.165625000000        -2.881017847337857E-004
   119.379375000000        -2.555966879508340E-004
   119.593125000000        -2.106753670832156E-004
   119.806875000000        -1.550695185808754E-004
   120.020625000000        -9.105298069779611E-005
   120.234375000000        -2.133781040643176E-005
   120.448125000000         5.105354399923289E-005
   120.661875000000         1.229332303309997E-004
   120.875625000000         1.911023596043320E-004
   121.089375000000         2.525063972519600E-004
   121.303125000000         3.043831491080677E-004
   121.516875000000         3.443953483053875E-004
   121.730625000000         3.707407683003396E-004
   121.944375000000         3.822341320127890E-004
   122.158125000000         3.783567711313825E-004
   122.371875000000         3.592719038467794E-004
   122.585625000000         3.258054191708623E-004
   122.799375000000         2.793940503875959E-004
   123.013125000000         2.220046602512379E-004
   123.226875000000         1.560299288908439E-004
   123.440625000000         8.416693420149553E-005
   123.654375000000         9.285872426833115E-006
   123.868125000000        -6.570355636843051E-005
   124.081875000000        -1.379807832396395E-004
   124.295625000000        -2.049313799877972E-004
   124.509375000000        -2.642468659061817E-004
   124.723125000000        -3.140031146456786E-004
   124.936875000000        -3.527147500157434E-004
   125.150625000000        -3.793645912953262E-004
   125.364375000000        -3.934088438724130E-004
   125.578125000000        -3.947602133756393E-004
   125.791875000000        -3.837523492648219E-004
   126.005625000000        -3.610899177087272E-004
   126.219375000000        -3.277891120355800E-004
   126.433125000000        -2.851135120890436E-004
   126.646875000000        -2.345099139312875E-004
   126.860625000000        -1.775481119156041E-004
   127.074375000000        -1.158676966164844E-004
   127.288125000000        -5.113382577062243E-005
   127.501875000000         1.499726421517917E-005
   127.715625000000         8.090340246825297E-005
   127.929375000000         1.450137134347635E-004
   128.143125000000         2.058201741460440E-004
   128.356875000000         2.618862607410470E-004
   128.570625000000         3.118556296533962E-004
   128.784375000000         3.544636123671691E-004
   128.998125000000         3.885538034028095E-004
   129.211875000000         4.131012365229832E-004
   129.425625000000         4.272426473151835E-004
   129.639375000000         4.303132044952535E-004
   129.853125000000         4.218879627730197E-004
   130.066875000000         4.018252554996574E-004
   130.280625000000         3.703084082769369E-004
   130.494375000000         3.278816032432914E-004
   130.708125000000         2.754755235335430E-004
   130.921875000000         2.144185958494639E-004
   131.135625000000         1.464302316706567E-004
   131.349375000000         7.359341686984017E-005
   131.563125000000        -1.694743553902265E-006
   131.776875000000        -7.679444045668086E-005
   131.990625000000        -1.489148571807536E-004
   132.204375000000        -2.152228821680113E-004
   132.418125000000        -2.729641127287395E-004
   132.631875000000        -3.195902113061391E-004
   132.845625000000        -3.528858084334916E-004
   133.059375000000        -3.710877038174999E-004
   133.273125000000        -3.729891463141115E-004
   133.486875000000        -3.580224886696850E-004
   133.700625000000        -3.263144920141217E-004
   133.914375000000        -2.787099423356402E-004
   134.128125000000        -2.167609505050017E-004
   134.341875000000        -1.426812289373973E-004
   134.555625000000        -5.926664598204176E-005
   134.769375000000         3.021467863132721E-005
   134.983125000000         1.221576865778244E-004
   135.196875000000         2.127745553077179E-004
   135.410625000000         2.982600786721057E-004
   135.624375000000         3.749599454411164E-004
   135.838125000000         4.395334465567814E-004
   136.051875000000         4.891024762403880E-004
   136.265625000000         5.213794911318965E-004
   136.479375000000         5.347682951834100E-004
   136.693125000000         5.284330409893825E-004
   136.906875000000         5.023325776889088E-004
   137.120625000000         4.572191187410849E-004
   137.334375000000         3.946020354325747E-004
   137.548125000000         3.166792962007733E-004
   137.761875000000         2.262405737181031E-004
   137.975625000000         1.265472565675864E-004
   138.189375000000         2.119547891377911E-005
   138.403125000000        -8.603120641118497E-005
   138.616875000000        -1.913127398756235E-004
   138.830625000000        -2.909404791819388E-004
   139.044375000000        -3.814560646714830E-004
   139.258125000000        -4.597759078470082E-004
   139.471875000000        -5.232969230518070E-004
   139.685625000000        -5.699801804800575E-004
   139.899375000000        -5.984102719761979E-004
   140.113125000000        -6.078292911246858E-004
   140.326875000000        -5.981453867725441E-004
   140.540625000000        -5.699168162363151E-004
   140.754375000000        -5.243132743248846E-004
   140.968125000000        -4.630569908780851E-004
   141.181875000000        -3.883466656139318E-004
   141.395625000000        -3.027677440762048E-004
   141.609375000000        -2.091928357838245E-004
   141.823125000000        -1.106762403994999E-004
   142.036875000000        -1.034658480398674E-005
   142.250625000000         8.869851283322876E-005
   142.464375000000         1.834920440683837E-004
   142.678125000000         2.712880959710135E-004
   142.891875000000         3.496402854676810E-004
   143.105625000000         4.164657606837559E-004
   143.319375000000         4.700930418895356E-004
   143.533125000000         5.092927102452834E-004
   143.746875000000         5.332907432308333E-004
   143.960625000000         5.417651065636326E-004
   144.174375000000         5.348270010857592E-004
   144.388125000000         5.129888816196365E-004
   144.601875000000         4.771219631793988E-004
   144.815625000000         4.284063604812414E-004
   145.029375000000         3.682772288345166E-004
   145.243125000000         2.983702596953063E-004
   145.456875000000         2.204696203549171E-004
   145.670625000000         1.364609221174281E-004
   145.884375000000         4.829108409933932E-005
   146.098125000000        -4.206391907585159E-005
   146.311875000000        -1.326234085908038E-004
   146.525625000000        -2.214194145329181E-004
   146.739375000000        -3.065090106730653E-004
   146.953125000000        -3.859841537932179E-004
   147.166875000000        -4.579820766018412E-004
   147.380625000000        -5.206994273587338E-004
   147.594375000000        -5.724131311876675E-004
   147.808125000000        -6.115103586729390E-004
   148.021875000000        -6.365290524273238E-004
   148.235625000000        -6.462092428298493E-004
   148.449375000000        -6.395539734538483E-004
   148.663125000000        -6.158971746427601E-004
   148.876875000000        -5.749744073739759E-004
   149.090625000000        -5.169911921075810E-004
   149.304375000000        -4.426827751079767E-004
   149.518125000000        -3.533587842211084E-004
   149.731875000000        -2.509263717263481E-004
   149.945625000000        -1.378861759501883E-004
   150.159375000000        -1.729674901668636E-005
   150.373125000000         1.072950634259074E-004
   150.586875000000         2.319580527474019E-004
   150.800625000000         3.525126386564898E-004
   151.014375000000         4.646940876496407E-004
   151.228125000000         5.643356753872062E-004
   151.441875000000         6.475624048537321E-004
   151.655625000000         7.109843268777621E-004
   151.869375000000         7.518776465744737E-004
   152.083125000000         7.683417531120705E-004
   152.296875000000         7.594211351763598E-004
   152.510625000000         7.251828270446972E-004
   152.724375000000         6.667424867462513E-004
   152.938125000000         5.862352885925861E-004
   153.151875000000         4.867313109996131E-004
   153.365625000000         3.720987686546693E-004
   153.579375000000         2.468220042829224E-004
   153.793125000000         1.157843464493865E-004
   154.006875000000        -1.597149651072328E-005
   154.220625000000        -1.434911109260343E-004
   154.434375000000        -2.621489885483116E-004
   154.648125000000        -3.678672707576266E-004
   154.861875000000        -4.572992132491487E-004
   155.075625000000        -5.279663209409419E-004
   155.289375000000        -5.783412729396987E-004
   155.503125000000        -6.078725042005502E-004
   155.716875000000        -6.169503557672733E-004
   155.930625000000        -6.068187452826004E-004
   156.144375000000        -5.794400385537270E-004
   156.358125000000        -5.373239393331944E-004
   156.571875000000        -4.833335222193107E-004
   156.785625000000        -4.204828419824816E-004
   156.999375000000        -3.517407699770899E-004
   157.213125000000        -2.798548290705367E-004
   157.426875000000        -2.072069033755290E-004
   157.640625000000        -1.357099477816997E-004
   157.854375000000        -6.675143998663145E-005
   158.068125000000        -1.185575950214749E-006
   158.281875000000         6.062759628975167E-005
   158.495625000000         1.187414850854995E-004
   158.709375000000         1.735091616581936E-004
   158.923125000000         2.254472707299522E-004
   159.136875000000         2.750899160507654E-004
   159.350625000000         3.228452835679877E-004
   159.564375000000         3.688672767826092E-004
   159.778125000000         4.129530398503330E-004
   159.991875000000         4.544750721483438E-004
   160.205625000000         4.923538856656738E-004
   160.419375000000         5.250740521595212E-004
   160.633125000000         5.507432747081363E-004
   160.846875000000         5.671910369697266E-004
   161.060625000000         5.721006474269163E-004
   161.274375000000         5.631662788196574E-004
   161.488125000000         5.382650264115225E-004
   161.701875000000         4.956331362242769E-004
   161.915625000000         4.340353911924717E-004
   162.129375000000         3.529171416299360E-004
   162.343125000000         2.525295356031641E-004
   162.556875000000         1.340200239516947E-004
   162.770625000000        -5.179521631404417E-007
   162.984375000000        -1.480401723598254E-004
   163.198125000000        -3.045937624472451E-004
   163.411875000000        -4.654062298663968E-004
   163.625625000000        -6.250195015814809E-004
   163.839375000000        -7.774653106878346E-004
   164.053125000000        -9.164767021629246E-004
   164.266875000000        -1.035729015511044E-003
   164.480625000000        -1.129102435088100E-003
   164.694375000000        -1.190957061205915E-003
   164.908125000000        -1.216410442369678E-003
   165.121875000000        -1.201606638145831E-003
   165.335625000000        -1.143965197102312E-003
   165.549375000000        -1.042398007122742E-003
   165.763125000000        -8.974819025798921E-004
   165.976875000000        -7.115753060346617E-004
   166.190625000000        -4.888681548504549E-004
   166.404375000000        -2.353560142155389E-004
   166.618125000000         4.126832629761237E-005
   166.831875000000         3.318093191118553E-004
   167.045625000000         6.258488653971880E-004
   167.259375000000         9.121074797815126E-004
   167.473125000000         1.178876778298239E-003
   167.686875000000         1.414508679898550E-003
   167.900625000000         1.607941942342119E-003
   168.114375000000         1.749242454565655E-003
   168.328125000000         1.830130454959329E-003
   168.541875000000         1.844465891643511E-003
   168.755625000000         1.788662784585812E-003
   168.969375000000         1.662004900269656E-003
   169.183125000000         1.466838402213449E-003
   169.396875000000         1.208622353916483E-003
   169.610625000000         8.958248380187114E-004
   169.824375000000         5.396606856716008E-004
   170.038125000000         1.536759224051762E-004
   170.251875000000        -2.468065334423856E-004
   170.465625000000        -6.453562676192265E-004
   170.679375000000        -1.025188060345621E-003
   170.893125000000        -1.369959508971869E-003
   171.106875000000        -1.664570797296093E-003
   171.320625000000        -1.895921954677090E-003
   171.534375000000        -2.053583882238740E-003
   171.748125000000        -2.130343221510897E-003
   171.961875000000        -2.122587653965675E-003
   172.175625000000        -2.030507094623874E-003
   172.389375000000        -1.858096940287272E-003
   172.603125000000        -1.612961363459816E-003
   172.816875000000        -1.305926814561516E-003
   173.030625000000        -9.504875707531854E-004
   173.244375000000        -5.621155309617482E-004
   173.458125000000        -1.574747662865257E-004
   173.671875000000         2.464130048544756E-004
   173.885625000000         6.330032467850916E-004
   174.099375000000         9.870156189227769E-004
   174.313125000000         1.295128892201462E-003
   174.526875000000         1.546546246579530E-003
   174.740625000000         1.733402589511249E-003
   174.954375000000         1.850996425161645E-003
   175.168125000000         1.897840615475143E-003
   175.381875000000         1.875538239221141E-003
   175.595625000000         1.788500811908614E-003
   175.809375000000         1.643535589349488E-003
   176.023125000000         1.449335886696391E-003
   176.236875000000         1.215912833959835E-003
   176.450625000000         9.540085091733800E-004
   176.664375000000         6.745289290718287E-004
   176.878125000000         3.880311559101365E-004
   177.091875000000         1.042922316125021E-004
   177.305625000000        -1.680206163451012E-004
   177.519375000000        -4.215683118395536E-004
   177.733125000000        -6.504460898988891E-004
   177.946875000000        -8.501856540084567E-004
   178.160625000000        -1.017669123229071E-003
   178.374375000000        -1.150976325813911E-003
   178.588125000000        -1.249190505194333E-003
   178.801875000000        -1.312188560672508E-003
   179.015625000000        -1.340440567716982E-003
   179.229375000000        -1.334839739794835E-003
   179.443125000000        -1.296578618615429E-003
   179.656875000000        -1.227080671042922E-003
   179.870625000000        -1.127989280634470E-003
   180.084375000000        -1.001209036173674E-003
   180.298125000000        -8.489878987839524E-004
   180.511875000000        -6.740238495448409E-004
   180.725625000000        -4.795764243857546E-004
   180.939375000000        -2.695624060059324E-004
   181.153125000000        -4.861594619081967E-005
   181.366875000000         1.779035767689667E-004
   181.580625000000         4.039678973571072E-004
   181.794375000000         6.230062844342418E-004
   182.008125000000         8.281011636242201E-004
   182.221875000000         1.012245193622855E-003
   182.435625000000         1.168645714317796E-003
   182.649375000000         1.291057257483657E-003
   182.863125000000         1.374119169163473E-003
   183.076875000000         1.413673672141774E-003
   183.290625000000         1.407040062416472E-003
   183.504375000000         1.353223167208299E-003
   183.718125000000         1.253038495274928E-003
   183.931875000000         1.109142322867965E-003
   184.145625000000         9.259617911750365E-004
   184.359375000000         7.095273684547502E-004
   184.573125000000         4.672171422130380E-004
   184.786875000000         2.074287617422305E-004
   185.000625000000        -6.080007345465323E-005
   185.214375000000        -3.281982970083483E-004
   185.428125000000        -5.856696101909204E-004
   185.641875000000        -8.246769478420055E-004
   185.855625000000        -1.037580710666170E-003
   186.069375000000        -1.217912455394572E-003
   186.283125000000        -1.360571297658176E-003
   186.496875000000        -1.461936650508103E-003
   186.710625000000        -1.519897530405527E-003
   186.924375000000        -1.533804936714597E-003
   187.138125000000        -1.504359214238926E-003
   187.351875000000        -1.433448391937143E-003
   187.565625000000        -1.323955931538257E-003
   187.779375000000        -1.179556948377172E-003
   187.993125000000        -1.004520782695928E-003
   188.206875000000        -8.035349694724601E-004
   188.420625000000        -5.815614963845563E-004
   188.634375000000        -3.437311921583548E-004
   188.848125000000        -9.527667142160646E-005
   189.061875000000         1.585009701328697E-004
   189.275625000000         4.122410313787728E-004
   189.489375000000         6.605203063293822E-004
   189.703125000000         8.978528638450818E-004
   189.916875000000         1.118707024097621E-003
   190.130625000000         1.317552341239842E-003
   190.344375000000         1.488946061372269E-003
   190.558125000000         1.627663855993180E-003
   190.771875000000         1.728874075952704E-003
   190.985625000000         1.788348871684008E-003
   191.199375000000         1.802699875314559E-003
   191.413125000000         1.769621328705554E-003
   191.626875000000         1.688120098893102E-003
   191.840625000000         1.558710368443899E-003
   192.054375000000         1.383551189149536E-003
   192.268125000000         1.166507626338940E-003
   192.481875000000         9.131207838790157E-004
   192.695625000000         6.304782792827286E-004
   192.909375000000         3.269842548418831E-004
   193.123125000000         1.203615048410334E-005
   193.336875000000        -3.043764702869576E-004
   193.550625000000        -6.121284795385447E-004
   193.764375000000        -9.014427727753852E-004
   193.978125000000        -1.163368788753360E-003
   194.191875000000        -1.390222598794708E-003
   194.405625000000        -1.575956632472485E-003
   194.619375000000        -1.716431224489655E-003
   194.833125000000        -1.809566734187730E-003
   195.046875000000        -1.855363544000647E-003
   195.260625000000        -1.855787138592920E-003
   195.474375000000        -1.814525917641920E-003
   195.688125000000        -1.736639544163831E-003
   195.901875000000        -1.628124617359389E-003
   196.115625000000        -1.495431496930456E-003
   196.329375000000        -1.344970549338188E-003
   196.543125000000        -1.182647491109615E-003
   196.756875000000        -1.013465669781077E-003
   196.970625000000        -8.412281165918182E-004
   197.184375000000        -6.683643622427753E-004
   197.398125000000        -4.958969100651513E-004
   197.611875000000        -3.235506950983201E-004
   197.825625000000        -1.499967497725685E-004
   198.039375000000         2.679035906024407E-005
   198.253125000000         2.090919822605578E-004
   198.466875000000         3.989603029417206E-004
   198.680625000000         5.977321774706455E-004
   198.894375000000         8.055867611323682E-004
   199.108125000000         1.021189477688263E-003
   199.321875000000         1.241459002971129E-003
   199.535625000000         1.461484852518581E-003
   199.749375000000         1.674611559282610E-003
   199.963125000000         1.872692184721141E-003
   200.176875000000         2.046500059047563E-003
   200.390625000000         2.186274295221556E-003
   200.604375000000         2.282362846540808E-003
   200.818125000000         2.325917651289142E-003
   201.031875000000         2.309590514146207E-003
   201.245625000000         2.228176344980900E-003
   201.459375000000         2.079152445981819E-003
   201.673125000000         1.863068623810380E-003
   201.886875000000         1.583752605614327E-003
   202.100625000000         1.248307871135809E-003
   202.314375000000         8.668956578847859E-004
   202.528125000000         4.523084678467400E-004
   202.741875000000         1.935773629555971E-005
   202.955625000000        -4.158877422544701E-004
   203.169375000000        -8.369645604554071E-004
   203.383125000000        -1.227922412980664E-003
   203.596875000000        -1.574216421750447E-003
   203.810625000000        -1.863523881108565E-003
   204.024375000000        -2.086429743956323E-003
   204.238125000000        -2.236933724577035E-003
   204.451875000000        -2.312743891723229E-003
   204.665625000000        -2.315336211587279E-003
   204.879375000000        -2.249775628748538E-003
   205.093125000000        -2.124310785148831E-003
   205.306875000000        -1.949770185980459E-003
   205.520625000000        -1.738801399865183E-003
   205.734375000000        -1.505005742955115E-003
   205.948125000000        -1.262028069001959E-003
   206.161875000000        -1.022664263615470E-003
   206.375625000000        -7.980476166090869E-004
   206.589375000000        -5.969695322440775E-004
   206.803125000000        -4.253804489545103E-004
   207.016875000000        -2.861040664505453E-004
   207.230625000000        -1.787829295486416E-004
   207.444375000000        -1.000571607313817E-004
   207.658125000000        -4.396181203649831E-005
   207.871875000000        -2.513063183851115E-006
   208.085625000000         3.355961475994282E-005
   208.299375000000         7.398828116728430E-005
   208.513125000000         1.281076346954229E-004
   208.726875000000         2.040239239398963E-004
   208.940625000000         3.078711235556134E-004
   209.154375000000         4.432076942557200E-004
   209.368125000000         6.105974575039688E-004
   209.581875000000         8.074053847084183E-004
   209.795625000000         1.027824320911344E-003
   210.009375000000         1.263132860260031E-003
   210.223125000000         1.502168849456171E-003
   210.436875000000         1.731988383373769E-003
   210.650625000000         1.938667651179749E-003
   210.864375000000         2.108195412346790E-003
   211.078125000000         2.227397840473192E-003
   211.291875000000         2.284835330877913E-003
   211.505625000000         2.271612718672228E-003
   211.719375000000         2.182050020448351E-003
   211.933125000000         2.014169865333127E-003
   212.146875000000         1.769969572464773E-003
   212.360625000000         1.455459545611161E-003
   212.574375000000         1.080464365889872E-003
   212.788125000000         6.581977006320051E-004
   213.001875000000         2.046359632945594E-004
   213.215625000000        -2.622723054005980E-004
   213.429375000000        -7.235148318978121E-004
   213.643125000000        -1.159988782396088E-003
   213.856875000000        -1.553482584183290E-003
   214.070625000000        -1.887610593520523E-003
   214.284375000000        -2.148648467764711E-003
   214.498125000000        -2.326223759909010E-003
   214.711875000000        -2.413825408375789E-003
   214.925625000000        -2.409106804258789E-003
   215.139375000000        -2.313969257823469E-003
   215.353125000000        -2.134425197275169E-003
   215.566875000000        -1.880252572644066E-003
   215.780625000000        -1.564463024208737E-003
   215.994375000000        -1.202615825305931E-003
   216.208125000000        -8.120169684541497E-004
   216.421875000000        -4.108477218379567E-004
   216.635625000000        -1.726938346974398E-005
   216.849375000000         3.514492044357377E-004
   217.063125000000         6.797374175947407E-004
   217.276875000000         9.544227091058974E-004
   217.490625000000         1.165292010708191E-003
   217.704375000000         1.305490168583291E-003
   217.918125000000         1.371739920609287E-003
   218.131875000000         1.364377424567782E-003
   218.345625000000         1.287206863646544E-003
   218.559375000000         1.147186734642758E-003
   218.773125000000         9.539686511541986E-004
   218.986875000000         7.193165042660190E-004
   219.200625000000         4.564393119814739E-004
   219.414375000000         1.792748186479916E-004
   219.628125000000        -9.823728610134482E-005
   219.841875000000        -3.628538556991821E-004
   220.055625000000        -6.026620076450172E-004
   220.269375000000        -8.076157116107876E-004
   220.483125000000        -9.699487156294562E-004
   220.696875000000        -1.084444571450078E-003
   220.910625000000        -1.148552903985680E-003
   221.124375000000        -1.162350111527788E-003
   221.338125000000        -1.128351887244555E-003
   221.551875000000        -1.051193784919798E-003
   221.765625000000        -9.372039701928485E-004
   221.979375000000        -7.938987840127443E-004
   222.193125000000        -6.294363391599360E-004
   222.406875000000        -4.520657119631242E-004
   222.620625000000        -2.696091488751958E-004
   222.834375000000        -8.901200882930658E-005
   223.048125000000         8.400998876819727E-005
   223.261875000000         2.452039575990734E-004
   223.475625000000         3.918802493230834E-004
   223.689375000000         5.228769565136695E-004
   223.903125000000         6.383958875281140E-004
   224.116875000000         7.397274577889253E-004
   224.330625000000         8.288908058376180E-004
   224.544375000000         9.082223701035717E-004
   224.758125000000         9.799505476060213E-004
   224.971875000000         1.045795472808800E-003
   225.185625000000         1.106631202049761E-003
   225.399375000000         1.162242716875913E-003
   225.613125000000         1.211202477971807E-003
   225.826875000000         1.250881324258241E-003
   226.040625000000         1.277597080704005E-003
   226.254375000000         1.286892225784642E-003
   226.468125000000         1.273920366237929E-003
   226.681875000000         1.233911060240875E-003
   226.895625000000         1.162674619506024E-003
   227.109375000000         1.057103636807944E-003
   227.323125000000         9.156266224758313E-004
   227.536875000000         7.385715000919422E-004
   227.750625000000         5.284027052736114E-004
   227.964375000000         2.898048388203554E-004
   228.178125000000         2.959755138685120E-005
   228.391875000000        -2.435203426187416E-004
   228.605625000000        -5.193856864385887E-004
   228.819375000000        -7.869196884562051E-004
   229.033125000000        -1.034773985114486E-003
   229.246875000000        -1.252028759137103E-003
   229.460625000000        -1.428892321028518E-003
   229.674375000000        -1.557350231075502E-003
   229.888125000000        -1.631714827045280E-003
   230.101875000000        -1.649032745124192E-003
   230.315625000000        -1.609318165695439E-003
   230.529375000000        -1.515592282474306E-003
   230.743125000000        -1.373723865361396E-003
   230.956875000000        -1.192080613048654E-003
   231.170625000000        -9.810150840118246E-004
   231.384375000000        -7.522212314313581E-004
   231.598125000000        -5.180069844587508E-004
   231.811875000000        -2.905341886843267E-004
   232.025625000000        -8.107911281761160E-005
   232.239375000000         1.006354543959127E-004
   232.453125000000         2.469915211132846E-004
   232.666875000000         3.528749602112707E-004
   232.880625000000         4.158985047305155E-004
   233.094375000000         4.364382100219572E-004
   233.308125000000         4.174867222156392E-004
   233.521875000000         3.643398393906646E-004
   233.735625000000         2.841443360842792E-004
   233.949375000000         1.853439995849727E-004
   234.163125000000         7.706668373702185E-005
   234.376875000000        -3.150241791119938E-005
   234.590625000000        -1.317171911402234E-004
   234.804375000000        -2.159970092305506E-004
   235.018125000000        -2.782505924600186E-004
   235.231875000000        -3.141740303661172E-004
   235.445625000000        -3.214101789785714E-004
   235.659375000000        -2.995675040553377E-004
   235.873125000000        -2.501067815563785E-004
   236.086875000000        -1.761131011057496E-004
   236.300625000000        -8.197771139500861E-005
   236.514375000000         2.698104009834059E-005
   236.728125000000         1.449263019320788E-004
   236.941875000000         2.659099384531858E-004
   237.155625000000         3.842502778326072E-004
   237.369375000000         4.948570453704990E-004
   237.583125000000         5.934862877471395E-004
   237.796875000000         6.769150133119525E-004
   238.010625000000         7.430323206954163E-004
   238.224375000000         7.908503595869736E-004
   238.438125000000         8.204440507995080E-004
   238.651875000000         8.328327056982192E-004
   238.865625000000         8.298193018002605E-004
   239.079375000000         8.138041316361991E-004
   239.293125000000         7.875889447963912E-004
   239.506875000000         7.541857856298252E-004
   239.720625000000         7.166418338051811E-004
   239.934375000000         6.778880886079456E-004
   240.148125000000         6.406161265579618E-004
   240.361875000000         6.071838069558378E-004
   240.575625000000         5.795480382728711E-004
   240.789375000000         5.592207916426753E-004
   241.003125000000         5.472435827342391E-004
   241.216875000000         5.441756442358808E-004
   241.430625000000         5.500918655453707E-004
   241.644375000000         5.645880721965117E-004
   241.858125000000         5.867930711920594E-004
   242.071875000000         6.153887779954365E-004
   242.285625000000         6.486413443199139E-004
   242.499375000000         6.844472375554768E-004
   242.713125000000         7.203984668033052E-004
   242.926875000000         7.538704864715076E-004
   243.140625000000         7.821347267482324E-004
   243.354375000000         8.024953071645528E-004
   243.568125000000         8.124464992650431E-004
   243.781875000000         8.098442210857856E-004
   243.995625000000         7.930816349662411E-004
   244.209375000000         7.612561723549954E-004
   244.423125000000         7.143134024665119E-004
   244.636875000000         6.531524205408469E-004
   244.850625000000         5.796780912797596E-004
   245.064375000000         4.967876599473809E-004
   245.278125000000         4.082829149283059E-004
   245.491875000000         3.187040816519571E-004
   245.705625000000         2.330876372815495E-004
   245.919375000000         1.566568234731676E-004
   246.133125000000         9.446027277574592E-005
   246.346875000000         5.098027226583286E-005
   246.560625000000         2.973718036329630E-005
   246.774375000000         3.291985025393604E-005
   246.988125000000         6.107315321355942E-005
   247.201875000000         1.128725363114238E-004
   247.415625000000         1.850118680029449E-004
   247.629375000000         2.722246993596917E-004
   247.843125000000         3.674507841641971E-004
   248.056875000000         4.621497434519455E-004
   248.270625000000         5.467527882374281E-004
   248.484375000000         6.112322181450079E-004
   248.698125000000         6.457578589170595E-004
   248.911875000000         6.414005638474337E-004
   249.125625000000         5.908361986500980E-004
   249.339375000000         4.889998422117371E-004
   249.553125000000         3.336397606179778E-004
   249.766875000000         1.257242985542273E-004
   249.980625000000        -1.303378478199798E-004
   250.194375000000        -4.266927798388956E-004
   250.408125000000        -7.522672295020525E-004
   250.621875000000        -1.093224845717905E-003
   250.835625000000        -1.433636310136944E-003
   251.049375000000        -1.756330547155642E-003
   251.263125000000        -2.043879680122178E-003
   251.476875000000        -2.279658438084241E-003
   251.690625000000        -2.448910453317085E-003
   251.904375000000        -2.539750095483055E-003
   252.118125000000        -2.544029645942596E-003
   252.331875000000        -2.458007853951294E-003
   252.545625000000        -2.282766985577546E-003
   252.759375000000        -2.024340752985998E-003
   252.973125000000        -1.693534033704621E-003
   253.186875000000        -1.305435816609473E-003
   253.400625000000        -8.786479118936855E-004
   253.614375000000        -4.342721162534851E-004
   253.828125000000         5.283762942985919E-006
   254.041875000000         4.176067046682863E-004
   254.255625000000         7.816027612832503E-004
   254.469375000000         1.078758169128602E-003
   254.683125000000         1.294253324413223E-003
   254.896875000000         1.417854345332236E-003
   255.110625000000         1.444521075093870E-003
   255.324375000000         1.374689039330050E-003
   255.538125000000         1.214204775547378E-003
   255.751875000000         9.739175628398810E-004
   255.965625000000         6.689542107215186E-004
   256.179375000000         3.177255079144023E-004
   256.393125000000        -5.926841786575966E-005
   256.606875000000        -4.407525956769102E-004
   256.820625000000        -8.060220581903455E-004
   257.034375000000        -1.136225605616787E-003
   257.248125000000        -1.415501631232736E-003
   257.461875000000        -1.631889926963966E-003
   257.675625000000        -1.777959586110930E-003
   257.889375000000        -1.851113570315740E-003
   258.103125000000        -1.853553719795062E-003
   258.316875000000        -1.791914264568236E-003
   258.530625000000        -1.676595465528269E-003
   258.744375000000        -1.520850156714430E-003
   258.958125000000        -1.339693135089955E-003
   259.171875000000        -1.148715309633907E-003
   259.385625000000        -9.628904254028377E-004
   259.599375000000        -7.954616208283717E-004
   259.813125000000        -6.569881396968754E-004
   260.026875000000        -5.546197583888848E-004
   260.240625000000        -4.916488894357014E-004
   260.454375000000        -4.673692236276459E-004
   260.668125000000        -4.772467654789804E-004
   260.881875000000        -5.133859217249073E-004
   261.095625000000        -5.652516402993829E-004
   261.309375000000        -6.205900585859152E-004
   261.523125000000        -6.664760464650026E-004
   261.736875000000        -6.904074157808563E-004
   261.950625000000        -6.813629877642814E-004
   262.164375000000        -6.307452797911667E-004
   262.378125000000        -5.331379470018741E-004
   262.591875000000        -3.868225174810070E-004
   262.805625000000        -1.940172517493847E-004
   263.019375000000         3.917827488977998E-005
   263.233125000000         3.031275995478915E-004
   263.446875000000         5.852645840774500E-004
   263.660625000000         8.709184729170989E-004
   263.874375000000         1.144296714099643E-003
   264.088125000000         1.389554926471514E-003
   264.301875000000         1.591878138572094E-003
   264.515625000000         1.738497704594570E-003
   264.729375000000         1.819573963982231E-003
   264.943125000000         1.828885203979646E-003
   265.156875000000         1.764277920011213E-003
   265.370625000000         1.627850597255459E-003
   265.584375000000         1.425861943302794E-003
   265.798125000000         1.168373311504166E-003
   266.011875000000         8.686526383816705E-004
   266.225625000000         5.423823902686641E-004
   266.439375000000         2.067258131994862E-004
   266.653125000000        -1.206864695582895E-004
   266.866875000000        -4.227841210905016E-004
   267.080625000000        -6.840347071793838E-004
   267.294375000000        -8.913121845282141E-004
   267.508125000000        -1.034605996081680E-003
   267.721875000000        -1.107532144816434E-003
   267.935625000000        -1.107621162871897E-003
   268.149375000000        -1.036372370398798E-003
   268.363125000000        -8.990782583387638E-004
   268.576875000000        -7.044363363191343E-004
   268.790625000000        -4.639775950295491E-004
   269.004375000000        -1.913502444538127E-004
   269.218125000000         9.849580132094406E-005
   269.431875000000         3.901743252491350E-004
   269.645625000000         6.687277657010898E-004
   269.859375000000         9.204432348294503E-004
   270.073125000000         1.133575445304499E-003
   270.286875000000         1.298938873137938E-003
   270.500625000000         1.410339649554790E-003
   270.714375000000         1.464827042356597E-003
   270.928125000000         1.462754463934771E-003
   271.141875000000         1.407650246624706E-003
   271.355625000000         1.305908498333118E-003
   271.569375000000         1.166319766599937E-003
   271.783125000000         9.994696084612770E-004
   271.996875000000         8.170401370688121E-004
   272.210625000000         6.310548869145498E-004
   272.424375000000         4.531106486309180E-004
   272.638125000000         2.936410694135646E-004
   272.851875000000         1.612556632127236E-004
   273.065625000000         6.219437767570002E-005
   273.279375000000        -6.792468597503035E-008
   273.493125000000        -2.504062619893621E-005
   273.706875000000        -1.524344876153186E-005
   273.920625000000         2.396608423815305E-005
   274.134375000000         8.475740212446780E-005
   274.348125000000         1.573652687939205E-004
   274.561875000000         2.307715808503240E-004
   274.775625000000         2.934900674236777E-004
   274.989375000000         3.344051477426391E-004
   275.203125000000         3.436107269771116E-004
   275.416875000000         3.131925357846632E-004
   275.630625000000         2.378991028088615E-004
   275.844375000000         1.156517167578509E-004
   276.058125000000        -5.214735414011940E-005
   276.271875000000        -2.605369784024423E-004
   276.485625000000        -5.011635209048665E-004
   276.699375000000        -7.626890355593439E-004
   276.913125000000        -1.031422021420673E-003
   277.126875000000        -1.292135265848360E-003
   277.340625000000        -1.529020953723148E-003
   277.554375000000        -1.726721869703648E-003
   277.768125000000        -1.871370119122275E-003
   277.981875000000        -1.951562043478646E-003
   278.195625000000        -1.959200285277510E-003
   278.409375000000        -1.890141272421421E-003
   278.623125000000        -1.744598368597164E-003
   278.836875000000        -1.527266828298286E-003
   279.050625000000        -1.247155435713114E-003
   279.264375000000        -9.171299793112841E-004
   279.478125000000        -5.531940502657230E-004
   279.691875000000        -1.735515444547707E-004
   279.905625000000         2.024887356888361E-004
   280.119375000000         5.556940797969766E-004
   280.333125000000         8.680953231762979E-004
   280.546875000000         1.124100393817178E-003
   280.760625000000         1.311458154299963E-003
   280.974375000000         1.422006792908949E-003
   281.188125000000         1.452155851164161E-003
   281.401875000000         1.403069510914110E-003
   281.615625000000         1.280539641255886E-003
   281.829375000000         1.094558782908818E-003
   282.043125000000         8.586241251960318E-004
   282.256875000000         5.888220737876835E-004
   282.470625000000         3.027578652043939E-004
   282.684375000000         1.840479350921142E-005
   282.898125000000        -2.470477207317559E-004
   283.111875000000        -4.782690491062329E-004
   283.325625000000        -6.627137231875150E-004
   283.539375000000        -7.913393489764117E-004
   283.753125000000        -8.590718736498784E-004
   283.966875000000        -8.649925724359368E-004
   284.180625000000        -8.122411326266219E-004
   284.394375000000        -7.076491834975873E-004
   284.608125000000        -5.611371068208460E-004
   284.821875000000        -3.849226584783875E-004
   285.035625000000        -1.926017711581759E-004
   285.249375000000         1.830863998826235E-006
   285.463125000000         1.849516196950221E-004
   285.676875000000         3.448011512148215E-004
   285.890625000000         4.716414960667867E-004
   286.104375000000         5.585290371560209E-004
   286.318125000000         6.016698708014906E-004
   286.531875000000         6.005406026666802E-004
   286.745625000000         5.577747590654643E-004
   286.959375000000         4.788315978379165E-004
   287.173125000000         3.714789621455535E-004
   287.386875000000         2.451339338085685E-004
   287.600625000000         1.101136301905827E-004
   287.814375000000        -2.314695337912887E-005
   288.028125000000        -1.448528251048745E-004
   288.241875000000        -2.465291642965673E-004
   288.455625000000        -3.215778514735281E-004
   288.669375000000        -3.656750191364816E-004
   288.883125000000        -3.769870747806215E-004
   289.096875000000        -3.561966618459258E-004
   289.310625000000        -3.063442063329004E-004
   289.524375000000        -2.325040085345107E-004
   289.738125000000        -1.413253309925608E-004
   289.951875000000        -4.047781039088709E-005
   290.165625000000         6.195380315064314E-005
   290.379375000000         1.580784386249315E-004
   290.593125000000         2.407653576314307E-004
   290.806875000000         3.041278734089620E-004
   291.020625000000         3.438911677765401E-004
   291.234375000000         3.576213500796180E-004
   291.448125000000         3.448044671941980E-004
   291.661875000000         3.067762634734034E-004
   291.875625000000         2.465151503118120E-004
   292.089375000000         1.683211713326884E-004
   292.303125000000         7.741195448260917E-005
   292.516875000000        -2.052788011029300E-005
   292.730625000000        -1.198050176372842E-004
   292.944375000000        -2.151454743613108E-004
   293.158125000000        -3.020583285675247E-004
   293.371875000000        -3.771077902037493E-004
   293.585625000000        -4.380749956418119E-004
   293.799375000000        -4.840009929152931E-004
   294.013125000000        -5.151129186512166E-004
   294.226875000000        -5.326454666806158E-004
   294.440625000000        -5.385785665733101E-004
   294.654375000000        -5.353190060654468E-004
   294.868125000000        -5.253580036376520E-004
   295.081875000000        -5.109381502943433E-004
   295.295625000000        -4.937616252945386E-004
   295.509375000000        -4.747673317954804E-004
   295.723125000000        -4.539980078114995E-004
   295.936875000000        -4.305700484743798E-004
   296.150625000000        -4.027494646336812E-004
   296.364375000000        -3.681279057652714E-004
   296.578125000000        -3.238837947294946E-004
   296.791875000000        -2.671060897919659E-004
   297.005625000000        -1.951526058232580E-004
   297.219375000000        -1.060116140818224E-004
   297.433125000000         1.365186514396303E-006
   297.646875000000         1.267882766380446E-004
   297.860625000000         2.686401223431272E-004
   298.074375000000         4.237884887045237E-004
   298.288125000000         5.876148120523832E-004
   298.501875000000         7.541605982432371E-004
   298.715625000000         9.163860650057286E-004
   298.929375000000         1.066526971286178E-003
   299.143125000000         1.196528349792240E-003
   299.356875000000         1.298528150061873E-003
   299.570625000000         1.365359946954418E-003
   299.784375000000         1.391042068144760E-003
   299.998125000000         1.371220794593405E-003
   300.211875000000         1.303537607484928E-003
   300.425625000000         1.187894597237939E-003
   300.639375000000         1.026597828964965E-003
   300.853125000000         8.243653251435862E-004
   301.066875000000         5.881939932206312E-004
   301.280625000000         3.270878902913582E-004
   301.494375000000         5.165827667244956E-005
   301.708125000000        -2.263864238393327E-004
   301.921875000000        -4.948357347159718E-004
   302.135625000000        -7.416264841955958E-004
   302.349375000000        -9.555111956378844E-004
   302.563125000000        -1.126707591927118E-003
   302.776875000000        -1.247490500946825E-003
   302.990625000000        -1.312688732743028E-003
   303.204375000000        -1.320052951684248E-003
   303.418125000000        -1.270466185503345E-003
   303.631875000000        -1.167976280373631E-003
   303.845625000000        -1.019639079502395E-003
   304.059375000000        -8.351719838158972E-004
   304.273125000000        -6.264293177336430E-004
   304.486875000000        -4.067229125257863E-004
   304.700625000000        -1.900227740910549E-004
   304.914375000000         9.917199294947119E-006
   305.128125000000         1.804555661327092E-004
   305.341875000000         3.109239032305176E-004
   305.555625000000         3.933923340232354E-004
   305.769375000000         4.232834011061807E-004
   305.983125000000         3.997844699603194E-004
   306.196875000000         3.260197125826850E-004
   306.410625000000         2.089571691630131E-004
   306.624375000000         5.904363209269281E-005
   306.838125000000        -1.104209446631590E-004
   307.051875000000        -2.841384504658657E-004
   307.265625000000        -4.458476748886576E-004
   307.479375000000        -5.794742909761346E-004
   307.693125000000        -6.703188037917369E-004
   307.906875000000        -7.061987659577381E-004
   308.120625000000        -6.784607592130389E-004
   308.334375000000        -5.827831808846806E-004
   308.548125000000        -4.197026735533939E-004
   308.761875000000        -1.948144975408830E-004
   308.975625000000         8.138082236579865E-005
   309.189375000000         3.939871624637035E-004
   309.403125000000         7.245550741165197E-004
   309.616875000000         1.052207486992671E-003
   309.830625000000         1.354977043291366E-003
   310.044375000000         1.611265388660640E-003
   310.258125000000         1.801323179112651E-003
   310.471875000000         1.908645408518381E-003
   310.685625000000         1.921180447124033E-003
   310.899375000000         1.832262801911181E-003
   311.113125000000         1.641198315420483E-003
   311.326875000000         1.353454966770415E-003
   311.540625000000         9.804407892440032E-004
   311.754375000000         5.388804880912134E-004
   311.968125000000         4.983177758634167E-005
   312.181875000000        -4.625910654202052E-004
   312.395625000000        -9.726975107915415E-004
   312.609375000000        -1.454801351264662E-003
   312.823125000000        -1.884791167208462E-003
   313.036875000000        -2.241581912145018E-003
   313.250625000000        -2.508348668630871E-003
   313.464375000000        -2.673460796898099E-003
   313.678125000000        -2.731057786947130E-003
   313.891875000000        -2.681235228557316E-003
   314.105625000000        -2.529838239418887E-003
   314.319375000000        -2.287888141821901E-003
   314.533125000000        -1.970693946560838E-003
   314.746875000000        -1.596721356040279E-003
   314.960625000000        -1.186307031792767E-003
   315.174375000000        -7.603138196967003E-004
   315.388125000000        -3.388231260170422E-004
   315.601875000000         6.004606471771228E-005
   315.815625000000         4.211151329501833E-004
   316.029375000000         7.328625356010249E-004
   316.243125000000         9.878427827859327E-004
   316.456875000000         1.182794535461450E-003
   316.670625000000         1.318447858031719E-003
   316.884375000000         1.399061927460985E-003
   317.098125000000         1.431742377677774E-003
   317.311875000000         1.425600817535552E-003
   317.525625000000         1.390827190355023E-003
   317.739375000000         1.337748270304916E-003
   317.953125000000         1.275942866858025E-003
   318.166875000000         1.213476760129367E-003
   318.380625000000         1.156308845421813E-003
   318.594375000000         1.107905464471909E-003
   318.808125000000         1.069083598750316E-003
   319.021875000000         1.038086674477717E-003
   319.235625000000         1.010880298852728E-003
   319.449375000000         9.816403079822215E-004
   319.663125000000         9.433928858761287E-004
   319.876875000000         8.887568424096622E-004
   320.090625000000         8.107318443918071E-004
   320.304375000000         7.034737066116071E-004
   320.518125000000         5.629988118367367E-004
   320.731875000000         3.877642145625444E-004
   320.945625000000         1.790777164228893E-004
   321.159375000000        -5.869722990966688E-005
   321.373125000000        -3.181640604362947E-004
   321.586875000000        -5.891508266413197E-004
   321.800625000000        -8.591954104072515E-004
   322.014375000000        -1.114234998762279E-003
   322.228125000000        -1.339461861500330E-003
   322.441875000000        -1.520294461307578E-003
   322.655625000000        -1.643402525571840E-003
   322.869375000000        -1.697717747101190E-003
   323.083125000000        -1.675358947851150E-003
   323.296875000000        -1.572402324281101E-003
   323.510625000000        -1.389434019587460E-003
   323.724375000000        -1.131833645108370E-003
   323.938125000000        -8.097530597090006E-004
   324.151875000000        -4.377739142962288E-004
   324.365625000000        -3.424904740568780E-005
   324.579375000000         3.796446324372860E-004
   324.793125000000         7.810922217493978E-004
   325.006875000000         1.146996686277195E-003
   325.220625000000         1.455419664961133E-003
   325.434375000000         1.687012043849235E-003
   325.648125000000         1.826335271297857E-003
   325.861875000000         1.862977645091003E-003
   326.075625000000         1.792380306635074E-003
   326.289375000000         1.616304980970852E-003
   326.503125000000         1.342898588630741E-003
   326.716875000000         9.863371964316148E-004
   326.930625000000         5.660614275267773E-004
   327.144375000000         1.056452072308516E-004
   327.358125000000        -3.686327224221681E-004
   327.571875000000        -8.294219366079817E-004
   327.785625000000        -1.250028707121802E-003
   327.999375000000        -1.606121203001671E-003
   328.213125000000        -1.877292746181150E-003
   328.426875000000        -2.048372896608893E-003
   328.640625000000        -2.110393058767640E-003
   328.854375000000        -2.061137409866673E-003
   329.068125000000        -1.905239470298746E-003
   329.281875000000        -1.653817336898553E-003
   329.495625000000        -1.323673973074861E-003
   329.709375000000        -9.361204218579262E-004
   329.923125000000        -5.155069456089984E-004
   330.136875000000        -8.756780962660142E-005
   330.350625000000         3.223018598717448E-004
   330.564375000000         6.907149344561460E-004
   330.778125000000         9.977900265361148E-004
   330.991875000000         1.228375309867755E-003
   331.205625000000         1.372917101202312E-003
   331.419375000000         1.427919086375589E-003
   331.633125000000         1.395968805832268E-003
   331.846875000000         1.285339864618515E-003
   332.060625000000         1.109208849955614E-003
   332.274375000000         8.845528374906222E-004
   332.488125000000         6.308146996008805E-004
   332.701875000000         3.684377395369982E-004
   332.915625000000         1.173775987875988E-004
   333.129375000000        -1.043023024169147E-004
   333.343125000000        -2.816549190122652E-004
   333.556875000000        -4.038125559081655E-004
   333.770625000000        -4.646292376868882E-004
   333.984375000000        -4.629678436744948E-004
   334.198125000000        -4.026236470686119E-004
   334.411875000000        -2.919016471017287E-004
   334.625625000000        -1.428884710212425E-004
   334.839375000000         2.952091534363600E-005
   335.053125000000         2.087670910471995E-004
   335.266875000000         3.778575308160441E-004
   335.480625000000         5.205998465792807E-004
   335.694375000000         6.227547639544349E-004
   335.908125000000         6.730353545709128E-004
   336.121875000000         6.638920384747210E-004
   336.335625000000         5.920390178374668E-004
   336.549375000000         4.586958254908610E-004
   336.763125000000         2.695362823718719E-004
   336.976875000000         3.435515574962490E-005
   337.190625000000        -2.335208439810826E-004
   337.404375000000        -5.180372206950345E-004
   337.618125000000        -8.013796866486834E-004
   337.831875000000        -1.065047262463675E-003
   338.045625000000        -1.290967845205941E-003
   338.259375000000        -1.462593120190880E-003
   338.473125000000        -1.565912385224301E-003
   338.686875000000        -1.590330377143615E-003
   338.900625000000        -1.529362117639186E-003
   339.114375000000        -1.381107668603965E-003
   339.328125000000        -1.148481032027800E-003
   339.541875000000        -8.391797685879814E-004
   339.755625000000        -4.653947662356114E-004
   339.969375000000        -4.327248686271641E-005
   340.183125000000         4.078455298263293E-004
