  -1.60312500000000        -2.418850952675961E-024
  -1.38937500000000        -1.790095764079574E-023
  -1.17562500000000        -3.915742709401130E-023
 -0.961875000000000        -4.803676233295295E-023
 -0.748125000000000        -1.402059677621614E-023
 -0.534375000000000         1.308109997520929E-022
 -0.320625000000000         5.809762012486699E-022
 -0.106875000000000         1.928282863128699E-021
  0.106875000000000         5.520813074719899E-021
  0.320625000000000         1.479624241375865E-020
  0.534375000000000         4.016956017829129E-020
  0.748125000000000         1.063268499820098E-019
  0.961875000000000         2.707717928482228E-019
   1.17562500000000         6.583301619946048E-019
   1.38937500000000         1.514069745718154E-018
   1.60312500000000         3.264374603289397E-018
   1.81687500000000         6.600153815254148E-018
   2.03062500000000         1.257957213450780E-017
   2.24437500000000         2.262107291977180E-017
   2.45812500000000         3.854417352129697E-017
   2.67187500000000         6.252781745910624E-017
   2.88562500000000         9.693180392089616E-017
   3.09937500000000         1.439709277201173E-016
   3.31312500000000         2.054925798275179E-016
   3.52687500000000         2.824670849173663E-016
   3.74062500000000         3.745263967228026E-016
   3.95437500000000         4.795297628332421E-016
   4.16812500000000         5.930791279938306E-016
   4.38187500000000         7.085396946773007E-016
   4.59562500000000         8.170756655260396E-016
   4.80937500000000         9.081307158628037E-016
   5.02312500000000         9.703147684891936E-016
   5.23687500000000         9.925523800180723E-016
   5.45062500000000         9.658744313097338E-016
   5.66437500000000         8.849781274776383E-016
   5.87812500000000         7.501683003621349E-016
   6.09187500000000         5.686491348975927E-016
   6.30562500000000         3.554061138361437E-016
   6.51937500000000         1.332754473739701E-016
   6.73312500000000        -6.803921606943542E-017
   6.94687500000000        -2.140774877366478E-016
   7.16062500000000        -2.684497351951420E-016
   7.37437500000000        -1.966385175696172E-016
   7.58812500000000         2.985189380761222E-017
   7.80187500000000         4.294745600580722E-016
   8.01562500000000         1.007372943061450E-015
   8.22937500000000         1.753129039420819E-015
   8.44312500000000         2.640176709791822E-015
   8.65687500000000         3.627068255307734E-015
   8.87062500000000         4.660662978955109E-015
   9.08437500000000         5.680976982556189E-015
   9.29812500000000         6.627002976063622E-015
   9.51187500000000         7.443225849060491E-015
   9.72562500000000         8.085841842698672E-015
   9.93937500000000         8.527819996834772E-015
   10.1531250000000         8.761980998460590E-015
   10.3668750000000         8.801768526282210E-015
   10.5806250000000         8.679823029166527E-015
   10.7943750000000         8.443836341200675E-015
   11.0081250000000         8.150766671957298E-015
   11.2218750000000         7.859988324477516E-015
   11.4356250000000         7.626034539700585E-015
   11.6493750000000         7.492297434497685E-015
   11.8631250000000         7.486165108673605E-015
   12.0768750000000         7.616459314710353E-015
   12.2906250000000         7.873391034367174E-015
   12.5043750000000         8.231332602427719E-015
   12.7181250000000         8.653649572027485E-015
   12.9318750000000         9.099157121283400E-015
   13.1456250000000         9.529004719634130E-015
   13.3593750000000         9.913248960578272E-015
   13.5731250000000         1.023594978577191E-014
   13.7868750000000         1.049822153248255E-014
   14.0006250000000         1.071864295048950E-014
   14.2143750000000         1.093118197243729E-014
   14.4281250000000         1.118065689034580E-014
   14.6418750000000         1.151660581422328E-014
   14.8556250000000         1.198628820793461E-014
   15.0693750000000         1.262780270908549E-014
   15.2831250000000         1.346427436062716E-014
   15.4968750000000         1.449980931170578E-014
   15.7106250000000         1.571791734459087E-014
   15.9243750000000         1.708237833446774E-014
   16.1381250000000         1.854046775608248E-014
   16.3518750000000         2.002804232015552E-014
   16.5656250000000         2.147597373327644E-014
   16.7793750000000         2.281708130829405E-014
   16.9931250000000         2.399270444490727E-014
   17.2068750000000         2.495810743767755E-014
   17.4206250000000         2.568629448217948E-014
   17.6343750000000         2.617002419891696E-014
   17.8481250000000         2.642153805286402E-014
   18.0618750000000         2.647082040492251E-014
   18.2756250000000         2.636239312740340E-014
   18.4893750000000         2.615111437983980E-014
   18.7031250000000         2.589777027311680E-014
   18.9168750000000         2.566471067894762E-014
   19.1306250000000         2.551206940070002E-014
   19.3443750000000         2.549448556110712E-014
   19.5581250000000         2.565889146540273E-014
   19.7718750000000         2.604285423559403E-014
   19.9856250000000         2.667363557945180E-014
   20.1993750000000         2.756761352531728E-014
   20.4131250000000         2.872994921413125E-014
   20.6268750000000         3.015432822206531E-014
   20.8406250000000         3.182269901891457E-014
   21.0543750000000         3.370540833470032E-014
   21.2681250000000         3.576135357966243E-014
   21.4818750000000         3.793867135750407E-014
   21.6956250000000         4.017642940995264E-014
   21.9093750000000         4.240694376836718E-014
   22.1231250000000         4.455922181034437E-014
   22.3368750000000         4.656326334693018E-014
   22.5506250000000         4.835483129767246E-014
   22.7643750000000         4.988032371803968E-014
   22.9781250000000         5.110128149868948E-014
   23.1918750000000         5.199781985403816E-014
   23.4056250000000         5.257077606963818E-014
   23.6193750000000         5.284179702355694E-014
   23.8331250000000         5.285169120785251E-014
   24.0468750000000         5.265690008922479E-014
   24.2606250000000         5.232445052084643E-014
   24.4743750000000         5.192607606514132E-014
   24.6881250000000         5.153187043753091E-014
   24.9018750000000         5.120450223707029E-014
   25.1156250000000         5.099453270290051E-014
   25.3293750000000         5.093738141474036E-014
   25.5431250000000         5.105220881690891E-014
   25.7568750000000         5.134257533312957E-014
   25.9706250000000         5.179876364358026E-014
   26.1843750000000         5.240150899059854E-014
   26.3981250000000         5.312598714097959E-014
   26.6118750000000         5.394587642835117E-014
   26.8256250000000         5.483658914854930E-014
   27.0393750000000         5.577742063643073E-014
   27.2531250000000         5.675229182381765E-014
   27.4668750000000         5.774913882314927E-014
   27.6806250000000         5.875810673051666E-014
   27.8943750000000         5.976918253960430E-014
   28.1081250000000         6.076978700157123E-014
   28.3218750000000         6.174254540830255E-014
   28.5356250000000         6.266439048085216E-014
   28.7493750000000         6.350684957524513E-014
   28.9631250000000         6.423757883883796E-014
   29.1768750000000         6.482350017968752E-014
   29.3906250000000         6.523467728580900E-014
   29.6043750000000         6.544875532542680E-014
   29.8181250000000         6.545509074448340E-014
   30.0318750000000         6.525796431981472E-014
   30.2456250000000         6.487841866322457E-014
   30.4593750000000         6.435425670664389E-014
   30.6731250000000         6.373791401272840E-014
   30.8868750000000         6.309245941997935E-014
   31.1006250000000         6.248633392260776E-014
   31.3143750000000         6.198705404672798E-014
   31.5281250000000         6.165499486447193E-014
   31.7418750000000         6.153790173632595E-014
   31.9556250000000         6.166672859336532E-014
   32.1693750000000         6.205371748455398E-014
   32.3831250000000         6.269266434191605E-014
   32.5968750000000         6.356158993002609E-014
   32.8106250000000         6.462712444182409E-014
   33.0243750000000         6.585011951181485E-014
   33.2381250000000         6.719163926326539E-014
   33.4518750000000         6.861813757425048E-014
   33.6656250000000         7.010528998088592E-014
   33.8793750000000         7.163951494288671E-014
   34.0931250000000         7.321733880647341E-014
   34.3068750000000         7.484218674071689E-014
   34.5206250000000         7.651948920378642E-014
   34.7343750000000         7.825074761744749E-014
   34.9481250000000         8.002784137580516E-014
   35.1618750000000         8.182854511113755E-014
   35.3756250000000         8.361450748337962E-014
   35.5893750000000         8.533194926605003E-014
   35.8031250000000         8.691584186594992E-014
   36.0168750000000         8.829659225357240E-014
   36.2306250000000         8.940883496707561E-014
   36.4443750000000         9.020094357346665E-014
   36.6581250000000         9.064351839241380E-014
   36.8718750000000         9.073594720796925E-014
   37.0856250000000         9.050901621793234E-014
   37.2993750000000         9.002385646972901E-014
   37.5131250000000         8.936637998328973E-014
   37.7268750000000         8.863836825732829E-014
   37.9406250000000         8.794630662143792E-014
   38.1543750000000         8.738928866062098E-014
   38.3681250000000         8.704826526704586E-014
   38.5818750000000         8.697752582269356E-014
   38.7956250000000         8.720019123955185E-014
   39.0093750000000         8.770796469441723E-014
   39.2231250000000         8.846504898506226E-014
   39.4368750000000         8.941521206749482E-014
   39.6506250000000         9.049108306079609E-014
   39.8643750000000         9.162365360908773E-014
   40.0781250000000         9.275041407464609E-014
   40.2918750000000         9.382094544018100E-014
   40.5056250000000         9.479936410721266E-014
   40.7193750000000         9.566353149434537E-014
   40.9331250000000         9.640169063393595E-014
   41.1468750000000         9.700767748163320E-014
   41.3606250000000         9.747610141855439E-014
   41.5743750000000         9.779881972911585E-014
   41.7881250000000         9.796389909048553E-014
   42.0018750000000         9.795734183276500E-014
   42.2156250000000         9.776747083497376E-014
   42.4293750000000         9.739072971051873E-014
   42.6431250000000         9.683820350288640E-014
   42.8568750000000         9.614039914903785E-014
   43.0706250000000         9.534935133352682E-014
   43.2843750000000         9.453681134229139E-014
   43.4981250000000         9.378809383484895E-014
   43.7118750000000         9.319213619735449E-014
   43.9256250000000         9.282880964666851E-014
   44.1393750000000         9.275563797488074E-014
   44.3531250000000         9.299590960821674E-014
   44.5668750000000         9.353046854895432E-014
   44.7806250000000         9.429485148291915E-014
   44.9943750000000         9.518281875294142E-014
   45.2081250000000         9.605618755887307E-014
   45.4218750000000         9.675981271639030E-014
   45.6356250000000         9.714021055227776E-014
   45.8493750000000         9.706489719327747E-014
   46.0631250000000         9.643999760088665E-014
   46.2768750000000         9.522347384889089E-014
   46.4906250000000         9.343214583421467E-014
   46.7043750000000         9.114141790946657E-014
   46.9181250000000         8.847773082408470E-014
   47.1318750000000         8.560451276366144E-014
   47.3456250000000         8.270397372059617E-014
   47.5593750000000         7.995687478372734E-014
   47.7731250000000         7.752319573633468E-014
   47.9868750000000         7.552587889933140E-014
   48.2006250000000         7.403975403014356E-014
   48.4143750000000         7.308643167718573E-014
   48.6281250000000         7.263578039410376E-014
   48.8418750000000         7.261270693957285E-014
   49.0556250000000         7.290833235238915E-014
   49.2693750000000         7.339351675623917E-014
   49.4831250000000         7.393300379656775E-014
   49.6968750000000         7.439832616577345E-014
   49.9106250000000         7.467794921481397E-014
   50.1243750000000         7.468408120497275E-014
   50.3381250000000         7.435608030613846E-014
   50.5518750000000         7.366073715296914E-014
   50.7656250000000         7.259013667087061E-014
   50.9793750000000         7.115838189246245E-014
   51.1931250000000         6.939779573244161E-014
   51.4068750000000         6.735582197418209E-014
   51.6206250000000         6.509233069155480E-014
   51.8343750000000         6.267775608857347E-014
   52.0481250000000         6.019138113527873E-014
   52.2618750000000         5.771898751184130E-014
   52.4756250000000         5.534938905499712E-014
   52.6893750000000         5.316893924646570E-014
   52.9031250000000         5.125431087462546E-014
   53.1168750000000         4.966381127726145E-014
   53.3306250000000         4.842831672775723E-014
   53.5443750000000         4.754325690612081E-014
   53.7581250000000         4.696370348570058E-014
   53.9718750000000         4.660397047762345E-014
   54.1856250000000         4.634322347942481E-014
   54.3993750000000         4.603730529892600E-014
   54.6131250000000         4.553665408097639E-014
   54.8268750000000         4.470794303839212E-014
   55.0406250000000         4.345706975440898E-014
   55.2543750000000         4.174949648429536E-014
   55.4681250000000         3.962420176780577E-014
   55.6818750000000         3.719726375040902E-014
   55.8956250000000         3.465275988863901E-014
   56.1093750000000         3.221989462702039E-014
   56.3231250000000         3.013760039930043E-014
   56.5368750000000         2.861018361165641E-014
   56.7506250000000         2.775977479533525E-014
   56.9643750000000         2.758310406053183E-014
   57.1781250000000         2.792042813915284E-014
   57.3918750000000         2.844477535496258E-014
   57.6056250000000         2.867715182738642E-014
   57.8193750000000         2.803057470078600E-014
   58.0331250000000         2.588209619249500E-014
   58.2468750000000         2.166649511997234E-014
   58.4606250000000         1.498151825873688E-014
   58.6743750000000         5.691019920903875E-015
   58.8881250000000        -5.990549585255430E-015
   59.1018750000000        -1.944861247748244E-014
   59.3156250000000        -3.366833652819531E-014
   59.5293750000000        -4.729261350910742E-014
   59.7431250000000        -5.874204513555679E-014
   59.9568750000000        -6.639082196869017E-014
   60.1706250000000        -6.878399512847854E-014
   60.3843750000000        -6.487354815610257E-014
   60.5981250000000        -5.424356294041563E-014
   60.8118750000000        -3.729178770787372E-014
   61.0256250000000        -1.533489439911524E-014
   61.2393750000000         9.390230462586212E-015
   61.4531250000000         3.384703079930198E-014
   61.6668750000000         5.444710245243641E-014
   61.8806250000000         6.741341860792614E-014
   62.0943750000000         6.923099122892592E-014
   62.3081250000000         5.714076863177450E-014
   62.5218750000000         2.961958785229078E-014
   62.7356250000000        -1.321721986195564E-014
   62.9493750000000        -6.935462815242010E-014
   63.1631250000000        -1.348133037553703E-013
   63.3768750000000        -2.038202370034865E-013
   63.5906250000000        -2.692298937115451E-013
   63.8043750000000        -3.231818248687308E-013
   64.0181250000000        -3.579487009427243E-013
   64.2318750000000        -3.668989287319813E-013
   64.4456250000000        -3.454728173938652E-013
   64.6593750000000        -2.920549339210045E-013
   64.8731250000000        -2.086215765753771E-013
   65.0868750000000        -1.010530917013630E-013
   65.3006250000000         2.097507165825668E-014
   65.5143750000000         1.445689732110683E-013
   65.7281250000000         2.546580552121497E-013
   65.9418750000000         3.354444061762758E-013
   66.1556250000000         3.721460015514108E-013
   66.3693750000000         3.528714285079436E-013
   66.5831250000000         2.704275163149030E-013
   66.7968750000000         1.238434966505059E-013
   67.0106250000000        -8.060013979040633E-014
   67.2243750000000        -3.290196842679858E-013
   67.4381250000000        -6.003828398876515E-013
   67.6518750000000        -8.678248323103371E-013
   67.8656250000000        -1.100794593312041E-012
   68.0793750000000        -1.267904870809035E-012
   68.2931250000000        -1.340269989865131E-012
   68.5068750000000        -1.295038526442534E-012
   68.7206250000000        -1.118773034476939E-012
   68.9343750000000        -8.103042385239172E-013
   69.1481250000000        -3.826978756950728E-013
   69.3618750000000         1.359807783641682E-013
   69.5756250000000         7.033378216853562E-013
   69.7893750000000         1.264878124817470E-012
   70.0031250000000         1.757775818998553E-012
   70.2168750000000         2.116028594087878E-012
   70.4306250000000         2.276689539882408E-012
   70.6443750000000         2.186735071994000E-012
   70.8581250000000         1.810015323295310E-012
   71.0718750000000         1.133654292177328E-012
   71.2856250000000         1.732299891903453E-013
   71.4993750000000        -1.023923481965757E-012
   71.7131250000000        -2.377885735502324E-012
   71.9268750000000        -3.778266120398988E-012
   72.1406250000000        -5.089565893677980E-012
   72.3543750000000        -6.159861543002404E-012
   72.5681250000000        -6.832613175501260E-012
   72.7818750000000        -6.961098266112842E-012
   72.9956250000000        -6.424646732176743E-012
   73.2093750000000        -5.145532438006918E-012
   73.4231250000000        -3.105083417574478E-012
   73.6368750000000        -3.573412460707153E-013
   73.8506250000000         2.961532475111484E-012
   74.0643750000000         6.629901919616763E-012
   74.2781250000000         1.034497913352822E-011
   74.4918750000000         1.373606782839101E-011
   74.7056250000000         1.638738017740340E-011
   74.9193750000000         1.787026972931602E-011
   75.1331250000000         1.778373302965064E-011
   75.3468750000000         1.580091784252442E-011
   75.5606250000000         1.171822830704871E-011
   75.7743750000000         5.502554975461934E-012
   75.9881250000000        -2.668678147697514E-012
   76.2018750000000        -1.238041733305680E-011
   76.4156250000000        -2.297153970570555E-011
   76.6293750000000        -3.355007738337670E-011
   76.8431250000000        -4.303569862515916E-011
   77.0568750000000        -5.023090917772209E-011
   77.2706250000000        -5.391966727611957E-011
   77.4843750000000        -5.298886343551415E-011
   77.6981250000000        -4.656466816769843E-011
   77.9118750000000        -3.415244122520539E-011
   78.1256250000000        -1.576612722425734E-011
   78.3393750000000         7.968733996428813E-012
   78.5531250000000         3.575467750583862E-011
   78.7668750000000         6.561968092756190E-011
   78.9806250000000         9.498406368839366E-011
   79.1943750000000         1.208036468615305E-010
   79.4081250000000         1.397890645226563E-010
   79.6218750000000         1.486929767477150E-010
   79.8356250000000         1.446481396013152E-010
   80.0493750000000         1.255306900229090E-010
   80.2631250000000         9.031557952737377E-011
   80.4768750000000         3.938586507904615E-011
   80.6906250000000        -2.524450465720114E-011
   80.9043750000000        -9.983290742490922E-011
   81.1181250000000        -1.789675015007921E-010
   81.3318750000000        -2.558054011528709E-010
   81.5456250000000        -3.224962393208582E-010
   81.7593750000000        -3.707798003534325E-010
   81.9731250000000        -3.927266622423181E-010
   82.1868750000000        -3.815710841009191E-010
   82.4006250000000        -3.325677923751190E-010
   82.6143750000000        -2.437910258985647E-010
   82.8281250000000        -1.167872262918921E-010
   83.0418750000000         4.300622643132353E-011
   83.2556250000000         2.261537735807853E-010
   83.4693750000000         4.194840962004187E-010
   83.6831250000000         6.067523271730124E-010
   83.8968750000000         7.696971622778332E-010
   84.1106250000000         8.894485362878175E-010
   84.3243750000000         9.482010644814706E-010
   84.5381250000000         9.310308823228879E-010
   84.7518750000000         8.277029716753918E-010
   84.9656250000000         6.342964651109052E-010
   85.1793750000000         3.544700763854618E-010
   85.3931250000000         2.009826492068244E-013
   85.6068750000000        -4.081409250445382E-010
   85.8206250000000        -8.424762338666254E-010
   86.0343750000000        -1.268489955296216E-009
   86.2481250000000        -1.647859930782966E-009
   86.4618750000000        -1.941129234241855E-009
   86.6756250000000        -2.111039945399929E-009
   86.8893750000000        -2.126082557804767E-009
   87.1031250000000        -1.963968104551135E-009
   87.3168750000000        -1.614704871610416E-009
   87.5306250000000        -1.082962835922232E-009
   87.7443750000000        -3.894391593758789E-010
   87.9581250000000         4.290028670713911E-010
   88.1718750000000         1.320563850559487E-009
   88.3856250000000         2.221143817392030E-009
   88.5993750000000         3.058300897829250E-009
   88.8131250000000         3.756328606476834E-009
   89.0268750000000         4.242132142017179E-009
   89.2406250000000         4.451487111074573E-009
   89.4543750000000         4.335194966287739E-009
   89.6681250000000         3.864616356647963E-009
   89.8818750000000         3.036071984046787E-009
   90.0956250000000         1.873652607436226E-009
   90.3093750000000         4.300740191364921E-010
   90.5231250000000        -1.214656127561331E-009
   90.7368750000000        -2.956833563110245E-009
   90.9506250000000        -4.674812900125333E-009
   91.1643750000000        -6.236642858887349E-009
   91.3781250000000        -7.509133489237314E-009
   91.5918750000000        -8.367766107120492E-009
   91.8056250000000        -8.706753384625099E-009
   92.0193750000000        -8.448501991737104E-009
   92.2331250000000        -7.551729802907461E-009
   92.4468750000000        -6.017546197230532E-009
   92.6606250000000        -3.892915198106291E-009
   92.8743750000000        -1.271080590950436E-009
   93.0881250000000         1.711270676746788E-009
   93.3018750000000         4.880109038230716E-009
   93.5156250000000         8.033198745275521E-009
   93.7293750000000         1.095181941856412E-008
   93.9431250000000         1.341442265178092E-008
   94.1568750000000         1.521141211211416E-008
   94.3706250000000         1.616012354317757E-008
   94.5843750000000         1.611902674956579E-008
   94.7981250000000         1.500017934116292E-008
   95.0118750000000         1.277903193435266E-008
   95.2256250000000         9.500812853274248E-009
   95.4393750000000         5.282899758817552E-009
   95.6531250000000         3.128057198139514E-010
   95.8668750000000        -5.158344494933862E-009
   96.0806250000000        -1.082670954083242E-008
   96.2943750000000        -1.635059711082465E-008
   96.5081250000000        -2.136865062433953E-008
   96.7218750000000        -2.552048627150937E-008
   96.9356250000000        -2.846872719209445E-008
   97.1493750000000        -2.992124765699528E-008
   97.3631250000000        -2.965236247373585E-008
   97.5768750000000        -2.752168088606721E-008
   97.7906250000000        -2.348939308742021E-008
   98.0043750000000        -1.762687182373264E-008
   98.2181250000000        -1.012164968868628E-008
   98.4318750000000        -1.276070350714438E-009
   98.6456250000000         8.500797788036490E-009
   98.8593750000000         1.870806369040067E-008
   99.0731250000000         2.877444569231838E-008
   99.2868750000000         3.808556779950157E-008
   99.5006250000000         4.601607660639152E-008
   99.7143750000000         5.196517835854936E-008
   99.9281250000000         5.539388100442320E-008
   100.141875000000         5.586197491345427E-008
   100.355625000000         5.306261897052266E-008
   100.569375000000         4.685233462940007E-008
   100.783125000000         3.727426433372108E-008
   100.996875000000         2.457273256928106E-008
   101.210625000000         9.197461335909023E-009
   101.424375000000        -8.203766920137305E-009
   101.638125000000        -2.680464920160399E-008
   101.851875000000        -4.563210383491850E-008
   102.065625000000        -6.360949716720370E-008
   102.279375000000        -7.960989314682902E-008
   102.493125000000        -9.251713311256333E-008
   102.706875000000        -1.012918826019729E-007
   102.920625000000        -1.050392188692933E-007
   103.134375000000        -1.030739222437343E-007
   103.348125000000        -9.497941645791285E-008
   103.561875000000        -8.065630935348061E-008
   103.775625000000        -6.035673653121793E-008
   103.989375000000        -3.470121369171461E-008
   104.203125000000        -4.675450620459446E-009
   104.416875000000         2.839445292515047E-008
   104.630625000000         6.288886149694142E-008
   104.844375000000         9.696266677548422E-008
   105.058125000000         1.286323843416189E-007
   105.271875000000         1.558787936477908E-007
   105.485625000000         1.767604124111547E-007
   105.699375000000         1.895320588264133E-007
   105.913125000000         1.927619751189164E-007
   106.126875000000         1.854405323624608E-007
   106.340625000000         1.670734631224114E-007
   106.554375000000         1.377529104955260E-007
   106.768125000000         9.820035217795949E-008
   106.981875000000         4.977664394672098E-008
   107.195625000000        -5.544010228157057E-009
   107.409375000000        -6.523747891769907E-008
   107.623125000000        -1.263297332052289E-007
   107.836875000000        -1.855304906709218E-007
   108.050625000000        -2.393952747233495E-007
   108.264375000000        -2.845086310231607E-007
   108.478125000000        -3.176794620924206E-007
   108.691875000000        -3.361380677008263E-007
   108.905625000000        -3.377236250892198E-007
   109.119375000000        -3.210505987373383E-007
   109.333125000000        -2.856429924225233E-007
   109.546875000000        -2.320264679978880E-007
   109.760625000000        -1.617701358813312E-007
   109.974375000000        -7.747220920339093E-008
   110.188125000000         1.731339735212888E-008
   110.401875000000         1.182091940737400E-007
   110.615625000000         2.202012033036852E-007
   110.829375000000         3.178738178282839E-007
   111.043125000000         4.056820351626292E-007
   111.256875000000         4.782478911199167E-007
   111.470625000000         5.306657521210974E-007
   111.684375000000         5.587997437874062E-007
   111.898125000000         5.595561186442884E-007
   112.111875000000         5.311138737670713E-007
   112.325625000000         4.730984384557454E-007
   112.539375000000         3.866857202028234E-007
   112.753125000000         2.746271210514764E-007
   112.966875000000         1.411901557232670E-007
   113.180625000000        -7.986191636277241E-009
   113.394375000000        -1.661174904771564E-007
   113.608125000000        -3.255726711731746E-007
   113.821875000000        -4.782326156059802E-007
   114.035625000000        -6.158916998222761E-007
   114.249375000000        -7.306824431247655E-007
   114.463125000000        -8.155014168278015E-007
   114.676875000000        -8.644137201567038E-007
   114.890625000000        -8.730137171798633E-007
   115.104375000000        -8.387213531804358E-007
   115.318125000000        -7.609961654979702E-007
   115.531875000000        -6.414549381017309E-007
   115.745625000000        -4.838836257734622E-007
   115.959375000000        -2.941394483429665E-007
   116.173125000000        -7.994464879339914E-008
   116.386875000000         1.494209761860959E-007
   116.600625000000         3.835163268620479E-007
   116.814375000000         6.112068076128429E-007
   117.028125000000         8.211824976051047E-007
   117.241875000000         1.002502539738662E-006
   117.455625000000         1.145139817065055E-006
   117.669375000000         1.240499456104448E-006
   117.883125000000         1.281885446958395E-006
   118.096875000000         1.264891661665156E-006
   118.310625000000         1.187696686383864E-006
   118.524375000000         1.051246009121931E-006
   118.738125000000         8.593100295915649E-007
   118.951875000000         6.184118563976102E-007
   119.165625000000         3.376246839706137E-007
   119.379375000000         2.824444369098800E-008
   119.593125000000        -2.966508510195283E-007
   119.806875000000        -6.227383367974057E-007
   120.020625000000        -9.350627073145195E-007
   120.234375000000        -1.218698547372131E-006
   120.448125000000        -1.459434489313803E-006
   120.661875000000        -1.644449342952013E-006
   120.875625000000        -1.762949805498322E-006
   121.089375000000        -1.806740058791727E-006
   121.303125000000        -1.770695512505291E-006
   121.516875000000        -1.653116117255233E-006
   121.730625000000        -1.455938971812401E-006
   121.944375000000        -1.184795263091928E-006
   122.158125000000        -8.489027440736034E-007
   122.371875000000        -4.607917712102275E-007
   122.585625000000        -3.587014998025315E-008
   122.799375000000         4.081605970385207E-007
   123.013125000000         8.520177194648328E-007
   123.226875000000         1.275651936483880E-006
   123.440625000000         1.659131863897235E-006
   123.654375000000         1.983560880680401E-006
   123.868125000000         2.231985746059518E-006
   124.081875000000         2.390254549639241E-006
   124.295625000000         2.447781720837530E-006
   124.509375000000         2.398179969442735E-006
   124.723125000000         2.239723218913291E-006
   124.936875000000         1.975610771319457E-006
   125.150625000000         1.614010944008055E-006
   125.364375000000         1.167871970600095E-006
   125.578125000000         6.544986854688294E-007
   125.791875000000         9.490494033372522E-008
   126.005625000000        -4.870367126549517E-007
   126.219375000000        -1.065615392694355E-006
   126.433125000000        -1.614429553956467E-006
   126.646875000000        -2.107610758282259E-006
   126.860625000000        -2.521066173164183E-006
   127.074375000000        -2.833678895861698E-006
   127.288125000000        -3.028404719871882E-006
   127.501875000000        -3.093206700107338E-006
   127.715625000000        -3.021774858778550E-006
   127.929375000000        -2.813987439968201E-006
   128.143125000000        -2.476081914387251E-006
   128.356875000000        -2.020517926445478E-006
   128.570625000000        -1.465529877782240E-006
   128.784375000000        -8.343830470418165E-007
   128.998125000000        -1.543631684183515E-007
   129.211875000000         5.444556833449380E-007
   129.425625000000         1.230607114010593E-006
   129.639375000000         1.872724399831405E-006
   129.853125000000         2.441053818456612E-006
   130.066875000000         2.908911946135492E-006
   130.280625000000         3.254011009822905E-006
   130.494375000000         3.459582077476228E-006
   130.708125000000         3.515235564571801E-006
   130.921875000000         3.417511752372112E-006
   131.135625000000         3.170090053940837E-006
   131.349375000000         2.783643743571089E-006
   131.563125000000         2.275345768030237E-006
   131.776875000000         1.668049996776616E-006
   131.990625000000         9.891897524621084E-007
   132.204375000000         2.694506672814916E-007
   132.418125000000        -4.587130593585548E-007
   132.631875000000        -1.162641776477396E-006
   132.845625000000        -1.811031846155715E-006
   133.059375000000        -2.375415190295395E-006
   133.273125000000        -2.831481892946225E-006
   133.486875000000        -3.160180207577692E-006
   133.700625000000        -3.348541232595287E-006
   133.914375000000        -3.390191162363513E-006
   134.128125000000        -3.285531430706604E-006
   134.341875000000        -3.041585182707604E-006
   134.555625000000        -2.671526259322516E-006
   134.769375000000        -2.193923226130269E-006
   134.983125000000        -1.631745004187068E-006
   135.196875000000        -1.011185619638350E-006
   135.410625000000        -3.603729462646245E-007
   135.624375000000         2.919702187651730E-007
   135.838125000000         9.178448674138096E-007
   136.051875000000         1.491210582304443E-006
   136.265625000000         1.989080191529714E-006
   136.479375000000         2.392428171427248E-006
   136.693125000000         2.686878737794542E-006
   136.906875000000         2.863152699028556E-006
   137.120625000000         2.917265520430198E-006
   137.334375000000         2.850481865097787E-006
   137.548125000000         2.669043425724764E-006
   137.761875000000         2.383696572618496E-006
   137.975625000000         2.009053812833122E-006
   138.189375000000         1.562828062506166E-006
   138.403125000000         1.064981241648834E-006
   138.616875000000         5.368288399805886E-007
   138.830625000000         1.401503310264461E-010
   139.044375000000        -5.237297918458672E-007
   139.258125000000        -1.014645434745499E-006
   139.471875000000        -1.454407658988959E-006
   139.685625000000        -1.827363003678785E-006
   139.899375000000        -2.120891628177155E-006
   140.113125000000        -2.325765951531798E-006
   140.326875000000        -2.436376749163152E-006
   140.540625000000        -2.450827560005193E-006
   140.754375000000        -2.370901551732470E-006
   140.968125000000        -2.201907581144628E-006
   141.181875000000        -1.952414212240701E-006
   141.395625000000        -1.633882096106332E-006
   141.609375000000        -1.260206563398059E-006
   141.823125000000        -8.471837002174283E-007
   142.036875000000        -4.119146934484329E-007
   142.250625000000         2.783510152832851E-008
   142.464375000000         4.543041197611674E-007
   142.678125000000         8.504094905118470E-007
   142.891875000000         1.200407109331948E-006
   143.105625000000         1.490513765363101E-006
   143.319375000000         1.709467484606108E-006
   143.533125000000         1.849002387306940E-006
   143.746875000000         1.904215582614414E-006
   143.960625000000         1.873806101642272E-006
   144.174375000000         1.760169682282967E-006
   144.388125000000         1.569338343931702E-006
   144.601875000000         1.310759992920779E-006
   144.815625000000         9.969205317371948E-007
   145.029375000000         6.428187553507888E-007
   145.243125000000         2.653122708994146E-007
   145.456875000000        -1.176397182245671E-007
   145.670625000000        -4.878041778975244E-007
   145.884375000000        -8.275345818688166E-007
   146.098125000000        -1.120622249436540E-006
   146.311875000000        -1.353095650358508E-006
   146.525625000000        -1.513925550889558E-006
   146.739375000000        -1.595597222775084E-006
   146.953125000000        -1.594516648103786E-006
   147.166875000000        -1.511225489050936E-006
   147.380625000000        -1.350409165965072E-006
   147.594375000000        -1.120693185823134E-006
   147.808125000000        -8.342342752154423E-007
   148.021875000000        -5.061242290936679E-007
   148.235625000000        -1.536350050462450E-007
   148.449375000000         2.046571805365455E-007
   148.663125000000         5.498237432187508E-007
   148.876875000000         8.635617812811702E-007
   149.090625000000         1.129146406092408E-006
   149.304375000000         1.332306337197531E-006
   149.518125000000         1.461975510878967E-006
   149.731875000000         1.510879914793044E-006
   149.945625000000         1.475927662491961E-006
   150.159375000000         1.358380955305237E-006
   150.373125000000         1.163800430197168E-006
   150.586875000000         9.017647745520070E-007
   150.800625000000         5.853806877177548E-007
   151.014375000000         2.306095857307053E-007
   151.228125000000        -1.445527605780598E-007
   151.441875000000        -5.209997370720007E-007
   151.655625000000        -8.794913870297387E-007
   151.869375000000        -1.201634247122155E-006
   152.083125000000        -1.470812224002816E-006
   152.296875000000        -1.673020366857471E-006
   152.510625000000        -1.797559111795492E-006
   152.724375000000        -1.837554504049706E-006
   152.938125000000        -1.790279566463751E-006
   153.151875000000        -1.657262815130761E-006
   153.365625000000        -1.444181311849771E-006
   153.579375000000        -1.160546959938319E-006
   153.793125000000        -8.192053870065649E-007
   154.006875000000        -4.356761607713900E-007
   154.220625000000        -2.737077840220642E-008
   154.434375000000         3.872695134319860E-007
   154.648125000000         7.896707216300151E-007
   154.861875000000         1.162011746562778E-006
   155.075625000000         1.488054071925699E-006
   155.289375000000         1.753874820961887E-006
   155.503125000000         1.948468451464448E-006
   155.716875000000         2.064190019177757E-006
   155.930625000000         2.097021865505633E-006
   156.144375000000         2.046655290483633E-006
   156.358125000000         1.916388731841246E-006
   156.571875000000         1.712853653696473E-006
   156.785625000000         1.445588239702405E-006
   156.999375000000         1.126486613715161E-006
   157.213125000000         7.691572708153523E-007
   157.426875000000         3.882283744717319E-007
   157.640625000000        -1.360651647339940E-009
   157.854375000000        -3.850423312078371E-007
   158.068125000000        -7.492430218011664E-007
   158.281875000000        -1.081912247639175E-006
   158.495625000000        -1.372934947111253E-006
   158.709375000000        -1.614410218257996E-006
   158.923125000000        -1.800789174096059E-006
   159.136875000000        -1.928873894373021E-006
   159.350625000000        -1.997688572763834E-006
   159.564375000000        -2.008242198224794E-006
   159.778125000000        -1.963208902854132E-006
   159.991875000000        -1.866556960417358E-006
   160.205625000000        -1.723159949864930E-006
   160.419375000000        -1.538423576129717E-006
   160.633125000000        -1.317959010197493E-006
   160.846875000000        -1.067328504960559E-006
   161.060625000000        -7.918817865680506E-007
   161.274375000000        -4.966928150912269E-007
   161.488125000000        -1.865966068628803E-007
   161.701875000000         1.336843220217687E-007
   161.915625000000         4.593438733721265E-007
   162.129375000000         7.852547588237841E-007
   162.343125000000         1.105723446141850E-006
   162.556875000000         1.414274922287761E-006
   162.770625000000         1.703504501739377E-006
   162.984375000000         1.965030463800742E-006
   163.198125000000         2.189574519899696E-006
   163.411875000000         2.367187342961388E-006
   163.625625000000         2.487624255972696E-006
   163.839375000000         2.540862531010095E-006
   164.053125000000         2.517737628984318E-006
   164.266875000000         2.410662257532089E-006
   164.480625000000         2.214380504686991E-006
   164.694375000000         1.926700612189475E-006
   164.908125000000         1.549145112578589E-006
   165.121875000000         1.087456746415579E-006
   165.335625000000         5.519031579827728E-007
   165.549375000000        -4.266717036826960E-008
   165.763125000000        -6.770513417781694E-007
   165.976875000000        -1.328216775366858E-006
   166.190625000000        -1.970119955955340E-006
   166.404375000000        -2.574793472347724E-006
   166.618125000000        -3.113654519659451E-006
   166.831875000000        -3.558968910669371E-006
   167.045625000000        -3.885389023107688E-006
   167.259375000000        -4.071473363862899E-006
   167.473125000000        -4.101090612813261E-006
   167.686875000000        -3.964612774231996E-006
   167.900625000000        -3.659810600992999E-006
   168.114375000000        -3.192379453887121E-006
   168.328125000000        -2.576044407165850E-006
   168.541875000000        -1.832218452143212E-006
   168.755625000000        -9.892154528982441E-007
   168.969375000000        -8.104818364319536E-008
   169.183125000000         8.541306833775627E-007
   169.396875000000         1.775862348673389E-006
   169.610625000000         2.643388620978721E-006
   169.824375000000         3.417716719385117E-006
   170.038125000000         4.063621579843325E-006
   170.251875000000         4.551467392817565E-006
   170.465625000000         4.858740280398836E-006
   170.679375000000         4.971201456497616E-006
   170.893125000000         4.883593728237447E-006
   171.106875000000         4.599862164139851E-006
   171.320625000000         4.132880217844960E-006
   171.534375000000         3.503703414118651E-006
   171.748125000000         2.740401715178367E-006
   171.961875000000         1.876546872662512E-006
   172.175625000000         9.494507148668191E-007
   172.389375000000        -1.736870297477060E-009
   172.603125000000        -9.379562848274372E-007
   172.816875000000        -1.822081506831459E-006
   173.030625000000        -2.620576883483845E-006
   173.244375000000        -3.304882413692003E-006
   173.458125000000        -3.852463958504304E-006
   173.671875000000        -4.247489567504838E-006
   173.885625000000        -4.481119211480406E-006
   174.099375000000        -4.551420685398200E-006
   174.313125000000        -4.462947433945438E-006
   174.526875000000        -4.226032966385034E-006
   174.740625000000        -3.855870169812274E-006
   174.954375000000        -3.371451476403887E-006
   175.168125000000        -2.794447284975689E-006
   175.381875000000        -2.148095589578492E-006
   175.595625000000        -1.456166206499304E-006
   175.809375000000        -7.420494780600263E-007
   176.023125000000        -2.800329658813048E-008
   176.236875000000         6.654247040691239E-007
   176.450625000000         1.319799349654959E-006
   176.664375000000         1.919038497834423E-006
   176.878125000000         2.449517256864772E-006
   177.091875000000         2.900068525913845E-006
   177.305625000000         3.261915674582660E-006
   177.519375000000         3.528572128972535E-006
   177.733125000000         3.695737855402235E-006
   177.946875000000         3.761215035054761E-006
   178.160625000000         3.724855652909992E-006
   178.374375000000         3.588543463660045E-006
   178.588125000000         3.356203037019535E-006
   178.801875000000         3.033820406755781E-006
   179.015625000000         2.629454119906809E-006
   179.229375000000         2.153212779129083E-006
   179.443125000000         1.617175723568702E-006
   179.656875000000         1.035237178399417E-006
   179.870625000000         4.228605644512220E-007
   180.084375000000        -2.032620344685338E-007
   180.298125000000        -8.256409224918271E-007
   180.511875000000        -1.426496706904955E-006
   180.725625000000        -1.988323091655482E-006
   180.939375000000        -2.494476110191115E-006
   181.153125000000        -2.929757456374141E-006
   181.366875000000        -3.280958615695099E-006
   181.580625000000        -3.537334570078879E-006
   181.794375000000        -3.690980712927660E-006
   182.008125000000        -3.737093743582206E-006
   182.221875000000        -3.674105960246076E-006
   182.435625000000        -3.503691639363773E-006
   182.649375000000        -3.230653129830661E-006
   182.863125000000        -2.862702006645620E-006
   183.076875000000        -2.410156372475454E-006
   183.290625000000        -1.885578645553533E-006
   183.504375000000        -1.303378688605004E-006
   183.718125000000        -6.794049831304674E-007
   183.931875000000        -3.054210266650906E-008
   184.145625000000         6.256733864818757E-007
   184.359375000000         1.271413450109272E-006
   184.573125000000         1.888897306501470E-006
   184.786875000000         2.460716041073388E-006
   185.000625000000         2.970154932071548E-006
   185.214375000000         3.401526983648600E-006
   185.428125000000         3.740530045811072E-006
   185.641875000000         3.974635948906391E-006
   185.855625000000         4.093513590222872E-006
   186.069375000000         4.089479496182046E-006
   186.283125000000         3.957959925668033E-006
   186.496875000000         3.697939143577963E-006
   186.710625000000         3.312360226487045E-006
   186.924375000000         2.808438779700819E-006
   187.138125000000         2.197847213281652E-006
   187.351875000000         1.496728454773254E-006
   187.565625000000         7.255035375659278E-007
   187.779375000000        -9.155263314812951E-008
   187.993125000000        -9.269793193135204E-007
   188.206875000000        -1.751037060191728E-006
   188.420625000000        -2.532830602761851E-006
   188.634375000000        -3.241605539725964E-006
   188.848125000000        -3.848158934454148E-006
   189.061875000000        -4.326289461790391E-006
   189.275625000000        -4.654202170713918E-006
   189.489375000000        -4.815778080500444E-006
   189.703125000000        -4.801620272014615E-006
   189.916875000000        -4.609796272420220E-006
   190.130625000000        -4.246211172493913E-006
   190.344375000000        -3.724566344477731E-006
   190.558125000000        -3.065883629373009E-006
   190.771875000000        -2.297602797824159E-006
   190.985625000000        -1.452289011864719E-006
   191.199375000000        -5.660148133090135E-007
   191.413125000000         3.234942800664037E-007
   191.626875000000         1.178842136424080E-006
   191.840625000000         1.964951387467416E-006
   192.054375000000         2.650934404028627E-006
   192.268125000000         3.211724637799579E-006
   192.481875000000         3.629359947407510E-006
   192.695625000000         3.893830399754914E-006
   192.909375000000         4.003430676405755E-006
   193.123125000000         3.964589825091864E-006
   193.336875000000         3.791186464474633E-006
   193.550625000000         3.503393197108705E-006
   193.764375000000         3.126127343768110E-006
   193.978125000000         2.687213713941721E-006
   194.191875000000         2.215386788477953E-006
   194.405625000000         1.738272679073899E-006
   194.619375000000         1.280494403820467E-006
   194.833125000000         8.620369248267466E-007
   195.046875000000         4.969913174004361E-007
   195.260625000000         1.927713991185070E-007
   195.474375000000        -5.013716276068490E-008
   195.688125000000        -2.378735610189653E-007
   195.901875000000        -3.823633075701908E-007
   196.115625000000        -5.000034223535702E-007
   196.329375000000        -6.099668579029628E-007
   196.543125000000        -7.322519250621933E-007
   196.756875000000        -8.856241318585799E-007
   196.970625000000        -1.085609110261406E-006
   197.184375000000        -1.342695132563975E-006
   197.398125000000        -1.660891870490331E-006
   197.611875000000        -2.036769133395265E-006
   197.825625000000        -2.459066766283017E-006
   198.039375000000        -2.908926857756880E-006
   198.253125000000        -3.360754658240300E-006
   198.466875000000        -3.783668297915490E-006
   198.680625000000        -4.143452858671741E-006
   198.894375000000        -4.404894869312900E-006
   199.108125000000        -4.534341828566764E-006
   199.321875000000        -4.502310358184381E-006
   199.535625000000        -4.285957773512357E-006
   199.749375000000        -3.871236099627868E-006
   199.963125000000        -3.254564790896412E-006
   200.176875000000        -2.443887619304857E-006
   200.390625000000        -1.459018486320825E-006
   200.604375000000        -3.312276312200044E-007
   200.818125000000         8.979293690072054E-007
   201.031875000000         2.178485852671424E-006
   201.245625000000         3.454539072843258E-006
   201.459375000000         4.667181356697689E-006
   201.673125000000         5.757710247757818E-006
   201.886875000000         6.670919703844453E-006
   202.100625000000         7.358267019230239E-006
   202.314375000000         7.780716627871626E-006
   202.528125000000         7.911081871520777E-006
   202.741875000000         7.735717760512627E-006
   202.955625000000         7.255459434209071E-006
   203.169375000000         6.485749472497112E-006
   203.383125000000         5.455948985705954E-006
   203.596875000000         4.207878879460122E-006
   203.810625000000         2.793685283648218E-006
   204.024375000000         1.273163616153727E-006
   204.238125000000        -2.892935392046036E-007
   204.451875000000        -1.827940521690110E-006
   204.665625000000        -3.278924062972135E-006
   204.879375000000        -4.583345903143893E-006
   205.093125000000        -5.689976507527598E-006
   205.306875000000        -6.557482129966304E-006
   205.520625000000        -7.156063444820129E-006
   205.734375000000        -7.468444732320081E-006
   205.948125000000        -7.490195013739501E-006
   206.161875000000        -7.229403476032441E-006
   206.375625000000        -6.705768149060074E-006
   206.589375000000        -5.949186737860083E-006
   206.803125000000        -4.997960062975152E-006
   207.016875000000        -3.896730791195039E-006
   207.230625000000        -2.694282929885340E-006
   207.444375000000        -1.441321579184254E-006
   207.658125000000        -1.883390453331355E-007
   207.871875000000         1.016345494225835E-006
   208.085625000000         2.128307793567502E-006
   208.299375000000         3.108460002801526E-006
   208.513125000000         3.924191912008967E-006
   208.726875000000         4.550210878758305E-006
   208.940625000000         4.969093607837335E-006
   209.154375000000         5.171571929704097E-006
   209.368125000000         5.156578325349560E-006
   209.581875000000         4.931075738082360E-006
   209.795625000000         4.509691339124755E-006
   210.009375000000         3.914166944168668E-006
   210.223125000000         3.172631519415317E-006
   210.436875000000         2.318695493500216E-006
   210.650625000000         1.390364025709917E-006
   210.864375000000         4.287681789286642E-007
   211.078125000000        -5.232802620691996E-007
   211.291875000000        -1.422892855167197E-006
   211.505625000000        -2.228834082259247E-006
   211.719375000000        -2.903324478021331E-006
   211.933125000000        -3.413846035683524E-006
   212.146875000000        -3.734861000676885E-006
   212.360625000000        -3.849341733927417E-006
   212.574375000000        -3.750002450187688E-006
   212.788125000000        -3.440125256835913E-006
   213.001875000000        -2.933884308368939E-006
   213.215625000000        -2.256093454671176E-006
   213.429375000000        -1.441333905446866E-006
   213.643125000000        -5.324575395310564E-007
   213.856875000000         4.214940228418401E-007
   214.070625000000         1.367867963840297E-006
   214.284375000000         2.253345190931462E-006
   214.498125000000         3.027081773605175E-006
   214.711875000000         3.643848315620118E-006
   214.925625000000         4.066953257439271E-006
   215.139375000000         4.270736419532796E-006
   215.353125000000         4.242436404818305E-006
   215.566875000000         3.983269617033569E-006
   215.780625000000         3.508607969275033E-006
   215.994375000000         2.847203760846853E-006
   216.208125000000         2.039479344941877E-006
   216.421875000000         1.134970807713657E-006
   216.635625000000         1.890831198364438E-007
   216.849375000000        -7.406267439321827E-007
   217.063125000000        -1.598377763417788E-006
   217.276875000000        -2.334017466500527E-006
   217.490625000000        -2.906509172275791E-006
   217.704375000000        -3.286783542428922E-006
   217.918125000000        -3.459726236048626E-006
   218.131875000000        -3.425135447985975E-006
   218.345625000000        -3.197560497124561E-006
   218.559375000000        -2.805019487549448E-006
   218.773125000000        -2.286683439828581E-006
   218.986875000000        -1.689698777713625E-006
   219.200625000000        -1.065392434129164E-006
   219.414375000000        -4.651577031538249E-007
   219.628125000000         6.365069211917003E-008
   219.841875000000         4.814801453301821E-007
   220.055625000000         7.596940135605935E-007
   220.269375000000         8.827774383983435E-007
   220.483125000000         8.494492176626223E-007
   220.696875000000         6.725829008625128E-007
   220.910625000000         3.779387918564167E-007
   221.124375000000         1.808231776087509E-009
   221.338125000000        -4.122360835976668E-007
   221.551875000000        -8.172129282526046E-007
   221.765625000000        -1.166902739695718E-006
   221.979375000000        -1.419961580978983E-006
   222.193125000000        -1.543627284347737E-006
   222.406875000000        -1.516698221881823E-006
   222.620625000000        -1.331524774382925E-006
   222.834375000000        -9.948359468247949E-007
   223.048125000000        -5.273218412852215E-007
   223.261875000000         3.800146259921891E-008
   223.475625000000         6.585136930294481E-007
   223.689375000000         1.285573981284595E-006
   223.903125000000         1.868666072866979E-006
   224.116875000000         2.359754800719503E-006
   224.330625000000         2.717482929868925E-006
   224.544375000000         2.910848474821947E-006
   224.758125000000         2.922044302924560E-006
   224.971875000000         2.748210808600449E-006
   225.185625000000         2.401942860497256E-006
   225.399375000000         1.910496421347047E-006
   225.613125000000         1.313749369880110E-006
   225.826875000000         6.610758511507878E-007
   226.040625000000         7.385069398047856E-009
   226.254375000000        -5.913539075477388E-007
   226.468125000000        -1.082735951048033E-006
   226.681875000000        -1.422313528575238E-006
   226.895625000000        -1.577399523510785E-006
   227.109375000000        -1.529966346886198E-006
   227.323125000000        -1.278401874659547E-006
   227.536875000000        -8.379754430258599E-007
   227.750625000000        -2.399712841902721E-007
   227.964375000000         4.704463225670205E-007
   228.178125000000         1.237471096254095E-006
   228.391875000000         1.998744358020106E-006
   228.605625000000         2.689979136904821E-006
   228.819375000000         3.249762428127173E-006
   229.033125000000         3.624168827599461E-006
   229.246875000000         3.770837508933423E-006
   229.460625000000         3.662210319908359E-006
   229.674375000000         3.287697382916390E-006
   229.888125000000         2.654621960722434E-006
   230.101875000000         1.787891262234197E-006
   230.315625000000         7.284365119375161E-007
   230.529375000000        -4.694437126958750E-007
   230.743125000000        -1.741625130737352E-006
   230.956875000000        -3.018313535678861E-006
   231.170625000000        -4.228507336300453E-006
   231.384375000000        -5.304447602324324E-006
   231.598125000000        -6.185749024575044E-006
   231.811875000000        -6.822940403145501E-006
   232.025625000000        -7.180197270592405E-006
   232.239375000000        -7.237116957406900E-006
   232.453125000000        -6.989461873359250E-006
   232.666875000000        -6.448873742162816E-006
   232.880625000000        -5.641633923582800E-006
   233.094375000000        -4.606607415177712E-006
   233.308125000000        -3.392556373862568E-006
   233.521875000000        -2.055040157708026E-006
   233.735625000000        -6.531316381436544E-007
   233.949375000000         7.538258738811455E-007
   234.163125000000         2.109218588760389E-006
   234.376875000000         3.361751916908758E-006
   234.590625000000         4.467507646355521E-006
   234.804375000000         5.391396575965402E-006
   235.018125000000         6.107985441764301E-006
   235.231875000000         6.601724308076524E-006
   235.445625000000         6.866640747743837E-006
   235.659375000000         6.905597363356840E-006
   235.873125000000         6.729227835418579E-006
   236.086875000000         6.354673208153380E-006
   236.300625000000         5.804235150334338E-006
   236.514375000000         5.104048070032184E-006
   236.728125000000         4.282849626403685E-006
   236.941875000000         3.370902303383796E-006
   237.155625000000         2.399090449019987E-006
   237.369375000000         1.398190615783963E-006
   237.583125000000         3.982908653717116E-007
   237.796875000000        -5.716809835605962E-007
   238.010625000000        -1.484368084291306E-006
   238.224375000000        -2.314381884422216E-006
   238.438125000000        -3.038725638976346E-006
   238.651875000000        -3.637269281992966E-006
   238.865625000000        -4.093281965355345E-006
   239.079375000000        -4.394007726178904E-006
   239.293125000000        -4.531249557469794E-006
   239.506875000000        -4.501910216859228E-006
   239.720625000000        -4.308426673648532E-006
   239.934375000000        -3.959030863651234E-006
   240.148125000000        -3.467773352602021E-006
   240.361875000000        -2.854258709604031E-006
   240.575625000000        -2.143061088614359E-006
   240.789375000000        -1.362814107839740E-006
   241.003125000000        -5.449983113708573E-007
   241.216875000000         2.775204863325168E-007
   241.430625000000         1.072120846623905E-006
   241.644375000000         1.808119538926898E-006
   241.858125000000         2.458410836107215E-006
   242.071875000000         3.000927390058138E-006
   242.285625000000         3.419804568636729E-006
   242.499375000000         3.706147005618099E-006
   242.713125000000         3.858323228160311E-006
   242.926875000000         3.881749702025957E-006
   243.140625000000         3.788166706420120E-006
   243.354375000000         3.594451678347408E-006
   243.568125000000         3.321057226057388E-006
   243.781875000000         2.990197027418366E-006
   243.995625000000         2.623929731418701E-006
   244.209375000000         2.242305846040519E-006
   244.423125000000         1.861743446012972E-006
   244.636875000000         1.493784563879615E-006
   244.850625000000         1.144355833301767E-006
   245.064375000000         8.136161492595336E-007
   245.278125000000         4.964238281161876E-007
   245.491875000000         1.834000258392718E-007
   245.705625000000        -1.374912735153524E-007
   245.919375000000        -4.789785367323918E-007
   246.133125000000        -8.523080385604170E-007
   246.346875000000        -1.265063602098546E-006
   246.560625000000        -1.719197726846048E-006
   246.774375000000        -2.209485020711374E-006
   246.988125000000        -2.722583542576431E-006
   247.201875000000        -3.236846361851375E-006
   247.415625000000        -3.722967212216156E-006
   247.629375000000        -4.145474870815491E-006
   247.843125000000        -4.465016281918268E-006
   248.056875000000        -4.641294629677863E-006
   248.270625000000        -4.636461923978377E-006
   248.484375000000        -4.418712244737673E-006
   248.698125000000        -3.965786783607408E-006
   248.911875000000        -3.268089083890162E-006
   249.125625000000        -2.331120553480833E-006
   249.339375000000        -1.176982598083969E-006
   249.553125000000         1.552492651660852E-007
   249.766875000000         1.610396019209892E-006
   249.980625000000         3.119315861798093E-006
   250.194375000000         4.602242515990893E-006
   250.408125000000         5.973151802520554E-006
   250.621875000000         7.144899168151450E-006
   250.835625000000         8.034799084570997E-006
   251.049375000000         8.570267911519488E-006
   251.263125000000         8.694129610167663E-006
   251.476875000000         8.369191220110446E-006
   251.690625000000         7.581732602777817E-006
   251.904375000000         6.343620557954130E-006
   252.118125000000         4.692846729382118E-006
   252.331875000000         2.692395459711395E-006
   252.545625000000         4.274641679147715E-007
   252.759375000000        -1.998823763985662E-006
   252.973125000000        -4.470964085644491E-006
   253.186875000000        -6.867532026442657E-006
   253.400625000000        -9.068145511239920E-006
   253.614375000000        -1.096047827727066E-005
   253.828125000000        -1.244686174032987E-005
   254.041875000000        -1.345003951201538E-005
   254.255625000000        -1.391769504788113E-005
   254.469375000000        -1.382545686085396E-005
   254.683125000000        -1.317819080447470E-005
   254.896875000000        -1.200950723550763E-005
   255.110625000000        -1.037953352790783E-005
   255.324375000000        -8.371120260644538E-006
   255.538125000000        -6.084753705690530E-006
   255.751875000000        -3.632530388736921E-006
   255.965625000000        -1.131605591755610E-006
   256.179375000000         1.302447008469006E-006
   256.393125000000         3.561934098626713E-006
   256.606875000000         5.552606964964548E-006
   256.820625000000         7.198163052799066E-006
   257.034375000000         8.443443027257450E-006
   257.248125000000         9.256182213383687E-006
   257.461875000000         9.627282226789198E-006
   257.675625000000         9.569673381603652E-006
   257.889375000000         9.115933125622710E-006
   258.103125000000         8.314903422994121E-006
   258.316875000000         7.227605412156124E-006
   258.530625000000         5.922779537131069E-006
   258.744375000000         4.472382613532106E-006
   258.958125000000         2.947351093892946E-006
   259.171875000000         1.413895327138682E-006
   259.385625000000        -6.947225755569499E-008
   259.599375000000        -1.454045286893337E-006
   259.813125000000        -2.702115911994721E-006
   260.026875000000        -3.787275245251013E-006
   260.240625000000        -4.693912711245143E-006
   260.454375000000        -5.416059170632567E-006
   260.668125000000        -5.955755593692909E-006
   260.881875000000        -6.321147115368713E-006
   261.095625000000        -6.524501436675997E-006
   261.309375000000        -6.580332402403205E-006
   261.523125000000        -6.503777297825719E-006
   261.736875000000        -6.309334166616593E-006
   261.950625000000        -6.010018075312592E-006
   262.164375000000        -5.616947669589780E-006
   262.378125000000        -5.139330144271363E-006
   262.591875000000        -4.584777642644950E-006
   262.805625000000        -3.959863747312004E-006
   263.019375000000        -3.270816443801749E-006
   263.233125000000        -2.524243686568542E-006
   263.446875000000        -1.727798169572721E-006
   263.660625000000        -8.907067629494674E-007
   263.874375000000        -2.411428354027228E-008
   264.088125000000         8.587825312480019E-007
   264.301875000000         1.742810037366083E-006
   264.515625000000         2.611079988777892E-006
   264.729375000000         3.445402616825641E-006
   264.943125000000         4.226806268039065E-006
   265.156875000000         4.936118811813489E-006
   265.370625000000         5.554571612621284E-006
   265.584375000000         6.064396826140631E-006
   265.798125000000         6.449400826164900E-006
   266.011875000000         6.695508215187265E-006
   266.225625000000         6.791279805144567E-006
   266.439375000000         6.728412371639015E-006
   266.653125000000         6.502226853511795E-006
   266.866875000000         6.112144895823946E-006
   267.080625000000         5.562142102165682E-006
   267.294375000000         4.861151843343796E-006
   267.508125000000         4.023378409230918E-006
   267.721875000000         3.068465494720661E-006
   267.935625000000         2.021458269090243E-006
   268.149375000000         9.124969697013906E-007
   268.363125000000        -2.238113097742998E-007
   268.576875000000        -1.349377656501406E-006
   268.790625000000        -2.423981018551196E-006
   269.004375000000        -3.406956196731684E-006
   269.218125000000        -4.259155798070198E-006
   269.431875000000        -4.945083842980338E-006
   269.645625000000        -5.435065210270022E-006
   269.859375000000        -5.707290412615551E-006
   270.073125000000        -5.749563152496098E-006
   270.286875000000        -5.560581528558495E-006
   270.500625000000        -5.150604037959399E-006
   270.714375000000        -4.541388355117514E-006
   270.928125000000        -3.765342177958456E-006
   271.141875000000        -2.863887440937891E-006
   271.355625000000        -1.885106709720878E-006
   271.569375000000        -8.808074448503775E-007
   271.783125000000         9.680048014875012E-008
   271.996875000000         9.985723572781201E-007
   272.210625000000         1.781772173364781E-006
   272.424375000000         2.413018024190272E-006
   272.638125000000         2.870574827143774E-006
   272.851875000000         3.145783178777509E-006
   273.065625000000         3.243477808455846E-006
   273.279375000000         3.181329909953145E-006
   273.493125000000         2.988137970197732E-006
   273.706875000000         2.701183649859791E-006
   273.920625000000         2.362854427645936E-006
   274.134375000000         2.016805045134132E-006
   274.348125000000         1.703978333096082E-006
   274.561875000000         1.458827616608244E-006
   274.775625000000         1.306074779329697E-006
   274.989375000000         1.258300079439151E-006
   275.203125000000         1.314594558288248E-006
   275.416875000000         1.460418536874313E-006
   275.630625000000         1.668707555097546E-006
   275.844375000000         1.902158967448636E-006
   276.058125000000         2.116527764049905E-006
   276.271875000000         2.264668377354351E-006
   276.485625000000         2.300988586960770E-006
   276.699375000000         2.185938688867357E-006
   276.913125000000         1.890147999891470E-006
   277.126875000000         1.397842889017854E-006
   277.340625000000         7.092343120512227E-007
   277.554375000000        -1.583560683621090E-007
   277.768125000000        -1.170760417711465E-006
   277.981875000000        -2.278635467604514E-006
   278.195625000000        -3.420438904328954E-006
   278.409375000000        -4.526502156592644E-006
   278.623125000000        -5.523898188428185E-006
   278.836875000000        -6.341735026923603E-006
   279.050625000000        -6.916467756126423E-006
   279.264375000000        -7.196816641742432E-006
   279.478125000000        -7.147907182140531E-006
   279.691875000000        -6.754306704831334E-006
   279.905625000000        -6.021716624029124E-006
   280.119375000000        -4.977182575546415E-006
   280.333125000000        -3.667797864069304E-006
   280.546875000000        -2.157989827738702E-006
   280.760625000000        -5.255847727732364E-007
   280.974375000000         1.143063176757295E-006
   281.188125000000         2.758527371675340E-006
   281.401875000000         4.233957364987208E-006
   281.615625000000         5.490521837542696E-006
   281.829375000000         6.462268145865406E-006
   282.043125000000         7.100070340950483E-006
   282.256875000000         7.374410171298357E-006
   282.470625000000         7.276825291426942E-006
   282.684375000000         6.819958331982252E-006
   282.898125000000         6.036241829902335E-006
   283.111875000000         4.975349577020816E-006
   283.325625000000         3.700627758219182E-006
   283.539375000000         2.284783588345168E-006
   283.753125000000         8.051509230393664E-007
   283.966875000000        -6.611307082549130E-007
   284.180625000000        -2.041695272533825E-006
   284.394375000000        -3.272990707318677E-006
   284.608125000000        -4.303535341500146E-006
   284.821875000000        -5.096211822554012E-006
   285.035625000000        -5.629496767902303E-006
   285.249375000000        -5.897604654510309E-006
   285.463125000000        -5.909602304008472E-006
   285.676875000000        -5.687620089228500E-006
   285.890625000000        -5.264342930020965E-006
   286.104375000000        -4.680004693531124E-006
   286.318125000000        -3.979131592788074E-006
   286.531875000000        -3.207282903149815E-006
   286.745625000000        -2.408021573661239E-006
   286.959375000000        -1.620315224950696E-006
   287.173125000000        -8.765228403298372E-007
   287.386875000000        -2.010682393367252E-007
   287.600625000000         3.901572778784022E-007
   287.814375000000         8.896792416450752E-007
   288.028125000000         1.297681298138747E-006
   288.241875000000         1.620718876292517E-006
   288.455625000000         1.870054466702179E-006
   288.669375000000         2.059783954404667E-006
   288.883125000000         2.204929127228482E-006
   289.096875000000         2.319662860622756E-006
   289.310625000000         2.415811879069785E-006
   289.524375000000         2.501749684210002E-006
   289.738125000000         2.581752237214225E-006
   289.951875000000         2.655844797107934E-006
   290.165625000000         2.720123668319366E-006
   290.379375000000         2.767495142228104E-006
   290.593125000000         2.788738917266388E-006
   290.806875000000         2.773777440730477E-006
   291.020625000000         2.713017831498660E-006
   291.234375000000         2.598630291122812E-006
   291.448125000000         2.425636181315121E-006
   291.661875000000         2.192699257460086E-006
   291.875625000000         1.902543034240249E-006
   292.089375000000         1.561953322105296E-006
   292.303125000000         1.181364488524745E-006
   292.516875000000         7.740675646554632E-007
   292.730625000000         3.551145271092124E-007
   292.944375000000        -5.997720948522693E-008
   293.158125000000        -4.565954783408153E-007
   293.371875000000        -8.223450634505895E-007
   293.585625000000        -1.148168728980008E-006
   293.799375000000        -1.429160381235240E-006
   294.013125000000        -1.664978686060883E-006
   294.226875000000        -1.859804045246978E-006
   294.440625000000        -2.021822712232860E-006
   294.654375000000        -2.162265626530691E-006
   294.868125000000        -2.294072549698585E-006
   295.081875000000        -2.430290527033932E-006
   295.295625000000        -2.582346073538809E-006
   295.509375000000        -2.758349845059356E-006
   295.723125000000        -2.961598783404951E-006
   295.936875000000        -3.189432722653401E-006
   296.150625000000        -3.432580272925521E-006
   296.364375000000        -3.675093710847773E-006
   296.578125000000        -3.894926990135051E-006
   296.791875000000        -4.065158208794082E-006
   297.005625000000        -4.155802038727064E-006
   297.219375000000        -4.136103276082799E-006
   297.433125000000        -3.977154416351594E-006
   297.646875000000        -3.654642303248834E-006
   297.860625000000        -3.151505082328727E-006
   298.074375000000        -2.460273553474325E-006
   298.288125000000        -1.584881957416555E-006
   298.501875000000        -5.417622361724886E-007
   298.715625000000         6.399186027154774E-007
   298.929375000000         1.918959093022036E-006
   299.143125000000         3.243774065412600E-006
   299.356875000000         4.554934273687266E-006
   299.570625000000         5.788461215094588E-006
   299.784375000000         6.879677888199201E-006
   299.998125000000         7.767362925567986E-006
   300.211875000000         8.397919211950979E-006
   300.425625000000         8.729252310579936E-006
   300.639375000000         8.734060862350073E-006
   300.853125000000         8.402271004239235E-006
   301.066875000000         7.742398411067605E-006
   301.280625000000         6.781691708132917E-006
   301.494375000000         5.564995094875406E-006
   301.708125000000         4.152360185647608E-006
   301.921875000000         2.615530609453343E-006
   302.135625000000         1.033510773387254E-006
   302.349375000000        -5.124944687046912E-007
   302.563125000000        -1.944425823264988E-006
   302.776875000000        -3.192624724497873E-006
   302.990625000000        -4.200614930254149E-006
   303.204375000000        -4.929049849708533E-006
   303.418125000000        -5.358514477775820E-006
   303.631875000000        -5.490945105127551E-006
   303.845625000000        -5.349524227504096E-006
   304.059375000000        -4.977015887271223E-006
   304.273125000000        -4.432620428389861E-006
   304.486875000000        -3.787539048855631E-006
   304.700625000000        -3.119539244922548E-006
   304.914375000000        -2.506894475763120E-006
   305.128125000000        -2.022128517301497E-006
   305.341875000000        -1.726022094552562E-006
   305.555625000000        -1.662333663814846E-006
   305.769375000000        -1.853647210010094E-006
   305.983125000000        -2.298689640363065E-006
   306.196875000000        -2.971363168580731E-006
   306.410625000000        -3.821620458110147E-006
   306.624375000000        -4.778180342953430E-006
   306.838125000000        -5.752948860505057E-006
   307.051875000000        -6.646883715380498E-006
   307.265625000000        -7.356929453584668E-006
   307.479375000000        -7.783563879580244E-006
   307.693125000000        -7.838440291334994E-006
   307.906875000000        -7.451589500552428E-006
   308.120625000000        -6.577662410586586E-006
   308.334375000000        -5.200747533303793E-006
   308.548125000000        -3.337384977458906E-006
   308.761875000000        -1.037513442586265E-006
   308.975625000000         1.616778118985298E-006
   309.189375000000         4.514676455547801E-006
   309.403125000000         7.522082910352778E-006
   309.616875000000         1.048876284228711E-005
   309.830625000000         1.325678413815119E-005
   310.044375000000         1.566973129232815E-005
   310.258125000000         1.758212271906760E-005
   310.471875000000         1.886843748581446E-005
   310.685625000000         1.943117501304177E-005
   310.899375000000         1.920742634567737E-005
   311.113125000000         1.817352471054876E-005
   311.326875000000         1.634746034161148E-005
   311.540625000000         1.378888228049009E-005
   311.754375000000         1.059665908048441E-005
   311.968125000000         6.904121445219114E-006
   312.181875000000         2.872253198490964E-006
   312.395625000000        -1.318776395125874E-006
   312.609375000000        -5.479243884489601E-006
   312.823125000000        -9.420100076811832E-006
   313.036875000000        -1.296319290318025E-005
   313.250625000000        -1.595088243880869E-005
   313.464375000000        -1.825448289097427E-005
   313.678125000000        -1.978103749308640E-005
   313.891875000000        -2.047803287405220E-005
   314.105625000000        -2.033578336289126E-005
   314.319375000000        -1.938735528802841E-005
   314.533125000000        -1.770604824048206E-005
   314.746875000000        -1.540059573839947E-005
   314.960625000000        -1.260838315228340E-005
   315.174375000000        -9.487098150200748E-006
   315.388125000000        -6.205321394151685E-006
   315.601875000000        -2.932627304511851E-006
   315.815625000000         1.702073012169497E-007
   316.029375000000         2.960296750460621E-006
   316.243125000000         5.320495696943085E-006
   316.456875000000         7.165533973626006E-006
   316.670625000000         8.446072566960690E-006
   316.884375000000         9.150444355816266E-006
   317.098125000000         9.303986732013213E-006
   317.311875000000         8.966023447286661E-006
   317.525625000000         8.224700927911828E-006
   317.739375000000         7.190020734943341E-006
   317.953125000000         5.985526195225129E-006
   318.166875000000         4.739189889016627E-006
   318.380625000000         3.574103586693121E-006
   318.594375000000         2.599589268110949E-006
   318.808125000000         1.903327204699019E-006
   319.021875000000         1.545035387544144E-006
   319.235625000000         1.552137026281806E-006
   319.449375000000         1.917725023209080E-006
   319.663125000000         2.600981985988115E-006
   319.876875000000         3.530050930695986E-006
   320.090625000000         4.607185934993505E-006
   320.304375000000         5.715854685900255E-006
   320.518125000000         6.729326915751662E-006
   320.731875000000         7.520173901288353E-006
   320.945625000000         7.970032551558711E-006
   321.159375000000         7.978958818627753E-006
   321.373125000000         7.473712095497170E-006
   321.586875000000         6.414374669294304E-006
   321.800625000000         4.798814738025084E-006
   322.014375000000         2.664641507374948E-006
   322.228125000000         8.846734339730027E-008
   322.441875000000        -2.817526306009658E-006
   322.655625000000        -5.911537961678287E-006
   322.869375000000        -9.030254405680077E-006
   323.083125000000        -1.199861045802902E-005
   323.296875000000        -1.464057383195943E-005
   323.510625000000        -1.679025207246900E-005
   323.724375000000        -1.830258980101603E-005
   323.938125000000        -1.906294587679369E-005
   324.151875000000        -1.899491040697190E-005
   324.365625000000        -1.806583602713509E-005
   324.579375000000        -1.628970856275069E-005
   324.793125000000        -1.372715848916901E-005
   325.006875000000        -1.048260411375123E-005
   325.220625000000        -6.698706782892598E-006
   325.434375000000        -2.548494427357045E-006
   325.648125000000         1.774339772655655E-006
   325.861875000000         6.066342108825224E-006
   326.075625000000         1.012571351892868E-005
   326.289375000000         1.376351841741368E-005
   326.503125000000         1.681399492561615E-005
   326.716875000000         1.914334454426453E-005
   326.930625000000         2.065648952915805E-005
   327.144375000000         2.130142783978523E-005
   327.358125000000         2.107097801404663E-005
   327.571875000000         2.000187800499847E-005
   327.785625000000         1.817137095137854E-005
   327.999375000000         1.569156570028936E-005
   328.213125000000         1.270199071353656E-005
   328.426875000000         9.360858877458514E-006
   328.640625000000         5.835622333150407E-006
   328.854375000000         2.293418170198796E-006
   329.068125000000        -1.108012065906861E-006
   329.281875000000        -4.228400694959531E-006
   329.495625000000        -6.951587743497033E-006
   329.709375000000        -9.190378427646172E-006
   329.923125000000        -1.088941888185057E-005
   330.136875000000        -1.202601833230460E-005
   330.350625000000        -1.260897768903841E-005
   330.564375000000        -1.267560615309701E-005
   330.778125000000        -1.228721166998650E-005
   330.991875000000        -1.152343216407155E-005
   331.205625000000        -1.047582847886502E-005
   331.419375000000        -9.241184745450248E-006
   331.633125000000        -7.914957344163602E-006
   331.846875000000        -6.585281371874418E-006
   332.060625000000        -5.327886861640686E-006
   332.274375000000        -4.202200555431190E-006
   332.488125000000        -3.248818452112540E-006
   332.701875000000        -2.488435934266087E-006
   332.915625000000        -1.922222564414300E-006
   333.129375000000        -1.533534042033406E-006
   333.343125000000        -1.290770223403156E-006
   333.556875000000        -1.151120569819375E-006
   333.770625000000        -1.064890803674886E-006
   333.984375000000        -9.800794410342875E-007
   334.198125000000        -8.468712353480115E-007
   334.411875000000        -6.217358287193297E-007
   334.625625000000        -2.708619387870569E-007
   334.839375000000         2.272833198797586E-007
   335.053125000000         8.804085675209781E-007
   335.266875000000         1.681925510123136E-006
   335.480625000000         2.611529419451422E-006
   335.694375000000         3.636737729657718E-006
   335.908125000000         4.715227254965559E-006
   336.121875000000         5.797761098032253E-006
   336.335625000000         6.831465269746902E-006
   336.549375000000         7.763204168099431E-006
   336.763125000000         8.542813455188348E-006
   336.976875000000         9.125976907592415E-006
   337.190625000000         9.476577311435289E-006
   337.404375000000         9.568405967837408E-006
   337.618125000000         9.386175538929791E-006
   337.831875000000         8.925841102259246E-006
   338.045625000000         8.194288865772202E-006
   338.259375000000         7.208496199573523E-006
   338.473125000000         5.994296802268321E-006
   338.686875000000         4.584898795631715E-006
   338.900625000000         3.019300910284940E-006
   339.114375000000         1.340734016090757E-006
   339.328125000000        -4.047750092327045E-007
   339.541875000000        -2.169658488761655E-006
   339.755625000000        -3.905865187035388E-006
   339.969375000000        -5.565741924073701E-006
   340.183125000000        -7.102794176132939E-006
