  -1.60312500000000        -6.387407380220082E-018
  -1.38937500000000        -6.374692595714708E-018
  -1.17562500000000        -6.240683888388081E-018
 -0.961875000000000        -5.408763082871461E-018
 -0.748125000000000        -1.624646710625034E-018
 -0.534375000000000         1.221426308573775E-017
 -0.320625000000000         5.380581948436981E-017
 -0.106875000000000         1.556862174232032E-016
  0.106875000000000         3.507608088595010E-016
  0.320625000000000         5.998071051059320E-016
  0.534375000000000         6.010462033928037E-016
  0.748125000000000        -5.950440230061450E-016
  0.961875000000000        -5.220740993351027E-015
   1.17562500000000        -1.771442590515017E-014
   1.38937500000000        -4.593473481814531E-014
   1.60312500000000        -1.026315690132145E-013
   1.81687500000000        -2.070988889570666E-013
   2.03062500000000        -3.869410326530627E-013
   2.24437500000000        -6.797920036055762E-013
   2.45812500000000        -1.134847403579576E-012
   2.67187500000000        -1.814029331873292E-012
   2.88562500000000        -2.792594531634772E-012
   3.09937500000000        -4.159164283769349E-012
   3.31312500000000        -6.014866424701801E-012
   3.52687500000000        -8.471855741115218E-012
   3.74062500000000        -1.165108181306784E-011
   3.95437500000000        -1.567958017467966E-011
   4.16812500000000        -2.068756402536416E-011
   4.38187500000000        -2.680560491075381E-011
   4.59562500000000        -3.416239033579680E-011
   4.80937500000000        -4.288314893489544E-011
   5.02312500000000        -5.308928426392301E-011
   5.23687500000000        -6.489915021736008E-011
   5.45062500000000        -7.842992929249570E-011
   5.66437500000000        -9.380040034287314E-011
   5.87812500000000        -1.111339242663927E-010
   6.09187500000000        -1.305613621109294E-010
   6.30562500000000        -1.522229522566341E-010
   6.51937500000000        -1.762684867638700E-010
   6.73312500000000        -2.028555308201351E-010
   6.94687500000000        -2.321451164419225E-010
   7.16062500000000        -2.642952328188713E-010
   7.37437500000000        -2.994523758555898E-010
   7.58812500000000        -3.377422744678339E-010
   7.80187500000000        -3.792606518673763E-010
   8.01562500000000        -4.240652602031469E-010
   8.22937500000000        -4.721705836260785E-010
   8.44312500000000        -5.235458807380962E-010
   8.65687500000000        -5.781172993200202E-010
   8.87062500000000        -6.357737022766073E-010
   9.08437500000000        -6.963759703390378E-010
   9.29812500000000        -7.597683379586790E-010
   9.51187500000000        -8.257903368999670E-010
   9.72562500000000        -8.942875643995955E-010
   9.93937500000000        -9.651199027873927E-010
   10.1531250000000        -1.038165896891346E-009
   10.3668750000000        -1.113322883732960E-009
   10.5806250000000        -1.190502852679520E-009
   10.7943750000000        -1.269625123384694E-009
   11.0081250000000        -1.350607428997664E-009
   11.2218750000000        -1.433356866367610E-009
   11.4356250000000        -1.517763028336754E-009
   11.6493750000000        -1.603694580345964E-009
   11.8631250000000        -1.691000318538287E-009
   12.0768750000000        -1.779514771844355E-009
   12.2906250000000        -1.869067661303822E-009
   12.5043750000000        -1.959495719194440E-009
   12.7181250000000        -2.050654718477283E-009
   12.9318750000000        -2.142429775793375E-009
   13.1456250000000        -2.234741737184255E-009
   13.3593750000000        -2.327548408760401E-009
   13.5731250000000        -2.420840162354628E-009
   13.7868750000000        -2.514630298548577E-009
   14.0006250000000        -2.608941745072472E-009
   14.2143750000000        -2.703792051579880E-009
   14.4281250000000        -2.799179292193886E-009
   14.6418750000000        -2.895071227614115E-009
   14.8556250000000        -2.991399596806438E-009
   15.0693750000000        -3.088060699063531E-009
   15.2831250000000        -3.184922237362832E-009
   15.4968750000000        -3.281835604097245E-009
   15.7106250000000        -3.378651723394712E-009
   15.9243750000000        -3.475237980896895E-009
   16.1381250000000        -3.571493877169770E-009
   16.3518750000000        -3.667363105128690E-009
   16.5656250000000        -3.762840368468581E-009
   16.7793750000000        -3.857972457389366E-009
   16.9931250000000        -3.952853534784136E-009
   17.2068750000000        -4.047616053118373E-009
   17.4206250000000        -4.142418912269302E-009
   17.6343750000000        -4.237435086831562E-009
   17.8481250000000        -4.332840670282352E-009
   18.0618750000000        -4.428806944807685E-009
   18.2756250000000        -4.525496544567846E-009
   18.4893750000000        -4.623063703157572E-009
   18.7031250000000        -4.721658220654383E-009
   18.9168750000000        -4.821431534053665E-009
   19.1306250000000        -4.922543621545595E-009
   19.3443750000000        -5.025168997955779E-009
   19.5581250000000        -5.129500093423599E-009
   19.7718750000000        -5.235747358970275E-009
   19.9856250000000        -5.344135467057343E-009
   20.1993750000000        -5.454896018712888E-009
   20.4131250000000        -5.568257477438105E-009
   20.6268750000000        -5.684433693762079E-009
   20.8406250000000        -5.803612442348426E-009
   21.0543750000000        -5.925945343736313E-009
   21.2681250000000        -6.051540630223499E-009
   21.4818750000000        -6.180459457744283E-009
   21.6956250000000        -6.312716189179925E-009
   21.9093750000000        -6.448282568722263E-009
   22.1231250000000        -6.587095351580557E-009
   22.3368750000000        -6.729066348431161E-009
   22.5506250000000        -6.874093859875921E-009
   22.7643750000000        -7.022074445962880E-009
   22.9781250000000        -7.172913675495860E-009
   23.1918750000000        -7.326535151526995E-009
   23.4056250000000        -7.482886985220930E-009
   23.6193750000000        -7.641945414096589E-009
   23.8331250000000        -7.803715677566788E-009
   24.0468750000000        -7.968230289888651E-009
   24.2606250000000        -8.135545335891691E-009
   24.4743750000000        -8.305735450991043E-009
   24.6881250000000        -8.478888398441579E-009
   24.9018750000000        -8.655099690677004E-009
   25.1156250000000        -8.834467820917183E-009
   25.3293750000000        -9.017090459925989E-009
   25.5431250000000        -9.203061217367230E-009
   25.7568750000000        -9.392466971179417E-009
   25.9706250000000        -9.585385073472802E-009
   26.1843750000000        -9.781879682062399E-009
   26.3981250000000        -9.981996962468915E-009
   26.6118750000000        -1.018575886381827E-008
   26.8256250000000        -1.039315556513835E-008
   27.0393750000000        -1.060413718500171E-008
   27.2531250000000        -1.081860582381295E-008
   27.4668750000000        -1.103640930407260E-008
   27.6806250000000        -1.125733782797272E-008
   27.8943750000000        -1.148112504346041E-008
   28.1081250000000        -1.170745442013167E-008
   28.3218750000000        -1.193597106286297E-008
   28.5356250000000        -1.216629858831463E-008
   28.7493750000000        -1.239805968620180E-008
   28.9631250000000        -1.263089866610869E-008
   29.1768750000000        -1.286450341198393E-008
   29.3906250000000        -1.309862436827452E-008
   29.6043750000000        -1.333308837887595E-008
   29.8181250000000        -1.356780566484366E-008
   30.0318750000000        -1.380276933877132E-008
   30.2456250000000        -1.403804755592984E-008
   30.4593750000000        -1.427376952410378E-008
   30.6731250000000        -1.451010733169125E-008
   30.8868750000000        -1.474725596793994E-008
   31.1006250000000        -1.498541405705472E-008
   31.3143750000000        -1.522476756615810E-008
   31.5281250000000        -1.546547795976236E-008
   31.7418750000000        -1.570767579875414E-008
   31.9556250000000        -1.595145945547377E-008
   32.1693750000000        -1.619689824889256E-008
   32.3831250000000        -1.644403848092191E-008
   32.5968750000000        -1.669291081765558E-008
   32.8106250000000        -1.694353720189200E-008
   33.0243750000000        -1.719593635854802E-008
   33.2381250000000        -1.745012697279707E-008
   33.4518750000000        -1.770612877534620E-008
   33.6656250000000        -1.796396190158144E-008
   33.8793750000000        -1.822364566611810E-008
   34.0931250000000        -1.848519780936978E-008
   34.3068750000000        -1.874863528270180E-008
   34.5206250000000        -1.901397719607394E-008
   34.7343750000000        -1.928125014649092E-008
   34.9481250000000        -1.955049543236423E-008
   35.1618750000000        -1.982177725509977E-008
   35.3756250000000        -2.009519054871973E-008
   35.5893750000000        -2.037086718641918E-008
   35.8031250000000        -2.064897901406356E-008
   36.0168750000000        -2.092973702363555E-008
   36.2306250000000        -2.121338626862382E-008
   36.4443750000000        -2.150019658929297E-008
   36.6581250000000        -2.179045026723076E-008
   36.8718750000000        -2.208442766956236E-008
   37.0856250000000        -2.238239272157239E-008
   37.2993750000000        -2.268457969749428E-008
   37.5131250000000        -2.299118304402660E-008
   37.7268750000000        -2.330235114131577E-008
   37.9406250000000        -2.361818483386985E-008
   38.1543750000000        -2.393874065880560E-008
   38.3681250000000        -2.426403818569915E-008
   38.5818750000000        -2.459407043208313E-008
   38.7956250000000        -2.492881586827757E-008
   39.0093750000000        -2.526825054635947E-008
   39.2231250000000        -2.561235853262318E-008
   39.4368750000000        -2.596113949158522E-008
   39.6506250000000        -2.631461213246187E-008
   39.8643750000000        -2.667281336284062E-008
   40.0781250000000        -2.703579315868695E-008
   40.2918750000000        -2.740360573029115E-008
   40.5056250000000        -2.777629837840877E-008
   40.7193750000000        -2.815389956450995E-008
   40.9331250000000        -2.853640796960462E-008
   41.1468750000000        -2.892378429643376E-008
   41.3606250000000        -2.931594718579016E-008
   41.5743750000000        -2.971277414730543E-008
   41.7881250000000        -3.011410780125817E-008
   42.0018750000000        -3.051976676082809E-008
   42.2156250000000        -3.092956011431952E-008
   42.4293750000000        -3.134330361644799E-008
   42.6431250000000        -3.176083545113427E-008
   42.8568750000000        -3.218202953278772E-008
   43.0706250000000        -3.260680441227369E-008
   43.2843750000000        -3.303512658886213E-008
   43.4981250000000        -3.346700770869746E-008
   43.7118750000000        -3.390249606839314E-008
   43.9256250000000        -3.434166364859563E-008
   44.1393750000000        -3.478459057316209E-008
   44.3531250000000        -3.523134914396053E-008
   44.5668750000000        -3.568198983840324E-008
   44.7806250000000        -3.613653103891005E-008
   44.9943750000000        -3.659495369624349E-008
   45.2081250000000        -3.705720149739608E-008
   45.4218750000000        -3.752318598802896E-008
   45.6356250000000        -3.799279544832321E-008
   45.8493750000000        -3.846590576395573E-008
   46.0631250000000        -3.894239141122248E-008
   46.2768750000000        -3.942213476079184E-008
   46.4906250000000        -3.990503253504319E-008
   46.7043750000000        -4.039099870824935E-008
   46.9181250000000        -4.087996418134841E-008
   47.1318750000000        -4.137187419509357E-008
   47.3456250000000        -4.186668485775692E-008
   47.5593750000000        -4.236436049658036E-008
   47.7731250000000        -4.286487325199844E-008
   47.9868750000000        -4.336820591646923E-008
   48.2006250000000        -4.387435820748304E-008
   48.4143750000000        -4.438335591262092E-008
   48.6281250000000        -4.489526153474672E-008
   48.8418750000000        -4.541018455975755E-008
   49.0556250000000        -4.592828915280015E-008
   49.2693750000000        -4.644979728739416E-008
   49.4831250000000        -4.697498599556988E-008
   49.6968750000000        -4.750417811931187E-008
   49.9106250000000        -4.803772697426273E-008
   50.1243750000000        -4.857599648220287E-008
   50.3381250000000        -4.911933892844815E-008
   50.5518750000000        -4.966807322998645E-008
   50.7656250000000        -5.022246637340381E-008
   50.9793750000000        -5.078272057044563E-008
   51.1931250000000        -5.134896782010097E-008
   51.4068750000000        -5.192127240939244E-008
   51.6206250000000        -5.249964092357354E-008
   51.8343750000000        -5.308403808108564E-008
   52.0481250000000        -5.367440601266842E-008
   52.2618750000000        -5.427068418029576E-008
   52.4756250000000        -5.487282705991720E-008
   52.6893750000000        -5.548081732706681E-008
   52.9031250000000        -5.609467293060384E-008
   53.1168750000000        -5.671444772160915E-008
   53.3306250000000        -5.734022631910055E-008
   53.5443750000000        -5.797211485359777E-008
   53.7581250000000        -5.861022973336319E-008
   53.9718750000000        -5.925468717085574E-008
   54.1856250000000        -5.990559547821513E-008
   54.3993750000000        -6.056305181363614E-008
   54.6131250000000        -6.122714386424683E-008
   54.8268750000000        -6.189795600445602E-008
   55.0406250000000        -6.257557819562423E-008
   55.2543750000000        -6.326011545693184E-008
   55.4681250000000        -6.395169503301633E-008
   55.6818750000000        -6.465046875026983E-008
   55.8956250000000        -6.535660876857537E-008
   56.1093750000000        -6.607029589651023E-008
   56.3231250000000        -6.679170115303779E-008
   56.5368750000000        -6.752096257147162E-008
   56.7506250000000        -6.825816031306732E-008
   56.9643750000000        -6.900329419424817E-008
   57.1781250000000        -6.975626762974295E-008
   57.3918750000000        -7.051688154810627E-008
   57.6056250000000        -7.128484077007792E-008
   57.8193750000000        -7.205977382633446E-008
   58.0331250000000        -7.284126489452689E-008
   58.2468750000000        -7.362889514506701E-008
   58.4606250000000        -7.442228886484202E-008
   58.6743750000000        -7.522115858267005E-008
   58.8881250000000        -7.602534310992040E-008
   59.1018750000000        -7.683483287159604E-008
   59.3156250000000        -7.764977800124620E-008
   59.5293750000000        -7.847047659100072E-008
   59.7431250000000        -7.929734244747702E-008
   59.9568750000000        -8.013085490873132E-008
   60.1706250000000        -8.097149520307836E-008
   60.3843750000000        -8.181967589195395E-008
   60.5981250000000        -8.267567178197455E-008
   60.8118750000000        -8.353956084817121E-008
   61.0256250000000        -8.441118422519220E-008
   61.2393750000000        -8.529013203458678E-008
   61.4531250000000        -8.617576082501311E-008
   61.6668750000000        -8.706724463162336E-008
   61.8806250000000        -8.796365834624826E-008
   62.0943750000000        -8.886408829190449E-008
   62.3081250000000        -8.976776060215230E-008
   62.5218750000000        -9.067417460239331E-008
   62.7356250000000        -9.158322566985088E-008
   62.9493750000000        -9.249530045120168E-008
   63.1631250000000        -9.341132776622024E-008
   63.3768750000000        -9.433277086505155E-008
   63.5906250000000        -9.526155130122817E-008
   63.8043750000000        -9.619990134580030E-008
   64.0181250000000        -9.715015044317538E-008
   64.2318750000000        -9.811446038357304E-008
   64.4456250000000        -9.909453341626521E-008
   64.6593750000000        -1.000913253335322E-007
   64.8731250000000        -1.011048011103221E-007
   65.0868750000000        -1.021337720759532E-007
   65.3006250000000        -1.031758500360540E-007
   65.5143750000000        -1.042275452162405E-007
   65.7281250000000        -1.052845209410697E-007
   65.9418750000000        -1.063419999274887E-007
   66.1556250000000        -1.073952967163334E-007
   66.3693750000000        -1.084404297828037E-007
   66.5831250000000        -1.094747493461498E-007
   66.7968750000000        -1.104975042746766E-007
   67.0106250000000        -1.115102667846213E-007
   67.2243750000000        -1.125171393098992E-007
   67.4381250000000        -1.135246838849553E-007
   67.6518750000000        -1.145415401131920E-007
   67.8656250000000        -1.155777322263721E-007
   68.0793750000000        -1.166437043258369E-007
   68.2931250000000        -1.177491622205062E-007
   68.5068750000000        -1.189018348230101E-007
   68.7206250000000        -1.201062928280190E-007
   68.9343750000000        -1.213629735079787E-007
   69.1481250000000        -1.226675543576589E-007
   69.3618750000000        -1.240107940814154E-007
   69.5756250000000        -1.253789180437598E-007
   69.7893750000000        -1.267545697863736E-007
   70.0031250000000        -1.281182863905058E-007
   70.2168750000000        -1.294503897318887E-007
   70.4306250000000        -1.307331264324674E-007
   70.6443750000000        -1.319528436276471E-007
   70.8581250000000        -1.331019627271527E-007
   71.0718750000000        -1.341805137611961E-007
   71.2856250000000        -1.351970205284185E-007
   71.4993750000000        -1.361685803628461E-007
   71.7131250000000        -1.371200577437715E-007
   71.9268750000000        -1.380824004780944E-007
   72.1406250000000        -1.390901817285561E-007
   72.3543750000000        -1.401785594773198E-007
   72.5681250000000        -1.413799174815760E-007
   72.7818750000000        -1.427204986185434E-007
   72.9956250000000        -1.442173571557327E-007
   73.2093750000000        -1.458759380261225E-007
   73.4231250000000        -1.476885400693084E-007
   73.6368750000000        -1.496338419896214E-007
   73.8506250000000        -1.516775734840760E-007
   74.0643750000000        -1.537743104429417E-007
   74.2781250000000        -1.558702745131380E-007
   74.4918750000000        -1.579069347096023E-007
   74.7056250000000        -1.598251505484655E-007
   74.9193750000000        -1.615695671106113E-007
   75.1331250000000        -1.630929732602084E-007
   75.3468750000000        -1.643603599516708E-007
   75.5606250000000        -1.653524582618963E-007
   75.7743750000000        -1.660685860431315E-007
   75.9881250000000        -1.665286759312798E-007
   76.2018750000000        -1.667743869412137E-007
   76.4156250000000        -1.668692109710375E-007
   76.6293750000000        -1.668974741505029E-007
   76.8431250000000        -1.669621073856685E-007
   77.0568750000000        -1.671810328564083E-007
   77.2706250000000        -1.676820015441076E-007
   77.4843750000000        -1.685957401814972E-007
   77.6981250000000        -1.700473426160469E-007
   77.9118750000000        -1.721459847199181E-007
   78.1256250000000        -1.749732554780477E-007
   78.3393750000000        -1.785706736157967E-007
   78.5531250000000        -1.829272744001217E-007
   78.7668750000000        -1.879684690655708E-007
   78.9806250000000        -1.935476501647099E-007
   79.1943750000000        -1.994421851046088E-007
   79.4081250000000        -2.053554492292258E-007
   79.6218750000000        -2.109263524989549E-007
   79.8356250000000        -2.157473769609849E-007
   80.0493750000000        -2.193914608548770E-007
   80.2631250000000        -2.214471629090763E-007
   80.4768750000000        -2.215604780015028E-007
   80.6906250000000        -2.194805462792353E-007
   80.9043750000000        -2.151054245799532E-007
   81.1181250000000        -2.085232126014662E-007
   81.3318750000000        -2.000432928438182E-007
   81.5456250000000        -1.902123848479569E-007
   81.7593750000000        -1.798106323658822E-007
   81.9731250000000        -1.698240890096812E-007
   82.1868750000000        -1.613917321413813E-007
   82.4006250000000        -1.557274309336838E-007
   82.6143750000000        -1.540199650414044E-007
   82.8281250000000        -1.573170053213942E-007
   83.0418750000000        -1.664016489845631E-007
   83.2556250000000        -1.816723375376046E-007
   83.4693750000000        -2.030384699045169E-007
   83.6831250000000        -2.298444808856119E-007
   83.8968750000000        -2.608343866797933E-007
   84.1106250000000        -2.941667016449885E-007
   84.3243750000000        -3.274862310438024E-007
   84.5381250000000        -3.580547067011989E-007
   84.7518750000000        -3.829368599091056E-007
   84.9656250000000        -3.992327460432390E-007
   85.1793750000000        -4.043414689259700E-007
   85.3931250000000        -3.962364713041819E-007
   85.6068750000000        -3.737288316067089E-007
   85.8206250000000        -3.366930449415853E-007
   86.0343750000000        -2.862299603966964E-007
   86.2481250000000        -2.247441212785044E-007
   86.4618750000000        -1.559177263545614E-007
   86.6756250000000        -8.457058899964198E-008
   86.8893750000000        -1.640437811265121E-008
   87.1031250000000         4.236056286990349E-008
   87.3168750000000         8.543720892815241E-008
   87.5306250000000         1.069843359046889E-007
   87.7443750000000         1.021429805054119E-007
   87.9581250000000         6.755455917817413E-008
   88.1718750000000         1.815614184673853E-009
   88.3856250000000        -9.417497393358927E-008
   88.5993750000000        -2.170158034732048E-007
   88.8131250000000        -3.607809411923626E-007
   89.0268750000000        -5.171956171201535E-007
   89.2406250000000        -6.760150210504066E-007
   89.4543750000000        -8.255959257987590E-007
   89.6681250000000        -9.536348245544187E-007
   89.8818750000000        -1.048031129152415E-006
   90.0956250000000        -1.097820982571745E-006
   90.3093750000000        -1.094117532125002E-006
   90.5231250000000        -1.030988016694196E-006
   90.7368750000000        -9.061973830028954E-007
   90.9506250000000        -7.217526556904906E-007
   91.1643750000000        -4.841918628834767E-007
   91.3781250000000        -2.045755076978896E-007
   91.5918750000000         1.018434247876130E-007
   91.8056250000000         4.162742179381759E-007
   92.0193750000000         7.173490923988091E-007
   92.2331250000000         9.823488398097382E-007
   92.4468750000000         1.188631826963741E-006
   92.6606250000000         1.315187002867828E-006
   92.8743750000000         1.344217871958104E-006
   93.0881250000000         1.262655844847695E-006
   93.3018750000000         1.063498672386091E-006
   93.5156250000000         7.468732171630453E-007
   93.7293750000000         3.207316907749761E-007
   93.9431250000000        -1.988935843163083E-007
   94.1568750000000        -7.881304375177775E-007
   94.3706250000000        -1.416029724506478E-006
   94.5843750000000        -2.045849025927727E-006
   94.7981250000000        -2.636823973169733E-006
   95.0118750000000        -3.146362107862337E-006
   95.2256250000000        -3.532563469914737E-006
   95.4393750000000        -3.756944310481072E-006
   95.6531250000000        -3.787217167652118E-006
   95.8668750000000        -3.599963670994891E-006
   96.0806250000000        -3.183027349660871E-006
   96.2943750000000        -2.537453653551654E-006
   96.5081250000000        -1.678814271305501E-006
   96.7218750000000        -6.377731282888579E-007
   96.9356250000000         5.402178547313097E-007
   97.1493750000000         1.796164677070917E-006
   97.3631250000000         3.059741257151024E-006
   97.5768750000000         4.252430259398720E-006
   97.7906250000000         5.291501722255092E-006
   98.0043750000000         6.094675688597754E-006
   98.2181250000000         6.585256825429734E-006
   98.4318750000000         6.697477212370847E-006
   98.6456250000000         6.381742013110896E-006
   98.8593750000000         5.609445391833801E-006
   99.0731250000000         4.377014142072304E-006
   99.2868750000000         2.708846696810624E-006
   99.5006250000000         6.588471601389539E-007
   99.7143750000000        -1.689691783221343E-006
   99.9281250000000        -4.226027659547163E-006
   100.141875000000        -6.815804739893817E-006
   100.355625000000        -9.306754714129817E-006
   100.569375000000        -1.153610843517159E-005
   100.783125000000        -1.333944287336544E-005
   100.996875000000        -1.456056874578361E-005
   101.210625000000        -1.506195771258821E-005
   101.424375000000        -1.473512163504102E-005
   101.638125000000        -1.351029781114184E-005
   101.851875000000        -1.136477001141036E-005
   102.065625000000        -8.329170680908090E-006
   102.279375000000        -4.491167997057917E-006
   102.493125000000         3.956710931700025E-009
   102.706875000000         4.956192378236058E-006
   102.920625000000         1.011731376956459E-005
   103.134375000000         1.520099179139898E-005
   103.348125000000         1.989623400469547E-005
   103.561875000000         2.388365786233694E-005
   103.775625000000         2.685387476585663E-005
   103.989375000000         2.852706225812245E-005
   104.203125000000         2.867263965395015E-005
   104.416875000000         2.712785322546204E-005
   104.630625000000         2.381403269136580E-005
   104.844375000000         1.874931012077453E-005
   105.058125000000         1.205670039202658E-005
   105.271875000000         3.966629308438517E-006
   105.485625000000        -5.186743509719637E-006
   105.699375000000        -1.497573492642588E-005
   105.913125000000        -2.489583619719908E-005
   106.126875000000        -3.438845045384457E-005
   106.340625000000        -4.286881374746982E-005
   106.554375000000        -4.975785573025109E-005
   106.768125000000        -5.451641464370433E-005
   106.981875000000        -5.667995178933446E-005
   107.195625000000        -5.589173575353051E-005
   107.409375000000        -5.193240449499373E-005
   107.623125000000        -4.474387605984221E-005
   107.836875000000        -3.444577091969560E-005
   108.050625000000        -2.134282734355528E-005
   108.264375000000        -5.922223980850515E-006
   108.478125000000         1.115974905038564E-005
   108.691875000000         2.910163510969655E-005
   108.905625000000         4.699070850594056E-005
   109.119375000000         6.384553616980392E-005
   109.333125000000         7.866533238565538E-005
   109.546875000000         9.048373253177629E-005
   109.760625000000         9.842422326524514E-005
   109.974375000000         1.017542211292621E-004
   110.188125000000         9.993470989207742E-005
   110.401875000000         9.266244026677936E-005
   110.615625000000         7.990196472716958E-005
   110.829375000000         6.190521487568803E-005
   111.043125000000         3.921690887257815E-005
   111.256875000000         1.266477230348043E-005
   111.470625000000        -1.666566929387765E-005
   111.684375000000        -4.747115608813959E-005
   111.898125000000        -7.828424293491467E-005
   112.111875000000        -1.075382033495419E-004
   112.325625000000        -1.336404989595794E-004
   112.539375000000        -1.550514917139314E-004
   112.753125000000        -1.703646992603344E-004
   112.966875000000        -1.783846930517770E-004
   113.180625000000        -1.781987241113365E-004
   113.394375000000        -1.692383336019491E-004
   113.608125000000        -1.513275559637221E-004
   113.821875000000        -1.247148348810433E-004
   114.035625000000        -9.008642353613066E-005
   114.249375000000        -4.855980226102199E-005
   114.463125000000        -1.656487223006903E-006
   114.676875000000         4.874551017623810E-005
   114.890625000000         1.004784156476542E-004
   115.104375000000         1.511685818595883E-004
   115.318125000000         1.983346774325223E-004
   115.531875000000         2.394965747307439E-004
   115.745625000000         2.722907034901599E-004
   115.959375000000         2.945871391628953E-004
   116.173125000000         3.046033539010872E-004
   116.386875000000         3.010093946349591E-004
   116.600625000000         2.830192841609990E-004
   116.814375000000         2.504636814312811E-004
   117.028125000000         2.038392956153444E-004
   117.241875000000         1.443312283221341E-004
   117.455625000000         7.380531541487643E-005
   117.669375000000        -5.231359280699607E-006
   117.883125000000        -8.970232550696164E-005
   118.096875000000        -1.760650862049758E-004
   118.310625000000        -2.604435785412095E-004
   118.524375000000        -3.387857852995525E-004
   118.738125000000        -4.070410278681720E-004
   118.951875000000        -4.613500706508769E-004
   119.165625000000        -4.982399662882824E-004
   119.379375000000        -5.148146565094153E-004
   119.593125000000        -5.089317946128595E-004
   119.806875000000        -4.793561414481408E-004
   120.020625000000        -4.258802594188380E-004
   120.234375000000        -3.494041181201979E-004
   120.448125000000        -2.519666332836193E-004
   120.661875000000        -1.367240597595347E-004
   120.875625000000        -7.872489248016379E-006
   121.089375000000         1.294856273685736E-004
   121.303125000000         2.695281256527417E-004
   121.516875000000         4.059471725056839E-004
   121.730625000000         5.322220684524175E-004
   121.944375000000         6.419195502375378E-004
   122.158125000000         7.290081473676209E-004
   122.371875000000         7.881715380833140E-004
   122.585625000000         8.151049549639246E-004
   122.799375000000         8.067786063002336E-004
   123.013125000000         7.616528630691588E-004
   123.226875000000         6.798316213857151E-004
   123.440625000000         5.631427438831460E-004
   123.654375000000         4.151377160974187E-004
   123.868125000000         2.410064824830003E-004
   124.081875000000         4.740766569638274E-005
   124.295625000000        -1.577811962650233E-004
   124.509375000000        -3.657843773693295E-004
   124.723125000000        -5.673065497576090E-004
   124.936875000000        -7.529525711942606E-004
   125.150625000000        -9.136690185140859E-004
   125.364375000000        -1.041186152040215E-003
   125.578125000000        -1.128438209658313E-003
   125.791875000000        -1.169940295013987E-003
   126.005625000000        -1.162101657357390E-003
   126.219375000000        -1.103457810158929E-003
   126.433125000000        -9.948075864623738E-004
   126.646875000000        -8.392457064486545E-004
   126.860625000000        -6.420865119526786E-004
   127.074375000000        -4.106799405881427E-004
   127.288125000000        -1.541262819294222E-004
   127.501875000000         1.170985143554813E-004
   127.715625000000         3.915905083257831E-004
   127.929375000000         6.575180336113686E-004
   128.143125000000         9.031512621647727E-004
   128.356875000000         1.117396036951222E-003
   128.570625000000         1.290306470415017E-003
   128.784375000000         1.413551639982047E-003
   128.998125000000         1.480813808415540E-003
   129.211875000000         1.488098847767409E-003
   129.425625000000         1.433943779073747E-003
   129.639375000000         1.319511330671421E-003
   129.853125000000         1.148566900559696E-003
   130.066875000000         9.273389919889606E-004
   130.280625000000         6.642697773396138E-004
   130.494375000000         3.696676428052263E-004
   130.708125000000         5.527810977308908E-005
   130.921875000000        -2.662068078740599E-004
   131.135625000000        -5.816781420921622E-004
   131.349375000000        -8.781542942236797E-004
   131.563125000000        -1.143315805528355E-003
   131.776875000000        -1.366007202326692E-003
   131.990625000000        -1.536684617817348E-003
   132.204375000000        -1.647790932595527E-003
   132.418125000000        -1.694043990445875E-003
   132.631875000000        -1.672627808913122E-003
   132.845625000000        -1.583281368515092E-003
   133.059375000000        -1.428284277863041E-003
   133.273125000000        -1.212343131704366E-003
   133.486875000000        -9.423864859941223E-004
   133.700625000000        -6.272798851195274E-004
   133.914375000000        -2.774751526581392E-004
   134.128125000000         9.538988961941385E-005
   134.341875000000         4.789240148221901E-004
   134.555625000000         8.604299839280016E-004
   134.769375000000         1.227349754157965E-003
   134.983125000000         1.567691724736039E-003
   135.196875000000         1.870425997332029E-003
   135.410625000000         2.125835784748886E-003
   135.624375000000         2.325815504892332E-003
   135.838125000000         2.464108599312022E-003
   136.051875000000         2.536480583453251E-003
   136.265625000000         2.540825159206271E-003
   136.479375000000         2.477203317934484E-003
   136.693125000000         2.347817183506694E-003
   136.906875000000         2.156921870227867E-003
   137.120625000000         1.910679867824486E-003
   137.334375000000         1.616963444900761E-003
   137.548125000000         1.285111328878977E-003
   137.761875000000         9.256465270136185E-004
   137.975625000000         5.499626515219210E-004
   138.189375000000         1.699865459667886E-004
   138.403125000000        -2.021745906356479E-004
   138.616875000000        -5.545930095935633E-004
   138.830625000000        -8.758782320688240E-004
   139.044375000000        -1.155523682900439E-003
   139.258125000000        -1.384232761159616E-003
   139.471875000000        -1.554214953380795E-003
   139.685625000000        -1.659442802022303E-003
   139.899375000000        -1.695861030626568E-003
   140.113125000000        -1.661539947727804E-003
   140.326875000000        -1.556766436291851E-003
   140.540625000000        -1.384067394230538E-003
   140.754375000000        -1.148162407560142E-003
   140.968125000000        -8.558446659193383E-004
   141.181875000000        -5.157915975057178E-004
   141.395625000000        -1.383093093575936E-004
   141.609375000000         2.649824479079411E-004
   141.823125000000         6.815155440306584E-004
   142.036875000000         1.098177426532953E-003
   142.250625000000         1.501740317028705E-003
   142.464375000000         1.879300757367014E-003
   142.678125000000         2.218713761809642E-003
   142.891875000000         2.509005623015501E-003
   143.105625000000         2.740749891211515E-003
   143.319375000000         2.906392195626680E-003
   143.533125000000         3.000511367071079E-003
   143.746875000000         3.020006678311396E-003
   143.960625000000         2.964203842330340E-003
   144.174375000000         2.834875570981355E-003
   144.388125000000         2.636175854034252E-003
   144.601875000000         2.374490517946603E-003
   144.815625000000         2.058209910687191E-003
   145.029375000000         1.697432586459322E-003
   145.243125000000         1.303611499575037E-003
   145.456875000000         8.891563481682991E-004
   145.670625000000         4.670072498151916E-004
   145.884375000000         5.019582551780067E-005
   146.098125000000        -3.485900101081924E-004
   146.311875000000        -7.174217011724329E-004
   146.525625000000        -1.045511373883823E-003
   146.739375000000        -1.323545710711002E-003
   146.953125000000        -1.543961392873433E-003
   147.166875000000        -1.701153649621564E-003
   147.380625000000        -1.791612240134970E-003
   147.594375000000        -1.813982123360621E-003
   147.808125000000        -1.769049016399856E-003
   148.021875000000        -1.659652880293245E-003
   148.235625000000        -1.490534989043204E-003
   148.449375000000        -1.268126532468953E-003
   148.663125000000        -1.000288592142419E-003
   148.876875000000        -6.960147485320021E-004
   149.090625000000        -3.651084852654094E-004
   149.304375000000        -1.784793531483115E-005
   149.518125000000         3.353496302115294E-004
   149.731875000000         6.842518084455053E-004
   149.945625000000         1.019112887275155E-003
   150.159375000000         1.330944265185943E-003
   150.373125000000         1.611746004579727E-003
   150.586875000000         1.854694011905291E-003
   150.800625000000         2.054279399202216E-003
   151.014375000000         2.206398648232277E-003
   151.228125000000         2.308395175716241E-003
   151.441875000000         2.359054700653914E-003
   151.655625000000         2.358558369600789E-003
   151.869375000000         2.308398846737462E-003
   152.083125000000         2.211265484935485E-003
   152.296875000000         2.070905244128229E-003
   152.510625000000         1.891966216613159E-003
   152.724375000000         1.679830477022689E-003
   152.938125000000         1.440442536168126E-003
   153.151875000000         1.180138995258148E-003
   153.365625000000         9.054841326799209E-004
   153.579375000000         6.231151779463693E-004
   153.793125000000         3.396000061658220E-004
   154.006875000000         6.130898794727492E-005
   154.220625000000        -2.056981866818364E-004
   154.434375000000        -4.557706772306364E-004
   154.648125000000        -6.837502403346041E-004
   154.861875000000        -8.850415728920639E-004
   155.075625000000        -1.055670504963409E-003
   155.289375000000        -1.192331348404359E-003
   155.503125000000        -1.292424594553802E-003
   155.716875000000        -1.354085908853307E-003
   155.930625000000        -1.376207031148009E-003
   156.144375000000        -1.358448800903226E-003
   156.358125000000        -1.301246130752328E-003
   156.571875000000        -1.205804391327308E-003
   156.785625000000        -1.074086381638188E-003
   156.999375000000        -9.087888713249599E-004
   157.213125000000        -7.133076339025679E-004
   157.426875000000        -4.916899539328909E-004
   157.640625000000        -2.485737864527545E-004
   157.854375000000         1.088693451120257E-005
   158.068125000000         2.811109161924127E-004
   158.281875000000         5.561916243205873E-004
   158.495625000000         8.300118985363825E-004
   158.709375000000         1.096369472228243E-003
   158.923125000000         1.349111210510468E-003
   159.136875000000         1.582273319687184E-003
   159.350625000000         1.790224281261145E-003
   159.564375000000         1.967806848648602E-003
   159.778125000000         2.110475137345827E-003
   159.991875000000         2.214422657890501E-003
   160.205625000000         2.276697100314268E-003
   160.419375000000         2.295297789623860E-003
   160.633125000000         2.269252000621461E-003
   160.846875000000         2.198666748823104E-003
   161.060625000000         2.084753258853156E-003
   161.274375000000         1.929822043083442E-003
   161.488125000000         1.737247385483389E-003
   161.701875000000         1.511400995590398E-003
   161.915625000000         1.257555644755449E-003
   162.129375000000         9.817606837267841E-004
   162.343125000000         6.906924231115963E-004
   162.556875000000         3.914833871992993E-004
   162.770625000000         9.153537508236374E-005
   162.984375000000        -2.016779710119938E-004
   163.198125000000        -4.808128304163060E-004
   163.411875000000        -7.388545299072693E-004
   163.625625000000        -9.693079256150215E-004
   163.839375000000        -1.166372498142355E-003
   164.053125000000        -1.325096376353337E-003
   164.266875000000        -1.441504341412634E-003
   164.480625000000        -1.512695939897836E-003
   164.694375000000        -1.536911098931512E-003
   164.908125000000        -1.513562018222345E-003
   165.121875000000        -1.443231533869681E-003
   165.335625000000        -1.327639521556770E-003
   165.549375000000        -1.169580147815247E-003
   165.763125000000        -9.728338100379358E-004
   165.976875000000        -7.420583649401745E-004
   166.190625000000        -4.826646862606229E-004
   166.404375000000        -2.006816938684622E-004
   166.618125000000         9.738423799749449E-005
   166.831875000000         4.046911258256124E-004
   167.045625000000         7.142008991131515E-004
   167.259375000000         1.018813990951193E-003
   167.473125000000         1.311497440769035E-003
   167.686875000000         1.585405992809490E-003
   167.900625000000         1.833996601971701E-003
   168.114375000000         2.051137484473433E-003
   168.328125000000         2.231213299512086E-003
   168.541875000000         2.369228167312164E-003
   168.755625000000         2.460907993608572E-003
   168.969375000000         2.502802986033086E-003
   169.183125000000         2.492390350264471E-003
   169.396875000000         2.428176008514642E-003
   169.610625000000         2.309792880344799E-003
   169.824375000000         2.138091915353054E-003
   170.038125000000         1.915220789848678E-003
   170.251875000000         1.644684099129098E-003
   170.465625000000         1.331378111465358E-003
   170.679375000000         9.815928030414752E-004
   170.893125000000         6.029740464077724E-004
   171.106875000000         2.044395314745218E-004
   171.320625000000        -2.039567226202850E-004
   171.534375000000        -6.112145706808144E-004
   171.748125000000        -1.005633626612267E-003
   171.961875000000        -1.375113044168981E-003
   172.175625000000        -1.707500360321702E-003
   172.389375000000        -1.990981377061621E-003
   172.603125000000        -2.214499891104702E-003
   172.816875000000        -2.368193122169206E-003
   173.030625000000        -2.443826126499244E-003
   173.244375000000        -2.435206495499588E-003
   173.458125000000        -2.338559397609600E-003
   173.671875000000        -2.152842668498230E-003
   173.885625000000        -1.879982300275120E-003
   174.099375000000        -1.525010392316462E-003
   174.313125000000        -1.096090422279651E-003
   174.526875000000        -6.044185379820525E-004
   174.740625000000        -6.399436165129024E-005
   174.954375000000         5.087396203040920E-004
   175.168125000000         1.095384852804181E-003
   175.381875000000         1.676188002584121E-003
   175.595625000000         2.230738600287794E-003
   175.809375000000         2.738738789673549E-003
   176.023125000000         3.180815548603177E-003
   176.236875000000         3.539341419482461E-003
   176.450625000000         3.799226851080863E-003
   176.664375000000         3.948645988317695E-003
   176.878125000000         3.979658360824438E-003
   177.091875000000         3.888691534440007E-003
   177.305625000000         3.676854416283615E-003
   177.519375000000         3.350057441419133E-003
   177.733125000000         2.918924094687153E-003
   177.946875000000         2.398487795320071E-003
   178.160625000000         1.807678649224186E-003
   178.374375000000         1.168615423091232E-003
   178.588125000000         5.057287255605719E-004
   178.801875000000        -1.552488226628733E-004
   179.015625000000        -7.883812902489423E-004
   179.229375000000        -1.368666504315690E-003
   179.443125000000        -1.873157076747128E-003
   179.656875000000        -2.282009869568560E-003
   179.870625000000        -2.579410259966128E-003
   180.084375000000        -2.754322446101589E-003
   180.298125000000        -2.801024750521990E-003
   180.511875000000        -2.719399082689951E-003
   180.725625000000        -2.514955905553594E-003
   180.939375000000        -2.198589564956840E-003
   181.153125000000        -1.786072936066911E-003
   181.366875000000        -1.297314213081898E-003
   181.580625000000        -7.554115068502314E-004
   181.794375000000        -1.855519554891474E-004
   182.008125000000         3.861893723791422E-004
   182.221875000000         9.340899208964600E-004
   182.435625000000         1.433996338833264E-003
   182.649375000000         1.864455579512610E-003
   182.863125000000         2.207703258290745E-003
   183.076875000000         2.450459969048417E-003
   183.290625000000         2.584496812183988E-003
   183.504375000000         2.606944011435611E-003
   183.718125000000         2.520330448119321E-003
   183.931875000000         2.332356397761124E-003
   184.145625000000         2.055415873003551E-003
   184.359375000000         1.705897947477208E-003
   184.573125000000         1.303307529878460E-003
   184.786875000000         8.692546741602837E-004
   185.000625000000         4.263672103927292E-004
   185.214375000000        -2.815993525075828E-006
   185.428125000000        -3.969145353245461E-004
   185.641875000000        -7.366859455413424E-004
   185.855625000000        -1.005868900160668E-003
   186.069375000000        -1.191852853913166E-003
   186.283125000000        -1.286147381779648E-003
   186.496875000000        -1.284636176034519E-003
   186.710625000000        -1.187612645304007E-003
   186.924375000000        -9.996057004956018E-004
   187.138125000000        -7.290149397691391E-004
   187.351875000000        -3.875834975621987E-004
   187.565625000000         1.025614535031988E-005
   187.779375000000         4.481233904635480E-004
   187.993125000000         9.084755707074270E-004
   188.206875000000         1.373396873037692E-003
   188.420625000000         1.825350803412696E-003
   188.634375000000         2.247861548724154E-003
   188.848125000000         2.626095960043321E-003
   189.061875000000         2.947325468126647E-003
   189.275625000000         3.201255527383728E-003
   189.489375000000         3.380218632665962E-003
   189.703125000000         3.479235043664351E-003
   189.916875000000         3.495952609668660E-003
   190.130625000000         3.430483111050157E-003
   190.344375000000         3.285157015839062E-003
   190.558125000000         3.064221293057684E-003
   190.771875000000         2.773505850513051E-003
   190.985625000000         2.420083314647092E-003
   191.199375000000         2.011944398208975E-003
   191.413125000000         1.557707262489882E-003
   191.626875000000         1.066374410049198E-003
   191.840625000000         5.471451334827246E-004
   192.054375000000         9.285817515673799E-006
   192.268125000000        -5.379451321999418E-004
   192.481875000000        -1.085325885463716E-003
   192.695625000000        -1.623665447590327E-003
   192.909375000000        -2.143778506280402E-003
   193.123125000000        -2.636457201014970E-003
   193.336875000000        -3.092456124698344E-003
   193.550625000000        -3.502505442214139E-003
   193.764375000000        -3.857364327049484E-003
   193.978125000000        -4.147923204700304E-003
   194.191875000000        -4.365358850085637E-003
   194.405625000000        -4.501341562514069E-003
   194.619375000000        -4.548288803137746E-003
   194.833125000000        -4.499655186450902E-003
   195.046875000000        -4.350244895797064E-003
   195.260625000000        -4.096529712688102E-003
   195.474375000000        -3.736954105349533E-003
   195.688125000000        -3.272208320236409E-003
   195.901875000000        -2.705451175901978E-003
   196.115625000000        -2.042466196183068E-003
   196.329375000000        -1.291737683224531E-003
   196.543125000000        -4.644370991621258E-004
   196.756875000000         4.256855683674035E-004
   196.970625000000         1.362506226971792E-003
   197.184375000000         2.327823142922011E-003
   197.398125000000         3.301737498619035E-003
   197.611875000000         4.263106426061574E-003
   197.825625000000         5.190053936959578E-003
   198.039375000000         6.060523026586147E-003
   198.253125000000         6.852850947128833E-003
   198.466875000000         7.546349210000261E-003
   198.680625000000         8.121870215105981E-003
   198.894375000000         8.562343407822335E-003
   199.108125000000         8.853265395354786E-003
   199.321875000000         8.983130367475448E-003
   199.535625000000         8.943789321715363E-003
   199.749375000000         8.730728866736304E-003
   199.963125000000         8.343262672958290E-003
   200.176875000000         7.784630890583594E-003
   200.390625000000         7.062005026941926E-003
   200.604375000000         6.186397859568826E-003
   200.818125000000         5.172479970212662E-003
   201.031875000000         4.038306439653559E-003
   201.245625000000         2.804959165009136E-003
   201.459375000000         1.496112161033555E-003
   201.673125000000         1.375290775368296E-004
   201.886875000000        -1.243496023913354E-003
   202.100625000000        -2.618741894131622E-003
   202.314375000000        -3.959693075429218E-003
   202.528125000000        -5.238187166239390E-003
   202.741875000000        -6.427060058158891E-003
   202.955625000000        -7.500772460827232E-003
   203.169375000000        -8.436001205692685E-003
   203.383125000000        -9.212179589246257E-003
   203.596875000000        -9.811972389701568E-003
   203.810625000000        -1.022167313625307E-002
   204.024375000000        -1.043151365179227E-002
   204.238125000000        -1.043587871365013E-002
   204.451875000000        -1.023342173638188E-002
   204.665625000000        -9.827080509758588E-003
   204.879375000000        -9.223995052251173E-003
   205.093125000000        -8.435332403311759E-003
   205.306875000000        -7.476025539045082E-003
   205.520625000000        -6.364435454881647E-003
   205.734375000000        -5.121946761247942E-003
   205.948125000000        -3.772507880202664E-003
   206.161875000000        -2.342127158561785E-003
   206.375625000000        -8.583360158243158E-004
   206.589375000000         6.503702542855994E-004
   206.803125000000         2.155104070813008E-003
   207.016875000000         3.627160263180238E-003
   207.230625000000         5.038585173151667E-003
   207.444375000000         6.362731821877174E-003
   207.658125000000         7.574792911634011E-003
   207.871875000000         8.652303279898615E-003
   208.085625000000         9.575603060191586E-003
   208.299375000000         1.032825232782022E-002
   208.513125000000         1.089738755578711E-002
   208.726875000000         1.127400993716094E-002
   208.940625000000         1.145319571126262E-002
   209.154375000000         1.143421921433486E-002
   209.368125000000         1.122058058010009E-002
   209.581875000000         1.081993191128486E-002
   209.795625000000         1.024389833746089E-002
   210.009375000000         9.507793606839107E-003
   210.223125000000         8.630233601347712E-003
   210.436875000000         7.632655225856574E-003
   210.650625000000         6.538752266564255E-003
   210.864375000000         5.373843773944650E-003
   211.078125000000         4.164194028552753E-003
   211.291875000000         2.936305935650105E-003
   211.505625000000         1.716211547612482E-003
   211.719375000000         5.287841697981955E-004
   211.933125000000        -6.029039232373373E-004
   212.146875000000        -1.658155756972377E-003
   212.360625000000        -2.619136249994721E-003
   212.574375000000        -3.471255181142358E-003
   212.788125000000        -4.203435046467754E-003
   213.001875000000        -4.808257278052681E-003
   213.215625000000        -5.281985454037840E-003
   213.429375000000        -5.624469193763968E-003
   213.643125000000        -5.838937127541523E-003
   213.856875000000        -5.931691418500191E-003
   214.070625000000        -5.911719608262265E-003
   214.284375000000        -5.790241935920805E-003
   214.498125000000        -5.580213685406733E-003
   214.711875000000        -5.295802559935199E-003
   214.925625000000        -4.951860632628566E-003
   215.139375000000        -4.563409195705392E-003
   215.353125000000        -4.145152975828845E-003
   215.566875000000        -3.711037866643805E-003
   215.780625000000        -3.273863719469586E-003
   215.994375000000        -2.844960986257802E-003
   216.208125000000        -2.433937259896899E-003
   216.421875000000        -2.048497111592561E-003
   216.635625000000        -1.694336157850588E-003
   216.849375000000        -1.375108045002957E-003
   217.063125000000        -1.092461036401031E-003
   217.276875000000        -8.461391272760487E-004
   217.490625000000        -6.341410858128038E-004
   217.704375000000        -4.529295154686948E-004
   217.918125000000        -2.976809475747494E-004
   218.131875000000        -1.625671094883454E-004
   218.345625000000        -4.105688887363879E-005
   218.559375000000         7.377184302615391E-005
   218.773125000000         1.889214419912759E-004
   218.986875000000         3.111753461270631E-004
   219.200625000000         4.468205380390358E-004
   219.414375000000         6.014005470218902E-004
   219.628125000000         7.795065235102479E-004
   219.841875000000         9.846121814317190E-004
   220.055625000000         1.218956397957536E-003
   220.269375000000         1.483475079634036E-003
   220.483125000000         1.777781668432818E-003
   220.696875000000         2.100193506417238E-003
   220.910625000000         2.447799344190811E-003
   221.124375000000         2.816561699256140E-003
   221.338125000000         3.201446658425947E-003
   221.551875000000         3.596573153263045E-003
   221.765625000000         3.995373756429456E-003
   221.979375000000         4.390759638346766E-003
   222.193125000000         4.775283425905231E-003
   222.406875000000         5.141295209212595E-003
   222.620625000000         5.481088700712625E-003
   222.834375000000         5.787036389112691E-003
   223.048125000000         6.051714263333060E-003
   223.261875000000         6.268018130721759E-003
   223.475625000000         6.429274564946594E-003
   223.689375000000         6.529349978347136E-003
   223.903125000000         6.562761159938165E-003
   224.116875000000         6.524789853139703E-003
   224.330625000000         6.411602628893198E-003
   224.544375000000         6.220375561245535E-003
   224.758125000000         5.949421204051964E-003
   224.971875000000         5.598313303872867E-003
   225.185625000000         5.168002786003162E-003
   225.399375000000         4.660917033835931E-003
   225.613125000000         4.081033537169831E-003
   225.826875000000         3.433918759509261E-003
   226.040625000000         2.726723655944436E-003
   226.254375000000         1.968128681319434E-003
   226.468125000000         1.168233310317041E-003
   226.681875000000         3.383879245559212E-004
   226.895625000000        -5.090307759422292E-004
   227.109375000000        -1.360896137441593E-003
   227.323125000000        -2.203651468743288E-003
   227.536875000000        -3.023662040467956E-003
   227.750625000000        -3.807584986617987E-003
   227.964375000000        -4.542740964437689E-003
   228.178125000000        -5.217470381807360E-003
   228.391875000000        -5.821456976429923E-003
   228.605625000000        -6.346002563986902E-003
   228.819375000000        -6.784238828292425E-003
   229.033125000000        -7.131265002678801E-003
   229.246875000000        -7.384204026174009E-003
   229.460625000000        -7.542174040188662E-003
   229.674375000000        -7.606176677083194E-003
   229.888125000000        -7.578908218016165E-003
   230.101875000000        -7.464504097355492E-003
   230.315625000000        -7.268231149270727E-003
   230.529375000000        -6.996145197695468E-003
   230.743125000000        -6.654733887708020E-003
   230.956875000000        -6.250565892864427E-003
   231.170625000000        -5.789967708688567E-003
   231.384375000000        -5.278748113121628E-003
   231.598125000000        -4.721988055332742E-003
   231.811875000000        -4.123910300675882E-003
   232.025625000000        -3.487838747778740E-003
   232.239375000000        -2.816252137557442E-003
   232.453125000000        -2.110931140045574E-003
   232.666875000000        -1.373191825252077E-003
   232.880625000000        -6.041926253043070E-004
   233.094375000000         1.947035761024184E-004
   233.308125000000         1.021535284132643E-003
   233.521875000000         1.873342801850895E-003
   233.735625000000         2.745792021437474E-003
   233.949375000000         3.632850945194992E-003
   234.163125000000         4.526547025599441E-003
   234.376875000000         5.416830312071639E-003
   234.590625000000         6.291562510861709E-003
   234.804375000000         7.136645587954378E-003
   235.018125000000         7.936295777136077E-003
   235.231875000000         8.673460208879517E-003
   235.445625000000         9.330364351607588E-003
   235.659375000000         9.889169616069331E-003
   235.873125000000         1.033271240074993E-002
   236.086875000000         1.064528911943080E-002
   236.300625000000         1.081344686004582E-002
   236.514375000000         1.082673668579765E-002
   236.728125000000         1.067838647866646E-002
   236.941875000000         1.036585275313357E-002
   237.155625000000         9.891215967241738E-003
   237.369375000000         9.261391281541586E-003
   237.583125000000         8.488136047608013E-003
   237.796875000000         7.587845986660399E-003
   238.010625000000         6.581143379411412E-003
   238.224375000000         5.492271905725864E-003
   238.438125000000         4.348323316185632E-003
   238.651875000000         3.178330205076711E-003
   238.865625000000         2.012266203820373E-003
   239.079375000000         8.799994883480575E-004
   239.293125000000        -1.897526658296566E-004
   239.506875000000        -1.170421503289955E-003
   239.720625000000        -2.038493420176629E-003
   239.934375000000        -2.774288392706183E-003
   240.148125000000        -3.362580786015885E-003
   240.361875000000        -3.793042174032792E-003
   240.575625000000        -4.060495430566108E-003
   240.789375000000        -4.164978885712986E-003
   241.003125000000        -4.111628147206225E-003
   241.216875000000        -3.910390726779315E-003
   241.430625000000        -3.575594487680367E-003
   241.644375000000        -3.125394907631635E-003
   241.858125000000        -2.581128176815500E-003
   242.071875000000        -1.966597342376260E-003
   242.285625000000        -1.307317343172021E-003
   242.499375000000        -6.297422444430588E-004
   242.713125000000         3.950525080680367E-005
   242.926875000000         6.743853788890076E-004
   243.140625000000         1.250160538664000E-003
   243.354375000000         1.744071283738171E-003
   243.568125000000         2.135959887297379E-003
   243.781875000000         2.408832971609864E-003
   243.995625000000         2.549354441831683E-003
   244.209375000000         2.548258976325191E-003
   244.423125000000         2.400674939823532E-003
   244.636875000000         2.106344230590534E-003
   244.850625000000         1.669725720221673E-003
   245.064375000000         1.099969053379625E-003
   245.278125000000         4.107470322212315E-004
   245.491875000000        -3.800621188590090E-004
   245.705625000000        -1.250846528401678E-003
   245.919375000000        -2.176884006883055E-003
   246.133125000000        -3.131106704556281E-003
   246.346875000000        -4.084988276994048E-003
   246.560625000000        -5.009525912162274E-003
   246.774375000000        -5.876281250159753E-003
   246.988125000000        -6.658437176949165E-003
   247.201875000000        -7.331822435205872E-003
   247.415625000000        -7.875853603507118E-003
   247.629375000000        -8.274344713769546E-003
   247.843125000000        -8.516138846071733E-003
   248.056875000000        -8.595523439422353E-003
   248.270625000000        -8.512401491998688E-003
   248.484375000000        -8.272203735933684E-003
   248.698125000000        -7.885541470473113E-003
   248.911875000000        -7.367615058705805E-003
   249.125625000000        -6.737408069741909E-003
   249.339375000000        -6.016710593410093E-003
   249.553125000000        -5.229026349376689E-003
   249.766875000000        -4.398425989744024E-003
   249.980625000000        -3.548412810743631E-003
   250.194375000000        -2.700866582206217E-003
   250.408125000000        -1.875126323776928E-003
   250.621875000000        -1.087263877313233E-003
   250.835625000000        -3.495876236913761E-004
   251.049375000000         3.295994886645792E-004
   251.263125000000         9.459802531468708E-004
   251.476875000000         1.498951787172136E-003
   251.690625000000         1.991128871425401E-003
   251.904375000000         2.427663191410420E-003
   252.118125000000         2.815431384415756E-003
   252.331875000000         3.162152844846887E-003
   252.545625000000         3.475502044988145E-003
   252.759375000000         3.762279452069936E-003
   252.973125000000         4.027700047936419E-003
   253.186875000000         4.274849373153446E-003
   253.400625000000         4.504344586421042E-003
   253.614375000000         4.714223140142460E-003
   253.828125000000         4.900065370054743E-003
   254.041875000000         5.055340710484270E-003
   254.255625000000         5.171951510698977E-003
   254.469375000000         5.240934601930415E-003
   254.683125000000         5.253269764186723E-003
   254.896875000000         5.200736777996245E-003
   255.110625000000         5.076759281174409E-003
   255.324375000000         4.877174371860789E-003
   255.538125000000         4.600871710971580E-003
   255.751875000000         4.250254413202764E-003
   255.965625000000         3.831485667403442E-003
   256.179375000000         3.354498989362322E-003
   256.393125000000         2.832765338157327E-003
   256.606875000000         2.282826002531801E-003
   256.820625000000         1.723615162773778E-003
   257.034375000000         1.175609396153494E-003
   257.248125000000         6.598522859764325E-004
   257.461875000000         1.969100604472495E-004
   257.675625000000        -1.941816089989062E-004
   257.889375000000        -4.969190739458280E-004
   258.103125000000        -6.982231202599463E-004
   258.316875000000        -7.891716710971346E-004
   258.530625000000        -7.655317004860788E-004
   258.744375000000        -6.280610797057349E-004
   258.958125000000        -3.825643199178910E-004
   259.171875000000        -3.969999938709665E-005
   259.385625000000         3.854487828333830E-004
   259.599375000000         8.740171008036946E-004
   259.813125000000         1.404179493361861E-003
   260.026875000000         1.952106883055309E-003
   260.240625000000         2.493010402559777E-003
   260.454375000000         3.002220511490401E-003
   260.668125000000         3.456249735997033E-003
   260.881875000000         3.833789984166450E-003
   261.095625000000         4.116600362297220E-003
   261.309375000000         4.290248311254220E-003
   261.523125000000         4.344675198411486E-003
   261.736875000000         4.274566708267619E-003
   261.950625000000         4.079517948795641E-003
   262.164375000000         3.763992643465650E-003
   262.378125000000         3.337084684286058E-003
   262.591875000000         2.812098329092192E-003
   262.805625000000         2.205970169579605E-003
   263.019375000000         1.538561490207882E-003
   263.233125000000         8.318536724232840E-004
   263.446875000000         1.090818290096909E-004
   263.660625000000        -6.061571115682344E-004
   263.874375000000        -1.290786060209926E-003
   264.088125000000        -1.923085119791637E-003
   264.301875000000        -2.483453608793737E-003
   264.515625000000        -2.955069851704617E-003
   264.729375000000        -3.324426894904611E-003
   264.943125000000        -3.581728114752349E-003
   265.156875000000        -3.721133011168397E-003
   265.370625000000        -3.740850067816798E-003
   265.584375000000        -3.643080124739796E-003
   265.798125000000        -3.433819948316245E-003
   266.011875000000        -3.122541289291959E-003
   266.225625000000        -2.721765398614547E-003
   266.439375000000        -2.246556464478698E-003
   266.653125000000        -1.713959542250385E-003
   266.866875000000        -1.142409151661867E-003
   267.080625000000        -5.511337902401249E-004
   267.294375000000         4.042075599336209E-005
   267.508125000000         6.131300381892529E-004
   267.721875000000         1.148676804373114E-003
   267.935625000000         1.629974524156591E-003
   268.149375000000         2.041524277782481E-003
   268.363125000000         2.369705659917694E-003
   268.576875000000         2.603006552464482E-003
   268.790625000000         2.732199710667110E-003
   269.004375000000         2.750475817088088E-003
   269.218125000000         2.653542853254203E-003
   269.431875000000         2.439700332654573E-003
   269.645625000000         2.109894298997377E-003
   269.859375000000         1.667755331776679E-003
   270.073125000000         1.119617547914291E-003
   270.286875000000         4.745122554529927E-004
   270.500625000000        -2.558739514437368E-004
   270.714375000000        -1.057289741573552E-003
   270.928125000000        -1.913072755089337E-003
   271.141875000000        -2.804380641058773E-003
   271.355625000000        -3.710511304599782E-003
   271.569375000000        -4.609320028558335E-003
   271.783125000000        -5.477735206603831E-003
   271.996875000000        -6.292367182522863E-003
   272.210625000000        -7.030196690237397E-003
   272.424375000000        -7.669321299564489E-003
   272.638125000000        -8.189730819420133E-003
   272.851875000000        -8.574076511040451E-003
   273.065625000000        -8.808394863686137E-003
   273.279375000000        -8.882745094554863E-003
   273.493125000000        -8.791720777890978E-003
   273.706875000000        -8.534800188409009E-003
   273.920625000000        -8.116506924856362E-003
   274.134375000000        -7.546361788816198E-003
   274.348125000000        -6.838618148140553E-003
   274.561875000000        -6.011785361816424E-003
   274.775625000000        -5.087957421965917E-003
   274.989375000000        -4.091975876604172E-003
   275.203125000000        -3.050466463701699E-003
   275.416875000000        -1.990796946518391E-003
   275.630625000000        -9.400087917884992E-004
   275.844375000000         7.622280928748732E-005
   276.058125000000         1.034547652201580E-003
   276.271875000000         1.914769930586549E-003
   276.485625000000         2.700508169169710E-003
   276.699375000000         3.379655742530276E-003
   276.913125000000         3.944623944460732E-003
   277.126875000000         4.392362296519655E-003
   277.340625000000         4.724163463540518E-003
   277.554375000000         4.945271945039404E-003
   277.768125000000         5.064325898452015E-003
   277.981875000000         5.092669435728232E-003
   278.195625000000         5.043578117579120E-003
   278.409375000000         4.931442953163836E-003
   278.623125000000         4.770958006704519E-003
   278.836875000000         4.576353915568753E-003
   279.050625000000         4.360714594739018E-003
   279.264375000000         4.135407615717584E-003
   279.478125000000         3.909650749434290E-003
   279.691875000000         3.690228520468883E-003
   279.905625000000         3.481363879747314E-003
   280.119375000000         3.284741752393787E-003
   280.333125000000         3.099673659991868E-003
   280.546875000000         2.923386157153400E-003
   280.760625000000         2.751410665024331E-003
   280.974375000000         2.578048539392596E-003
   281.188125000000         2.396882909272394E-003
   281.401875000000         2.201307933072690E-003
   281.615625000000         1.985046571311627E-003
   281.829375000000         1.742629668695461E-003
   282.043125000000         1.469811960401441E-003
   282.256875000000         1.163904443196590E-003
   282.470625000000         8.240072450122767E-004
   282.684375000000         4.511325313467529E-004
   282.898125000000         4.821291964998491E-005
   283.111875000000        -3.800028876036180E-004
   283.325625000000        -8.271592587995713E-004
   283.539375000000        -1.285593569626273E-003
   283.753125000000        -1.746707503347114E-003
   283.966875000000        -2.201385856274280E-003
   284.180625000000        -2.640435863331332E-003
   284.394375000000        -3.055018553920134E-003
   284.608125000000        -3.437043993310258E-003
   284.821875000000        -3.779504574051780E-003
   285.035625000000        -4.076724768149778E-003
   285.249375000000        -4.324511746625867E-003
   285.463125000000        -4.520198667748796E-003
   285.676875000000        -4.662580727397484E-003
   285.890625000000        -4.751752633726584E-003
   286.104375000000        -4.788864319260172E-003
   286.318125000000        -4.775818727998192E-003
   286.531875000000        -4.714940755690664E-003
   286.745625000000        -4.608649338320951E-003
   286.959375000000        -4.459164914404677E-003
   287.173125000000        -4.268281891446469E-003
   287.386875000000        -4.037230435998600E-003
   287.600625000000        -3.766644243313195E-003
   287.814375000000        -3.456641520620660E-003
   288.028125000000        -3.107016016667111E-003
   288.241875000000        -2.717524446998106E-003
   288.455625000000        -2.288247035163408E-003
   288.669375000000        -1.819990000658699E-003
   288.883125000000        -1.314693426526299E-003
   289.096875000000        -7.758055758236622E-004
   289.310625000000        -2.085856751991103E-004
   289.524375000000         3.796985705274171E-004
   289.738125000000         9.797052395724530E-004
   289.951875000000         1.580101107155874E-003
   290.165625000000         2.167798859033025E-003
   290.379375000000         2.728342363870226E-003
   290.593125000000         3.246422216776259E-003
   290.806875000000         3.706493520261544E-003
   291.020625000000         4.093459758788238E-003
   291.234375000000         4.393381284305657E-003
   291.448125000000         4.594164745135843E-003
   291.661875000000         4.686190861062187E-003
   291.875625000000         4.662842095008836E-003
   292.089375000000         4.520898565002047E-003
   292.303125000000         4.260779345934173E-003
   292.516875000000         3.886616361877120E-003
   292.730625000000         3.406158542882125E-003
   292.944375000000         2.830514014172701E-003
   293.158125000000         2.173747092718957E-003
   293.371875000000         1.452354229065416E-003
   293.585625000000         6.846483812886469E-004
   293.799375000000        -1.099155240494036E-004
   294.013125000000        -9.114403741304167E-004
   294.226875000000        -1.700279167743641E-003
   294.440625000000        -2.457689679548270E-003
   294.654375000000        -3.166425160594989E-003
   294.868125000000        -3.811239388856364E-003
   295.081875000000        -4.379289463950749E-003
   295.295625000000        -4.860424934646545E-003
   295.509375000000        -5.247356922433699E-003
   295.723125000000        -5.535705721323758E-003
   295.936875000000        -5.723929860925889E-003
   296.150625000000        -5.813143827337338E-003
   296.364375000000        -5.806835585420602E-003
   296.578125000000        -5.710498771896997E-003
   296.791875000000        -5.531197927439103E-003
   297.005625000000        -5.277088339008753E-003
   297.219375000000        -4.956914825015755E-003
   297.433125000000        -4.579515894504945E-003
   297.646875000000        -4.153360870219362E-003
   297.860625000000        -3.686147483275694E-003
   298.074375000000        -3.184485843586041E-003
   298.288125000000        -2.653691352960365E-003
   298.501875000000        -2.097703960884250E-003
   298.715625000000        -1.519144225478401E-003
   298.929375000000        -9.195081739708657E-004
   299.143125000000        -2.994933852909996E-004
   299.356875000000         3.405613582600896E-004
   299.570625000000         1.000150347302064E-003
   299.784375000000         1.678025443354856E-003
   299.998125000000         2.371614016598644E-003
   300.211875000000         3.076477838058713E-003
   300.425625000000         3.785861502753285E-003
   300.639375000000         4.490376400504777E-003
   300.853125000000         5.177859957385272E-003
   301.066875000000         5.833440038494296E-003
   301.280625000000         6.439821540295342E-003
   301.494375000000         6.977797105819293E-003
   301.708125000000         7.426967604053690E-003
   301.921875000000         7.766641722537797E-003
   302.135625000000         7.976868993241236E-003
   302.349375000000         8.039548032307754E-003
   302.563125000000         7.939542807528415E-003
   302.776875000000         7.665735197830780E-003
   302.990625000000         7.211942503705578E-003
   303.204375000000         6.577634063116266E-003
   303.418125000000         5.768391487997675E-003
   303.631875000000         4.796071643405395E-003
   303.845625000000         3.678649386317785E-003
   304.059375000000         2.439737037172089E-003
   304.273125000000         1.107798173287143E-003
   304.486875000000        -2.849068572660150E-004
   304.700625000000        -1.703588718066611E-003
   304.914375000000        -3.112341079295385E-003
   305.128125000000        -4.475618130129123E-003
   305.341875000000        -5.759694466085729E-003
   305.555625000000        -6.934025222538640E-003
   305.769375000000        -7.972430702184166E-003
   305.983125000000        -8.854041003664239E-003
   306.196875000000        -9.563951481787699E-003
   306.410625000000        -1.009355816629737E-002
   306.624375000000        -1.044056225984693E-002
   306.838125000000        -1.060865316232568E-002
   307.051875000000        -1.060689877510300E-002
   307.265625000000        -1.044888887924075E-002
   307.479375000000        -1.015169110051392E-002
   307.693125000000        -9.734688571443604E-003
   307.906875000000        -9.218373377094346E-003
   308.120625000000        -8.623170049103776E-003
   308.334375000000        -7.968358892335756E-003
   308.548125000000        -7.271160226876071E-003
   308.761875000000        -6.546028393976483E-003
   308.975625000000        -5.804189493826588E-003
   309.189375000000        -5.053440312759933E-003
   309.403125000000        -4.298208836340886E-003
   309.616875000000        -3.539860203933399E-003
   309.830625000000        -2.777216939228553E-003
   310.044375000000        -2.007249661229906E-003
   310.258125000000        -1.225884939234508E-003
   310.471875000000        -4.288709943889521E-004
   310.685625000000         3.873601667660744E-004
   310.899375000000         1.224893845337090E-003
   311.113125000000         2.083651198696984E-003
   311.326875000000         2.960870781980094E-003
   311.540625000000         3.850787261644879E-003
   311.754375000000         4.744528199079749E-003
   311.968125000000         5.630235444902799E-003
   312.181875000000         6.493403152624476E-003
   312.395625000000         7.317410617221017E-003
   312.609375000000         8.084215922434034E-003
   312.823125000000         8.775166490752358E-003
   313.036875000000         9.371875674300071E-003
   313.250625000000         9.857110918820007E-003
   313.464375000000         1.021563897749530E-002
   313.678125000000         1.043497711751789E-002
   313.891875000000         1.050600599056062E-002
   314.105625000000         1.042340935323172E-002
   314.319375000000         1.018591746369947E-002
   314.533125000000         9.796343941960632E-003
   314.746875000000         9.261419271879456E-003
   314.960625000000         8.591437025810320E-003
   315.174375000000         7.799740429801615E-003
   315.388125000000         6.902086284765120E-003
   315.601875000000         5.915929902003361E-003
   315.815625000000         4.859678190128579E-003
   316.029375000000         3.751958168717633E-003
   316.243125000000         2.610945051459227E-003
   316.456875000000         1.453787945110951E-003
   316.670625000000         2.961626685290062E-004
   316.884375000000        -8.480291050913738E-004
   317.098125000000        -1.966806440683894E-003
   317.311875000000        -3.050104899487331E-003
   317.525625000000        -4.089635548811917E-003
   317.739375000000        -5.078630496942047E-003
   317.953125000000        -6.011505334616741E-003
   318.166875000000        -6.883473459177858E-003
   318.380625000000        -7.690149111182059E-003
   318.594375000000        -8.427175053225678E-003
   318.808125000000        -9.089907360393319E-003
   319.021875000000        -9.673184145960578E-003
   319.235625000000        -1.017119773267562E-002
   319.449375000000        -1.057748141220786E-002
   319.663125000000        -1.088501316851658E-002
   319.876875000000        -1.108643021927662E-002
   320.090625000000        -1.117434053731061E-002
   320.304375000000        -1.114171113426854E-002
   320.518125000000        -1.098230817336044E-002
   320.731875000000        -1.069116113001871E-002
   320.945625000000        -1.026502228965626E-002
   321.159375000000        -9.702793767219524E-003
   321.373125000000        -9.005896737324702E-003
   321.586875000000        -8.178561364666975E-003
   321.800625000000        -7.228020649593492E-003
   322.014375000000        -6.164596656562700E-003
   322.228125000000        -5.001672988451453E-003
   322.441875000000        -3.755552565108231E-003
   322.655625000000        -2.445204485950793E-003
   322.869375000000        -1.091907814018784E-003
   323.083125000000         2.811965855960892E-004
   323.296875000000         1.649632496288557E-003
   323.510625000000         2.988177613823547E-003
   323.724375000000         4.271498909626881E-003
   323.938125000000         5.474816565839778E-003
   324.151875000000         6.574578405407386E-003
   324.365625000000         7.549126319916132E-003
   324.579375000000         8.379335818253449E-003
   324.793125000000         9.049209459727155E-003
   325.006875000000         9.546404652062787E-003
   325.220625000000         9.862676219979553E-003
   325.434375000000         9.994214480927128E-003
   325.648125000000         9.941860540925581E-003
   325.861875000000         9.711182396965740E-003
   326.075625000000         9.312398429424138E-003
   326.289375000000         8.760139149846004E-003
   326.503125000000         8.073043695250019E-003
   326.716875000000         7.273194455600696E-003
   326.930625000000         6.385401159262245E-003
   327.144375000000         5.436354337569720E-003
   327.358125000000         4.453676814702824E-003
   327.571875000000         3.464910079188145E-003
   327.785625000000         2.496479378294865E-003
   327.999375000000         1.572686420610191E-003
   328.213125000000         7.147810238710376E-004
   328.426875000000        -5.983761036440304E-005
   328.640625000000        -7.382433887361254E-004
   328.854375000000        -1.312390529231263E-003
   329.068125000000        -1.779277213057253E-003
   329.281875000000        -2.140850926721784E-003
   329.495625000000        -2.403656141105522E-003
   329.709375000000        -2.578241242931649E-003
   329.923125000000        -2.678357574279170E-003
   330.136875000000        -2.719997798203367E-003
   330.350625000000        -2.720332394199392E-003
   330.564375000000        -2.696610858611078E-003
   330.778125000000        -2.665097368406897E-003
   330.991875000000        -2.640108835604760E-003
   331.205625000000        -2.633216410206746E-003
   331.419375000000        -2.652659980778511E-003
   331.633125000000        -2.703009877077554E-003
   331.846875000000        -2.785091949081644E-003
   332.060625000000        -2.896172888096034E-003
   332.274375000000        -3.030383612946209E-003
   332.488125000000        -3.179341315922092E-003
   332.701875000000        -3.332916763323751E-003
   332.915625000000        -3.480083825979653E-003
   333.129375000000        -3.609783759221078E-003
   333.343125000000        -3.711737800670455E-003
   333.556875000000        -3.777148073500278E-003
   333.770625000000        -3.799237973006363E-003
   333.984375000000        -3.773598164033170E-003
   334.198125000000        -3.698321694296351E-003
   334.411875000000        -3.573930003008117E-003
   334.625625000000        -3.403109184252305E-003
   334.839375000000        -3.190291242689798E-003
   335.053125000000        -2.941126966311711E-003
   335.266875000000        -2.661904479842985E-003
   335.480625000000        -2.358969988948884E-003
   335.694375000000        -2.038204590747492E-003
   335.908125000000        -1.704603676096790E-003
   336.121875000000        -1.361994161834793E-003
   336.335625000000        -1.012910677659320E-003
   336.549375000000        -6.586362284341791E-004
   336.763125000000        -2.993971927359907E-004
   336.976875000000         6.531179671311901E-005
   337.190625000000         4.363092733636141E-004
   337.404375000000         8.142590058674645E-004
   337.618125000000         1.199201035805327E-003
   337.831875000000         1.590129543910387E-003
   338.045625000000         1.984660673293209E-003
   338.259375000000         2.378824968934013E-003
   338.473125000000         2.767007730119501E-003
   338.686875000000         3.142047386151988E-003
   338.900625000000         3.495488186874477E-003
   339.114375000000         3.817970251497727E-003
   339.328125000000         4.099728450687828E-003
   339.541875000000         4.331162629418292E-003
   339.755625000000         4.503435974232548E-003
   339.969375000000         4.609056246709157E-003
   340.183125000000         4.642396183682297E-003
