  -1.60312500000000        -1.881537237015746E-025
  -1.38937500000000        -6.466651906027100E-020
  -1.17562500000000        -6.234477139692058E-019
 -0.961875000000000        -3.688692280862338E-018
 -0.748125000000000        -1.682011571075117E-017
 -0.534375000000000        -6.383542779527838E-017
 -0.320625000000000        -2.085166498147329E-016
 -0.106875000000000        -5.970728570872545E-016
  0.106875000000000        -1.521148896532231E-015
  0.320625000000000        -3.490339335614908E-015
  0.534375000000000        -7.290043288299367E-015
  0.748125000000000        -1.400811217855685E-014
  0.961875000000000        -2.499573416115476E-014
   1.17562500000000        -4.176792756936704E-014
   1.38937500000000        -6.585406677660443E-014
   1.60312500000000        -9.860864169219522E-014
   1.81687500000000        -1.410156520210650E-013
   2.03062500000000        -1.934949377698536E-013
   2.24437500000000        -2.557687333460501E-013
   2.45812500000000        -3.267714124967730E-013
   2.67187500000000        -4.046360679180898E-013
   2.88562500000000        -4.868221139529088E-013
   3.09937500000000        -5.702655726210853E-013
   3.31312500000000        -6.516203082695521E-013
   3.52687500000000        -7.275558780285496E-013
   3.74062500000000        -7.950831989215163E-013
   3.95437500000000        -8.518232362227463E-013
   4.16812500000000        -8.961993578931790E-013
   4.38187500000000        -9.274634358099552E-013
   4.59562500000000        -9.458586700021105E-013
   4.80937500000000        -9.523129147807515E-013
   5.02312500000000        -9.483036773320128E-013
   5.23687500000000        -9.356782968165220E-013
   5.45062500000000        -9.162805389741757E-013
   5.66437500000000        -8.918518692401413E-013
   5.87812500000000        -8.638191750356544E-013
   6.09187500000000        -8.333363844738424E-013
   6.30562500000000        -8.013853380944895E-013
   6.51937500000000        -7.689178901026676E-013
   6.73312500000000        -7.370740972554243E-013
   6.94687500000000        -7.073504532088195E-013
   7.16062500000000        -6.817021581367199E-013
   7.37437500000000        -6.625185397504345E-013
   7.58812500000000        -6.524719747717721E-013
   7.80187500000000        -6.542174019148370E-013
   8.01562500000000        -6.699478195462403E-013
   8.22937500000000        -7.009823752335893E-013
   8.44312500000000        -7.474149482249462E-013
   8.65687500000000        -8.078215237001284E-013
   8.87062500000000        -8.791406218415508E-013
   9.08437500000000        -9.568952241366825E-013
   9.29812500000000        -1.035530692168238E-012
   9.51187500000000        -1.109070083829323E-012
   9.72562500000000        -1.171670736301393E-012
   9.93937500000000        -1.218439282377185E-012
   10.1531250000000        -1.245945623399990E-012
   10.3668750000000        -1.252663468546867E-012
   10.5806250000000        -1.239128763830371E-012
   10.7943750000000        -1.207753363490739E-012
   11.0081250000000        -1.162478507816137E-012
   11.2218750000000        -1.108127447414017E-012
   11.4356250000000        -1.049814814624249E-012
   11.6493750000000        -9.922099898204178E-013
   11.8631250000000        -9.390557422563602E-013
   12.0768750000000        -8.928763263270841E-013
   12.2906250000000        -8.549031639932645E-013
   12.5043750000000        -8.253156890288033E-013
   12.7181250000000        -8.034771164384560E-013
   12.9318750000000        -7.885781215662319E-013
   13.1456250000000        -7.799323768718594E-013
   13.3593750000000        -7.774096883696423E-013
   13.5731250000000        -7.815301181562941E-013
   13.7868750000000        -7.933662164301146E-013
   14.0006250000000        -8.143121086437643E-013
   14.2143750000000        -8.455305969543254E-013
   14.4281250000000        -8.876073490476073E-013
   14.6418750000000        -9.400334450865180E-013
   14.8556250000000        -1.000990220682723E-012
   15.0693750000000        -1.067365866441027E-012
   15.2831250000000        -1.134927582596145E-012
   15.4968750000000        -1.198934348182809E-012
   15.7106250000000        -1.254717330686224E-012
   15.9243750000000        -1.298524824696940E-012
   16.1381250000000        -1.328030222299808E-012
   16.3518750000000        -1.342848422159997E-012
   16.5656250000000        -1.344686504345336E-012
   16.7793750000000        -1.337208523799357E-012
   16.9931250000000        -1.325413002195267E-012
   17.2068750000000        -1.315000166238214E-012
   17.4206250000000        -1.311430726460818E-012
   17.6343750000000        -1.318995551776986E-012
   17.8481250000000        -1.340249131148544E-012
   18.0618750000000        -1.375423083469180E-012
   18.2756250000000        -1.422435064828809E-012
   18.4893750000000        -1.477099516500230E-012
   18.7031250000000        -1.533799039539212E-012
   18.9168750000000        -1.586260178967275E-012
   19.1306250000000        -1.628533326340181E-012
   19.3443750000000        -1.655889508878751E-012
   19.5581250000000        -1.665514255438146E-012
   19.7718750000000        -1.657022006341284E-012
   19.9856250000000        -1.632512274962461E-012
   20.1993750000000        -1.596281354946684E-012
   20.4131250000000        -1.554403108310612E-012
   20.6268750000000        -1.513864384099247E-012
   20.8406250000000        -1.481789011774219E-012
   21.0543750000000        -1.464560783202086E-012
   21.2681250000000        -1.467103174756550E-012
   21.4818750000000        -1.492508489827172E-012
   21.6956250000000        -1.541641493160214E-012
   21.9093750000000        -1.613345432909786E-012
   22.1231250000000        -1.704643580177051E-012
   22.3368750000000        -1.811222425645095E-012
   22.5506250000000        -1.927998568447779E-012
   22.7643750000000        -2.049711817442876E-012
   22.9781250000000        -2.171442887915447E-012
   23.1918750000000        -2.289001802526842E-012
   23.4056250000000        -2.399159798300546E-012
   23.6193750000000        -2.499710538314899E-012
   23.8331250000000        -2.589451457602464E-012
   24.0468750000000        -2.667826883172153E-012
   24.2606250000000        -2.734826705508282E-012
   24.4743750000000        -2.790546131910164E-012
   24.6881250000000        -2.835098717436694E-012
   24.9018750000000        -2.868400994729703E-012
   25.1156250000000        -2.890123679638317E-012
   25.3293750000000        -2.899849126855509E-012
   25.5431250000000        -2.897332133498154E-012
   25.7568750000000        -2.882644399652148E-012
   25.9706250000000        -2.856623049288489E-012
   26.1843750000000        -2.820979227769023E-012
   26.3981250000000        -2.778565311369104E-012
   26.6118750000000        -2.733318979373201E-012
   26.8256250000000        -2.690103864433039E-012
   27.0393750000000        -2.654402964667463E-012
   27.2531250000000        -2.631791807778436E-012
   27.4668750000000        -2.627353806704953E-012
   27.6806250000000        -2.645180556582016E-012
   27.8943750000000        -2.687782847725264E-012
   28.1081250000000        -2.755765246181522E-012
   28.3218750000000        -2.847556502136541E-012
   28.5356250000000        -2.959644767910612E-012
   28.7493750000000        -3.086661236389593E-012
   28.9631250000000        -3.222097922652974E-012
   29.1768750000000        -3.358821237553815E-012
   29.3906250000000        -3.489841430934992E-012
   29.6043750000000        -3.608914011549473E-012
   29.8181250000000        -3.711193296805606E-012
   30.0318750000000        -3.793440082299610E-012
   30.2456250000000        -3.854271905629910E-012
   30.4593750000000        -3.893955456018967E-012
   30.6731250000000        -3.914186338919175E-012
   30.8868750000000        -3.917587498333827E-012
   31.1006250000000        -3.907238363367593E-012
   31.3143750000000        -3.886262325323560E-012
   31.5281250000000        -3.857385878935876E-012
   31.7418750000000        -3.822774575469201E-012
   31.9556250000000        -3.784024926488782E-012
   32.1693750000000        -3.742191007363565E-012
   32.3831250000000        -3.698118113792327E-012
   32.5968750000000        -3.652679170991372E-012
   32.8106250000000        -3.607046895927097E-012
   33.0243750000000        -3.562943181677762E-012
   33.2381250000000        -3.522655453241168E-012
   33.4518750000000        -3.488994224011854E-012
   33.6656250000000        -3.465084970428436E-012
   33.8793750000000        -3.454057980873039E-012
   34.0931250000000        -3.458623254430924E-012
   34.3068750000000        -3.480767838953470E-012
   34.5206250000000        -3.521419989758909E-012
   34.7343750000000        -3.580316888778661E-012
   34.9481250000000        -3.655998602539755E-012
   35.1618750000000        -3.745949653442556E-012
   35.3756250000000        -3.846930043330297E-012
   35.5893750000000        -3.955407719961637E-012
   35.8031250000000        -4.067953578515984E-012
   36.0168750000000        -4.181682253109294E-012
   36.2306250000000        -4.294593776212473E-012
   36.4443750000000        -4.405672743304164E-012
   36.6581250000000        -4.514965584854879E-012
   36.8718750000000        -4.623298852784108E-012
   37.0856250000000        -4.732070789129716E-012
   37.2993750000000        -4.842696959680142E-012
   37.5131250000000        -4.956300044341683E-012
   37.7268750000000        -5.073159993684904E-012
   37.9406250000000        -5.192560271205458E-012
   38.1543750000000        -5.312591613925250E-012
   38.3681250000000        -5.430367666379881E-012
   38.5818750000000        -5.542167271307238E-012
   38.7956250000000        -5.643978896922551E-012
   39.0093750000000        -5.732055310002146E-012
   39.2231250000000        -5.803416311742985E-012
   39.4368750000000        -5.856473514752910E-012
   39.6506250000000        -5.891193580058598E-012
   39.8643750000000        -5.909409363175461E-012
   40.0781250000000        -5.914535985857360E-012
   40.2918750000000        -5.911347637406782E-012
   40.5056250000000        -5.905386882879072E-012
   40.7193750000000        -5.902284510572470E-012
   40.9331250000000        -5.907082048229197E-012
   41.1468750000000        -5.923720304194404E-012
   41.3606250000000        -5.954570528704997E-012
   41.5743750000000        -6.000303146168209E-012
   41.7881250000000        -6.059986538123375E-012
   42.0018750000000        -6.131397193891773E-012
   42.2156250000000        -6.211566521626676E-012
   42.4293750000000        -6.297352152993434E-012
   42.6431250000000        -6.386020255001363E-012
   42.8568750000000        -6.475616139812843E-012
   43.0706250000000        -6.565216482262152E-012
   43.2843750000000        -6.654852438662783E-012
   43.4981250000000        -6.745252870235210E-012
   43.7118750000000        -6.837308975412245E-012
   43.9256250000000        -6.931562872702546E-012
   44.1393750000000        -7.027566591781095E-012
   44.3531250000000        -7.123613291057529E-012
   44.5668750000000        -7.216459223993943E-012
   44.7806250000000        -7.301531661650844E-012
   44.9943750000000        -7.373365527961230E-012
   45.2081250000000        -7.426294598941471E-012
   45.4218750000000        -7.455281954117474E-012
   45.6356250000000        -7.456817422294946E-012
   45.8493750000000        -7.429543116601990E-012
   46.0631250000000        -7.374780144216794E-012
   46.2768750000000        -7.296608921627867E-012
   46.4906250000000        -7.201622780682097E-012
   46.7043750000000        -7.098238744783395E-012
   46.9181250000000        -6.995849880477564E-012
   47.1318750000000        -6.903797240167976E-012
   47.3456250000000        -6.830358993608174E-012
   47.5593750000000        -6.781919576341917E-012
   47.7731250000000        -6.762440760027158E-012
   47.9868750000000        -6.773236396864448E-012
   48.2006250000000        -6.813235775089960E-012
   48.4143750000000        -6.879404408395870E-012
   48.6281250000000        -6.967497778148829E-012
   48.8418750000000        -7.072853002998624E-012
   49.0556250000000        -7.191125781699669E-012
   49.2693750000000        -7.318933892961028E-012
   49.4831250000000        -7.454048728962808E-012
   49.6968750000000        -7.595523136246821E-012
   49.9106250000000        -7.743344938794465E-012
   50.1243750000000        -7.898055707578035E-012
   50.3381250000000        -8.060127031686937E-012
   50.5518750000000        -8.229459057530673E-012
   50.7656250000000        -8.404951254938735E-012
   50.9793750000000        -8.584278935966397E-012
   51.1931250000000        -8.764008009320972E-012
   51.4068750000000        -8.939804240217455E-012
   51.6206250000000        -9.107029219762247E-012
   51.8343750000000        -9.261261281020078E-012
   52.0481250000000        -9.398986114961659E-012
   52.2618750000000        -9.518003753115040E-012
   52.4756250000000        -9.617836731644146E-012
   52.6893750000000        -9.699795576042367E-012
   52.9031250000000        -9.766783042468622E-012
   53.1168750000000        -9.822890832336000E-012
   53.3306250000000        -9.872819561422634E-012
   53.5443750000000        -9.921270354101129E-012
   53.7581250000000        -9.972321884884733E-012
   53.9718750000000        -1.002905800042137E-011
   54.1856250000000        -1.009306499040917E-011
   54.3993750000000        -1.016460846363482E-011
   54.6131250000000        -1.024265399060112E-011
   54.8268750000000        -1.032526192804965E-011
   55.0406250000000        -1.041004347797256E-011
   55.2543750000000        -1.049466240844804E-011
   55.4681250000000        -1.057729052925637E-011
   55.6818750000000        -1.065691022890718E-011
   55.8956250000000        -1.073344021075117E-011
   56.1093750000000        -1.080769135523707E-011
   56.3231250000000        -1.088114512394101E-011
   56.5368750000000        -1.095553632892940E-011
   56.7506250000000        -1.103243495233045E-011
   56.9643750000000        -1.111283176502035E-011
   57.1781250000000        -1.119677278127663E-011
   57.3918750000000        -1.128322829352907E-011
   57.6056250000000        -1.136999980039596E-011
   57.8193750000000        -1.145401710402714E-011
   58.0331250000000        -1.153168571277035E-011
   58.2468750000000        -1.159922993426132E-011
   58.4606250000000        -1.165328646154169E-011
   58.6743750000000        -1.169137451886387E-011
   58.8881250000000        -1.171223540433575E-011
   59.1018750000000        -1.171593296290840E-011
   59.3156250000000        -1.170406151210250E-011
   59.5293750000000        -1.167938550654605E-011
   59.7431250000000        -1.164566817012105E-011
   59.9568750000000        -1.160716628303059E-011
   60.1706250000000        -1.156831357072046E-011
   60.3843750000000        -1.153325951837226E-011
   60.5981250000000        -1.150554154169093E-011
   60.8118750000000        -1.148797006560266E-011
   61.0256250000000        -1.148249430971613E-011
   61.2393750000000        -1.149025485217728E-011
   61.4531250000000        -1.151190192126424E-011
   61.6668750000000        -1.154753477178435E-011
   61.8806250000000        -1.159717577975164E-011
   62.0943750000000        -1.166072250700276E-011
   62.3081250000000        -1.173824258784041E-011
   62.5218750000000        -1.182988243525929E-011
   62.7356250000000        -1.193586585987398E-011
   62.9493750000000        -1.205649198059308E-011
   63.1631250000000        -1.219191611679534E-011
   63.3768750000000        -1.234201586024126E-011
   63.5906250000000        -1.250633115988194E-011
   63.8043750000000        -1.268392680578187E-011
   64.0181250000000        -1.287338140197922E-011
   64.2318750000000        -1.307266404272300E-011
   64.4456250000000        -1.327926480895249E-011
   64.6593750000000        -1.349013354584917E-011
   64.8731250000000        -1.370178620967790E-011
   65.0868750000000        -1.391041780672695E-011
   65.3006250000000        -1.411201787959572E-011
   65.5143750000000        -1.430259154762101E-011
   65.7281250000000        -1.447839257777030E-011
   65.9418750000000        -1.463617983760251E-011
   66.1556250000000        -1.477358050861256E-011
   66.3693750000000        -1.488931270605811E-011
   66.5831250000000        -1.498348657339097E-011
   66.7968750000000        -1.505762560192814E-011
   67.0106250000000        -1.511481433715922E-011
   67.2243750000000        -1.515937943295297E-011
   67.4381250000000        -1.519665230141761E-011
   67.6518750000000        -1.523237778050120E-011
   67.8656250000000        -1.527223862071605E-011
   68.0793750000000        -1.532125402678176E-011
   68.2931250000000        -1.538317042483130E-011
   68.5068750000000        -1.546016434622015E-011
   68.7206250000000        -1.555259388741276E-011
   68.9343750000000        -1.565909236188503E-011
   69.1481250000000        -1.577684186086180E-011
   69.3618750000000        -1.590193623797798E-011
   69.5756250000000        -1.603010804927556E-011
   69.7893750000000        -1.615717302899710E-011
   70.0031250000000        -1.627958386187145E-011
   70.2168750000000        -1.639480590207466E-011
   70.4306250000000        -1.650140800056271E-011
   70.6443750000000        -1.659903250230091E-011
   70.8581250000000        -1.668815968386831E-011
   71.0718750000000        -1.676966951774250E-011
   71.2856250000000        -1.684454027683115E-011
   71.4993750000000        -1.691342953570459E-011
   71.7131250000000        -1.697651345527536E-011
   71.9268750000000        -1.703344649304199E-011
   72.1406250000000        -1.708345253473857E-011
   72.3543750000000        -1.712574063783307E-011
   72.5681250000000        -1.715969557485243E-011
   72.7818750000000        -1.718548331472203E-011
   72.9956250000000        -1.720406414289138E-011
   73.2093750000000        -1.721748977113304E-011
   73.4231250000000        -1.722870994856916E-011
   73.6368750000000        -1.724129243129497E-011
   73.8506250000000        -1.725897923676989E-011
   74.0643750000000        -1.728515919420367E-011
   74.2781250000000        -1.732238512145838E-011
   74.4918750000000        -1.737198198576029E-011
   74.7056250000000        -1.743394033784628E-011
   74.9193750000000        -1.750687359383698E-011
   75.1331250000000        -1.758843942639439E-011
   75.3468750000000        -1.767581700490293E-011
   75.5606250000000        -1.776619295721968E-011
   75.7743750000000        -1.785747982766753E-011
   75.9881250000000        -1.794867400800240E-011
   76.2018750000000        -1.804015669194286E-011
   76.4156250000000        -1.813369774365151E-011
   76.6293750000000        -1.823212768415175E-011
   76.8431250000000        -1.833896454269469E-011
   77.0568750000000        -1.845764014379445E-011
   77.2706250000000        -1.859096883654796E-011
   77.4843750000000        -1.874054690791477E-011
   77.6981250000000        -1.890629794265034E-011
   77.9118750000000        -1.908645043776365E-011
   78.1256250000000        -1.927755762750886E-011
   78.3393750000000        -1.947494817083967E-011
   78.5531250000000        -1.967327094243695E-011
   78.7668750000000        -1.986718092636798E-011
   78.9806250000000        -2.005198044261903E-011
   79.1943750000000        -2.022410995635416E-011
   79.4081250000000        -2.038161610616785E-011
   79.6218750000000        -2.052406750192879E-011
   79.8356250000000        -2.065264952944440E-011
   80.0493750000000        -2.076964718365265E-011
   80.2631250000000        -2.087811505304856E-011
   80.4768750000000        -2.098122095248180E-011
   80.6906250000000        -2.108186364617413E-011
   80.9043750000000        -2.118234378130684E-011
   81.1181250000000        -2.128402380285136E-011
   81.3318750000000        -2.138733990730190E-011
   81.5456250000000        -2.149208945672779E-011
   81.7593750000000        -2.159750102466972E-011
   81.9731250000000        -2.170273972592653E-011
   82.1868750000000        -2.180713653118726E-011
   82.4006250000000        -2.191056247650290E-011
   82.6143750000000        -2.201350196250260E-011
   82.8281250000000        -2.211711390135010E-011
   83.0418750000000        -2.222304458633652E-011
   83.2556250000000        -2.233327860440504E-011
   83.4693750000000        -2.244965006162313E-011
   83.6831250000000        -2.257358369482085E-011
   83.8968750000000        -2.270579250837799E-011
   84.1106250000000        -2.284591396941852E-011
   84.3243750000000        -2.299267871834817E-011
   84.5381250000000        -2.314376390282850E-011
   84.7518750000000        -2.329602596279087E-011
   84.9656250000000        -2.344594238511834E-011
   85.1793750000000        -2.358990060272184E-011
   85.3931250000000        -2.372475434957014E-011
   85.6068750000000        -2.384790680064511E-011
   85.8206250000000        -2.395780994946218E-011
   86.0343750000000        -2.405392594406995E-011
   86.2481250000000        -2.413674332000890E-011
   86.4618750000000        -2.420772115822888E-011
   86.6756250000000        -2.426873005040932E-011
   86.8893750000000        -2.432203470595925E-011
   87.1031250000000        -2.436976492498114E-011
   87.3168750000000        -2.441379031499850E-011
   87.5306250000000        -2.445539188457750E-011
   87.7443750000000        -2.449537801070552E-011
   87.9581250000000        -2.453411266380123E-011
   88.1718750000000        -2.457164801799204E-011
   88.3856250000000        -2.460808278862497E-011
   88.5993750000000        -2.464379513236146E-011
   88.8131250000000        -2.467957492421999E-011
   89.0268750000000        -2.471701591188843E-011
   89.2406250000000        -2.475825044906828E-011
   89.4543750000000        -2.480607822768519E-011
   89.6681250000000        -2.486352659617869E-011
   89.8818750000000        -2.493370320076613E-011
   90.0956250000000        -2.501932619890489E-011
   90.3093750000000        -2.512241254445679E-011
   90.5231250000000        -2.524401871443188E-011
   90.7368750000000        -2.538405158036623E-011
   90.9506250000000        -2.554122209164867E-011
   91.1643750000000        -2.571331354238214E-011
   91.3781250000000        -2.589726527327496E-011
   91.5918750000000        -2.608964954744415E-011
   91.8056250000000        -2.628697119145865E-011
   92.0193750000000        -2.648607393872049E-011
   92.2331250000000        -2.668435136011377E-011
   92.4468750000000        -2.688002440267577E-011
   92.6606250000000        -2.707207142670852E-011
   92.8743750000000        -2.726018184298165E-011
   93.0881250000000        -2.744460341326190E-011
   93.3018750000000        -2.762576445363804E-011
   93.5156250000000        -2.780404162010251E-011
   93.7293750000000        -2.797948041545235E-011
   93.9431250000000        -2.815169514339758E-011
   94.1568750000000        -2.831957498584628E-011
   94.3706250000000        -2.848154647489276E-011
   94.5843750000000        -2.863572981058431E-011
   94.7981250000000        -2.878008480774283E-011
   95.0118750000000        -2.891292757156330E-011
   95.2256250000000        -2.903325802719851E-011
   95.4393750000000        -2.914096722854925E-011
   95.6531250000000        -2.923735344433592E-011
   95.8668750000000        -2.932496358841252E-011
   96.0806250000000        -2.940756757723025E-011
   96.2943750000000        -2.949010678531832E-011
   96.5081250000000        -2.957802167861405E-011
   96.7218750000000        -2.967689707642918E-011
   96.9356250000000        -2.979193268693728E-011
   97.1493750000000        -2.992718332374868E-011
   97.3631250000000        -3.008517573046290E-011
   97.5768750000000        -3.026660617298247E-011
   97.7906250000000        -3.047021817286185E-011
   98.0043750000000        -3.069285940575744E-011
   98.2181250000000        -3.092971390049293E-011
   98.4318750000000        -3.117499628110191E-011
   98.6456250000000        -3.142237448842117E-011
   98.8593750000000        -3.166572569907925E-011
   99.0731250000000        -3.189952656990747E-011
   99.2868750000000        -3.211951026663816E-011
   99.5006250000000        -3.232265389868799E-011
   99.7143750000000        -3.250737312136651E-011
   99.9281250000000        -3.267303812526186E-011
   100.141875000000        -3.281992710174723E-011
   100.355625000000        -3.294861289140259E-011
   100.569375000000        -3.305948202386029E-011
   100.783125000000        -3.315258679074245E-011
   100.996875000000        -3.322747782559378E-011
   101.210625000000        -3.328329152319238E-011
   101.424375000000        -3.331916451613001E-011
   101.638125000000        -3.333460455823372E-011
   101.851875000000        -3.333024978955228E-011
   102.065625000000        -3.330825918241805E-011
   102.279375000000        -3.327273093611071E-011
   102.493125000000        -3.322983639907129E-011
   102.706875000000        -3.318760034269424E-011
   102.920625000000        -3.315534282648131E-011
   103.134375000000        -3.314294078039028E-011
   103.348125000000        -3.315970079900086E-011
   103.561875000000        -3.321344751290368E-011
   103.775625000000        -3.330952766122998E-011
   103.989375000000        -3.345008227994882E-011
   104.203125000000        -3.363376757254997E-011
   104.416875000000        -3.385574568916964E-011
   104.630625000000        -3.410826076348047E-011
   104.844375000000        -3.438138585912671E-011
   105.058125000000        -3.466410221852157E-011
   105.271875000000        -3.494547055147219E-011
   105.485625000000        -3.521573440901131E-011
   105.699375000000        -3.546723118697006E-011
   105.913125000000        -3.569490782151319E-011
   106.126875000000        -3.589667589265167E-011
   106.340625000000        -3.607316581777301E-011
   106.554375000000        -3.622747126539853E-011
   106.768125000000        -3.636431918921730E-011
   106.981875000000        -3.648941874317924E-011
   107.195625000000        -3.660864771349403E-011
   107.409375000000        -3.672738389090956E-011
   107.623125000000        -3.684997347390908E-011
   107.836875000000        -3.697939241804311E-011
   108.050625000000        -3.711717476291498E-011
   108.264375000000        -3.726330885005238E-011
   108.478125000000        -3.741666479361266E-011
   108.691875000000        -3.757507161116234E-011
   108.905625000000        -3.773577442244119E-011
   109.119375000000        -3.789573530385929E-011
   109.333125000000        -3.805191984648649E-011
   109.546875000000        -3.820165712955015E-011
   109.760625000000        -3.834292596818783E-011
   109.974375000000        -3.847457247970643E-011
   110.188125000000        -3.859643165659186E-011
   110.401875000000        -3.870961050535082E-011
   110.615625000000        -3.881650414961372E-011
   110.829375000000        -3.892071911999705E-011
   111.043125000000        -3.902712124103091E-011
   111.256875000000        -3.914146908704119E-011
   111.470625000000        -3.927016846607554E-011
   111.684375000000        -3.941978705706331E-011
   111.898125000000        -3.959674039473882E-011
   112.111875000000        -3.980656319526518E-011
   112.325625000000        -4.005358133301307E-011
   112.539375000000        -4.034045603744992E-011
   112.753125000000        -4.066784255533296E-011
   112.966875000000        -4.103426347936397E-011
   113.180625000000        -4.143593023380560E-011
   113.394375000000        -4.186684522895004E-011
   113.608125000000        -4.231894165569877E-011
   113.821875000000        -4.278226374286260E-011
   114.035625000000        -4.324525474490458E-011
   114.249375000000        -4.369516927464127E-011
   114.463125000000        -4.411831522957362E-011
   114.676875000000        -4.450065227280934E-011
   114.890625000000        -4.482830389601849E-011
   115.104375000000        -4.508822727061329E-011
   115.318125000000        -4.526887075181227E-011
   115.531875000000        -4.536114437437544E-011
   115.745625000000        -4.535912668109350E-011
   115.959375000000        -4.526094968341185E-011
   116.173125000000        -4.506951956881744E-011
   116.386875000000        -4.479300436723511E-011
   116.600625000000        -4.444491622541877E-011
   116.814375000000        -4.404419563343926E-011
   117.028125000000        -4.361422758273385E-011
   117.241875000000        -4.318221875975664E-011
   117.455625000000        -4.277753305947017E-011
   117.669375000000        -4.243028518505434E-011
   117.883125000000        -4.216932102837777E-011
   118.096875000000        -4.202054878284619E-011
   118.310625000000        -4.200526394347656E-011
   118.524375000000        -4.213872640919481E-011
   118.738125000000        -4.242914204435780E-011
   118.951875000000        -4.287715751515533E-011
   119.165625000000        -4.347568111987603E-011
   119.379375000000        -4.421030002964436E-011
   119.593125000000        -4.505988148341616E-011
   119.806875000000        -4.599776061404909E-011
   120.020625000000        -4.699281036272773E-011
   120.234375000000        -4.801081666374636E-011
   120.448125000000        -4.901598119314896E-011
   120.661875000000        -4.997212195457352E-011
   120.875625000000        -5.084416528030827E-011
   121.089375000000        -5.159944945332526E-011
   121.303125000000        -5.220893539494204E-011
   121.516875000000        -5.264844337451798E-011
   121.730625000000        -5.289991287786736E-011
   121.944375000000        -5.295238196113338E-011
   122.158125000000        -5.280291467549039E-011
   122.371875000000        -5.245751785262517E-011
   122.585625000000        -5.193124571811783E-011
   122.799375000000        -5.124846125928046E-011
   123.013125000000        -5.044225975554412E-011
   123.226875000000        -4.955352158924286E-011
   123.440625000000        -4.862936886894298E-011
   123.654375000000        -4.772122856042167E-011
   123.868125000000        -4.688236187566839E-011
   124.081875000000        -4.616525417730171E-011
   124.295625000000        -4.561881008808314E-011
   124.509375000000        -4.528575090186951E-011
   124.723125000000        -4.520010569247816E-011
   124.936875000000        -4.538523523557421E-011
   125.150625000000        -4.585241318450819E-011
   125.364375000000        -4.659987432049900E-011
   125.578125000000        -4.761266937202228E-011
   125.791875000000        -4.886309742169364E-011
   126.005625000000        -5.031163184033606E-011
   126.219375000000        -5.190862032303514E-011
   126.433125000000        -5.359604463785188E-011
   126.646875000000        -5.531017278789034E-011
   126.860625000000        -5.698391974164377E-011
   127.074375000000        -5.854985261127795E-011
   127.288125000000        -5.994307342851600E-011
   127.501875000000        -6.110425929154231E-011
   127.715625000000        -6.198267844962203E-011
   127.929375000000        -6.253868998664742E-011
   128.143125000000        -6.274643956690747E-011
   128.356875000000        -6.259562726793084E-011
   128.570625000000        -6.209274910971395E-011
   128.784375000000        -6.126157320842924E-011
   128.998125000000        -6.014268168029514E-011
   129.211875000000        -5.879205491900528E-011
   129.425625000000        -5.727866060858674E-011
   129.639375000000        -5.568123090595065E-011
   129.853125000000        -5.408434587624998E-011
   130.066875000000        -5.257408872701225E-011
   130.280625000000        -5.123356464343108E-011
   130.494375000000        -5.013850697082255E-011
   130.708125000000        -4.935342575783180E-011
   130.921875000000        -4.892830651564402E-011
   131.135625000000        -4.889634865054724E-011
   131.349375000000        -4.927248440220884E-011
   131.563125000000        -5.005291737816038E-011
   131.776875000000        -5.121588694480222E-011
   131.990625000000        -5.272265370556909E-011
   132.204375000000        -5.451980174687204E-011
   132.418125000000        -5.654163645336003E-011
   132.631875000000        -5.871293942297107E-011
   132.845625000000        -6.095228152946196E-011
   133.059375000000        -6.317510551096517E-011
   133.273125000000        -6.529707581527885E-011
   133.486875000000        -6.723738972877545E-011
   133.700625000000        -6.892192267884746E-011
   133.914375000000        -7.028635175508468E-011
   134.128125000000        -7.127903752675294E-011
   134.341875000000        -7.186347623331926E-011
   134.555625000000        -7.202045551908940E-011
   134.769375000000        -7.174915860294550E-011
   134.983125000000        -7.106800299745776E-011
   135.196875000000        -7.001402606259518E-011
   135.410625000000        -6.864173557142065E-011
   135.624375000000        -6.702068753589149E-011
   135.838125000000        -6.523225275276203E-011
   136.051875000000        -6.336579677992647E-011
   136.265625000000        -6.151396882431216E-011
   136.479375000000        -5.976831662692717E-011
   136.693125000000        -5.821441951378047E-011
   136.906875000000        -5.692787962428627E-011
   137.120625000000        -5.597058220942051E-011
   137.334375000000        -5.538802769762232E-011
   137.548125000000        -5.520748701143491E-011
   137.761875000000        -5.543730146875713E-011
   137.975625000000        -5.606712129675671E-011
   138.189375000000        -5.706900137773091E-011
   138.403125000000        -5.839928550155068E-011
   138.616875000000        -6.000122970897719E-011
   138.830625000000        -6.180780568901239E-011
   139.044375000000        -6.374493411851554E-011
   139.258125000000        -6.573467775807904E-011
   139.471875000000        -6.769852053255247E-011
   139.685625000000        -6.956049905303556E-011
   139.899375000000        -7.124995897216033E-011
   140.113125000000        -7.270418090951181E-011
   140.326875000000        -7.387066281875706E-011
   140.540625000000        -7.470898103750086E-011
   140.754375000000        -7.519218153215951E-011
   140.968125000000        -7.530773091547190E-011
   141.181875000000        -7.505799873786218E-011
   141.395625000000        -7.446003895624141E-011
   141.609375000000        -7.354488235089877E-011
   141.823125000000        -7.235618256963781E-011
   142.036875000000        -7.094833034513983E-011
   142.250625000000        -6.938405750356451E-011
   142.464375000000        -6.773167522995501E-011
   142.678125000000        -6.606195966445384E-011
   142.891875000000        -6.444510547224071E-011
   143.105625000000        -6.294750474373182E-011
   143.319375000000        -6.162907791391217E-011
   143.533125000000        -6.054062448533648E-011
   143.746875000000        -5.972209239942015E-011
   143.960625000000        -5.920110641106132E-011
   144.174375000000        -5.899233570937430E-011
   144.388125000000        -5.909745304704006E-011
   144.601875000000        -5.950569029492483E-011
   144.815625000000        -6.019486720518508E-011
   145.029375000000        -6.113287949554426E-011
   145.243125000000        -6.227944252668795E-011
   145.456875000000        -6.358798551123254E-011
   145.670625000000        -6.500764290207479E-011
   145.884375000000        -6.648527499334473E-011
   146.098125000000        -6.796727037455806E-011
   146.311875000000        -6.940147866625522E-011
   146.525625000000        -7.073870584893682E-011
   146.739375000000        -7.193433852497906E-011
   146.953125000000        -7.294952477405879E-011
   147.166875000000        -7.375242626638015E-011
   147.380625000000        -7.431900508737050E-011
   147.594375000000        -7.463373321156028E-011
   147.808125000000        -7.468995686806778E-011
   148.021875000000        -7.448999214155732E-011
   148.235625000000        -7.404485586390352E-011
   148.449375000000        -7.337374730369551E-011
   148.663125000000        -7.250328841428451E-011
   148.876875000000        -7.146638478944482E-011
   149.090625000000        -7.030105110539114E-011
   149.304375000000        -6.904906937209804E-011
   149.518125000000        -6.775459075183300E-011
   149.731875000000        -6.646271440523760E-011
   149.945625000000        -6.521817503210666E-011
   150.159375000000        -6.406412919511852E-011
   150.373125000000        -6.304079986161746E-011
   150.586875000000        -6.218450509193484E-011
   150.800625000000        -6.152658813980045E-011
   151.014375000000        -6.109226284256492E-011
   151.228125000000        -6.089998386403231E-011
   151.441875000000        -6.096047089217276E-011
   151.655625000000        -6.127610176030442E-011
   151.869375000000        -6.184048366192385E-011
   152.083125000000        -6.263849219777670E-011
   152.296875000000        -6.364615554417828E-011
   152.510625000000        -6.483156808051091E-011
   152.724375000000        -6.615555869652061E-011
   152.938125000000        -6.757329180487925E-011
   153.151875000000        -6.903566481732352E-011
   153.365625000000        -7.049145273810606E-011
   153.579375000000        -7.188900927637425E-011
   153.793125000000        -7.317860634545935E-011
   154.006875000000        -7.431417940053087E-011
   154.220625000000        -7.525515721226009E-011
   154.434375000000        -7.596803555608138E-011
   154.648125000000        -7.642762560470281E-011
   154.861875000000        -7.661792901296796E-011
   155.075625000000        -7.653282616665988E-011
   155.289375000000        -7.617629356091734E-011
   155.503125000000        -7.556244522199923E-011
   155.716875000000        -7.471498369323608E-011
   155.930625000000        -7.366673018083538E-011
   156.144375000000        -7.245820075361772E-011
   156.358125000000        -7.113647259949954E-011
   156.571875000000        -6.975319628197799E-011
   156.785625000000        -6.836258748810736E-011
   156.999375000000        -6.701914181608757E-011
   157.213125000000        -6.577509132365598E-011
   157.426875000000        -6.467821013164373E-011
   157.640625000000        -6.376933430278151E-011
   157.854375000000        -6.308065778442710E-011
   158.068125000000        -6.263423050879697E-011
   158.281875000000        -6.244110623596317E-011
   158.495625000000        -6.250137440411363E-011
   158.709375000000        -6.280439190755937E-011
   158.923125000000        -6.333005419613659E-011
   159.136875000000        -6.405045728727423E-011
   159.350625000000        -6.493170396000630E-011
   159.564375000000        -6.593618683269390E-011
   159.778125000000        -6.702466980341613E-011
   159.991875000000        -6.815842236792715E-011
   160.205625000000        -6.930061752491179E-011
   160.419375000000        -7.041799133068440E-011
   160.633125000000        -7.148149267575097E-011
   160.846875000000        -7.246677047121113E-011
   161.060625000000        -7.335437038544362E-011
   161.274375000000        -7.412927040632728E-011
   161.488125000000        -7.478057084658196E-011
   161.701875000000        -7.530083780582464E-011
   161.915625000000        -7.568553664328174E-011
   162.129375000000        -7.593222707218599E-011
   162.343125000000        -7.604034522776652E-011
   162.556875000000        -7.601068222322705E-011
   162.770625000000        -7.584532294774130E-011
   162.984375000000        -7.554760530908241E-011
   163.198125000000        -7.512235398235126E-011
   163.411875000000        -7.457609958515432E-011
   163.625625000000        -7.391748542438615E-011
   163.839375000000        -7.315770354636418E-011
   164.053125000000        -7.231079336835308E-011
   164.266875000000        -7.139379706693244E-011
   164.480625000000        -7.042698055499899E-011
   164.694375000000        -6.943354950358814E-011
   164.908125000000        -6.843929563738847E-011
   165.121875000000        -6.747185096654987E-011
   165.335625000000        -6.655979018830318E-011
   165.549375000000        -6.573156140911592E-011
   165.763125000000        -6.501425140136612E-011
   165.976875000000        -6.443217269240089E-011
   166.190625000000        -6.400592410181875E-011
   166.404375000000        -6.375128367855113E-011
   166.618125000000        -6.367852712007583E-011
   166.831875000000        -6.379207382179631E-011
   167.045625000000        -6.409052960390749E-011
   167.259375000000        -6.456712625767190E-011
   167.473125000000        -6.521048625839523E-011
   167.686875000000        -6.600549893346899E-011
   167.900625000000        -6.693456257780659E-011
   168.114375000000        -6.797860158153309E-011
   168.328125000000        -6.911801135453845E-011
   168.541875000000        -7.033310820395354E-011
   168.755625000000        -7.160471311806463E-011
   168.969375000000        -7.291375461223726E-011
   169.183125000000        -7.424073450502966E-011
   169.396875000000        -7.556482391380147E-011
   169.610625000000        -7.686295453192309E-011
   169.824375000000        -7.810852677491044E-011
   170.038125000000        -7.927058884784166E-011
   170.251875000000        -8.031332036894473E-011
   170.465625000000        -8.119630986586719E-011
   170.679375000000        -8.187516316636764E-011
   170.893125000000        -8.230331356497409E-011
   171.106875000000        -8.243450637442851E-011
   171.320625000000        -8.222597347403516E-011
   171.534375000000        -8.164210085274004E-011
   171.748125000000        -8.065835770341998E-011
   171.961875000000        -7.926517562309278E-011
   172.175625000000        -7.747129339777865E-011
   172.389375000000        -7.530630578247535E-011
   172.603125000000        -7.282213196805266E-011
   172.816875000000        -7.009299440322894E-011
   173.030625000000        -6.721397821998556E-011
   173.244375000000        -6.429784016350606E-011
   173.458125000000        -6.147048041690127E-011
   173.671875000000        -5.886489643637458E-011
   173.885625000000        -5.661446591018057E-011
   174.099375000000        -5.484519920520714E-011
   174.313125000000        -5.366821522929576E-011
   174.526875000000        -5.317253296371173E-011
   174.740625000000        -5.341840089842701E-011
   174.954375000000        -5.443247302567165E-011
   175.168125000000        -5.620421990016786E-011
   175.381875000000        -5.868468501421524E-011
   175.595625000000        -6.178731254153378E-011
   175.809375000000        -6.539092424198960E-011
   176.023125000000        -6.934518060543102E-011
   176.236875000000        -7.347743406086503E-011
   176.450625000000        -7.760169792744200E-011
   176.664375000000        -8.152818957902498E-011
   176.878125000000        -8.507359688602424E-011
   177.091875000000        -8.807101691501577E-011
   177.305625000000        -9.037938605726824E-011
   177.519375000000        -9.189115163311014E-011
   177.733125000000        -9.253831720898748E-011
   177.946875000000        -9.229605136792291E-011
   178.160625000000        -9.118393039688734E-011
   178.374375000000        -8.926442772972354E-011
   178.588125000000        -8.663912756382875E-011
   178.801875000000        -8.344256014003785E-011
   179.015625000000        -7.983449502518274E-011
   179.229375000000        -7.599082766432016E-011
   179.443125000000        -7.209406273719157E-011
   179.656875000000        -6.832342585381350E-011
   179.870625000000        -6.484602983109761E-011
   180.084375000000        -6.180870419767357E-011
   180.298125000000        -5.933141842194114E-011
   180.511875000000        -5.750266745374444E-011
   180.725625000000        -5.637655089405462E-011
   180.939375000000        -5.597205713291605E-011
   181.153125000000        -5.627396273288192E-011
   181.366875000000        -5.723555095830688E-011
   181.580625000000        -5.878277969773079E-011
   181.794375000000        -6.081924925469368E-011
   182.008125000000        -6.323215417262657E-011
   182.221875000000        -6.589834685069119E-011
   182.435625000000        -6.869045345634968E-011
   182.649375000000        -7.148262235126252E-011
   182.863125000000        -7.415570323717000E-011
   183.076875000000        -7.660168527686726E-011
   183.290625000000        -7.872722851861133E-011
   183.504375000000        -8.045629780548538E-011
   183.718125000000        -8.173186114720433E-011
   183.931875000000        -8.251696929873834E-011
   184.145625000000        -8.279485746849880E-011
   184.359375000000        -8.256866444331693E-011
   184.573125000000        -8.186058523949410E-011
   184.786875000000        -8.071068211753574E-011
   185.000625000000        -7.917526939819050E-011
   185.214375000000        -7.732506581822472E-011
   185.428125000000        -7.524298666654184E-011
   185.641875000000        -7.302152567076423E-011
   185.855625000000        -7.075979368775199E-011
   186.069375000000        -6.856001662703835E-011
   186.283125000000        -6.652393848312868E-011
   186.496875000000        -6.474835798119563E-011
   186.710625000000        -6.332118326903690E-011
   186.924375000000        -6.231697423282532E-011
   187.138125000000        -6.179308953711902E-011
   187.351875000000        -6.178617466107135E-011
   187.565625000000        -6.230956438166457E-011
   187.779375000000        -6.335196180030309E-011
   187.993125000000        -6.487700636460479E-011
   188.206875000000        -6.682448483301239E-011
   188.420625000000        -6.911295889135011E-011
   188.634375000000        -7.164338963478567E-011
   188.848125000000        -7.430423305933581E-011
   189.061875000000        -7.697708511658341E-011
   189.275625000000        -7.954278324590792E-011
   189.489375000000        -8.188794338445513E-011
   189.703125000000        -8.391073870055753E-011
   189.916875000000        -8.552628234452546E-011
   190.130625000000        -8.667095328471882E-011
   190.344375000000        -8.730535571959469E-011
   190.558125000000        -8.741583164880366E-011
   190.771875000000        -8.701448944876790E-011
   190.985625000000        -8.613743797930943E-011
   191.199375000000        -8.484163887111889E-011
   191.413125000000        -8.320057758635218E-011
   191.626875000000        -8.129854455580621E-011
   191.840625000000        -7.922487254397917E-011
   192.054375000000        -7.706736937153953E-011
   192.268125000000        -7.490649833558370E-011
   192.481875000000        -7.280997357544793E-011
   192.695625000000        -7.082865609641148E-011
   192.909375000000        -6.899395654996827E-011
   193.123125000000        -6.731694684923988E-011
   193.336875000000        -6.578932514002124E-011
   193.550625000000        -6.438629873819737E-011
   193.764375000000        -6.307094355449308E-011
   193.978125000000        -6.179995064552960E-011
   194.191875000000        -6.053002363658063E-011
   194.405625000000        -5.922476099274575E-011
   194.619375000000        -5.786085255214698E-011
   194.833125000000        -5.643371404225684E-011
   195.046875000000        -5.496128613955660E-011
   195.260625000000        -5.348642128510608E-011
   195.474375000000        -5.207672170822017E-011
   195.688125000000        -5.082257250640152E-011
   195.901875000000        -4.983278582922163E-011
   196.115625000000        -4.922837225650023E-011
   196.329375000000        -4.913502509772678E-011
   196.543125000000        -4.967420347654755E-011
   196.756875000000        -5.095398646920269E-011
   196.970625000000        -5.306000215486239E-011
   197.184375000000        -5.604709381902787E-011
   197.398125000000        -5.993214318074443E-011
   197.611875000000        -6.468871658701641E-011
   197.825625000000        -7.024391776576186E-011
   198.039375000000        -7.647745462721661E-011
   198.253125000000        -8.322373840662035E-011
   198.466875000000        -9.027590782370762E-011
   198.680625000000        -9.739315129019432E-011
   198.894375000000        -1.043096021457816E-010
   199.108125000000        -1.107456580819529E-010
   199.321875000000        -1.164202880696563E-010
   199.535625000000        -1.210644143457872E-010
   199.749375000000        -1.244343569455380E-010
   199.963125000000        -1.263246969471570E-010
   200.176875000000        -1.265798814543531E-010
   200.390625000000        -1.251039623894570E-010
   200.604375000000        -1.218675717566264E-010
   200.818125000000        -1.169120701646785E-010
   201.031875000000        -1.103502100739409E-010
   201.245625000000        -1.023630685456955E-010
   201.459375000000        -9.319405319931790E-011
   201.673125000000        -8.313881197112546E-011
   201.886875000000        -7.253319351157937E-011
   202.100625000000        -6.173851152346880E-011
   202.314375000000        -5.112569580400626E-011
   202.528125000000        -4.105866882797856E-011
   202.741875000000        -3.187839688348069E-011
   202.955625000000        -2.388796021971827E-011
   203.169375000000        -1.733965700227843E-011
   203.383125000000        -1.242489871227932E-011
   203.596875000000        -9.267400945544412E-012
   203.810625000000        -7.919639292138293E-012
   204.024375000000        -8.362930823050993E-012
   204.238125000000        -1.051132174492960E-011
   204.451875000000        -1.421811952920316E-011
   204.665625000000        -1.928540467808507E-011
   204.879375000000        -2.547552120390783E-011
   205.093125000000        -3.252388301364892E-011
   205.306875000000        -4.015230808751340E-011
   205.520625000000        -4.808224369947691E-011
   205.734375000000        -5.604705677842286E-011
   205.948125000000        -6.380289936687266E-011
   206.161875000000        -7.113761204453657E-011
   206.375625000000        -7.787717069107725E-011
   206.589375000000        -8.388980610637894E-011
   206.803125000000        -8.908737638336873E-011
   207.016875000000        -9.342452477474642E-011
   207.230625000000        -9.689554448114596E-011
   207.444375000000        -9.952940843725848E-011
   207.658125000000        -1.013837947498967E-010
   207.871875000000        -1.025379720139879E-010
   208.085625000000        -1.030856512377923E-010
   208.299375000000        -1.031279528814645E-010
   208.513125000000        -1.027669186353788E-010
   208.726875000000        -1.021001844757978E-010
   208.940625000000        -1.012164578718044E-010
   209.154375000000        -1.001925416933462E-010
   209.368125000000        -9.909130840016210E-011
   209.581875000000        -9.796073080550004E-011
   209.795625000000        -9.683420279420676E-011
   210.009375000000        -9.573073427687208E-011
   210.223125000000        -9.465660644294610E-011
   210.436875000000        -9.360649948096186E-011
   210.650625000000        -9.256519145041367E-011
   210.864375000000        -9.150903131116788E-011
   211.078125000000        -9.040784090220435E-011
   211.291875000000        -8.922636033192672E-011
   211.505625000000        -8.792607730309349E-011
   211.719375000000        -8.646711501971769E-011
   211.933125000000        -8.481013520333858E-011
   212.146875000000        -8.291848576741387E-011
   212.360625000000        -8.076050786137351E-011
   212.574375000000        -7.831159497057062E-011
   212.788125000000        -7.555641243481317E-011
   213.001875000000        -7.249080631587780E-011
   213.215625000000        -6.912339354093171E-011
   213.429375000000        -6.547654937110735E-011
   213.643125000000        -6.158717904204948E-011
   213.856875000000        -5.750652982134259E-011
   214.070625000000        -5.329951803014579E-011
   214.284375000000        -4.904343692707709E-011
   214.498125000000        -4.482616883327116E-011
   214.711875000000        -4.074366678780564E-011
   214.925625000000        -3.689724445812624E-011
   215.139375000000        -3.339019791280317E-011
   215.353125000000        -3.032453581341488E-011
   215.566875000000        -2.779719364539491E-011
   215.780625000000        -2.589654568110470E-011
   215.994375000000        -2.469875128786043E-011
   216.208125000000        -2.426455076059093E-011
   216.421875000000        -2.463646636610549E-011
   216.635625000000        -2.583654440015398E-011
   216.849375000000        -2.786495171350870E-011
   217.063125000000        -3.069927609298295E-011
   217.276875000000        -3.429480322500982E-011
   217.490625000000        -3.858594992042565E-011
   217.704375000000        -4.348818080243591E-011
   217.918125000000        -4.890077897217451E-011
   218.131875000000        -5.471061221670658E-011
   218.345625000000        -6.079553453898194E-011
   218.559375000000        -6.702848700054802E-011
   218.773125000000        -7.328123289912260E-011
   218.986875000000        -7.942834742137807E-011
   219.200625000000        -8.534995744765359E-011
   219.414375000000        -9.093513963741847E-011
   219.628125000000        -9.608437338280070E-011
   219.841875000000        -1.007114087038023E-010
   220.055625000000        -1.047454652502619E-010
   220.269375000000        -1.081323978763163E-010
   220.483125000000        -1.108362361307116E-010
   220.696875000000        -1.128397427207953E-010
   220.910625000000        -1.141450370164871E-010
   221.124375000000        -1.147734001771040E-010
   221.338125000000        -1.147645033540672E-010
   221.551875000000        -1.141748935205415E-010
   221.765625000000        -1.130755679091466E-010
   221.979375000000        -1.115484856119294E-010
   222.193125000000        -1.096826461617984E-010
   222.406875000000        -1.075690648161477E-010
   222.620625000000        -1.052957740309125E-010
   222.834375000000        -1.029424132769447E-010
   223.048125000000        -1.005754929095524E-010
   223.261875000000        -9.824389884857710E-011
   223.475625000000        -9.597600578535221E-011
   223.689375000000        -9.377788641349017E-011
   223.903125000000        -9.163323101483341E-011
   224.116875000000        -8.950485440805081E-011
   224.330625000000        -8.733828010156851E-011
   224.544375000000        -8.506636752884753E-011
   224.758125000000        -8.261549568069640E-011
   224.971875000000        -7.991253030124933E-011
   225.185625000000        -7.689209311625061E-011
   225.399375000000        -7.350392848363658E-011
   225.613125000000        -6.971938460229822E-011
   225.826875000000        -6.553699651556075E-011
   226.040625000000        -6.098637472497500E-011
   226.254375000000        -5.613018690041573E-011
   226.468125000000        -5.106408695729399E-011
   226.681875000000        -4.591428903809865E-011
   226.895625000000        -4.083302634592014E-011
   227.109375000000        -3.599195814459921E-011
   227.323125000000        -3.157376418625100E-011
   227.536875000000        -2.776267071114269E-011
   227.750625000000        -2.473431805303800E-011
   227.964375000000        -2.264541578787462E-011
   228.178125000000        -2.162438316894610E-011
   228.391875000000        -2.176282336625264E-011
   228.605625000000        -2.310925129558248E-011
   228.819375000000        -2.566502126975573E-011
   229.033125000000        -2.938285076561821E-011
   229.246875000000        -3.416815677355940E-011
   229.460625000000        -3.988319337260634E-011
   229.674375000000        -4.635355639245666E-011
   229.888125000000        -5.337689486083267E-011
   230.101875000000        -6.073282912942849E-011
   230.315625000000        -6.819406507345855E-011
   230.529375000000        -7.553718387950107E-011
   230.743125000000        -8.255331501829970E-011
   230.956875000000        -8.905713234167230E-011
   231.170625000000        -9.489437372038541E-011
   231.384375000000        -9.994721149531173E-011
   231.598125000000        -1.041369735263537E-010
   231.811875000000        -1.074251345672074E-010
   232.025625000000        -1.098114457557399E-010
   232.239375000000        -1.113303431115220E-010
   232.453125000000        -1.120460425851361E-010
   232.666875000000        -1.120462306837018E-010
   232.880625000000        -1.114352642760771E-010
   233.094375000000        -1.103273318722331E-010
   233.308125000000        -1.088400245038062E-010
   233.521875000000        -1.070883565138567E-010
   233.735625000000        -1.051798560811454E-010
   233.949375000000        -1.032108337211439E-010
   234.163125000000        -1.012635141115098E-010
   234.376875000000        -9.940469799764101E-011
   234.590625000000        -9.768507599753842E-011
   234.804375000000        -9.613964468748016E-011
   235.018125000000        -9.478882085183584E-011
   235.231875000000        -9.363993172196212E-011
   235.445625000000        -9.268932156610677E-011
   235.659375000000        -9.192464435617708E-011
   235.873125000000        -9.132714931547181E-011
   236.086875000000        -9.087407642355419E-011
   236.300625000000        -9.054102568500223E-011
   236.514375000000        -9.030405040906410E-011
   236.728125000000        -9.014164364981052E-011
   236.941875000000        -9.003634691432524E-011
   237.155625000000        -8.997608686040958E-011
   237.369375000000        -8.995508782759484E-011
   237.583125000000        -8.997429204991030E-011
   237.796875000000        -9.004131157071689E-011
   238.010625000000        -9.016982448522446E-011
   238.224375000000        -9.037882617968219E-011
   238.438125000000        -9.069081011146841E-011
   238.651875000000        -9.113011021617294E-011
   238.865625000000        -9.172078315592038E-011
   239.079375000000        -9.248425257509391E-011
   239.293125000000        -9.343707384027325E-011
   239.506875000000        -9.458878275949226E-011
   239.720625000000        -9.593996423981357E-011
   239.934375000000        -9.748082932080013E-011
   240.148125000000        -9.919016699342920E-011
   240.361875000000        -1.010351734876056E-010
   240.575625000000        -1.029717161955255E-010
   240.789375000000        -1.049454270780211E-010
   241.003125000000        -1.068933685793672E-010
   241.216875000000        -1.087465941063023E-010
   241.430625000000        -1.104326436779340E-010
   241.644375000000        -1.118789884539469E-010
   241.858125000000        -1.130164459776010E-010
   242.071875000000        -1.137824815158820E-010
   242.285625000000        -1.141244662435233E-010
   242.499375000000        -1.140026203165297E-010
   242.713125000000        -1.133924907522095E-010
   242.926875000000        -1.122865666871696E-010
   243.140625000000        -1.106955019549458E-010
   243.354375000000        -1.086484491041219E-010
   243.568125000000        -1.061926496494693E-010
   243.781875000000        -1.033925109560922E-010
   243.995625000000        -1.003278947691544E-010
   244.209375000000        -9.709201871548930E-011
   244.423125000000        -9.378885856802721E-011
   244.636875000000        -9.053065503154340E-011
   244.850625000000        -8.743472375356996E-011
   245.064375000000        -8.462053173281839E-011
   245.278125000000        -8.220672126502892E-011
   245.491875000000        -8.030808399654632E-011
   245.705625000000        -7.903287839063137E-011
   245.919375000000        -7.847979323684400E-011
   246.133125000000        -7.873551672515673E-011
   246.346875000000        -7.987209356758992E-011
   246.560625000000        -8.194480349666907E-011
   246.774375000000        -8.498993626258631E-011
   246.988125000000        -8.902300380540722E-011
   247.201875000000        -9.403740659753407E-011
   247.415625000000        -1.000033924972384E-010
   247.629375000000        -1.068675134229446E-010
   247.843125000000        -1.145528596663807E-010
   248.056875000000        -1.229599592580845E-010
   248.270625000000        -1.319683301484478E-010
   248.484375000000        -1.414390626717099E-010
   248.698125000000        -1.512177105794600E-010
   248.911875000000        -1.611388342331863E-010
   249.125625000000        -1.710299624685711E-010
   249.339375000000        -1.807171301100544E-010
   249.553125000000        -1.900302656261600E-010
   249.766875000000        -1.988083676724209E-010
   249.980625000000        -2.069049165476901E-010
   250.194375000000        -2.141926124352295E-010
   250.408125000000        -2.205674507135821E-010
   250.621875000000        -2.259516356837912E-010
   250.835625000000        -2.302956373276141E-010
   251.049375000000        -2.335790132793476E-010
   251.263125000000        -2.358094706852601E-010
   251.476875000000        -2.370215915275060E-010
   251.690625000000        -2.372736512196987E-010
   251.904375000000        -2.366441471651682E-010
   252.118125000000        -2.352275901962464E-010
   252.331875000000        -2.331297105189453E-010
   252.545625000000        -2.304630290216620E-010
   252.759375000000        -2.273424771933440E-010
   252.973125000000        -2.238816415206491E-010
   253.186875000000        -2.201893515287280E-010
   253.400625000000        -2.163673214393922E-010
   253.614375000000        -2.125085753563250E-010
   253.828125000000        -2.086961275645379E-010
   254.041875000000        -2.050028293965670E-010
   254.255625000000        -2.014911537338145E-010
   254.469375000000        -1.982136286447440E-010
   254.683125000000        -1.952130091926644E-010
   254.896875000000        -1.925225885910639E-010
   255.110625000000        -1.901661825786577E-010
   255.324375000000        -1.881580824809141E-010
   255.538125000000        -1.865026899179181E-010
   255.751875000000        -1.851938573621399E-010
   255.965625000000        -1.842147973982823E-010
   256.179375000000        -1.835373964099391E-010
   256.393125000000        -1.831226437987981E-010
   256.606875000000        -1.829210004534295E-010
   256.820625000000        -1.828737748746496E-010
   257.034375000000        -1.829148967312106E-010
   257.248125000000        -1.829735140762601E-010
   257.461875000000        -1.829771248715002E-010
   257.675625000000        -1.828551683448052E-010
   257.889375000000        -1.825425835258341E-010
   258.103125000000        -1.819833339619010E-010
   258.316875000000        -1.811336363420645E-010
   258.530625000000        -1.799644696096229E-010
   258.744375000000        -1.784628773238991E-010
   258.958125000000        -1.766325963453298E-010
   259.171875000000        -1.744930710601631E-010
   259.385625000000        -1.720776803834974E-010
   259.599375000000        -1.694303681359920E-010
   259.813125000000        -1.666018827864602E-010
   260.026875000000        -1.636447816512974E-010
   260.240625000000        -1.606085391090344E-010
   260.454375000000        -1.575346731419582E-010
   260.668125000000        -1.544520374153435E-010
   260.881875000000        -1.513733960431907E-010
   261.095625000000        -1.482931142943201E-010
   261.309375000000        -1.451864949571443E-010
   261.523125000000        -1.420108124607511E-010
   261.736875000000        -1.387087213479482E-010
   261.950625000000        -1.352129184181689E-010
   262.164375000000        -1.314530807765861E-010
   262.378125000000        -1.273637367007650E-010
   262.591875000000        -1.228928607153285E-010
   262.805625000000        -1.180105926433975E-010
   263.019375000000        -1.127170045461978E-010
   263.233125000000        -1.070481603945654E-010
   263.446875000000        -1.010800835823261E-010
   263.660625000000        -9.492924997322260E-011
   263.874375000000        -8.874986321372677E-011
   264.088125000000        -8.272756354363523E-011
   264.301875000000        -7.706960306797567E-011
   264.515625000000        -7.199242860972383E-011
   264.729375000000        -6.770679271342661E-011
   264.943125000000        -6.440247581502944E-011
   265.156875000000        -6.223317912025940E-011
   265.370625000000        -6.130257877615762E-011
   265.584375000000        -6.165402323445197E-011
   265.798125000000        -6.326358763137223E-011
   266.011875000000        -6.603750453560467E-011
   266.225625000000        -6.981512417182854E-011
   266.439375000000        -7.437620558258931E-011
   266.653125000000        -7.945268353419559E-011
   266.866875000000        -8.474394539963334E-011
   267.080625000000        -8.993468533286213E-011
   267.294375000000        -9.471333598609258E-011
   267.508125000000        -9.879107786326819E-011
   267.721875000000        -1.019183686464560E-010
   267.935625000000        -1.038993928470144E-010
   268.149375000000        -1.046025395767203E-010
   268.363125000000        -1.039669579317634E-010
   268.576875000000        -1.020042469262898E-010
   268.790625000000        -9.879614061754215E-011
   269.004375000000        -9.448755290547992E-011
   269.218125000000        -8.927667551401845E-011
   269.431875000000        -8.340210572877546E-011
   269.645625000000        -7.712831651949469E-011
   269.859375000000        -7.073048516500586E-011
   270.073125000000        -6.447943427374754E-011
   270.286875000000        -5.862793293638477E-011
   270.500625000000        -5.339865639697979E-011
   270.714375000000        -4.897517124326027E-011
   270.928125000000        -4.549525638542340E-011
   271.141875000000        -4.304798893087825E-011
   271.355625000000        -4.167340867393506E-011
   271.569375000000        -4.136525343580519E-011
   271.783125000000        -4.207601542204111E-011
   271.996875000000        -4.372392094215962E-011
   272.210625000000        -4.620117563353755E-011
   272.424375000000        -4.938256670657793E-011
   272.638125000000        -5.313425778750486E-011
   272.851875000000        -5.732182553304880E-011
   273.065625000000        -6.181725011453646E-011
   273.279375000000        -6.650481696713470E-011
   273.493125000000        -7.128528975272255E-011
   273.706875000000        -7.607871490303005E-011
   273.920625000000        -8.082576524420911E-011
   274.134375000000        -8.548801333216933E-011
   274.348125000000        -9.004687035080452E-011
   274.561875000000        -9.450165412999794E-011
   274.775625000000        -9.886727986346321E-011
   274.989375000000        -1.031706610016764E-010
   275.203125000000        -1.074471648159058E-010
   275.416875000000        -1.117361673617435E-010
   275.630625000000        -1.160762356814582E-010
   275.844375000000        -1.204997591855114E-010
   276.058125000000        -1.250275816448560E-010
   276.271875000000        -1.296633589389136E-010
   276.485625000000        -1.343879957978950E-010
   276.699375000000        -1.391552417972805E-010
   276.913125000000        -1.438876704371302E-010
   277.126875000000        -1.484749786927075E-010
   277.340625000000        -1.527738178295990E-010
   277.554375000000        -1.566102860961756E-010
   277.768125000000        -1.597852954353643E-010
   277.981875000000        -1.620824889669838E-010
   278.195625000000        -1.632789950996203E-010
   278.409375000000        -1.631584775023653E-010
   278.623125000000        -1.615256181937064E-010
   278.836875000000        -1.582216384335176E-010
   279.050625000000        -1.531394419720789E-010
   279.264375000000        -1.462370936626280E-010
   279.478125000000        -1.375492946324573E-010
   279.691875000000        -1.271948924264756E-010
   279.905625000000        -1.153796306730784E-010
   280.119375000000        -1.023943041048612E-010
   280.333125000000        -8.860726027814819E-011
   280.546875000000        -7.445138625906975E-011
   280.760625000000        -6.040621394573077E-011
   280.974375000000        -4.697664445693611E-011
   281.188125000000        -3.466827991976968E-011
   281.401875000000        -2.396203672851695E-011
   281.615625000000        -1.528877277444132E-011
   281.829375000000        -9.006544065050206E-012
   282.043125000000        -5.381007503456371E-012
   282.256875000000        -4.570981070320323E-012
   282.470625000000        -6.620132655317598E-012
   282.684375000000        -1.145494320116424E-011
   282.898125000000        -1.888923224681772E-011
   283.111875000000        -2.863510573841978E-011
   283.325625000000        -4.031882995206242E-011
   283.539375000000        -5.350112409099364E-011
   283.753125000000        -6.769992706712242E-011
   283.966875000000        -8.241437505729891E-011
   284.180625000000        -9.714791823370412E-011
   284.394375000000        -1.114296299261860E-010
   284.608125000000        -1.248322558051138E-010
   284.821875000000        -1.369861075377450E-010
   285.035625000000        -1.475883915165358E-010
   285.249375000000        -1.564075630371686E-010
   285.463125000000        -1.632836730048767E-010
   285.676875000000        -1.681245926202645E-010
   285.890625000000        -1.708992863785394E-010
   286.104375000000        -1.716291060075678E-010
   286.318125000000        -1.703782519226735E-010
   286.531875000000        -1.672441160634607E-010
   286.745625000000        -1.623487001989894E-010
   286.959375000000        -1.558312545631534E-010
   287.173125000000        -1.478435689856520E-010
   287.386875000000        -1.385464101522627E-010
   287.600625000000        -1.281087950851435E-010
   287.814375000000        -1.167085847637300E-010
   288.028125000000        -1.045341833595775E-010
   288.241875000000        -9.178719092078170E-011
   288.455625000000        -7.868444632643137E-011
   288.669375000000        -6.545984745436061E-011
   288.883125000000        -5.236449332565141E-011
   289.096875000000        -3.966524705061412E-011
   289.310625000000        -2.764127138154948E-011
   289.524375000000        -1.657861772287730E-011
   289.738125000000        -6.762339988721122E-012
   289.951875000000         1.532415069592228E-012
   290.165625000000         8.051041032630277E-012
   290.379375000000         1.257045403237558E-011
   290.593125000000         1.491006911328152E-011
   290.806875000000         1.494197885188078E-011
   291.020625000000         1.259979984709970E-011
   291.234375000000         7.885184572932021E-012
   291.448125000000         8.719696167603390E-013
   291.661875000000        -8.292591034729014E-012
   291.875625000000        -1.938991667577445E-011
   292.089375000000        -3.213470118332654E-011
   292.303125000000        -4.618298791201529E-011
   292.516875000000        -6.114217351645588E-011
   292.730625000000        -7.658338220457219E-011
   292.944375000000        -9.205533353926206E-011
   293.158125000000        -1.070988097012572E-010
   293.371875000000        -1.212619154784667E-010
   293.585625000000        -1.341148819169790E-010
   293.799375000000        -1.452641703056091E-010
   294.013125000000        -1.543658004541429E-010
   294.226875000000        -1.611369376407935E-010
   294.440625000000        -1.653658305651543E-010
   294.654375000000        -1.669197269940615E-010
   294.868125000000        -1.657504109662178E-010
   295.081875000000        -1.618972672940249E-010
   295.295625000000        -1.554873839860817E-010
   295.509375000000        -1.467327547283144E-010
   295.723125000000        -1.359243513219481E-010
   295.936875000000        -1.234229457798192E-010
   296.150625000000        -1.096469035530589E-010
   296.364375000000        -9.505726346992912E-011
   296.578125000000        -8.013995063850425E-011
   296.791875000000        -6.538749791272028E-011
   297.005625000000        -5.127836183955569E-011
   297.219375000000        -3.825774399794220E-011
   297.433125000000        -2.671906652713102E-011
   297.646875000000        -1.698768739395497E-011
   297.860625000000        -9.308230781328068E-012
   298.074375000000        -3.836059486628745E-012
   298.288125000000        -6.331542166704759E-013
   298.501875000000         3.306927855284401E-013
   298.715625000000        -8.284784990621952E-013
   298.929375000000        -3.919076961577146E-012
   299.143125000000        -8.688558910794532E-012
   299.356875000000        -1.484068390903968E-011
   299.570625000000        -2.205449510334142E-011
   299.784375000000        -3.000336778740550E-011
   299.998125000000        -3.837321009413265E-011
   300.211875000000        -4.687859932528032E-011
   300.425625000000        -5.527556510695082E-011
   300.639375000000        -6.337038836671414E-011
   300.853125000000        -7.102411364137691E-011
   301.066875000000        -7.815237210903989E-011
   301.280625000000        -8.472121627490085E-011
   301.494375000000        -9.073892928189702E-011
   301.708125000000        -9.624503066122444E-011
   301.921875000000        -1.012973551002739E-010
   302.135625000000        -1.059585086405085E-010
   302.349375000000        -1.102826874166427E-010
   302.563125000000        -1.143037842935992E-010
   302.776875000000        -1.180265436005230E-010
   302.990625000000        -1.214204016125378E-010
   303.204375000000        -1.244176119018911E-010
   303.418125000000        -1.269146809255224E-010
   303.631875000000        -1.287780130286679E-010
   303.845625000000        -1.298524881761045E-010
   304.059375000000        -1.299725860466119E-010
   304.273125000000        -1.289750319514832E-010
   304.486875000000        -1.267121543858078E-010
   304.700625000000        -1.230640178537007E-010
   304.914375000000        -1.179498684026849E-010
   305.128125000000        -1.113363386617539E-010
   305.341875000000        -1.032433532081745E-010
   305.555625000000        -9.374603430191910E-011
   305.769375000000        -8.297397113262758E-011
   305.983125000000        -7.110688464385695E-011
   306.196875000000        -5.836819945916443E-011
   306.410625000000        -4.501629528919819E-011
   306.624375000000        -3.133517862907800E-011
   306.838125000000        -1.762440125560845E-011
   307.051875000000        -4.189752175730213E-012
   307.265625000000         8.664897877317487E-012
   307.479375000000         2.064482525632375E-011
   307.693125000000         3.146959051006733E-011
   307.906875000000         4.087710562116178E-011
   308.120625000000         4.862593787544465E-011
   308.334375000000         5.449757409467424E-011
   308.548125000000         5.829764885708728E-011
   308.761875000000         5.985818570298594E-011
   308.975625000000         5.903981773597147E-011
   309.189375000000         5.573588359199612E-011
   309.403125000000         4.987690680629825E-011
   309.616875000000         4.143683553516049E-011
   309.830625000000         3.043935480107794E-011
   310.044375000000         1.696498987191456E-011
   310.258125000000         1.156992380649022E-012
   310.471875000000        -1.677366788867479E-011
   310.685625000000        -3.654581160472680E-011
   310.899375000000        -5.780843810960890E-011
   311.113125000000        -8.014468357587959E-011
   311.326875000000        -1.030793550712261E-010
   311.540625000000        -1.260906093089595E-010
   311.754375000000        -1.486249084487021E-010
   311.968125000000        -1.701145663772499E-010
   312.181875000000        -1.899974103623067E-010
   312.395625000000        -2.077373625609751E-010
   312.609375000000        -2.228441549253615E-010
   312.823125000000        -2.348918669888814E-010
   313.036875000000        -2.435342456269353E-010
   313.250625000000        -2.485167965829997E-010
   313.464375000000        -2.496844161337289E-010
   313.678125000000        -2.469844836105109E-010
   313.891875000000        -2.404654696201384E-010
   314.105625000000        -2.302713467078042E-010
   314.319375000000        -2.166326040142889E-010
   314.533125000000        -1.998541421693733E-010
   314.746875000000        -1.803022233004518E-010
   314.960625000000        -1.583898965217964E-010
   315.174375000000        -1.345632551444158E-010
   315.388125000000        -1.092882972072388E-010
   315.601875000000        -8.303980481437359E-011
   315.815625000000        -5.629205086436638E-011
   316.029375000000        -2.951164301563844E-011
   316.243125000000        -3.152458590337692E-012
   316.456875000000         2.234765306482454E-011
   316.670625000000         4.656943559511183E-011
   316.884375000000         6.911367498628176E-011
   317.098125000000         8.960316694713971E-011
   317.311875000000         1.076854642133160E-010
   317.525625000000         1.230360791694930E-010
   317.739375000000         1.353638822654912E-010
   317.953125000000         1.444173320834330E-010
   318.166875000000         1.499920253352007E-010
   318.380625000000         1.519391469881140E-010
   318.594375000000         1.501735623882390E-010
   318.808125000000         1.446818638392501E-010
   319.021875000000         1.355281824583018E-010
   319.235625000000         1.228581198434623E-010
   319.449375000000         1.068997684064304E-010
   319.663125000000         8.796133189124698E-011
   319.876875000000         6.642481770040593E-011
   320.090625000000         4.273691633928752E-011
   320.304375000000         1.739652637265155E-011
   320.518125000000        -9.060224557798589E-012
   320.731875000000        -3.607629250077169E-011
   320.945625000000        -6.309064973298769E-011
   321.159375000000        -8.955471317553928E-011
   321.373125000000        -1.149478430554456E-010
   321.586875000000        -1.387904568549602E-010
   321.800625000000        -1.606546132991827E-010
   322.014375000000        -1.801715855142537E-010
   322.228125000000        -1.970368346350786E-010
   322.441875000000        -2.110118356838358E-010
   322.655625000000        -2.219236221551403E-010
   322.869375000000        -2.296624479316571E-010
   323.083125000000        -2.341781115192582E-010
   323.296875000000        -2.354754525598980E-010
   323.510625000000        -2.336097430931665E-010
   323.724375000000        -2.286822173131221E-010
   323.938125000000        -2.208360774725400E-010
   324.151875000000        -2.102529399260320E-010
   324.365625000000        -1.971502660328280E-010
   324.579375000000        -1.817791032207360E-010
   324.793125000000        -1.644218330829120E-010
   325.006875000000        -1.453901330404091E-010
   325.220625000000        -1.250226513798622E-010
   325.434375000000        -1.036816225639442E-010
   325.648125000000        -8.174868499001946E-011
   325.861875000000        -5.961988624542861E-011
   326.075625000000        -3.769891843028123E-011
   326.289375000000        -1.638960889983343E-011
   326.503125000000         3.912603572056045E-012
   326.716875000000         2.283003372123745E-011
   326.930625000000         4.001229412935001E-011
   327.144375000000         5.514571219320546E-011
   327.358125000000         6.796202812931335E-011
   327.571875000000         7.824604810803391E-011
   327.785625000000         8.584205826599538E-011
   327.999375000000         9.065763533384729E-011
   328.213125000000         9.266624344957868E-011
   328.426875000000         9.190726914458642E-011
   328.640625000000         8.848358469463396E-011
   328.854375000000         8.255773621306825E-011
   329.068125000000         7.434606772326987E-011
   329.281875000000         6.411137330563839E-011
   329.495625000000         5.215449044165363E-011
   329.709375000000         3.880533964547799E-011
   329.923125000000         2.441323203038250E-011
   330.136875000000         9.337318501446946E-012
   330.350625000000        -6.063105258924692E-012
   330.564375000000        -2.143762141308664E-011
   330.778125000000        -3.645344708937379E-011
   330.991875000000        -5.080371340174899E-011
   331.205625000000        -6.421443641383069E-011
   331.419375000000        -7.645089499587450E-011
   331.633125000000        -8.732272172154003E-011
   331.846875000000        -9.668735999639588E-011
   332.060625000000        -1.044524197808527E-010
   332.274375000000        -1.105756992353301E-010
   332.488125000000        -1.150635652852834E-010
   332.701875000000        -1.179676877099551E-010
   332.915625000000        -1.193791625820393E-010
   333.129375000000        -1.194217903539035E-010
   333.343125000000        -1.182433869670800E-010
   333.556875000000        -1.160064011147004E-010
   333.770625000000        -1.128781647934477E-010
   333.984375000000        -1.090212523297751E-010
   334.198125000000        -1.045847494402049E-010
   334.411875000000        -9.969699583480050E-011
   334.625625000000        -9.446028622754918E-011
   334.839375000000        -8.894786788373841E-011
   335.053125000000        -8.320383982360470E-011
   335.266875000000        -7.724554163803774E-011
   335.480625000000        -7.106884046680648E-011
   335.694375000000        -6.465556134971827E-011
   335.908125000000        -5.798276129245959E-011
   336.121875000000        -5.103300138766438E-011
   336.335625000000        -4.380536379801683E-011
   336.549375000000        -3.632557511724688E-011
   336.763125000000        -2.865443205370872E-011
   336.976875000000        -2.089476104753186E-011
   337.190625000000        -1.319432691562087E-011
   337.404375000000        -5.745702721057737E-012
   337.618125000000         1.217899135519813E-012
   337.831875000000         7.431292593416895E-012
   338.045625000000         1.260936889976059E-011
   338.259375000000         1.646295104727346E-011
   338.473125000000         1.871660662813104E-011
   338.686875000000         1.912843577516916E-011
   338.900625000000         1.750963752013364E-011
   339.114375000000         1.374281629179311E-011
   339.328125000000         7.797802953484030E-012
   339.541875000000        -2.568523575751561E-013
   339.755625000000        -1.024719677487766E-011
   339.969375000000        -2.189380838871229E-011
   340.183125000000        -3.481718681423559E-011
