  -1.60312500000000         2.920021012165829E-023
  -1.38937500000000         2.713822374505246E-023
  -1.17562500000000         2.395035847955525E-023
 -0.961875000000000         8.210691579101621E-024
 -0.748125000000000        -1.161511936343095E-022
 -0.534375000000000        -8.484688603892461E-022
 -0.320625000000000        -4.240994573416336E-021
 -0.106875000000000        -1.754848676949167E-020
  0.106875000000000        -6.127276423232261E-020
  0.320625000000000        -1.887186482861462E-019
  0.534375000000000        -5.205365341681330E-019
  0.748125000000000        -1.298766729672875E-018
  0.961875000000000        -2.966504030706066E-018
   1.17562500000000        -6.276492093575922E-018
   1.38937500000000        -1.240180122925689E-017
   1.60312500000000        -2.304266313662188E-017
   1.81687500000000        -4.053439224434893E-017
   2.03062500000000        -6.798364978750812E-017
   2.24437500000000        -1.091856423216438E-016
   2.45812500000000        -1.687030928220788E-016
   2.67187500000000        -2.518387833051153E-016
   2.88562500000000        -3.644226314030682E-016
   3.09937500000000        -5.126156053098199E-016
   3.31312500000000        -7.031060818330647E-016
   3.52687500000000        -9.427221285462639E-016
   3.74062500000000        -1.238295011690197E-015
   3.95437500000000        -1.596630504731951E-015
   4.16812500000000        -2.024073094906554E-015
   4.38187500000000        -2.526619321444468E-015
   4.59562500000000        -3.109166301895063E-015
   4.80937500000000        -3.775294303911778E-015
   5.02312500000000        -4.526680926309525E-015
   5.23687500000000        -5.362573637550895E-015
   5.45062500000000        -6.279667991794495E-015
   5.66437500000000        -7.271926106671676E-015
   5.87812500000000        -8.330989971869541E-015
   6.09187500000000        -9.447023432953804E-015
   6.30562500000000        -1.060961653486751E-014
   6.51937500000000        -1.180916486418008E-014
   6.73312500000000        -1.303848461324744E-014
   6.94687500000000        -1.429388647342425E-014
   7.16062500000000        -1.557649633359910E-014
   7.37437500000000        -1.689256564952791E-014
   7.58812500000000        -1.825291428890514E-014
   7.80187500000000        -1.967185708598653E-014
   8.01562500000000        -2.116549281360583E-014
   8.22937500000000        -2.274923280015795E-014
   8.44312500000000        -2.443537191667553E-014
   8.65687500000000        -2.623072725608299E-014
   8.87062500000000        -2.813513909051467E-014
   9.08437500000000        -3.014102038963910E-014
   9.29812500000000        -3.223359682025682E-014
   9.51187500000000        -3.439308356682060E-014
   9.72562500000000        -3.659817302389223E-014
   9.93937500000000        -3.882966535792667E-014
   10.1531250000000        -4.107458795984353E-014
   10.3668750000000        -4.332988563124709E-014
   10.5806250000000        -4.560496912061366E-014
   10.7943750000000        -4.792223205459109E-014
   11.0081250000000        -5.031595449998439E-014
   11.2218750000000        -5.282901695205393E-014
   11.4356250000000        -5.550756696602753E-014
   11.6493750000000        -5.839511276107617E-014
   11.8631250000000        -6.152596611746719E-014
   12.0768750000000        -6.491941375699012E-014
   12.2906250000000        -6.857513630276834E-014
   12.5043750000000        -7.247137934907978E-014
   12.7181250000000        -7.656540276381585E-014
   12.9318750000000        -8.079681752906997E-014
   13.1456250000000        -8.509340584306953E-014
   13.3593750000000        -8.937858255961277E-014
   13.5731250000000        -9.357939080910213E-014
   13.7868750000000        -9.763425735259768E-014
   14.0006250000000        -1.014988329526757E-013
   14.2143750000000        -1.051499330622491E-013
   14.4281250000000        -1.085862749216698E-013
   14.6418750000000        -1.118269707103407E-013
   14.8556250000000        -1.149074787108149E-013
   15.0693750000000        -1.178742409453369E-013
   15.2831250000000        -1.207792499927952E-013
   15.4968750000000        -1.236743483386320E-013
   15.7106250000000        -1.266078081052879E-013
   15.9243750000000        -1.296217247630251E-013
   16.1381250000000        -1.327517169720510E-013
   16.3518750000000        -1.360276296078955E-013
   16.5656250000000        -1.394751863844491E-013
   16.7793750000000        -1.431175438713382E-013
   16.9931250000000        -1.469766717756965E-013
   17.2068750000000        -1.510730136699351E-013
   17.4206250000000        -1.554241001776569E-013
   17.6343750000000        -1.600422340036615E-013
   17.8481250000000        -1.649308586455815E-013
   18.0618750000000        -1.700817481014634E-013
   18.2756250000000        -1.754730561467226E-013
   18.4893750000000        -1.810687643204599E-013
   18.7031250000000        -1.868209425079702E-013
   18.9168750000000        -1.926740458401367E-013
   19.1306250000000        -1.985710511469242E-013
   19.3443750000000        -2.044603134942819E-013
   19.5581250000000        -2.103028182440678E-013
   19.7718750000000        -2.160767604530525E-013
   19.9856250000000        -2.217805195772780E-013
   20.1993750000000        -2.274320530127038E-013
   20.4131250000000        -2.330646615368614E-013
   20.6268750000000        -2.387201110395848E-013
   20.8406250000000        -2.444394469862972E-013
   21.0543750000000        -2.502537827235507E-013
   21.2681250000000        -2.561758209239682E-013
   21.4818750000000        -2.621940874539848E-013
   21.6956250000000        -2.682713157255110E-013
   21.9093750000000        -2.743466613101912E-013
   22.1231250000000        -2.803423813696829E-013
   22.3368750000000        -2.861739725736410E-013
   22.5506250000000        -2.917620426941480E-013
   22.7643750000000        -2.970441273614138E-013
   22.9781250000000        -3.019854473146326E-013
   23.1918750000000        -3.065858434606478E-013
   23.4056250000000        -3.108832269753956E-013
   23.6193750000000        -3.149513393019973E-013
   23.8331250000000        -3.188938270476265E-013
   24.0468750000000        -3.228348847672491E-013
   24.2606250000000        -3.269075415814943E-013
   24.4743750000000        -3.312419624112712E-013
   24.6881250000000        -3.359543909782818E-013
   24.9018750000000        -3.411387073331311E-013
   25.1156250000000        -3.468609182225736E-013
   25.3293750000000        -3.531568584359807E-013
   25.5431250000000        -3.600328604049101E-013
   25.7568750000000        -3.674685037246553E-013
   25.9706250000000        -3.754208679749364E-013
   26.1843750000000        -3.838297715010149E-013
   26.3981250000000        -3.926223109316297E-013
   26.6118750000000        -4.017174790574745E-013
   26.8256250000000        -4.110296980774206E-013
   27.0393750000000        -4.204719499052179E-013
   27.2531250000000        -4.299584512895591E-013
   27.4668750000000        -4.394071597901711E-013
   27.6806250000000        -4.487417938416010E-013
   27.8943750000000        -4.578943341528087E-013
   28.1081250000000        -4.668068326213813E-013
   28.3218750000000        -4.754329984708379E-013
   28.5356250000000        -4.837390226670029E-013
   28.7493750000000        -4.917041054698569E-013
   28.9631250000000        -4.993187987797167E-013
   29.1768750000000        -5.065843368188365E-013
   29.3906250000000        -5.135104135376025E-013
   29.6043750000000        -5.201143938408259E-013
   29.8181250000000        -5.264202605142131E-013
   30.0318750000000        -5.324595234144437E-013
   30.2456250000000        -5.382723768465379E-013
   30.4593750000000        -5.439100333289368E-013
   30.6731250000000        -5.494367370447617E-013
   30.8868750000000        -5.549310532307929E-013
   31.1006250000000        -5.604857137268441E-013
   31.3143750000000        -5.662050056684196E-013
   31.5281250000000        -5.722000077730243E-013
   31.7418750000000        -5.785817590131522E-013
   31.9556250000000        -5.854528415886631E-013
   32.1693750000000        -5.928990409868092E-013
   32.3831250000000        -6.009821619327549E-013
   32.5968750000000        -6.097355154471609E-013
   32.8106250000000        -6.191624215648330E-013
   33.0243750000000        -6.292384131127051E-013
   33.2381250000000        -6.399171650512751E-013
   33.4518750000000        -6.511379421100019E-013
   33.6656250000000        -6.628339995110296E-013
   33.8793750000000        -6.749393426165767E-013
   34.0931250000000        -6.873929433861787E-013
   34.3068750000000        -7.001383672794091E-013
   34.5206250000000        -7.131196123257801E-013
   34.7343750000000        -7.262732817919309E-013
   34.9481250000000        -7.395194185103877E-013
   35.1618750000000        -7.527531731233976E-013
   35.3756250000000        -7.658403273653529E-013
   35.5893750000000        -7.786182349492991E-013
   35.8031250000000        -7.909043575989002E-013
   36.0168750000000        -8.025116404959103E-013
   36.2306250000000        -8.132699617391372E-013
   36.4443750000000        -8.230502160347204E-013
   36.6581250000000        -8.317873831042874E-013
   36.8718750000000        -8.394991777342050E-013
   37.0856250000000        -8.462952850673386E-013
   37.2993750000000        -8.523761138234101E-013
   37.5131250000000        -8.580188179273235E-013
   37.7268750000000        -8.635528331110356E-013
   37.9406250000000        -8.693272285382224E-013
   38.1543750000000        -8.756744194634220E-013
   38.3681250000000        -8.828756607047038E-013
   38.5818750000000        -8.911332362265925E-013
   38.7956250000000        -9.005536706389239E-013
   39.0093750000000        -9.111439854669431E-013
   39.2231250000000        -9.228215067639140E-013
   39.4368750000000        -9.354344315012645E-013
   39.6506250000000        -9.487904142746230E-013
   39.8643750000000        -9.626869206830234E-013
   40.0781250000000        -9.769383120133188E-013
   40.2918750000000        -9.913950037285658E-013
   40.5056250000000        -1.005952470815940E-012
   40.7193750000000        -1.020549025989128E-012
   40.9331250000000        -1.035153360528553E-012
   41.1468750000000        -1.049746021785927E-012
   41.3606250000000        -1.064298967126461E-012
   41.5743750000000        -1.078758222960337E-012
   41.7881250000000        -1.093034363435158E-012
   42.0018750000000        -1.107002897222076E-012
   42.2156250000000        -1.120515735612133E-012
   42.4293750000000        -1.133421573850532E-012
   42.6431250000000        -1.145592967461349E-012
   42.8568750000000        -1.156953761716101E-012
   43.0706250000000        -1.167501966935290E-012
   43.2843750000000        -1.177323822850199E-012
   43.4981250000000        -1.186595212324735E-012
   43.7118750000000        -1.195569379233752E-012
   43.9256250000000        -1.204551881307386E-012
   44.1393750000000        -1.213866787202262E-012
   44.3531250000000        -1.223818539406951E-012
   44.5668750000000        -1.234655518160803E-012
   44.7806250000000        -1.246540838418352E-012
   44.9943750000000        -1.259534778212714E-012
   45.2081250000000        -1.273591075251373E-012
   45.4218750000000        -1.288567337747938E-012
   45.6356250000000        -1.304247745931934E-012
   45.8493750000000        -1.320373890065161E-012
   46.0631250000000        -1.336678732006432E-012
   46.2768750000000        -1.352918809380251E-012
   46.4906250000000        -1.368899478916139E-012
   46.7043750000000        -1.384490785107496E-012
   46.9181250000000        -1.399631698088691E-012
   47.1318750000000        -1.414323432224961E-012
   47.3456250000000        -1.428614481868388E-012
   47.5593750000000        -1.442580323696489E-012
   47.7731250000000        -1.456302336701749E-012
   47.9868750000000        -1.469849427567130E-012
   48.2006250000000        -1.483265778402547E-012
   48.4143750000000        -1.496566023475153E-012
   48.6281250000000        -1.509738505453461E-012
   48.8418750000000        -1.522754313851673E-012
   49.0556250000000        -1.535580546766418E-012
   49.2693750000000        -1.548193931952272E-012
   49.4831250000000        -1.560592434478675E-012
   49.6968750000000        -1.572801575438231E-012
   49.9106250000000        -1.584874579221051E-012
   50.1243750000000        -1.596885400115276E-012
   50.3381250000000        -1.608917570400362E-012
   50.5518750000000        -1.621049714789661E-012
   50.7656250000000        -1.633341685810734E-012
   50.9793750000000        -1.645824446150749E-012
   51.1931250000000        -1.658496195368717E-012
   51.4068750000000        -1.671327316647561E-012
   51.6206250000000        -1.684272933566739E-012
   51.8343750000000        -1.697293143911707E-012
   52.0481250000000        -1.710376353356336E-012
   52.2618750000000        -1.723562153414778E-012
   52.4756250000000        -1.736958856503094E-012
   52.6893750000000        -1.750750311881042E-012
   52.9031250000000        -1.765189432308403E-012
   53.1168750000000        -1.780575929171946E-012
   53.3306250000000        -1.797219324396697E-012
   53.5443750000000        -1.815389976356846E-012
   53.7581250000000        -1.835265163649868E-012
   53.9718750000000        -1.856876902487898E-012
   54.1856250000000        -1.880071218900844E-012
   54.3993750000000        -1.904486193125945E-012
   54.6131250000000        -1.929556862251655E-012
   54.8268750000000        -1.954549457607318E-012
   55.0406250000000        -1.978625376380530E-012
   55.2543750000000        -2.000930436568695E-012
   55.4681250000000        -2.020700590895602E-012
   55.6818750000000        -2.037371261832023E-012
   55.8956250000000        -2.050675890747960E-012
   56.1093750000000        -2.060718403395272E-012
   56.3231250000000        -2.068005903249725E-012
   56.5368750000000        -2.073431893100094E-012
   56.7506250000000        -2.078205361962548E-012
   56.9643750000000        -2.083728696636744E-012
   57.1781250000000        -2.091433252501122E-012
   57.3918750000000        -2.102590037465804E-012
   57.6056250000000        -2.118117803022501E-012
   57.8193750000000        -2.138413584107201E-012
   58.0331250000000        -2.163232470429023E-012
   58.2468750000000        -2.191639066692506E-012
   58.4606250000000        -2.222047048306135E-012
   58.6743750000000        -2.252354708975139E-012
   58.8881250000000        -2.280171809346087E-012
   59.1018750000000        -2.303121289132967E-012
   59.3156250000000        -2.319185234136621E-012
   59.5293750000000        -2.327058566598759E-012
   59.7431250000000        -2.326461133285640E-012
   59.9568750000000        -2.318362005838178E-012
   60.1706250000000        -2.305071128199936E-012
   60.3843750000000        -2.290163500677343E-012
   60.5981250000000        -2.278218654830572E-012
   60.8118750000000        -2.274377153805332E-012
   61.0256250000000        -2.283741208297450E-012
   61.2393750000000        -2.310670775846652E-012
   61.4531250000000        -2.358047817618207E-012
   61.6668750000000        -2.426600391357749E-012
   61.8806250000000        -2.514382618958605E-012
   62.0943750000000        -2.616506939754824E-012
   62.3081250000000        -2.725206690113278E-012
   62.5218750000000        -2.830280597000421E-012
   62.7356250000000        -2.919930100763577E-012
   62.9493750000000        -2.981952336939656E-012
   63.1631250000000        -3.005202100319579E-012
   63.3768750000000        -2.981185473316590E-012
   63.5906250000000        -2.905608972043251E-012
   63.8043750000000        -2.779682798784246E-012
   64.0181250000000        -2.610974655389801E-012
   64.2318750000000        -2.413631562734256E-012
   64.4456250000000        -2.207833882200996E-012
   64.6593750000000        -2.018419873080308E-012
   64.8731250000000        -1.872708949583742E-012
   65.0868750000000        -1.797654615048891E-012
   65.3006250000000        -1.816562007874558E-012
   65.5143750000000        -1.945692907001584E-012
   65.7281250000000        -2.191148139578701E-012
   65.9418750000000        -2.546443199988182E-012
   66.1556250000000        -2.991175858688162E-012
   66.3693750000000        -3.491115492200628E-012
   66.5831250000000        -3.999926086518372E-012
   66.7968750000000        -4.462575704832513E-012
   67.0106250000000        -4.820292632627946E-012
   67.2243750000000        -5.016730615174090E-012
   67.4381250000000        -5.004811415594058E-012
   67.6518750000000        -4.753560772133577E-012
   67.8656250000000        -4.254150888225859E-012
   68.0793750000000        -3.524343290095378E-012
   68.2931250000000        -2.610591632602942E-012
   68.5068750000000        -1.587223810965000E-012
   68.7206250000000        -5.523731495576514E-013
   68.9343750000000         3.793534681063041E-013
   69.1481250000000         1.087116163699133E-012
   69.3618750000000         1.456265391938842E-012
   69.5756250000000         1.391876030744788E-012
   69.7893750000000         8.320529682301665E-013
   70.0031250000000        -2.404886219048331E-013
   70.2168750000000        -1.790077209379824E-012
   70.4306250000000        -3.724330054972381E-012
   70.6443750000000        -5.896023561910376E-012
   70.8581250000000        -8.111148509931892E-012
   71.0718750000000        -1.014311024529001E-011
   71.2856250000000        -1.175236230863474E-011
   71.4993750000000        -1.271008441868101E-011
   71.7131250000000        -1.282389761999835E-011
   71.9268750000000        -1.196313447286010E-011
   72.1406250000000        -1.008091356246692E-011
   72.3543750000000        -7.230259605525063E-012
   72.5681250000000        -3.571801967404111E-012
   72.7818750000000         6.288308237921555E-013
   72.9956250000000         5.014936372335567E-012
   73.2093750000000         9.163927751324870E-012
   73.4231250000000         1.262252874014290E-011
   73.6368750000000         1.494950731642761E-011
   73.8506250000000         1.576238965729950E-011
   74.0643750000000         1.478375392141734E-011
   74.2781250000000         1.188222952208789E-011
   74.4918750000000         7.103317698295249E-012
   74.7056250000000         6.856553952176192E-013
   74.9193750000000        -6.940625736798884E-012
   75.1331250000000        -1.517529151855371E-011
   75.3468750000000        -2.328912854529036E-011
   75.5606250000000        -3.048270614957618E-011
   75.7743750000000        -3.595860639326634E-011
   75.9881250000000        -3.900109176962710E-011
   76.2018750000000        -3.905576133802907E-011
   76.4156250000000        -3.580097311230371E-011
   76.6293750000000        -2.920283034787154E-011
   76.8431250000000        -1.954643379611307E-011
   77.0568750000000        -7.437882231046692E-012
   77.2706250000000         6.225947540461122E-012
   77.4843750000000         2.031967829530272E-011
   77.6981250000000         3.358018659838111E-011
   77.9118750000000         4.471889076345064E-011
   78.1256250000000         5.254569769670554E-011
   78.3393750000000         5.609261250858986E-011
   78.5531250000000         5.472401227741614E-011
   78.7668750000000         4.822092828187072E-011
   78.9806250000000         3.682846944080989E-011
   79.1943750000000         2.125868339321775E-011
   79.4081250000000         2.645470067983087E-012
   79.6218750000000        -1.754675579983797E-011
   79.8356250000000        -3.765362208920270E-011
   80.0493750000000        -5.596856132140795E-011
   80.2631250000000        -7.091174728845783E-011
   80.4768750000000        -8.119170682635354E-011
   80.6906250000000        -8.594062546934792E-011
   80.9043750000000        -8.480613413317671E-011
   81.1181250000000        -7.798638759447787E-011
   81.3318750000000        -6.620126230344124E-011
   81.5456250000000        -5.059997094939803E-011
   81.7593750000000        -3.261353736818843E-011
   81.9731250000000        -1.376843274295957E-011
   82.1868750000000         4.515772648931349E-012
   82.4006250000000         2.111763623859134E-011
   82.6143750000000         3.536570548568368E-011
   82.8281250000000         4.712526905146325E-011
   83.0418750000000         5.680050928322106E-011
   83.2556250000000         6.524224279251535E-011
   83.4693750000000         7.356371381195957E-011
   83.6831250000000         8.288051978183951E-011
   83.8968750000000         9.400410060825678E-011
   84.1106250000000         1.071295267943633E-010
   84.3243750000000         1.215658051106396E-010
   84.5381250000000         1.355590472310994E-010
   84.7518750000000         1.462545439559272E-010
   84.9656250000000         1.498326392235958E-010
   85.1793750000000         1.418356844921146E-010
   85.3931250000000         1.176805254285749E-010
   85.6068750000000         7.332500144953863E-011
   85.8206250000000         6.030596399226844E-012
   86.0343750000000        -8.486012246025848E-011
   86.2481250000000        -1.972299490810727E-010
   86.4618750000000        -3.256840760009164E-010
   86.6756250000000        -4.613407779861805E-010
   86.8893750000000        -5.920020612634923E-010
   87.1031250000000        -7.027607602686503E-010
   87.3168750000000        -7.770591075096214E-010
   87.5306250000000        -7.981637982250820E-010
   87.7443750000000        -7.509684916339454E-010
   87.9581250000000        -6.239821056912540E-010
   88.1718750000000        -4.113163446890930E-010
   88.3856250000000        -1.144547896410436E-010
   88.5993750000000         2.564259779805926E-010
   88.8131250000000         6.818013411731225E-010
   89.0268750000000         1.132991154331112E-009
   89.2406250000000         1.573319820173356E-009
   89.4543750000000         1.960281037903001E-009
   89.6681250000000         2.248645856160098E-009
   89.8818750000000         2.394347014190939E-009
   90.0956250000000         2.358869845315144E-009
   90.3093750000000         2.113791260107035E-009
   90.5231250000000         1.645044363115459E-009
   90.7368750000000         9.564565888857730E-010
   90.9506250000000         7.212091847123242E-011
   91.1643750000000        -9.627836559393874E-010
   91.3781250000000        -2.083005282883283E-009
   91.5918750000000        -3.206208657531356E-009
   91.8056250000000        -4.237913367754265E-009
   92.0193750000000        -5.078167639420730E-009
   92.2331250000000        -5.629557780615334E-009
   92.4468750000000        -5.805985428036406E-009
   92.6606250000000        -5.541512270618175E-009
   92.8743750000000        -4.798491194434835E-009
   93.0881250000000        -3.574186147581293E-009
   93.3018750000000        -1.905137777888233E-009
   93.5156250000000         1.313407897343568E-010
   93.7293750000000         2.418959344556723E-009
   93.9431250000000         4.807709381927152E-009
   94.1568750000000         7.122472928975537E-009
   94.3706250000000         9.174568833549968E-009
   94.5843750000000         1.077553688434034E-008
   94.7981250000000         1.175221158381128E-008
   95.0118750000000         1.196195195610045E-008
   95.2256250000000         1.130679188880770E-008
   95.4393750000000         9.745271429860687E-009
   95.6531250000000         7.300809582098547E-009
   95.8668750000000         4.065681087274047E-009
   96.0806250000000         1.999521125580226E-010
   96.2943750000000        -4.074907073427880E-009
   96.5081250000000        -8.487607102012099E-009
   96.7218750000000        -1.273327710785237E-008
   96.9356250000000        -1.649341155645955E-008
   97.1493750000000        -1.945823946716568E-008
   97.3631250000000        -2.134997068289237E-008
   97.5768750000000        -2.194522434533735E-008
   97.7906250000000        -2.109492020892336E-008
   98.0043750000000        -1.874002021256709E-008
   98.2181250000000        -1.492174182124437E-008
   98.4318750000000        -9.785211900944152E-009
   98.6456250000000        -3.575967009389616E-009
   98.8593750000000         3.370797727180483E-009
   99.0731250000000         1.064780923987312E-008
   99.2868750000000         1.779919956125888E-008
   99.5006250000000         2.434851099604096E-008
   99.7143750000000         2.982947585768221E-008
   99.9281250000000         3.381756987156639E-008
   100.141875000000         3.596021895747166E-008
   100.355625000000         3.600356425974648E-008
   100.569375000000         3.381386051172199E-008
   100.783125000000         2.939188854309153E-008
   100.996875000000         2.287918507917114E-008
   101.210625000000         1.455540507674109E-008
   101.424375000000         4.826700665945563E-009
   101.638125000000        -5.794410652270837E-009
   101.851875000000        -1.671664612562399E-008
   102.065625000000        -2.730347048438133E-008
   102.279375000000        -3.691054329470049E-008
   102.493125000000        -4.492482078530599E-008
   102.706875000000        -5.080287195800765E-008
   102.920625000000        -5.410596422226631E-008
   103.134375000000        -5.452962846023919E-008
   103.348125000000        -5.192572103006139E-008
   103.561875000000        -4.631544442499059E-008
   103.775625000000        -3.789234343141271E-008
   103.989375000000        -2.701492578981865E-008
   104.203125000000        -1.418922528256296E-008
   104.416875000000        -4.228645737946268E-011
   104.630625000000         1.471184192492792E-008
   104.844375000000         2.931150723305491E-008
   105.058125000000         4.298977587598800E-008
   105.271875000000         5.501700155291963E-008
   105.485625000000         6.474094347064326E-008
   105.699375000000         7.162191568857684E-008
   105.913125000000         7.526081201967579E-008
   106.126875000000         7.541837771986978E-008
   106.340625000000         7.202475192743970E-008
   106.554375000000         6.517903350584373E-008
   106.768125000000         5.513936869689997E-008
   106.981875000000         4.230475849434599E-008
   107.195625000000         2.719037451371386E-008
   107.409375000000         1.039859872097256E-008
   107.623125000000        -7.411778545781129E-009
   107.836875000000        -2.555578201658957E-008
   108.050625000000        -4.334972807065159E-008
   108.264375000000        -6.013425687747477E-008
   108.478125000000        -7.529186984391627E-008
   108.691875000000        -8.825868285902774E-008
   108.905625000000        -9.853090065243889E-008
   109.119375000000        -1.056672578226192E-007
   109.333125000000        -1.092892682254209E-007
   109.546875000000        -1.090814954411682E-007
   109.760625000000        -1.047941398593651E-007
   109.974375000000        -9.624999578205859E-008
   110.188125000000        -8.335726094747115E-008
   110.401875000000        -6.612881368530297E-008
   110.615625000000        -4.470747901155731E-008
   110.829375000000        -1.939558706680176E-008
   111.043125000000         9.314086092709405E-009
   111.256875000000         4.070997078897002E-008
   111.470625000000         7.384069724509718E-008
   111.684375000000         1.075065273570954E-007
   111.898125000000         1.402681446468082E-007
   112.111875000000         1.704769599163801E-007
   112.325625000000         1.963297366934558E-007
   112.539375000000         2.159484506455295E-007
   112.753125000000         2.274839867183987E-007
   112.966875000000         2.292397193679789E-007
   113.180625000000         2.198084331493375E-007
   113.394375000000         1.982136705353671E-007
   113.608125000000         1.640446968667300E-007
   113.821875000000         1.175730890171023E-007
   114.035625000000         5.983868495346600E-008
   114.249375000000        -7.306586796774572E-009
   114.463125000000        -8.120659040504011E-008
   114.676875000000        -1.584672163439907E-007
   114.890625000000        -2.350837216771809E-007
   115.104375000000        -3.066273633265124E-007
   115.318125000000        -3.684845736694386E-007
   115.531875000000        -4.161370088770409E-007
   115.745625000000        -4.454663184760212E-007
   115.959375000000        -4.530638586648880E-007
   116.173125000000        -4.365231840210544E-007
   116.386875000000        -3.946923113511923E-007
   116.600625000000        -3.278636589158694E-007
   116.814375000000        -2.378822964175879E-007
   117.028125000000        -1.281576214904705E-007
   117.241875000000        -3.569581652429100E-009
   117.455625000000         1.297322806372287E-007
   117.669375000000         2.646308560302477E-007
   117.883125000000         3.934305474503855E-007
   118.096875000000         5.083119883168953E-007
   118.310625000000         6.018247421319298E-007
   118.524375000000         6.673857855204485E-007
   118.738125000000         6.997491985576629E-007
   118.951875000000         6.954125788344877E-007
   119.165625000000         6.529283875222685E-007
   119.379375000000         5.730936549433980E-007
   119.593125000000         4.589989441173828E-007
   119.806875000000         3.159267266143850E-007
   120.020625000000         1.510997369951424E-007
   120.234375000000        -2.670930696980609E-008
   120.448125000000        -2.076848115942041E-007
   120.661875000000        -3.815612284618212E-007
   120.875625000000        -5.382635288303136E-007
   121.089375000000        -6.685523048832174E-007
   121.303125000000        -7.646289290279661E-007
   121.516875000000        -8.206578046276589E-007
   121.730625000000        -8.331675647340468E-007
   121.944375000000        -8.013008454798622E-007
   122.158125000000        -7.268924678544009E-007
   122.371875000000        -6.143677937523609E-007
   122.585625000000        -4.704658165890325E-007
   122.799375000000        -3.038042538825443E-007
   123.013125000000        -1.243155655445109E-007
   123.226875000000         5.740747485226232E-008
   123.440625000000         2.308110463656451E-007
   123.654375000000         3.860750864398167E-007
   123.868125000000         5.147542705810662E-007
   124.081875000000         6.103194074954720E-007
   124.295625000000         6.685605436024300E-007
   124.509375000000         6.878230706338117E-007
   124.723125000000         6.690603462684230E-007
   124.936875000000         6.156998607705088E-007
   125.150625000000         5.333337932470928E-007
   125.364375000000         4.292578493883174E-007
   125.578125000000         3.118935592827430E-007
   125.791875000000         1.901378693459131E-007
   126.005625000000         7.268921492853924E-008
   126.219375000000        -3.259911008305647E-008
   126.433125000000        -1.192896975595464E-007
   126.646875000000        -1.828132151291324E-007
   126.860625000000        -2.207685396267109E-007
   127.074375000000        -2.330490427003501E-007
   127.288125000000        -2.217865963337569E-007
   127.501875000000        -1.911188489218028E-007
   127.715625000000        -1.467988574435775E-007
   127.929375000000        -9.567821225676199E-008
   128.143125000000        -4.510443837282066E-008
   128.356875000000        -2.279968367023857E-009
   128.570625000000         2.636713169215690E-008
   128.784375000000         3.575144956484114E-008
   128.998125000000         2.259298924594712E-008
   129.211875000000        -1.426205856710722E-008
   129.425625000000        -7.368818615380515E-008
   129.639375000000        -1.523079934227586E-007
   129.853125000000        -2.446994068613306E-007
   130.066875000000        -3.437683503037500E-007
   130.280625000000        -4.412600561923863E-007
   130.494375000000        -5.283717751905851E-007
   130.708125000000        -5.964220109086668E-007
   130.921875000000        -6.375271179025134E-007
   131.135625000000        -6.452354411373612E-007
   131.349375000000        -6.150721559419066E-007
   131.563125000000        -5.449543312955468E-007
   131.776875000000        -4.354449828749425E-007
   131.990625000000        -2.898262996647109E-007
   132.204375000000        -1.139849674994463E-007
   132.418125000000         8.388435600372172E-008
   132.631875000000         2.937387769969923E-007
   132.845625000000         5.042803150688004E-007
   133.059375000000         7.036436923790072E-007
   133.273125000000         8.801337692913951E-007
   133.486875000000         1.022964544288067E-006
   133.700625000000         1.122951814852641E-006
   133.914375000000         1.173114950644460E-006
   134.128125000000         1.169149452458199E-006
   134.341875000000         1.109740566991013E-006
   134.555625000000         9.966985629409441E-007
   134.769375000000         8.349076217348273E-007
   134.983125000000         6.320918928662617E-007
   135.196875000000         3.984133634323743E-007
   135.410625000000         1.459261149048392E-007
   135.624375000000        -1.120802833946291E-007
   135.838125000000        -3.618094967789421E-007
   136.051875000000        -5.897169704527027E-007
   136.265625000000        -7.832550191802321E-007
   136.479375000000        -9.315627075846730E-007
   136.693125000000        -1.026062606472685E-006
   136.906875000000        -1.060932348237549E-006
   137.120625000000        -1.033426332236081E-006
   137.334375000000        -9.440314798336337E-007
   137.548125000000        -7.964501098434393E-007
   137.761875000000        -5.974122991945806E-007
   137.975625000000        -3.563290365749373E-007
   138.189375000000        -8.480563937531912E-008
   138.403125000000         2.039580824968728E-007
   138.616875000000         4.958488674760406E-007
   138.830625000000         7.765663064979800E-007
   139.044375000000         1.032356394370848E-006
   139.258125000000         1.250714124897752E-006
   139.471875000000         1.421018620061502E-006
   139.685625000000         1.535067779104665E-006
   139.899375000000         1.587484580544341E-006
   140.113125000000         1.575973750894079E-006
   140.326875000000         1.501415245312154E-006
   140.540625000000         1.367789524932898E-006
   140.754375000000         1.181938568191530E-006
   140.968125000000         9.531754823080528E-007
   141.181875000000         6.927640229286034E-007
   141.395625000000         4.132968144074742E-007
   141.609375000000         1.280071370216743E-007
   141.823125000000        -1.499465983136288E-007
   142.036875000000        -4.081824674362155E-007
   142.250625000000        -6.357418084257176E-007
   142.464375000000        -8.236429960094971E-007
   142.678125000000        -9.653092709610407E-007
   142.891875000000        -1.056845125819420E-006
   143.105625000000        -1.097145049295990E-006
   143.319375000000        -1.087829061755107E-006
   143.533125000000        -1.033010778285527E-006
   143.746875000000        -9.389149683477783E-007
   143.960625000000        -8.133719535186316E-007
   144.174375000000        -6.652249229863764E-007
   144.388125000000        -5.036926500207684E-007
   144.601875000000        -3.377335953886559E-007
   144.815625000000        -1.754576069111806E-007
   145.029375000000        -2.362821935906182E-008
   145.243125000000         1.127079663314486E-007
   145.456875000000         2.304378189063622E-007
   145.670625000000         3.284289215075417E-007
   145.884375000000         4.074056081904827E-007
   146.098125000000         4.696656594160734E-007
   146.311875000000         5.186627227182107E-007
   146.525625000000         5.584910566667445E-007
   146.739375000000         5.933180665092678E-007
   146.953125000000         6.268154877651195E-007
   147.166875000000         6.616414090706497E-007
   147.380625000000         6.990223466193128E-007
   147.594375000000         7.384773737828477E-007
   147.808125000000         7.777153088292636E-007
   148.021875000000         8.127219415143719E-007
   148.235625000000         8.380382883914913E-007
   148.449375000000         8.472141654551582E-007
   148.663125000000         8.334053223396034E-007
   148.876875000000         7.900683601830577E-007
   149.090625000000         7.116969045551864E-007
   149.304375000000         5.945360491518388E-007
   149.518125000000         4.372106292492773E-007
   149.731875000000         2.412067400456928E-007
   149.945625000000         1.115496786112457E-008
   150.159375000000        -2.451224991929682E-007
   150.373125000000        -5.168213239292334E-007
   150.586875000000        -7.906216865764895E-007
   150.800625000000        -1.051392149805378E-006
   151.014375000000        -1.283090815526395E-006
   151.228125000000        -1.469806381604269E-006
   151.441875000000        -1.596868109581624E-006
   151.655625000000        -1.651945210035683E-006
   151.869375000000        -1.626053561878997E-006
   152.083125000000        -1.514391368277349E-006
   152.296875000000        -1.316935179423814E-006
   152.510625000000        -1.038743049766729E-006
   152.724375000000        -6.899313608708863E-007
   152.938125000000        -2.853145773317139E-007
   153.151875000000         1.562787971021408E-007
   153.365625000000         6.129773607419566E-007
   153.579375000000         1.061067277724844E-006
   153.793125000000         1.476347202810761E-006
   154.006875000000         1.835551018645784E-006
   154.220625000000         2.117746148289629E-006
   154.434375000000         2.305616226680896E-006
   154.648125000000         2.386544437715097E-006
   154.861875000000         2.353427235516801E-006
   155.075625000000         2.205166405559208E-006
   155.289375000000         1.946809061915511E-006
   155.503125000000         1.589328563442358E-006
   155.716875000000         1.149062710139637E-006
   155.930625000000         6.468472464949512E-007
   156.144375000000         1.069011335805439E-007
   156.358125000000        -4.444659561659803E-007
   156.571875000000        -9.802447362110866E-007
   156.785625000000        -1.474133711705998E-006
   156.999375000000        -1.901883060743457E-006
   157.213125000000        -2.242502646415693E-006
   157.426875000000        -2.479273470231023E-006
   157.640625000000        -2.600516564354885E-006
   157.854375000000        -2.600089754311479E-006
   158.068125000000        -2.477599594060168E-006
   158.281875000000        -2.238331861618314E-006
   158.495625000000        -1.892918278270027E-006
   158.709375000000        -1.456768819431255E-006
   158.923125000000        -9.493076750384095E-007
   159.136875000000        -3.930564684652523E-007
   159.350625000000         1.873890715190923E-007
   159.564375000000         7.664427574260095E-007
   159.778125000000         1.318627621189728E-006
   159.991875000000         1.819650604008835E-006
   160.205625000000         2.247415203436730E-006
   160.419375000000         2.582939161624405E-006
   160.633125000000         2.811148232384603E-006
   160.846875000000         2.921520680804589E-006
   161.060625000000         2.908560505151624E-006
   161.274375000000         2.772080670220445E-006
   161.488125000000         2.517281279948834E-006
   161.701875000000         2.154612028669349E-006
   161.915625000000         1.699413859331395E-006
   162.129375000000         1.171341811180384E-006
   162.343125000000         5.935796527470317E-007
   162.556875000000        -8.133086876826622E-009
   162.770625000000        -6.066300853125653E-007
   162.984375000000        -1.174560322958797E-006
   163.198125000000        -1.685689811839500E-006
   163.411875000000        -2.116200532882101E-006
   163.625625000000        -2.445918019214924E-006
   163.839375000000        -2.659396680655949E-006
   164.053125000000        -2.746794211056384E-006
   164.266875000000        -2.704473722759478E-006
   164.480625000000        -2.535284662861400E-006
   164.694375000000        -2.248490667558729E-006
   164.908125000000        -1.859333410408261E-006
   165.121875000000        -1.388244868907675E-006
   165.335625000000        -8.597445956369410E-007
   165.549375000000        -3.010816433988390E-007
   165.763125000000         2.592991877102515E-007
   165.976875000000         7.933719613861196E-007
   166.190625000000         1.275121488622082E-006
   166.404375000000         1.682007576201920E-006
   166.618125000000         1.996203327195730E-006
   166.831875000000         2.205523502052378E-006
   167.045625000000         2.303980131512002E-006
   167.259375000000         2.291929120212020E-006
   167.473125000000         2.175801474986871E-006
   167.686875000000         1.967443657215386E-006
   167.900625000000         1.683120858739063E-006
   168.114375000000         1.342262265759721E-006
   168.328125000000         9.660464246619999E-007
   168.541875000000         5.759359724556853E-007
   168.755625000000         1.922732161280020E-007
   168.969375000000        -1.669589201608148E-007
   169.183125000000        -4.871216676260363E-007
   169.396875000000        -7.575849240316348E-007
   169.610625000000        -9.720337985196786E-007
   169.824375000000        -1.128410633473108E-006
   170.038125000000        -1.228517221265330E-006
   170.251875000000        -1.277330563075029E-006
   170.465625000000        -1.282108958510229E-006
   170.679375000000        -1.251381390466231E-006
   170.893125000000        -1.193920660830694E-006
   171.106875000000        -1.117798915649446E-006
   171.320625000000        -1.029613306500288E-006
   171.534375000000        -9.339506407218678E-007
   171.748125000000        -8.331347919530865E-007
   171.961875000000        -7.272717645504548E-007
   172.175625000000        -6.145773739631892E-007
   172.389375000000        -4.919443588472272E-007
   172.603125000000        -3.556820467404829E-007
   172.816875000000        -2.023446967915983E-007
   173.030625000000        -2.955594670446965E-008
   173.244375000000         1.632627871416929E-007
   173.458125000000         3.743426203829700E-007
   173.671875000000         5.992612520054449E-007
   173.885625000000         8.309217022582090E-007
   174.099375000000         1.059828465401949E-006
   174.313125000000         1.274644168744440E-006
   174.526875000000         1.462981628333271E-006
   174.740625000000         1.612362149010176E-006
   174.954375000000         1.711253362490820E-006
   175.168125000000         1.750090546155007E-006
   175.381875000000         1.722185151101495E-006
   175.595625000000         1.624433253220847E-006
   175.809375000000         1.457754009241828E-006
   176.023125000000         1.227212332051881E-006
   176.236875000000         9.418086277537919E-007
   176.450625000000         6.139488583188388E-007
   176.664375000000         2.586375284000814E-007
   176.878125000000        -1.075383401961255E-007
   177.091875000000        -4.675470086831915E-007
   177.305625000000        -8.050733026347081E-007
   177.519375000000        -1.105603203107534E-006
   177.733125000000        -1.357339065214880E-006
   177.946875000000        -1.551868937032307E-006
   178.160625000000        -1.684536747399185E-006
   178.374375000000        -1.754488360076351E-006
   178.588125000000        -1.764398973271402E-006
   178.801875000000        -1.719917177291099E-006
   179.015625000000        -1.628887323362999E-006
   179.229375000000        -1.500432182715457E-006
   179.443125000000        -1.343990230885843E-006
   179.656875000000        -1.168405074157084E-006
   179.870625000000        -9.811582082291098E-007
   180.084375000000        -7.878210334595584E-007
   180.298125000000        -5.917792710558949E-007
   180.511875000000        -3.942547805823397E-007
   180.725625000000        -1.946189481627698E-007
   180.939375000000         9.038747433924061E-009
   181.153125000000         2.191507182367339E-007
   181.366875000000         4.378049498554320E-007
   181.580625000000         6.658708866154855E-007
   181.794375000000         9.022198826709222E-007
   182.008125000000         1.143136400621012E-006
   182.221875000000         1.382000297628200E-006
   182.435625000000         1.609296329765479E-006
   182.649375000000         1.812976520096607E-006
   182.863125000000         1.979166984697916E-006
   183.076875000000         2.093176281866823E-006
   183.290625000000         2.140730534303235E-006
   183.504375000000         2.109334478732049E-006
   183.718125000000         1.989639771166682E-006
   183.931875000000         1.776694175320655E-006
   184.145625000000         1.470948675614483E-006
   184.359375000000         1.078914106581015E-006
   184.573125000000         6.133836163404388E-007
   184.786875000000         9.317031033182499E-008
   185.000625000000        -4.576518812641458E-007
   185.214375000000        -1.010974879586190E-006
   185.428125000000        -1.536281214526852E-006
   185.641875000000        -2.002561567293691E-006
   185.855625000000        -2.380391487175580E-006
   186.069375000000        -2.644015420922759E-006
   186.283125000000        -2.773279749655488E-006
   186.496875000000        -2.755262678567964E-006
   186.710625000000        -2.585467323568796E-006
   186.924375000000        -2.268473919803500E-006
   187.138125000000        -1.817985547905182E-006
   187.351875000000        -1.256246191232353E-006
   187.565625000000        -6.128568423591514E-007
   187.779375000000         7.693892483384609E-008
   187.993125000000         7.743876401176883E-007
   188.206875000000         1.439631848210980E-006
   188.420625000000         2.034222214429067E-006
   188.634375000000         2.523559346160812E-006
   188.848125000000         2.879092773088636E-006
   189.061875000000         3.080121574913340E-006
   189.275625000000         3.115070033130023E-006
   189.489375000000         2.982150193408339E-006
   189.703125000000         2.689368377326402E-006
   189.916875000000         2.253880973941209E-006
   190.130625000000         1.700752526817859E-006
   190.344375000000         1.061212519189261E-006
   190.558125000000         3.705430050263614E-007
   190.771875000000        -3.342453946334527E-007
   190.985625000000        -1.016778517024873E-006
   191.199375000000        -1.643554204117145E-006
   191.413125000000        -2.185891070617288E-006
   191.626875000000        -2.621458332308855E-006
   191.840625000000        -2.935289520565734E-006
   192.054375000000        -3.120224887899463E-006
   192.268125000000        -3.176772886393066E-006
   192.481875000000        -3.112426617518014E-006
   192.695625000000        -2.940512978902998E-006
   192.909375000000        -2.678687061634959E-006
   193.123125000000        -2.347209455428971E-006
   193.336875000000        -1.967157574981992E-006
   193.550625000000        -1.558722960026019E-006
   193.764375000000        -1.139734785551947E-006
   193.978125000000        -7.245266323205470E-007
   194.191875000000        -3.232309297508321E-007
   194.405625000000         5.845381956560761E-008
   194.619375000000         4.190205650717837E-007
   194.833125000000         7.604758980735892E-007
   195.046875000000         1.087305380038400E-006
   195.260625000000         1.405191971008504E-006
   195.474375000000         1.719619279367272E-006
   195.688125000000         2.034501539405668E-006
   195.901875000000         2.350979954302634E-006
   196.115625000000         2.666510483007038E-006
   196.329375000000         2.974342498365554E-006
   196.543125000000         3.263453138972012E-006
   196.756875000000         3.518961523883681E-006
   196.970625000000         3.723003731819929E-006
   197.184375000000         3.856007244346167E-006
   197.398125000000         3.898266034533364E-006
   197.611875000000         3.831687902828863E-006
   197.825625000000         3.641566634362668E-006
   198.039375000000         3.318224826022659E-006
   198.253125000000         2.858379538066349E-006
   198.466875000000         2.266101905634457E-006
   198.680625000000         1.553272073606752E-006
   198.894375000000         7.394699084224156E-007
   199.108125000000        -1.487132602235631E-007
   199.321875000000        -1.078909770349326E-006
   199.535625000000        -2.014680517087043E-006
   199.749375000000        -2.917573057988462E-006
   199.963125000000        -3.749385885564043E-006
   200.176875000000        -4.474472859643416E-006
   200.390625000000        -5.061916073170319E-006
   200.604375000000        -5.487403557046002E-006
   200.818125000000        -5.734669683251606E-006
   201.031875000000        -5.796389265855679E-006
   201.245625000000        -5.674458573223883E-006
   201.459375000000        -5.379644368743974E-006
   201.673125000000        -4.930631812689550E-006
   201.886875000000        -4.352549525982664E-006
   202.100625000000        -3.675091432490316E-006
   202.314375000000        -2.930386730573479E-006
   202.528125000000        -2.150788827964669E-006
   202.741875000000        -1.366759622515294E-006
   202.955625000000        -6.050165707069090E-007
   203.169375000000         1.129128143895800E-007
   203.383125000000         7.716192824098295E-007
   203.596875000000         1.362157427003045E-006
   203.810625000000         1.881792912886272E-006
   204.024375000000         2.333187335283331E-006
   204.238125000000         2.723105704659991E-006
   204.451875000000         3.060773857181138E-006
   204.665625000000         3.356045088404548E-006
   204.879375000000         3.617554169272693E-006
   205.093125000000         3.851040827654922E-006
   205.306875000000         4.058013145443033E-006
   205.520625000000         4.234894759747670E-006
   205.734375000000         4.372760116223012E-006
   205.948125000000         4.457712247288699E-006
   206.161875000000         4.471901466024222E-006
   206.375625000000         4.395125406439940E-006
   206.589375000000         4.206895698108145E-006
   206.803125000000         3.888808839650572E-006
   207.016875000000         3.427022679706848E-006
   207.230625000000         2.814618687805928E-006
   207.444375000000         2.053626196317740E-006
   207.658125000000         1.156499040511632E-006
   207.871875000000         1.468671499772051E-007
   208.085625000000        -9.405661188769986E-007
   208.299375000000        -2.061048856706721E-006
   208.513125000000        -3.161725547208645E-006
   208.726875000000        -4.184426102222077E-006
   208.940625000000        -5.069150933658826E-006
   209.154375000000        -5.758039362610589E-006
   209.368125000000        -6.199556761134749E-006
   209.581875000000        -6.352601249000345E-006
   209.795625000000        -6.190217013482959E-006
   210.009375000000        -5.702610467294089E-006
   210.223125000000        -4.899197972593562E-006
   210.436875000000        -3.809468482431097E-006
   210.650625000000        -2.482518228431943E-006
   210.864375000000        -9.852030012546631E-007
   211.078125000000         6.010491795863934E-007
   211.291875000000         2.184622860355512E-006
   211.505625000000         3.669061022063378E-006
   211.719375000000         4.959053665351357E-006
   211.933125000000         5.966687667344658E-006
   212.146875000000         6.617537796915448E-006
   212.360625000000         6.856168524091099E-006
   212.574375000000         6.650636534756078E-006
   212.788125000000         5.995634630806319E-006
   213.001875000000         4.913996688033848E-006
   213.215625000000         3.456386112579849E-006
   213.429375000000         1.699110384514565E-006
   213.643125000000        -2.598661630228633E-007
   213.856875000000        -2.306509229325630E-006
   214.070625000000        -4.317578108185004E-006
   214.284375000000        -6.168340319286574E-006
   214.498125000000        -7.740635611893266E-006
   214.711875000000        -8.930744737546488E-006
   214.925625000000        -9.656513142944005E-006
   215.139375000000        -9.863214015044302E-006
   215.353125000000        -9.527707915656503E-006
   215.566875000000        -8.660563651863360E-006
   215.780625000000        -7.305940373261413E-006
   215.994375000000        -5.539185140301028E-006
   216.208125000000        -3.462262573544717E-006
   216.421875000000        -1.197291858093342E-006
   216.635625000000         1.121390624152761E-006
   216.849375000000         3.356108630598751E-006
   217.063125000000         5.375049237263210E-006
   217.276875000000         7.061141505447076E-006
   217.490625000000         8.319971517037573E-006
   217.704375000000         9.086153815307521E-006
   217.918125000000         9.327683126837159E-006
   218.131875000000         9.047931969049702E-006
   218.345625000000         8.285129433468654E-006
   218.559375000000         7.109341688470475E-006
   218.773125000000         5.617161629965083E-006
   218.986875000000         3.924489202202893E-006
   219.200625000000         2.157931445299793E-006
   219.414375000000         4.454603079471976E-007
   219.628125000000        -1.092972512792096E-006
   219.841875000000        -2.354156582197753E-006
   220.055625000000        -3.259019430226879E-006
   220.269375000000        -3.758137675940802E-006
   220.483125000000        -3.834945000432615E-006
   220.696875000000        -3.506397048054997E-006
   220.910625000000        -2.821051179998239E-006
   221.124375000000        -1.854721429262663E-006
   221.338125000000        -7.040598090471418E-007
   221.551875000000         5.214211614966482E-007
   221.765625000000         1.708246674099515E-006
   221.979375000000         2.748088186650079E-006
   222.193125000000         3.546356570866689E-006
   222.406875000000         4.029597361825099E-006
   222.620625000000         4.151104225750939E-006
   222.834375000000         3.894312872915593E-006
   223.048125000000         3.273719418358773E-006
   223.261875000000         2.333269764127630E-006
   223.475625000000         1.142373265826213E-006
   223.689375000000        -2.101123387719320E-007
   223.903125000000        -1.623413089299028E-006
   224.116875000000        -2.993254454827994E-006
   224.330625000000        -4.220457792362926E-006
   224.544375000000        -5.219004397137207E-006
   224.758125000000        -5.922902749499585E-006
   224.971875000000        -6.291298521434656E-006
   225.185625000000        -6.311417149980506E-006
   225.399375000000        -5.999112569655770E-006
   225.613125000000        -5.396997470085370E-006
   225.826875000000        -4.570333178515032E-006
   226.040625000000        -3.601043905723943E-006
   226.254375000000        -2.580375013537768E-006
   226.468125000000        -1.600825295723100E-006
   226.681875000000        -7.480399881842638E-007
   226.895625000000        -9.334991052174129E-008
   227.109375000000         3.124166928687961E-007
   227.323125000000         4.433340095952734E-007
   227.536875000000         3.006279455926075E-007
   227.750625000000        -8.740499384752299E-008
   227.964375000000        -6.677931413061279E-007
   228.178125000000        -1.367390522697619E-006
   228.391875000000        -2.099100682112750E-006
   228.605625000000        -2.769301081104793E-006
   228.819375000000        -3.285850653009276E-006
   229.033125000000        -3.566020361297235E-006
   229.246875000000        -3.543699020499160E-006
   229.460625000000        -3.175292336936258E-006
   229.674375000000        -2.443845793386991E-006
   229.888125000000        -1.361071460555909E-006
   230.101875000000         3.286802618507494E-008
   230.315625000000         1.671783074430285E-006
   230.529375000000         3.467877491646165E-006
   230.743125000000         5.317800008491820E-006
   230.956875000000         7.109839796803763E-006
   231.170625000000         8.731699606448851E-006
   231.384375000000         1.007824873904834E-005
   231.598125000000         1.105867569917233E-005
   231.811875000000         1.160252406772965E-005
   232.025625000000         1.166419817078251E-005
   232.239375000000         1.122565759464689E-005
   232.453125000000         1.029716947799552E-005
   232.666875000000         8.916141686169860E-006
   232.880625000000         7.144205446338434E-006
   233.094375000000         5.062841038866081E-006
   233.308125000000         2.767935168987575E-006
   233.521875000000         3.637171327702685E-007
   233.735625000000        -2.043460261365317E-006
   233.949375000000        -4.351049363047900E-006
   234.163125000000        -6.465555861088847E-006
   234.376875000000        -8.306800411676393E-006
   234.590625000000        -9.810991105743231E-006
   234.804375000000        -1.093251676679570E-005
   235.018125000000        -1.164448222110261E-005
   235.231875000000        -1.193810647670206E-005
   235.445625000000        -1.182118484656327E-005
   235.659375000000        -1.131587038923478E-005
   235.873125000000        -1.045605529673287E-005
   236.086875000000        -9.284628655280074E-006
   236.300625000000        -7.850855817005949E-006
   236.514375000000        -6.208071431660917E-006
   236.728125000000        -4.411809906474980E-006
   236.941875000000        -2.518421786068231E-006
   237.155625000000        -5.841507251813951E-007
   237.369375000000         1.335418667007960E-006
   237.583125000000         3.185680087487906E-006
   237.796875000000         4.913257167995212E-006
   238.010625000000         6.466356538794465E-006
   238.224375000000         7.795371719281209E-006
   238.438125000000         8.853846544849910E-006
   238.651875000000         9.599849812030447E-006
   238.865625000000         9.997745813478087E-006
   239.079375000000         1.002027586130965E-005
   239.293125000000         9.650801503956875E-006
   239.506875000000         8.885508233609720E-006
   239.720625000000         7.735335214978872E-006
   239.934375000000         6.227386349018827E-006
   240.148125000000         4.405593041130543E-006
   240.361875000000         2.330439180291890E-006
   240.575625000000         7.762143605411683E-008
   240.789375000000        -2.264401787586841E-006
   241.003125000000        -4.597928173511644E-006
   241.216875000000        -6.820457156673191E-006
   241.430625000000        -8.829835406781565E-006
   241.644375000000        -1.052979847895269E-005
   241.858125000000        -1.183555010820144E-005
   242.071875000000        -1.267899219314531E-005
   242.285625000000        -1.301322011787936E-005
   242.499375000000        -1.281593083257248E-005
   242.713125000000        -1.209145358402314E-005
   242.926875000000        -1.087120135581561E-005
   243.140625000000        -9.212448692728665E-006
   243.354375000000        -7.195460618269207E-006
   243.568125000000        -4.919118630906426E-006
   243.781875000000        -2.495303688590668E-006
   243.995625000000        -4.239342549219082E-008
   244.209375000000         2.321696529115383E-006
   244.423125000000         4.486455660664870E-006
   244.636875000000         6.355228036350964E-006
   244.850625000000         7.850719707087708E-006
   245.064375000000         8.919179906373408E-006
   245.278125000000         9.532966415169300E-006
   245.491875000000         9.691323284437493E-006
   245.705625000000         9.419331351709299E-006
   245.919375000000         8.765128455255608E-006
   246.133125000000         7.795626231674704E-006
   246.346875000000         6.591063520676465E-006
   246.560625000000         5.238823528113161E-006
   246.774375000000         3.826995806137909E-006
   246.988125000000         2.438180167121726E-006
   247.201875000000         1.144006225201233E-006
   247.415625000000         7.809103274354650E-010
   247.629375000000        -9.534183103429300E-007
   247.843125000000        -1.700007195623878E-006
   248.056875000000        -2.239454758276550E-006
   248.270625000000        -2.589220484614084E-006
   248.484375000000        -2.780284723749703E-006
   248.698125000000        -2.852605436769761E-006
   248.911875000000        -2.849923979987681E-006
   249.125625000000        -2.814396663777593E-006
   249.339375000000        -2.781542669352487E-006
   249.553125000000        -2.775971034167159E-006
   249.766875000000        -2.808281841943467E-006
   249.980625000000        -2.873434858874237E-006
   250.194375000000        -2.950750989406861E-006
   250.408125000000        -3.005568722193083E-006
   250.621875000000        -2.992431255609084E-006
   250.835625000000        -2.859542696471742E-006
   251.049375000000        -2.554115427517797E-006
   251.263125000000        -2.028145582577309E-006
   251.476875000000        -1.244107141522653E-006
   251.690625000000        -1.800518156576965E-007
   251.904375000000         1.166357645067367E-006
   252.118125000000         2.775271847080571E-006
   252.331875000000         4.603812473114179E-006
   252.545625000000         6.587098694302592E-006
   252.759375000000         8.641124314933863E-006
   252.973125000000         1.066731416229979E-005
   253.186875000000         1.255844745919747E-005
   253.400625000000         1.420551981555745E-005
   253.614375000000         1.550503390096110E-005
   253.828125000000         1.636616873727788E-005
   254.041875000000         1.671728227376287E-005
   254.255625000000         1.651125103945191E-005
   254.469375000000         1.572923998273894E-005
   254.683125000000         1.438261746174656E-005
   254.896875000000         1.251287435646448E-005
   255.110625000000         1.018956022688858E-005
   255.324375000000         7.506400388981582E-006
   255.538125000000         4.575893168935101E-006
   255.751875000000         1.522795372941161E-006
   255.965625000000        -1.523022416774301E-006
   256.179375000000        -4.433836134510883E-006
   256.393125000000        -7.090938913803593E-006
   256.606875000000        -9.390666733211436E-006
   256.820625000000        -1.124920827756776E-005
   257.034375000000        -1.260593943525165E-005
   257.248125000000        -1.342514996915038E-005
   257.461875000000        -1.369616131351893E-005
   257.675625000000        -1.343195849590913E-005
   257.889375000000        -1.266656526705841E-005
   258.103125000000        -1.145147107963512E-005
   258.316875000000        -9.851465813182946E-006
   258.530625000000        -7.940250580204486E-006
   258.744375000000        -5.796171455755057E-006
   258.958125000000        -3.498371656886378E-006
   259.171875000000        -1.123583382355088E-006
   259.385625000000         1.256308012882764E-006
   259.599375000000         3.575887794167736E-006
   259.813125000000         5.777071457478116E-006
   260.026875000000         7.809321511921788E-006
   260.240625000000         9.629395193949265E-006
   260.454375000000         1.120082391615483E-005
   260.668125000000         1.249332550675336E-005
   260.881875000000         1.348232534443978E-005
   261.095625000000         1.414871666606715E-005
   261.309375000000         1.447893014909649E-005
   261.523125000000         1.446531630071747E-005
   261.736875000000         1.410677968407419E-005
   261.950625000000         1.340954959234513E-005
   262.164375000000         1.238793410905955E-005
   262.378125000000         1.106488814764401E-005
   262.591875000000         9.472233040230214E-006
   262.805625000000         7.650394751664338E-006
   263.019375000000         5.647576357326611E-006
   263.233125000000         3.518342304572398E-006
   263.446875000000         1.321659840679175E-006
   263.660625000000        -8.814912519183027E-007
   263.874375000000        -3.030773724061557E-006
   264.088125000000        -5.069206913065860E-006
   264.301875000000        -6.945716773244427E-006
   264.515625000000        -8.617305888570676E-006
   264.729375000000        -1.005065838219922E-005
   264.943125000000        -1.122304639380862E-005
   265.156875000000        -1.212247192655975E-005
   265.370625000000        -1.274705308408887E-005
   265.584375000000        -1.310373873878225E-005
   265.798125000000        -1.320650214652560E-005
   266.011875000000        -1.307421448696237E-005
   266.225625000000        -1.272842804009626E-005
   266.439375000000        -1.219130239306457E-005
   266.653125000000        -1.148388518881517E-005
   266.866875000000        -1.062491384561841E-005
   267.080625000000        -9.630241390966040E-006
   267.294375000000        -8.512915149215678E-006
   267.508125000000        -7.283859879040851E-006
   267.721875000000        -5.953045806684535E-006
   267.935625000000        -4.530964938132472E-006
   268.149375000000        -3.030202586870150E-006
   268.363125000000        -1.466879432692726E-006
   268.576875000000         1.382459779206851E-007
   268.790625000000         1.759185175113415E-006
   269.004375000000         3.364749668793584E-006
   269.218125000000         4.919241588813780E-006
   269.431875000000         6.383766115650254E-006
   269.645625000000         7.718053071113198E-006
   269.859375000000         8.882614024172101E-006
   270.073125000000         9.841020155660260E-006
   270.286875000000         1.056206990183743E-005
   270.500625000000         1.102162618971114E-005
   270.714375000000         1.120393987439085E-005
   270.928125000000         1.110233470772400E-005
   271.141875000000         1.071920307986357E-005
   271.355625000000         1.006534224453822E-005
   271.569375000000         9.158738189211221E-006
   271.783125000000         8.022969325270174E-006
   271.996875000000         6.685446591690299E-006
   272.210625000000         5.175724468069022E-006
   272.424375000000         3.524105844872975E-006
   272.638125000000         1.760723174318013E-006
   272.851875000000        -8.478724729584185E-008
   273.065625000000        -1.982984600017704E-006
   273.279375000000        -3.903755360387982E-006
   273.493125000000        -5.815026424779274E-006
   273.706875000000        -7.681284944101353E-006
   273.920625000000        -9.462183570546637E-006
   274.134375000000        -1.111153199352070E-005
   274.348125000000        -1.257696206842311E-005
   274.561875000000        -1.380050369979343E-005
   274.775625000000        -1.472022517366935E-005
   274.989375000000        -1.527298196274118E-005
   275.203125000000        -1.539819253431627E-005
   275.416875000000        -1.504243103503988E-005
   275.630625000000        -1.416450858430032E-005
   275.844375000000        -1.274062056412728E-005
   276.058125000000        -1.076907822550928E-005
   276.271875000000        -8.274127544909666E-006
   276.485625000000        -5.308390907274014E-006
   276.699375000000        -1.953547556440315E-006
   276.913125000000         1.681008253234485E-006
   277.126875000000         5.461636379480719E-006
   277.340625000000         9.235976133836597E-006
   277.554375000000         1.284027640964534E-005
   277.768125000000         1.610811100318680E-005
   277.981875000000         1.887991953979042E-005
   278.195625000000         2.101271636152570E-005
   278.409375000000         2.238926385022130E-005
   278.623125000000         2.292601859825067E-005
   278.836875000000         2.257922905682444E-005
   279.050625000000         2.134868694032339E-005
   279.264375000000         1.927880199217738E-005
   279.478125000000         1.645686693408518E-005
   279.691875000000         1.300858996027268E-005
   279.905625000000         9.091178182983686E-006
   280.119375000000         4.884439551377735E-006
   280.333125000000         5.805175014153134E-007
   280.546875000000        -3.627030125039620E-006
   280.760625000000        -7.554056158843143E-006
   280.974375000000        -1.103582089088267E-005
   281.188125000000        -1.393550468744689E-005
   281.401875000000        -1.615070636597517E-005
   281.615625000000        -1.761756082723250E-005
   281.829375000000        -1.831229616136619E-005
   282.043125000000        -1.825024419017718E-005
   282.256875000000        -1.748250300140535E-005
   282.470625000000        -1.609061071292030E-005
   282.684375000000        -1.417971440213543E-005
   282.898125000000        -1.187079843403163E-005
   283.111875000000        -9.292568153091406E-006
   283.325625000000        -6.573568316642858E-006
   283.539375000000        -3.835055142551265E-006
   283.753125000000        -1.185044348242591E-006
   283.966875000000         1.286164413161047E-006
   284.180625000000         3.508821775722762E-006
   284.394375000000         5.434893291064229E-006
   284.608125000000         7.037652742618787E-006
   284.821875000000         8.309909233791242E-006
   285.035625000000         9.261153265291559E-006
   285.249375000000         9.913956480380921E-006
   285.463125000000         1.029997768369173E-005
   285.676875000000         1.045591613815301E-005
   285.890625000000         1.041971642463500E-005
   286.104375000000         1.022727344218707E-005
   286.318125000000         9.909818501466165E-006
   286.531875000000         9.492095123348461E-006
   286.745625000000         8.991362707981247E-006
   286.959375000000         8.417203118927757E-006
   287.173125000000         7.772053301811606E-006
   287.386875000000         7.052348468736422E-006
   287.600625000000         6.250135597037602E-006
   287.814375000000         5.355005052203829E-006
   288.028125000000         4.356187043262181E-006
   288.241875000000         3.244666764160129E-006
   288.455625000000         2.015184764563573E-006
   288.669375000000         6.680049317212560E-007
   288.883125000000        -7.896503283017011E-007
   289.096875000000        -2.342580541508676E-006
   289.310625000000        -3.967068323994263E-006
   289.524375000000        -5.630867924075764E-006
   289.738125000000        -7.293747912131362E-006
   289.951875000000        -8.908592399562583E-006
   290.165625000000        -1.042303963324324E-005
   290.379375000000        -1.178160802209316E-005
   290.593125000000        -1.292822831400330E-005
   290.806875000000        -1.380906836634615E-005
   291.020625000000        -1.437550620923440E-005
   291.234375000000        -1.458708100837644E-005
   291.448125000000        -1.441423353352961E-005
   291.661875000000        -1.384064115823629E-005
   291.875625000000        -1.286496000267865E-005
   292.089375000000        -1.150181029148348E-005
   292.303125000000        -9.781880623910021E-006
   292.516875000000        -7.751081277291073E-006
   292.730625000000        -5.468742789182060E-006
   292.944375000000        -3.004929191979638E-006
   293.158125000000        -4.370094337390952E-007
   293.371875000000         2.154301034188926E-006
   293.585625000000         4.689160671865858E-006
   293.799375000000         7.092779501312839E-006
   294.013125000000         9.299236254430839E-006
   294.226875000000         1.125463142699601E-005
   294.440625000000         1.291931470014422E-005
   294.654375000000         1.426899330069729E-005
   294.868125000000         1.529461754054358E-005
   295.081875000000         1.600104410650098E-005
   295.295625000000         1.640458788002274E-005
   295.509375000000         1.652967920571029E-005
   295.723125000000         1.640493538415239E-005
   295.936875000000         1.605902322371801E-005
   296.150625000000         1.551672589257394E-005
   296.364375000000         1.479562672426066E-005
   296.578125000000         1.390378287798030E-005
   296.791875000000         1.283868423306033E-005
   297.005625000000         1.158768263804752E-005
   297.219375000000         1.012994203988745E-005
   297.433125000000         8.439812256798324E-006
   297.646875000000         6.491381273753213E-006
   297.860625000000         4.263826735781577E-006
   298.074375000000         1.747080112830991E-006
   298.288125000000        -1.052751610703683E-006
   298.501875000000        -4.108783233586504E-006
   298.715625000000        -7.370113422072286E-006
   298.929375000000        -1.076041426443601E-005
   299.143125000000        -1.417867988643577E-005
   299.356875000000        -1.750229566740877E-005
   299.570625000000        -2.059239360738309E-005
   299.784375000000        -2.330125350956709E-005
   299.998125000000        -2.548131162441107E-005
   300.211875000000        -2.699516622629893E-005
   300.425625000000        -2.772583984970128E-005
   300.639375000000        -2.758648425664001E-005
   300.853125000000        -2.652870602513782E-005
   301.066875000000        -2.454875202881017E-005
   301.280625000000        -2.169092322850981E-005
   301.494375000000        -1.804777435445491E-005
   301.708125000000        -1.375689292405445E-005
   301.921875000000        -8.994315728116339E-006
   302.135625000000        -3.964913328882254E-006
   302.349375000000         1.109669345773259E-006
   302.563125000000         6.004707742973422E-006
   302.776875000000         1.050675561361402E-005
   302.990625000000         1.442760304190376E-005
   303.204375000000         1.761676331446429E-005
   303.418125000000         1.997149545582741E-005
   303.631875000000         2.144352997981745E-005
   303.845625000000         2.204189813000898E-005
   304.059375000000         2.183155269037787E-005
   304.273125000000         2.092778941870920E-005
   304.486875000000         1.948680710051570E-005
   304.700625000000         1.769305472837945E-005
   304.914375000000         1.574428093296037E-005
   305.128125000000         1.383540118092986E-005
   305.341875000000         1.214241506952823E-005
   305.555625000000         1.080762845098305E-005
   305.769375000000         9.927359750445266E-006
   305.983125000000         9.543141158159361E-006
   306.196875000000         9.637175357850129E-006
   306.410625000000         1.013249566242474E-005
   306.624375000000         1.089792553560509E-005
   306.838125000000         1.175756936175572E-005
   307.051875000000         1.250421791377471E-005
   307.265625000000         1.291574600762705E-005
   307.479375000000         1.277333977221233E-005
   307.693125000000         1.188023513200716E-005
   307.906875000000         1.007958931288268E-005
   308.120625000000         7.270147898514773E-006
   308.334375000000         3.418508048373827E-006
   308.548125000000        -1.432996430742609E-006
   308.761875000000        -7.163467063923108E-006
   308.975625000000        -1.357600450224996E-005
   309.189375000000        -2.040563078529493E-005
   309.403125000000        -2.733217067101304E-005
   309.616875000000        -3.399735397744364E-005
   309.830625000000        -4.002511247272948E-005
   310.044375000000        -4.504382549122819E-005
   310.258125000000        -4.870913172677574E-005
   310.471875000000        -5.072587818880406E-005
   310.685625000000        -5.086782251374818E-005
   310.899375000000        -4.899383708651651E-005
   311.113125000000        -4.505957270010487E-005
   311.326875000000        -3.912381122253749E-005
   311.540625000000        -3.134905307124105E-005
   311.754375000000        -2.199622629584513E-005
   311.968125000000        -1.141374909834148E-005
   312.181875000000        -2.150656086286961E-008
   312.395625000000         1.170940326734296E-005
   312.609375000000         2.328005486699077E-005
   312.823125000000         3.418893250932768E-005
   313.036875000000         4.395763078856317E-005
   313.250625000000         5.215559835064185E-005
   313.464375000000         5.842255123649526E-005
   313.678125000000         6.248730393341485E-005
   313.891875000000         6.418195655531516E-005
   314.105625000000         6.345062574386227E-005
   314.319375000000         6.035220225541131E-005
   314.533125000000         5.505694481229825E-005
   314.746875000000         4.783706095682935E-005
   314.960625000000         3.905176358042512E-005
   315.174375000000         2.912760838792325E-005
   315.388125000000         1.853519512678901E-005
   315.601875000000         7.763537599762689E-006
   315.815625000000        -2.706439873351601E-006
   316.029375000000        -1.242774983885632E-005
   316.243125000000        -2.101101893035837E-005
   316.456875000000        -2.814458683948232E-005
   316.670625000000        -3.360981238640779E-005
   316.884375000000        -3.729064485661269E-005
   317.098125000000        -3.917685743735689E-005
   317.311875000000        -3.936072562883844E-005
   317.525625000000        -3.802734431678922E-005
   317.739375000000        -3.543918724730609E-005
   317.953125000000        -3.191589502157113E-005
   318.166875000000        -2.781060589703293E-005
   318.380625000000        -2.348439340934474E-005
   318.594375000000        -1.928052607645566E-005
   318.808125000000        -1.550030309418422E-005
   319.021875000000        -1.238213918460721E-005
   319.235625000000        -1.008537307147830E-005
   319.449375000000        -8.679967489533566E-006
   319.663125000000        -8.142872541523104E-006
   319.876875000000        -8.361364267167259E-006
   320.090625000000        -9.143177848039225E-006
   320.304375000000        -1.023276484773494E-005
   320.518125000000        -1.133255217776012E-005
   320.731875000000        -1.212770123857697E-005
   320.945625000000        -1.231258859950449E-005
   321.159375000000        -1.161707741057333E-005
   321.373125000000        -9.830635326410212E-006
   321.586875000000        -6.822483659699166E-006
   321.800625000000        -2.556226574214721E-006
   322.014375000000         2.902209284610812E-006
   322.228125000000         9.384022178881238E-006
   322.441875000000         1.662453869498993E-005
   322.655625000000         2.427739640870935E-005
   322.869375000000         3.193500655525143E-005
   323.083125000000         3.915393747644431E-005
   323.296875000000         4.548349666220674E-005
   323.510625000000         5.049555047478216E-005
   323.724375000000         5.381352383055541E-005
   323.938125000000         5.513857401743275E-005
   324.151875000000         5.427112887296531E-005
   324.365625000000         5.112630423502948E-005
   324.579375000000         4.574214379547605E-005
   324.793125000000         3.828012362154153E-005
   325.006875000000         2.901789620763793E-005
   325.220625000000         1.833477570874468E-005
   325.434375000000         6.690948991276688E-006
   325.648125000000        -5.398197480957221E-006
   325.861875000000        -1.739094423531197E-005
   326.075625000000        -2.874943073270465E-005
   326.289375000000        -3.896925919069439E-005
   326.503125000000        -4.760668237013168E-005
   326.716875000000        -5.430175320313618E-005
   326.930625000000        -5.879612123914585E-005
   327.144375000000        -6.094454391638205E-005
   327.358125000000        -6.071961005327614E-005
   327.571875000000        -5.820961735517051E-005
   327.785625000000        -5.360997445516576E-005
   327.999375000000        -4.720888322409997E-005
   328.213125000000        -3.936837565466224E-005
   328.426875000000        -3.050201443564041E-005
   328.640625000000        -2.105070706797960E-005
   328.854375000000        -1.145812671069017E-005
   329.068125000000        -2.147182209903674E-006
   329.281875000000         6.501155855418693E-006
   329.495625000000         1.416557287548816E-005
   329.709375000000         2.059783172290617E-005
   329.923125000000         2.563135292948389E-005
   330.136875000000         2.918471791061060E-005
   330.350625000000         3.126016487700260E-005
   330.564375000000         3.193743082162724E-005
   330.778125000000         3.136354057205110E-005
   330.991875000000         2.973934385929709E-005
   331.205625000000         2.730374561531882E-005
   331.419375000000         2.431665872808571E-005
   331.633125000000         2.104173112122386E-005
   331.846875000000         1.772986231775878E-005
   332.060625000000         1.460443345855434E-005
   332.274375000000         1.184903636676061E-005
   332.488125000000         9.598310952962400E-006
   332.701875000000         7.932296820391102E-006
   332.915625000000         6.874486137699994E-006
   333.129375000000         6.393542956892305E-006
   333.343125000000         6.408441349851080E-006
   333.556875000000         6.796582559291374E-006
   333.770625000000         7.404290134610481E-006
   333.984375000000         8.058960309296160E-006
   334.198125000000         8.582068968006204E-006
   334.411875000000         8.802210068765864E-006
   334.625625000000         8.567364000880786E-006
   334.839375000000         7.755665688959979E-006
   335.053125000000         6.284055950191924E-006
   335.266875000000         4.114347664282194E-006
   335.480625000000         1.256410553688822E-006
   335.694375000000        -2.231636846965435E-006
   335.908125000000        -6.246154427325691E-006
   336.121875000000        -1.064338013168353E-005
   336.335625000000        -1.524710472674405E-005
   336.549375000000        -1.985810578335934E-005
   336.763125000000        -2.426474449501137E-005
   336.976875000000        -2.825409013300869E-005
   337.190625000000        -3.162293996773852E-005
   337.404375000000        -3.418814448801101E-005
   337.618125000000        -3.579572311098809E-005
   337.831875000000        -3.632835653548901E-005
   338.045625000000        -3.571095931765534E-005
   338.259375000000        -3.391416049171404E-005
   338.473125000000        -3.095564182816695E-005
   338.686875000000        -2.689939447646663E-005
   338.900625000000        -2.185304892968689E-005
   339.114375000000        -1.596350634326530E-005
   339.328125000000        -9.411149501005271E-006
   339.541875000000        -2.402939722966466E-006
   339.755625000000         4.835285685604066E-006
   339.969375000000         1.206700820265599E-005
   340.183125000000         1.905342599156019E-005
