  -1.60312500000000         2.782894594384783E-019
  -1.38937500000000         2.654769351444877E-018
  -1.17562500000000         1.527525538940518E-017
 -0.961875000000000         6.461492981454386E-017
 -0.748125000000000         2.200700315117290E-016
 -0.534375000000000         6.074242955251991E-016
 -0.320625000000000         1.319546478770522E-015
 -0.106875000000000         2.039748429888763E-015
  0.106875000000000         1.181282824748987E-015
  0.320625000000000        -5.423775065631049E-015
  0.534375000000000        -2.620603836390425E-014
  0.748125000000000        -7.506406470795798E-014
  0.961875000000000        -1.722072529164777E-013
   1.17562500000000        -3.442098204837542E-013
   1.38937500000000        -6.232678834693549E-013
   1.60312500000000        -1.045556269594783E-012
   1.81687500000000        -1.649734523490037E-012
   2.03062500000000        -2.473432832125133E-012
   2.24437500000000        -3.550180724795727E-012
   2.45812500000000        -4.905474440840536E-012
   2.67187500000000        -6.552624525131447E-012
   2.88562500000000        -8.492285267904055E-012
   3.09937500000000        -1.070567794639852E-011
   3.31312500000000        -1.316041832727408E-011
   3.52687500000000        -1.580765102236879E-011
   3.74062500000000        -1.858808745876979E-011
   3.95437500000000        -2.143807369811318E-011
   4.16812500000000        -2.429590308851547E-011
   4.38187500000000        -2.711249633658709E-011
   4.59562500000000        -2.985338502088206E-011
   4.80937500000000        -3.251055391930904E-011
   5.02312500000000        -3.510097464594634E-011
   5.23687500000000        -3.766575691279471E-011
   5.45062500000000        -4.026547875088887E-011
   5.66437500000000        -4.296548814373540E-011
   5.87812500000000        -4.582965389183121E-011
   6.09187500000000        -4.889906202754481E-011
   6.30562500000000        -5.217757229164713E-011
   6.51937500000000        -5.562621358293541E-011
   6.73312500000000        -5.915073362519647E-011
   6.94687500000000        -6.260865508372302E-011
   7.16062500000000        -6.581502213510767E-011
   7.37437500000000        -6.856686051559079E-011
   7.58812500000000        -7.066196176160166E-011
   7.80187500000000        -7.192598745549064E-011
   8.01562500000000        -7.224300317304477E-011
   8.22937500000000        -7.157016384580119E-011
   8.44312500000000        -6.995375468485983E-011
   8.65687500000000        -6.752128859424820E-011
   8.87062500000000        -6.447637453369417E-011
   9.08437500000000        -6.106712207568113E-011
   9.29812500000000        -5.755494154967602E-011
   9.51187500000000        -5.417551647815850E-011
   9.72562500000000        -5.110875033095737E-011
   9.93937500000000        -4.845045170619232E-011
   10.1531250000000        -4.620345925590586E-011
   10.3668750000000        -4.427716381676869E-011
   10.5806250000000        -4.251130691537073E-011
   10.7943750000000        -4.071072606920127E-011
   11.0081250000000        -3.867734771262537E-011
   11.2218750000000        -3.626085781904947E-011
   11.4356250000000        -3.338632829389866E-011
   11.6493750000000        -3.007691793006306E-011
   11.8631250000000        -2.645523999851641E-011
   12.0768750000000        -2.272833139000462E-011
   12.2906250000000        -1.915487828516745E-011
   12.5043750000000        -1.599817007024111E-011
   12.7181250000000        -1.348370921920355E-011
   12.9318750000000        -1.175126048580871E-011
   13.1456250000000        -1.082775960363123E-011
   13.3593750000000        -1.061702717320328E-011
   13.5731250000000        -1.090813801931047E-011
   13.7868750000000        -1.140995900157745E-011
   14.0006250000000        -1.179406960938179E-011
   14.2143750000000        -1.175191779430673E-011
   14.4281250000000        -1.104629376502723E-011
   14.6418750000000        -9.552259298189054E-012
   14.8556250000000        -7.282553997958438E-012
   15.0693750000000        -4.386958962166450E-012
   15.2831250000000        -1.134372917196737E-012
   15.4968750000000         2.128462078756259E-012
   15.7106250000000         5.031002666888640E-012
   15.9243750000000         7.230641454016737E-012
   16.1381250000000         8.463038915617374E-012
   16.3518750000000         8.578959549188697E-012
   16.5656250000000         7.554858870369899E-012
   16.7793750000000         5.493908438455632E-012
   16.9931250000000         2.594911211743994E-012
   17.2068750000000        -8.829425356630182E-013
   17.4206250000000        -4.668850697627498E-012
   17.6343750000000        -8.523022080675494E-012
   17.8481250000000        -1.227188836585974E-011
   18.0618750000000        -1.583147465170491E-011
   18.2756250000000        -1.920719711778059E-011
   18.4893750000000        -2.248588285402033E-011
   18.7031250000000        -2.580039593665238E-011
   18.9168750000000        -2.930185080172651E-011
   19.1306250000000        -3.312147011674153E-011
   19.3443750000000        -3.733320327224373E-011
   19.5581250000000        -4.193936084507315E-011
   19.7718750000000        -4.685678416776480E-011
   19.9856250000000        -5.192585355584468E-011
   20.1993750000000        -5.692625165315747E-011
   20.4131250000000        -6.160681451400431E-011
   20.6268750000000        -6.571665291604181E-011
   20.8406250000000        -6.903518323542070E-011
   21.0543750000000        -7.140407180155418E-011
   21.2681250000000        -7.274259640591362E-011
   21.4818750000000        -7.305695788469730E-011
   21.6956250000000        -7.243852085387293E-011
   21.9093750000000        -7.105427728911735E-011
   22.1231250000000        -6.912407082788441E-011
   22.3368750000000        -6.689816833418235E-011
   22.5506250000000        -6.463417020640409E-011
   22.7643750000000        -6.256734740458064E-011
   22.9781250000000        -6.089524157235214E-011
   23.1918750000000        -5.975954667049197E-011
   23.4056250000000        -5.923945543254630E-011
   23.6193750000000        -5.935413086094859E-011
   23.8331250000000        -6.006577288969100E-011
   24.0468750000000        -6.129330583597891E-011
   24.2606250000000        -6.292685686677356E-011
   24.4743750000000        -6.484773792822037E-011
   24.6881250000000        -6.693822585846839E-011
   24.9018750000000        -6.909395448314554E-011
   25.1156250000000        -7.123168195084885E-011
   25.3293750000000        -7.328052381093710E-011
   25.5431250000000        -7.518202788570031E-011
   25.7568750000000        -7.687503942983998E-011
   25.9706250000000        -7.827926642639704E-011
   26.1843750000000        -7.928969470353156E-011
   26.3981250000000        -7.977009689903018E-011
   26.6118750000000        -7.955514453188028E-011
   26.8256250000000        -7.846338592036976E-011
   27.0393750000000        -7.632065000004950E-011
   27.2531250000000        -7.298992944754398E-011
   27.4668750000000        -6.839806880421381E-011
   27.6806250000000        -6.256840108222780E-011
   27.8943750000000        -5.564047595788218E-011
   28.1081250000000        -4.787285928738325E-011
   28.3218750000000        -3.963492838917591E-011
   28.5356250000000        -3.137670937159247E-011
   28.7493750000000        -2.359168607848637E-011
   28.9631250000000        -1.676037822713217E-011
   29.1768750000000        -1.129833678113282E-011
   29.3906250000000        -7.508455899267883E-012
   29.6043750000000        -5.543457282933626E-012
   29.8181250000000        -5.392712095009127E-012
   30.0318750000000        -6.884431714039157E-012
   30.2456250000000        -9.712412361875635E-012
   30.4593750000000        -1.347892427270248E-011
   30.6731250000000        -1.774666882721562E-011
   30.8868750000000        -2.209397196744112E-011
   31.1006250000000        -2.616424857923402E-011
   31.3143750000000        -2.969823468972874E-011
   31.5281250000000        -3.255583078590993E-011
   31.7418750000000        -3.470891371096602E-011
   31.9556250000000        -3.622610332976273E-011
   32.1693750000000        -3.723951680025314E-011
   32.3831250000000        -3.791070793646386E-011
   32.5968750000000        -3.839097164080832E-011
   32.8106250000000        -3.880080532678667E-011
   33.0243750000000        -3.920976914352526E-011
   33.2381250000000        -3.964161663617986E-011
   33.4518750000000        -4.008232136766461E-011
   33.6656250000000        -4.050506182747147E-011
   33.8793750000000        -4.089334761546666E-011
   34.0931250000000        -4.126436344215518E-011
   34.3068750000000        -4.168262459126600E-011
   34.5206250000000        -4.226475526524270E-011
   34.7343750000000        -4.316865675042975E-011
   34.9481250000000        -4.457383782452650E-011
   35.1618750000000        -4.665166601805993E-011
   35.3756250000000        -4.953798470892467E-011
   35.5893750000000        -5.329918828874654E-011
   35.8031250000000        -5.791718592635394E-011
   36.0168750000000        -6.328069034661862E-011
   36.2306250000000        -6.918670482378499E-011
   36.4443750000000        -7.536502349227931E-011
   36.6581250000000        -8.150144017088885E-011
   36.8718750000000        -8.727799303004966E-011
   37.0856250000000        -9.240557106757885E-011
   37.2993750000000        -9.666144080864566E-011
   37.5131250000000        -9.990904840367219E-011
   37.7268750000000        -1.021162398533493E-010
   37.9406250000000        -1.033536720451031E-010
   38.1543750000000        -1.037819928519712E-010
   38.3681250000000        -1.036291670559278E-010
   38.5818750000000        -1.031579453059604E-010
   38.7956250000000        -1.026337952865325E-010
   39.0093750000000        -1.022850530541969E-010
   39.2231250000000        -1.022777103014304E-010
   39.4368750000000        -1.026872003474881E-010
   39.6506250000000        -1.034949995327049E-010
   39.8643750000000        -1.045888273059913E-010
   40.0781250000000        -1.057753320693007E-010
   40.2918750000000        -1.068106073183004E-010
   40.5056250000000        -1.074335456882938E-010
   40.7193750000000        -1.074046768521234E-010
   40.9331250000000        -1.065445747431127E-010
   41.1468750000000        -1.047638595619928E-010
   41.3606250000000        -1.020829035142875E-010
   41.5743750000000        -9.863832153464849E-011
   41.7881250000000        -9.466829434674640E-011
   42.0018750000000        -9.048979548444376E-011
   42.2156250000000        -8.645720487372130E-011
   42.4293750000000        -8.291552398998063E-011
   42.6431250000000        -8.015587903963050E-011
   42.8568750000000        -7.837319560894930E-011
   43.0706250000000        -7.763996257277038E-011
   43.2843750000000        -7.789486262500276E-011
   43.4981250000000        -7.895193429078437E-011
   43.7118750000000        -8.052738019855139E-011
   43.9256250000000        -8.228105717692394E-011
   44.1393750000000        -8.386353368556323E-011
   44.3531250000000        -8.496833666178997E-011
   44.5668750000000        -8.537067408833007E-011
   44.7806250000000        -8.495374197296319E-011
   44.9943750000000        -8.372121487870011E-011
   45.2081250000000        -8.178520800873594E-011
   45.4218750000000        -7.933998780050216E-011
   45.6356250000000        -7.662348813301960E-011
   45.8493750000000        -7.387614123685028E-011
   46.0631250000000        -7.130157907307196E-011
   46.2768750000000        -6.904113390362911E-011
   46.4906250000000        -6.715828224287922E-011
   46.7043750000000        -6.564590579842439E-011
   46.9181250000000        -6.444738598236342E-011
   47.1318750000000        -6.348672438143419E-011
   47.3456250000000        -6.270595200155753E-011
   47.5593750000000        -6.209618756346190E-011
   47.7731250000000        -6.171956478040549E-011
   47.9868750000000        -6.171338146947931E-011
   48.2006250000000        -6.227779622394590E-011
   48.4143750000000        -6.364580117920889E-011
   48.6281250000000        -6.604212736971144E-011
   48.8418750000000        -6.963522247272876E-011
   49.0556250000000        -7.449357384879177E-011
   49.2693750000000        -8.055699505136345E-011
   49.4831250000000        -8.762306222077288E-011
   49.6968750000000        -9.535610867211790E-011
   49.9106250000000        -1.033212924708713E-010
   50.1243750000000        -1.110317880813185E-010
   50.3381250000000        -1.180119485495650E-010
   50.5518750000000        -1.238555043464841E-010
   50.7656250000000        -1.282813282602736E-010
   50.9793750000000        -1.311704002136816E-010
   51.1931250000000        -1.325774551874188E-010
   51.4068750000000        -1.327215871324071E-010
   51.6206250000000        -1.319493769661752E-010
   51.8343750000000        -1.306827880451478E-010
   52.0481250000000        -1.293577876447058E-010
   52.2618750000000        -1.283613992753848E-010
   52.4756250000000        -1.279822173674029E-010
   52.6893750000000        -1.283750654197023E-010
   52.9031250000000        -1.295537081397393E-010
   53.1168750000000        -1.314057710432163E-010
   53.3306250000000        -1.337286578346775E-010
   53.5443750000000        -1.362764943622467E-010
   53.7581250000000        -1.388200453253915E-010
   53.9718750000000        -1.411906813985359E-010
   54.1856250000000        -1.433171902274855E-010
   54.3993750000000        -1.452364050945918E-010
   54.6131250000000        -1.470831142254353E-010
   54.8268750000000        -1.490521053920663E-010
   55.0406250000000        -1.513506682132595E-010
   55.2543750000000        -1.541356813108059E-010
   55.4681250000000        -1.574587171482809E-010
   55.6818750000000        -1.612267936576466E-010
   55.8956250000000        -1.651841647937464E-010
   56.1093750000000        -1.689272699065298E-010
   56.3231250000000        -1.719484155810518E-010
   56.5368750000000        -1.737029111053875E-010
   56.7506250000000        -1.736988931446409E-010
   56.9643750000000        -1.715849239409705E-010
   57.1781250000000        -1.672278320114300E-010
   57.3918750000000        -1.607672210034060E-010
   57.6056250000000        -1.526368435515120E-010
   57.8193750000000        -1.435357080469438E-010
   58.0331250000000        -1.343687528637799E-010
   58.2468750000000        -1.261454912748805E-010
   58.4606250000000        -1.198535875615525E-010
   58.6743750000000        -1.163256396949592E-010
   58.8881250000000        -1.161160710018267E-010
   59.1018750000000        -1.194020554601258E-010
   59.3156250000000        -1.259264206688514E-010
   59.5293750000000        -1.349834377056458E-010
   59.7431250000000        -1.454747463453357E-010
   59.9568750000000        -1.560074272216953E-010
   60.1706250000000        -1.650371908712945E-010
   60.3843750000000        -1.710519042709582E-010
   60.5981250000000        -1.727585497323546E-010
   60.8118750000000        -1.692814516439256E-010
   61.0256250000000        -1.603104106942959E-010
   61.2393750000000        -1.462271420391055E-010
   61.4531250000000        -1.281491863348644E-010
   61.6668750000000        -1.079012731941044E-010
   61.8806250000000        -8.790355528189103E-011
   62.0943750000000        -7.096588142127265E-011
   62.3081250000000        -6.000757825047380E-011
   62.5218750000000        -5.771769155008497E-011
   62.7356250000000        -6.618025688769725E-011
   62.9493750000000        -8.650940622350536E-011
   63.1631250000000        -1.185356738882519E-010
   63.3768750000000        -1.605928627938631E-010
   63.5906250000000        -2.094507497402212E-010
   63.8043750000000        -2.604354773735452E-010
   64.0181250000000        -3.077507449979382E-010
   64.2318750000000        -3.450080048040745E-010
   64.4456250000000        -3.659275034311317E-010
   64.6593750000000        -3.651609074489047E-010
   64.8731250000000        -3.391443814642336E-010
   65.0868750000000        -2.868737888757308E-010
   65.3006250000000        -2.104928304404701E-010
   65.5143750000000        -1.155756838471677E-010
   65.7281250000000        -1.101492484512035E-011
   65.9418750000000         9.153607768319246E-011
   66.1556250000000         1.786800150324568E-010
   66.3693750000000         2.366759686588373E-010
   66.5831250000000         2.531160454292463E-010
   66.7968750000000         2.187048285777572E-010
   67.0106250000000         1.289145441952070E-010
   67.2243750000000        -1.470920481861262E-011
   67.4381250000000        -2.038048642503057E-010
   67.6518750000000        -4.232059903490455E-010
   67.8656250000000        -6.517968339713700E-010
   68.0793750000000        -8.642286149911454E-010
   68.2931250000000        -1.033391915943638E-009
   68.5068750000000        -1.133431059239665E-009
   68.7206250000000        -1.143001674650234E-009
   68.9343750000000        -1.048394672588626E-009
   69.1481250000000        -8.461297291076230E-010
   69.3618750000000        -5.446432302652010E-010
   69.5756250000000        -1.647611016205117E-010
   69.7893750000000         2.612252873783298E-010
   70.0031250000000         6.919218959508095E-010
   70.2168750000000         1.080491437187603E-009
   70.4306250000000         1.379312727173509E-009
   70.6443750000000         1.545185911270394E-009
   70.8581250000000         1.544528637728127E-009
   71.0718750000000         1.357967605942872E-009
   71.2856250000000         9.837569504714086E-010
   71.4993750000000         4.395461934060103E-010
   71.7131250000000        -2.378108195479584E-010
   71.9268750000000        -9.945162726590491E-010
   72.1406250000000        -1.764021713118400E-009
   72.3543750000000        -2.472807479741694E-009
   72.5681250000000        -3.047187337481586E-009
   72.7818750000000        -3.420455392836287E-009
   72.9956250000000        -3.539629056744834E-009
   73.2093750000000        -3.371073170875057E-009
   73.4231250000000        -2.904412344357092E-009
   73.6368750000000        -2.154335605849120E-009
   73.8506250000000        -1.160134647348973E-009
   74.0643750000000         1.691627333275790E-011
   74.2781250000000         1.297988413132040E-009
   74.4918750000000         2.592400699861568E-009
   74.7056250000000         3.803958041764019E-009
   74.9193750000000         4.837271776998314E-009
   75.1331250000000         5.603517431214439E-009
   75.3468750000000         6.025257822634254E-009
   75.5606250000000         6.040188042602059E-009
   75.7743750000000         5.603920918427706E-009
   75.9881250000000         4.692126878597579E-009
   76.2018750000000         3.302474856214284E-009
   76.4156250000000         1.456822414735339E-009
   76.6293750000000        -7.960341865227414E-010
   76.8431250000000        -3.377005942592093E-009
   77.0568750000000        -6.173101427934930E-009
   77.2706250000000        -9.034327410201835E-009
   77.4843750000000        -1.177226600261527E-008
   77.6981250000000        -1.416180665386921E-008
   77.9118750000000        -1.594755099775488E-008
   78.1256250000000        -1.685627451032498E-008
   78.3393750000000        -1.661628856087867E-008
   78.5531250000000        -1.498375855543555E-008
   78.7668750000000        -1.177495015770754E-008
   78.9806250000000        -6.902173594821769E-009
   79.1943750000000        -4.099270961937395E-010
   79.4081250000000         7.493278175451006E-009
   79.6218750000000         1.641265472889173E-008
   79.8356250000000         2.575978809234190E-008
   80.0493750000000         3.476503462273474E-008
   80.2631250000000         4.251317176343554E-008
   80.4768750000000         4.800376052132710E-008
   80.6906250000000         5.023499829996789E-008
   80.9043750000000         4.830675348623889E-008
   81.1181250000000         4.153527508166972E-008
   81.3318750000000         2.956918273849764E-008
   81.5456250000000         1.249411686251073E-008
   81.7593750000000        -9.087713845600515E-009
   81.9731250000000        -3.401659834673147E-008
   82.1868750000000        -6.058464562721544E-008
   82.4006250000000        -8.660355671377754E-008
   82.6143750000000        -1.095340087634654E-007
   82.8281250000000        -1.266737172201518E-007
   83.0418750000000        -1.353944369042960E-007
   83.2556250000000        -1.334114442350553E-007
   83.4693750000000        -1.190630386470028E-007
   83.6831250000000        -9.157322527872943E-008
   83.8968750000000        -5.126848840493544E-008
   84.1106250000000         2.798386677601787E-010
   84.3243750000000         6.021252332365944E-008
   84.5381250000000         1.244569736901425E-007
   84.7518750000000         1.879282831372041E-007
   84.9656250000000         2.448542963953851E-007
   85.1793750000000         2.892097097531627E-007
   85.3931250000000         3.152317269737129E-007
   85.6068750000000         3.179786621283987E-007
   85.8206250000000         2.938842940750908E-007
   86.0343750000000         2.412558711026972E-007
   86.2481250000000         1.606633054847881E-007
   86.4618750000000         5.517168208422638E-008
   86.6756250000000        -6.962118051620446E-008
   86.8893750000000        -2.057663123299171E-007
   87.1031250000000        -3.433709090508417E-007
   87.3168750000000        -4.712182282512917E-007
   87.5306250000000        -5.775667289258402E-007
   87.7443750000000        -6.510763036111976E-007
   87.9581250000000        -6.817938903049843E-007
   88.1718750000000        -6.621200232498276E-007
   88.3856250000000        -5.876732844179567E-007
   88.5993750000000        -4.579719310183282E-007
   88.8131250000000        -2.768614087591230E-007
   89.0268750000000        -5.263246542784988E-008
   89.2406250000000         2.022037370957476E-007
   89.4543750000000         4.714915302254688E-007
   89.6681250000000         7.363380274581881E-007
   89.8818750000000         9.763048033359555E-007
   90.0956250000000         1.170812026753062E-006
   90.3093750000000         1.300662822400076E-006
   90.5231250000000         1.349581604141999E-006
   90.7368750000000         1.305653702592488E-006
   90.9506250000000         1.162555381708895E-006
   91.1643750000000         9.204733053687262E-007
   91.3781250000000         5.866300561521796E-007
   91.5918750000000         1.753562062049366E-007
   91.8056250000000        -2.923220122962590E-007
   92.0193750000000        -7.895790606275709E-007
   92.2331250000000        -1.285138215670891E-006
   92.4468750000000        -1.745008693271320E-006
   92.6606250000000        -2.134521950714352E-006
   92.8743750000000        -2.420555164612669E-006
   93.0881250000000        -2.573813926499240E-006
   93.3018750000000        -2.571037275309432E-006
   93.5156250000000        -2.396986612824972E-006
   93.7293750000000        -2.046085946789022E-006
   93.9431250000000        -1.523593926012050E-006
   94.1568750000000        -8.462076407724583E-007
   94.3706250000000        -4.202350250785821E-008
   94.5843750000000         8.501893462849090E-007
   94.7981250000000         1.782413735221649E-006
   95.0118750000000         2.699481361435362E-006
   95.2256250000000         3.541778111250676E-006
   95.4393750000000         4.248456255702082E-006
   95.6531250000000         4.761015917721554E-006
   95.8668750000000         5.027085523516516E-006
   96.0806250000000         5.004203681684168E-006
   96.2943750000000         4.663384943320647E-006
   96.5081250000000         3.992241267162997E-006
   96.7218750000000         2.997431606383380E-006
   96.9356250000000         1.706225408311638E-006
   97.1493750000000         1.669930903156570E-007
   97.3631250000000        -1.551521829374619E-006
   97.5768750000000        -3.362238815719283E-006
   97.7906250000000        -5.163106520596874E-006
   98.0043750000000        -6.841743130769731E-006
   98.2181250000000        -8.281210626522831E-006
   98.4318750000000        -9.366696596172585E-006
   98.6456250000000        -9.992794709174480E-006
   98.8593750000000        -1.007100175199269E-005
   99.0731250000000        -9.536991386071538E-006
   99.2868750000000        -8.357188143442137E-006
   99.5006250000000        -6.534154792268429E-006
   99.7143750000000        -4.110325813000088E-006
   99.9281250000000        -1.169671713461744E-006
   100.141875000000         2.163036418413142E-006
   100.355625000000         5.725577170558637E-006
   100.569375000000         9.324316576815927E-006
   100.783125000000         1.274284333970886E-005
   100.996875000000         1.575293661614499E-005
   101.210625000000         1.812742479344536E-005
   101.424375000000         1.965432637957946E-005
   101.638125000000         2.015151822894794E-005
   101.851875000000         1.948106356462870E-005
   102.065625000000         1.756226347056047E-005
   102.279375000000         1.438247992371133E-005
   102.493125000000         1.000482247397272E-005
   102.706875000000         4.571897793354051E-006
   102.920625000000        -1.695008942110395E-006
   103.134375000000        -8.501724204515894E-006
   103.348125000000        -1.549207440303731E-005
   103.561875000000        -2.226368628425646E-005
   103.775625000000        -2.838818177225369E-005
   103.989375000000        -3.343491883726297E-005
   104.203125000000        -3.699712210807138E-005
   104.416875000000        -3.871898456240205E-005
   104.630625000000        -3.832212658106175E-005
   104.844375000000        -3.562969054479226E-005
   105.058125000000        -3.058634339104942E-005
   105.271875000000        -2.327256626397376E-005
   105.485625000000        -1.391183280567627E-005
   105.699375000000        -2.869611388216762E-006
   105.913125000000         9.356440923420198E-006
   106.126875000000         2.215521412855089E-005
   106.340625000000         3.482937105229442E-005
   106.554375000000         4.663004563352653E-005
   106.768125000000         5.679743960216066E-005
   106.981875000000         6.460524729379342E-005
   107.195625000000         6.940644104336458E-005
   107.409375000000         7.067768520342728E-005
   107.623125000000         6.805954280622670E-005
   107.836875000000         6.138971304113970E-005
   108.050625000000         5.072679673750039E-005
   108.264375000000         3.636252480626785E-005
   108.478125000000         1.882098211305536E-005
   108.691875000000        -1.155914789604249E-006
   108.905625000000        -2.263661532518097E-005
   109.119375000000        -4.454088870858101E-005
   109.333125000000        -6.569178498093575E-005
   109.546875000000        -8.487609945273112E-005
   109.760625000000        -1.009102095157230E-004
   109.974375000000        -1.127076989422042E-004
   110.188125000000        -1.193449392425912E-004
   110.401875000000        -1.201207819554564E-004
   110.615625000000        -1.146067357340010E-004
   110.829375000000        -1.026844477631452E-004
   111.043125000000        -8.456795466065513E-005
   111.256875000000        -6.080897431984674E-005
   111.470625000000        -3.228442686701762E-005
   111.684375000000        -1.663429297365627E-007
   111.898125000000         3.412471928369799E-005
   112.111875000000         6.898072825612932E-005
   112.325625000000         1.026789038554994E-004
   112.539375000000         1.334626905060518E-004
   112.753125000000         1.596271264038365E-004
   112.966875000000         1.796045329641660E-004
   113.180625000000         1.920464349415554E-004
   113.394375000000         1.958978065886043E-004
   113.608125000000         1.904601006959118E-004
   113.821875000000         1.754400248907222E-004
   114.035625000000         1.509816475266060E-004
   114.249375000000         1.176801069819811E-004
   114.463125000000         7.657592801843684E-005
   114.676875000000         2.912968661090850E-005
   114.890625000000        -2.282251380146285E-005
   115.104375000000        -7.713160319277630E-005
   115.318125000000        -1.314143461514990E-004
   115.531875000000        -1.831459890166406E-004
   115.745625000000        -2.297638102484708E-004
   115.959375000000        -2.687781333780594E-004
   116.173125000000        -2.978869177786310E-004
   116.386875000000        -3.150896608533332E-004
   116.600625000000        -3.187960413010873E-004
   116.814375000000        -3.079245297759980E-004
   117.028125000000        -2.819861203602885E-004
   117.241875000000        -2.411484283365903E-004
   117.455625000000        -1.862756931884603E-004
   117.669375000000        -1.189407537238509E-004
   117.883125000000        -4.140585007083486E-005
   118.096875000000         4.342983316369257E-005
   118.310625000000         1.321166434065157E-004
   118.524375000000         2.207741555153066E-004
   118.738125000000         3.052415397211272E-004
   118.951875000000         3.812542037889064E-004
   119.165625000000         4.446404523242889E-004
   119.379375000000         4.915301581793041E-004
   119.593125000000         5.185659317952166E-004
   119.806875000000         5.231061343091553E-004
   120.020625000000         5.034084310514587E-004
   120.234375000000         4.587825267357746E-004
   120.448125000000         3.897013357957550E-004
   120.661875000000         2.978611563201583E-004
   120.875625000000         1.861834242073051E-004
   121.089375000000         5.875326655210074E-005
   121.303125000000        -7.930675818147564E-005
   121.516875000000        -2.220258055461039E-004
   121.730625000000        -3.628311296957170E-004
   121.944375000000        -4.948423849808021E-004
   122.158125000000        -6.112011253106849E-004
   122.371875000000        -7.054198985825659E-004
   122.585625000000        -7.717331810934317E-004
   122.799375000000        -8.054311590959791E-004
   123.013125000000        -8.031571768925911E-004
   123.226875000000        -7.631506078533647E-004
   123.440625000000        -6.854189727171154E-004
   123.654375000000        -5.718262621101352E-004
   123.868125000000        -4.260884795392550E-004
   124.081875000000        -2.536722038187711E-004
   124.295625000000        -6.159721799719316E-005
   124.509375000000         1.418503326923444E-004
   124.723125000000         3.474825282665412E-004
   124.936875000000         5.456354924513161E-004
   125.150625000000         7.266359162807636E-004
   125.364375000000         8.812847912567659E-004
   125.578125000000         1.001333136621595E-003
   125.791875000000         1.079924172492502E-003
   126.005625000000         1.111977501001784E-003
   126.219375000000         1.094493381169590E-003
   126.433125000000         1.026759004240116E-003
   126.646875000000         9.104435986677618E-004
   126.860625000000         7.495749528360373E-004
   127.074375000000         5.503962199746299E-004
   127.288125000000         3.211083095912292E-004
   127.501875000000         7.150940524109625E-005
   127.715625000000        -1.874511801312688E-004
   127.929375000000        -4.441828223588911E-004
   128.143125000000        -6.870014845884409E-004
   128.356875000000        -9.046878850415277E-004
   128.570625000000        -1.087027423615107E-003
   128.784375000000        -1.225304220972719E-003
   128.998125000000        -1.312724004385619E-003
   129.211875000000        -1.344744336689570E-003
   129.425625000000        -1.319295612788360E-003
   129.639375000000        -1.236882059232449E-003
   129.853125000000        -1.100558332949165E-003
   130.066875000000        -9.157838613696955E-004
   130.280625000000        -6.901634255472222E-004
   130.494375000000        -4.330883019923907E-004
   130.708125000000        -1.552972249104877E-004
   130.921875000000         1.316197597411135E-004
   131.135625000000         4.157490009033226E-004
   131.349375000000         6.853859351314731E-004
   131.563125000000         9.295466394465394E-004
   131.776875000000         1.138433980948524E-003
   131.990625000000         1.303837230463577E-003
   132.204375000000         1.419448186922861E-003
   132.418125000000         1.481081809964952E-003
   132.631875000000         1.486794763304169E-003
   132.845625000000         1.436900795546439E-003
   133.059375000000         1.333887196889271E-003
   133.273125000000         1.182241363599186E-003
   133.486875000000         9.882005165755318E-004
   133.700625000000         7.594406557760579E-004
   133.914375000000         5.047227619556634E-004
   134.128125000000         2.335150327328969E-004
   134.341875000000        -4.439040737517246E-005
   134.555625000000        -3.192492486762554E-004
   134.769375000000        -5.817103306046368E-004
   134.983125000000        -8.231225576598980E-004
   135.196875000000        -1.035794621067855E-003
   135.410625000000        -1.213202115351150E-003
   135.624375000000        -1.350139887938311E-003
   135.838125000000        -1.442820374755138E-003
   136.051875000000        -1.488921082331453E-003
   136.265625000000        -1.487586159703021E-003
   136.479375000000        -1.439388106420513E-003
   136.693125000000        -1.346256094684270E-003
   136.906875000000        -1.211377211439960E-003
   137.120625000000        -1.039076267330792E-003
   137.334375000000        -8.346788270838067E-004
   137.548125000000        -6.043609637115066E-004
   137.761875000000        -3.549881030353444E-004
   137.975625000000        -9.394436717617482E-005
   138.189375000000         1.710468222607128E-004
   138.403125000000         4.321103687457142E-004
   138.616875000000         6.814146489141684E-004
   138.830625000000         9.113728618013320E-004
   139.044375000000         1.114848276268295E-003
   139.258125000000         1.285359839414434E-003
   139.471875000000         1.417283262918186E-003
   139.685625000000         1.506041408427718E-003
   139.899375000000         1.548276712901031E-003
   140.113125000000         1.541997683519738E-003
   140.326875000000         1.486691275956026E-003
   140.540625000000         1.383393336404815E-003
   140.754375000000         1.234710276018648E-003
   140.968125000000         1.044786742402878E-003
   141.181875000000         8.192161906255765E-004
   141.395625000000         5.648938215226096E-004
   141.609375000000         2.898141947469887E-004
   141.823125000000         2.818757324634562E-006
   142.036875000000        -2.866986383566848E-004
   142.250625000000        -5.691176122828381E-004
   142.464375000000        -8.349358425921312E-004
   142.678125000000        -1.075118213177788E-003
   142.891875000000        -1.281435639215526E-003
   143.105625000000        -1.446778729172860E-003
   143.319375000000        -1.565432273222173E-003
   143.533125000000        -1.633298126965983E-003
   143.746875000000        -1.648056298405637E-003
   143.960625000000        -1.609256818695491E-003
   144.174375000000        -1.518338127382637E-003
   144.388125000000        -1.378571056049675E-003
   144.601875000000        -1.194930869324889E-003
   144.815625000000        -9.739030422971885E-004
   145.029375000000        -7.232313566603946E-004
   145.243125000000        -4.516193459310409E-004
   145.456875000000        -1.683980043663524E-004
   145.670625000000         1.168260796709610E-004
   145.884375000000         3.945274357817641E-004
   146.098125000000         6.556086494826251E-004
   146.311875000000         8.917236669684599E-004
   146.525625000000         1.095564958992322E-003
   146.739375000000         1.261103894717678E-003
   146.953125000000         1.383775940123501E-003
   147.166875000000         1.460604849021031E-003
   147.380625000000         1.490262736026938E-003
   147.594375000000         1.473065685828319E-003
   147.808125000000         1.410907241658670E-003
   148.021875000000         1.307134615498657E-003
   148.235625000000         1.166374672805080E-003
   148.449375000000         9.943185801259027E-004
   148.663125000000         7.974753976158533E-004
   148.876875000000         5.829058028094977E-004
   149.090625000000         3.579475215536639E-004
   149.304375000000         1.299439132895837E-004
   149.518125000000        -9.401346968729811E-005
   149.731875000000        -3.073186149163373E-004
   149.945625000000        -5.040528226829244E-004
   150.159375000000        -6.791480678117360E-004
   150.373125000000        -8.285075244916655E-004
   150.586875000000        -9.490809759696426E-004
   150.800625000000        -1.038894993016435E-003
   151.014375000000        -1.097039834119982E-003
   151.228125000000        -1.123616895100225E-003
   151.441875000000        -1.119652126606840E-003
   151.655625000000        -1.086982071698271E-003
   151.869375000000        -1.028120000025172E-003
   152.083125000000        -9.461100018254809E-004
   152.296875000000        -8.443768507575345E-004
   152.510625000000        -7.265789722737236E-004
   152.724375000000        -5.964710101918413E-004
   152.938125000000        -4.577813356405590E-004
   153.151875000000        -3.141084732970467E-004
   153.365625000000        -1.688389240931580E-004
   153.579375000000        -2.508734003888973E-005
   153.793125000000         1.143414479559546E-004
   154.006875000000         2.469703463369562E-004
   154.220625000000         3.706507236893177E-004
   154.434375000000         4.835495901197786E-004
   154.648125000000         5.841273400282276E-004
   154.861875000000         6.711103009853672E-004
   155.075625000000         7.434621498393667E-004
   155.289375000000         8.003577944175941E-004
   155.503125000000         8.411626272685403E-004
   155.716875000000         8.654192019108268E-004
   155.930625000000         8.728424344335099E-004
   156.144375000000         8.633234684147064E-004
   156.358125000000         8.369414293436330E-004
   156.571875000000         7.939814975214309E-004
   156.785625000000         7.349570944710975E-004
   156.999375000000         6.606335402299827E-004
   157.213125000000         5.720503139517230E-004
   157.426875000000         4.705390378815389E-004
   157.640625000000         3.577344902583703E-004
   157.854375000000         2.355763092589829E-004
   158.068125000000         1.062995426304718E-004
   158.281875000000        -2.758721329376757E-005
   158.495625000000        -1.633366962593093E-004
   158.709375000000        -2.980108293890729E-004
   158.923125000000        -4.285408374380676E-004
   159.136875000000        -5.517983128402752E-004
   159.350625000000        -6.646753626539520E-004
   159.564375000000        -7.641714839351207E-004
   159.778125000000        -8.474844094809897E-004
   159.991875000000        -9.121018432126010E-004
   160.205625000000        -9.558907695726019E-004
   160.419375000000        -9.771808802596798E-004
   160.633125000000        -9.748386234880743E-004
   160.846875000000        -9.483284576388474E-004
   161.060625000000        -8.977580969135777E-004
   161.274375000000        -8.239048859962827E-004
   161.488125000000        -7.282209455039173E-004
   161.701875000000        -6.128153962878637E-004
   161.915625000000        -4.804127945001149E-004
   162.129375000000        -3.342878744015207E-004
   162.343125000000        -1.781777706012069E-004
   162.556875000000        -1.617402862312360E-005
   162.770625000000         1.474021495314811E-004
   162.984375000000         3.081369132939689E-004
   163.198125000000         4.616676018105882E-004
   163.411875000000         6.038273116943673E-004
   163.625625000000         7.307837226999032E-004
   163.839375000000         8.391657044035793E-004
   164.053125000000         9.261716226216175E-004
   164.266875000000         9.896540681721070E-004
   164.480625000000         1.028176917649067E-003
   164.694375000000         1.041042147512740E-003
   164.908125000000         1.028285569297836E-003
   165.121875000000         9.906425188795657E-004
   165.335625000000         9.294863826241510E-004
   165.549375000000         8.467445361958818E-004
   165.763125000000         7.447976705683199E-004
   165.976875000000         6.263694638468493E-004
   166.190625000000         4.944140342693420E-004
   166.404375000000         3.520085244427142E-004
   166.618125000000         2.022575088329166E-004
   166.831875000000         4.821472227453116E-005
   167.045625000000        -1.071740408220818E-004
   167.259375000000        -2.611049859077327E-004
   167.473125000000        -4.109276214058107E-004
   167.686875000000        -5.541357491903829E-004
   167.900625000000        -6.883425690881627E-004
   168.114375000000        -8.112459620522950E-004
   168.328125000000        -9.205911642107597E-004
   168.541875000000        -1.014138591783792E-003
   168.755625000000        -1.089644460791725E-003
   168.969375000000        -1.144861052754813E-003
   169.183125000000        -1.177562047398401E-003
   169.396875000000        -1.185596364994687E-003
   169.610625000000        -1.166971566157677E-003
   169.824375000000        -1.119965210768583E-003
   170.038125000000        -1.043259865864040E-003
   170.251875000000        -9.360948683103393E-004
   170.465625000000        -7.984256792343393E-004
   170.679375000000        -6.310798828454885E-004
   170.893125000000        -4.358977227765946E-004
   171.106875000000        -2.158446381244146E-004
   171.320625000000         2.491637980703183E-005
   171.534375000000         2.810036237683176E-004
   171.748125000000         5.458557696327930E-004
   171.961875000000         8.118376559815088E-004
   172.175625000000         1.070415909996032E-003
   172.389375000000         1.312403875584819E-003
   172.603125000000         1.528271300786223E-003
   172.816875000000         1.708510143635916E-003
   173.030625000000         1.844043863445297E-003
   173.244375000000         1.926663890079448E-003
   173.458125000000         1.949473820378395E-003
   173.671875000000         1.907319483995516E-003
   173.885625000000         1.797181540670675E-003
   174.099375000000         1.618506881776199E-003
   174.313125000000         1.373455939499459E-003
   174.526875000000         1.067045138717047E-003
   174.740625000000         7.071671830565614E-004
   174.954375000000         3.044766030098806E-004
   175.168125000000        -1.278661106287374E-004
   175.381875000000        -5.745916120793118E-004
   175.595625000000        -1.018852341693775E-003
   175.809375000000        -1.442871156660869E-003
   176.023125000000        -1.828684667153010E-003
   176.236875000000        -2.158950827255025E-003
   176.450625000000        -2.417784220491937E-003
   176.664375000000        -2.591577901824724E-003
   176.878125000000        -2.669768041118689E-003
   177.091875000000        -2.645497306318338E-003
   177.305625000000        -2.516135162722827E-003
   177.519375000000        -2.283618138750373E-003
   177.733125000000        -1.954580543978117E-003
   177.946875000000        -1.540255870402326E-003
   178.160625000000        -1.056140734712336E-003
   178.374375000000        -5.214261377700036E-004
   178.588125000000         4.178569667992479E-005
   178.801875000000         6.094474063103451E-004
   179.015625000000         1.156671873477831E-003
   179.229375000000         1.658923109558448E-003
   179.443125000000         2.093231385739347E-003
   179.656875000000         2.439367242955865E-003
   179.870625000000         2.680908680542688E-003
   180.084375000000         2.806139471893536E-003
   180.298125000000         2.808724128503143E-003
   180.511875000000         2.688116205149099E-003
   180.725625000000         2.449670825712313E-003
   180.939375000000         2.104448702425763E-003
   181.153125000000         1.668716535715396E-003
   181.366875000000         1.163166419679846E-003
   181.580625000000         6.118936042825811E-004
   181.794375000000         4.118658611578928E-005
   182.008125000000        -5.218049582648390E-004
   182.221875000000        -1.050451201105598E-003
   182.435625000000        -1.519995671993888E-003
   182.649375000000        -1.908806115275636E-003
   182.863125000000        -2.199453491094564E-003
   183.076875000000        -2.379560045078647E-003
   183.290625000000        -2.442371057273238E-003
   183.504375000000        -2.387021238790242E-003
   183.718125000000        -2.218484720318006E-003
   183.931875000000        -1.947216019137568E-003
   184.145625000000        -1.588507113026662E-003
   184.359375000000        -1.161601686889611E-003
   184.573125000000        -6.886207857608817E-004
   184.786875000000        -1.933637410349166E-004
   185.000625000000         2.999461818624346E-004
   185.214375000000         7.679006790374467E-004
   185.428125000000         1.189062077661902E-003
   185.641875000000         1.544974918175893E-003
   185.855625000000         1.820982885495341E-003
   186.069375000000         2.006813466264862E-003
   186.283125000000         2.096907407798313E-003
   186.496875000000         2.090485550789838E-003
   186.710625000000         1.991360931905583E-003
   186.924375000000         1.807518285542804E-003
   187.138125000000         1.550495405338590E-003
   187.351875000000         1.234610596476519E-003
   187.565625000000         8.760871860898896E-004
   187.779375000000         4.921294922750858E-004
   187.993125000000         1.000047240274743E-004
   188.206875000000        -2.838178602430263E-004
   188.420625000000        -6.444252399257891E-004
   188.634375000000        -9.690795032682475E-004
   188.848125000000        -1.247670670323753E-003
   189.061875000000        -1.472988175807881E-003
   189.275625000000        -1.640807446527180E-003
   189.489375000000        -1.749799402950011E-003
   189.703125000000        -1.801281105167749E-003
   189.916875000000        -1.798834559645768E-003
   190.130625000000        -1.747827427901148E-003
   190.344375000000        -1.654873692588535E-003
   190.558125000000        -1.527274055212999E-003
   190.771875000000        -1.372474940174686E-003
   190.985625000000        -1.197581600019867E-003
   191.199375000000        -1.008955245710669E-003
   191.413125000000        -8.119167847138495E-004
   191.626875000000        -6.105711651621336E-004
   191.840625000000        -4.077570950504080E-004
   192.054375000000        -2.051176635231864E-004
   192.268125000000        -3.278761698348388E-006
   192.481875000000         1.978852408530641E-004
   192.695625000000         3.989248725892709E-004
   192.909375000000         6.004580189297619E-004
   193.123125000000         8.028129500620141E-004
   193.336875000000         1.005702539148808E-003
   193.550625000000         1.207957214715256E-003
   193.764375000000         1.407339167542012E-003
   193.978125000000         1.600453768677925E-003
   194.191875000000         1.782766563811675E-003
   194.405625000000         1.948726170618084E-003
   194.619375000000         2.091985523023588E-003
   194.833125000000         2.205706758964351E-003
   195.046875000000         2.282929146447755E-003
   195.260625000000         2.316975189184679E-003
   195.474375000000         2.301867712311977E-003
   195.688125000000         2.232730409412714E-003
   195.901875000000         2.106145981535045E-003
   196.115625000000         1.920449412583736E-003
   196.329375000000         1.675938767705471E-003
   196.543125000000         1.374991738277099E-003
   196.756875000000         1.022082496765099E-003
   196.970625000000         6.236997606556978E-004
   197.184375000000         1.881728202850179E-004
   197.398125000000        -2.745827462422262E-004
   197.611875000000        -7.533841725148331E-004
   197.825625000000        -1.236147519363699E-003
   198.039375000000        -1.710281735018921E-003
   198.253125000000        -2.163092264614917E-003
   198.466875000000        -2.582177250095799E-003
   198.680625000000        -2.955801782743246E-003
   198.894375000000        -3.273238648394266E-003
   199.108125000000        -3.525067195497655E-003
   199.321875000000        -3.703425034837268E-003
   199.535625000000        -3.802209975724001E-003
   199.749375000000        -3.817231723652777E-003
   199.963125000000        -3.746314308740258E-003
   200.176875000000        -3.589350980160228E-003
   200.390625000000        -3.348313477244768E-003
   200.604375000000        -3.027217334193903E-003
   200.818125000000        -2.632044402376067E-003
   201.031875000000        -2.170623310235813E-003
   201.245625000000        -1.652468341436376E-003
   201.459375000000        -1.088577370593755E-003
   201.673125000000        -4.911901607405188E-004
   201.886875000000         1.264904753061193E-004
   202.100625000000         7.506104753335864E-004
   202.314375000000         1.367003109057565E-003
   202.528125000000         1.961546024076807E-003
   202.741875000000         2.520526422514273E-003
   202.955625000000         3.031002393688656E-003
   203.169375000000         3.481147403974063E-003
   203.383125000000         3.860564727023220E-003
   203.596875000000         4.160559300244123E-003
   203.810625000000         4.374356138567993E-003
   204.024375000000         4.497256945934262E-003
   204.238125000000         4.526729764396352E-003
   204.451875000000         4.462430135331313E-003
   204.665625000000         4.306156005808195E-003
   204.879375000000         4.061742160544467E-003
   205.093125000000         3.734902972177698E-003
   205.306875000000         3.333034463045878E-003
   205.520625000000         2.864987861597534E-003
   205.734375000000         2.340826919168514E-003
   205.948125000000         1.771580246270129E-003
   206.161875000000         1.168997965248026E-003
   206.375625000000         5.453192954538231E-004
   206.589375000000        -8.694539491824011E-005
   206.803125000000        -7.152176554329089E-004
   207.016875000000        -1.327041507927680E-003
   207.230625000000        -1.910265968926865E-003
   207.444375000000        -2.453225188603195E-003
   207.658125000000        -2.944921916317266E-003
   207.871875000000        -3.375218915284820E-003
   208.085625000000        -3.735040802475079E-003
   208.299375000000        -4.016585800195534E-003
   208.513125000000        -4.213543374698503E-003
   208.726875000000        -4.321310100686602E-003
   208.940625000000        -4.337192758758041E-003
   209.154375000000        -4.260585064685967E-003
   209.368125000000        -4.093102907954352E-003
   209.581875000000        -3.838662809260839E-003
   209.795625000000        -3.503489632727925E-003
   210.009375000000        -3.096042403356807E-003
   210.223125000000        -2.626851229432410E-003
   210.436875000000        -2.108263521519634E-003
   210.650625000000        -1.554103530298698E-003
   210.864375000000        -9.792552161097313E-004
   211.078125000000        -3.991841047461543E-004
   211.291875000000         1.705814135500389E-004
   211.505625000000         7.149853473866914E-004
   211.719375000000         1.219969982504129E-003
   211.933125000000         1.672966244393644E-003
   212.146875000000         2.063324033245326E-003
   212.360625000000         2.382661318005961E-003
   212.574375000000         2.625115492843417E-003
   212.788125000000         2.787486255391386E-003
   213.001875000000         2.869265605959167E-003
   213.215625000000         2.872556998932302E-003
   213.429375000000         2.801891720771734E-003
   213.643125000000         2.663955795085294E-003
   213.856875000000         2.467244785261097E-003
   214.070625000000         2.221666555393528E-003
   214.284375000000         1.938113266662238E-003
   214.498125000000         1.628023664470306E-003
   214.711875000000         1.302955205856976E-003
   214.925625000000         9.741830359626945E-004
   215.139375000000         6.523395605540396E-004
   215.353125000000         3.471047213649932E-004
   215.566875000000         6.695339807376753E-005
   215.780625000000        -1.810370690454904E-004
   215.994375000000        -3.913191882823220E-004
   216.208125000000        -5.599497266235948E-004
   216.421875000000        -6.846101200340268E-004
   216.635625000000        -7.645777563140125E-004
   216.849375000000        -8.006534221556054E-004
   217.063125000000        -7.950502262317612E-004
   217.276875000000        -7.512491126675752E-004
   217.490625000000        -6.738258444050110E-004
   217.704375000000        -5.682542173012219E-004
   217.918125000000        -4.406903688938722E-004
   218.131875000000        -2.977434144484376E-004
   218.345625000000        -1.462382537377469E-004
   218.559375000000         7.022841962036795E-006
   218.773125000000         1.554924697932642E-004
   218.986875000000         2.930961381881104E-004
   219.200625000000         4.144277871948667E-004
   219.414375000000         5.149146473623191E-004
   219.628125000000         5.909440893674348E-004
   219.841875000000         6.399465649868750E-004
   220.055625000000         6.604308230373935E-004
   220.269375000000         6.519701979501695E-004
   220.483125000000         6.151417351940506E-004
   220.696875000000         5.514229973344303E-004
   220.910625000000         4.630543095901475E-004
   221.124375000000         3.528766672434317E-004
   221.338125000000         2.241572732487404E-004
   221.551875000000         8.041548957832332E-005
   221.765625000000        -7.473826474554469E-005
   221.979375000000        -2.377394887199473E-004
   222.193125000000        -4.051736507200719E-004
   222.406875000000        -5.738417549568712E-004
   222.620625000000        -7.407856770964054E-004
   222.834375000000        -9.032755745360196E-004
   223.048125000000        -1.058765581624003E-003
   223.261875000000        -1.204827373375493E-003
   223.475625000000        -1.339073674893064E-003
   223.689375000000        -1.459085132454010E-003
   223.903125000000        -1.562353974531481E-003
   224.116875000000        -1.646256529077222E-003
   224.330625000000        -1.708064012063260E-003
   224.544375000000        -1.744997274695771E-003
   224.758125000000        -1.754326716279859E-003
   224.971875000000        -1.733513741732111E-003
   225.185625000000        -1.680385416039644E-003
   225.399375000000        -1.593329793073984E-003
   225.613125000000        -1.471496181268115E-003
   225.826875000000        -1.314982681123245E-003
   226.040625000000        -1.124992903064596E-003
   226.254375000000        -9.039449294323446E-004
   226.468125000000        -6.555182601683957E-004
   226.681875000000        -3.846284816422209E-004
   226.895625000000        -9.732440890447866E-005
   227.109375000000         1.993919266272462E-004
   227.323125000000         4.978162897745352E-004
   227.536875000000         7.898526167972484E-004
   227.750625000000         1.067366359953818E-003
   227.964375000000         1.322560743066962E-003
   228.178125000000         1.548353563768272E-003
   228.391875000000         1.738731388186913E-003
   228.605625000000         1.889058749048760E-003
   228.819375000000         1.996322203353208E-003
   229.033125000000         2.059292656555798E-003
   229.246875000000         2.078593962845171E-003
   229.460625000000         2.056671158882311E-003
   229.674375000000         1.997657447262372E-003
   229.888125000000         1.907144879447730E-003
   230.101875000000         1.791869277775039E-003
   230.315625000000         1.659324996885070E-003
   230.529375000000         1.517329413624713E-003
   230.743125000000         1.373560353884388E-003
   230.956875000000         1.235091863228020E-003
   231.170625000000         1.107954696839740E-003
   231.384375000000         9.967475743663471E-004
   231.598125000000         9.043235865907962E-004
   231.811875000000         8.315731634958608E-004
   232.025625000000         7.773207717745383E-004
   232.239375000000         7.383471107679219E-004
   232.453125000000         7.095421859800638E-004
   232.666875000000         6.841874935444745E-004
   232.880625000000         6.543579540279556E-004
   233.094375000000         6.114265667740435E-004
   233.308125000000         5.466474539289974E-004
   233.521875000000         4.517865051034170E-004
   233.735625000000         3.197637108649471E-004
   233.949375000000         1.452679543802731E-004
   234.163125000000        -7.469608141441735E-005
   234.376875000000        -3.403678436633803E-004
   234.590625000000        -6.489325907574568E-004
   234.804375000000        -9.943930872070273E-004
   235.018125000000        -1.367630544799603E-003
   235.231875000000        -1.756663074786667E-003
   235.445625000000        -2.147097639972964E-003
   235.659375000000        -2.522758697032684E-003
   235.873125000000        -2.866464287808930E-003
   236.086875000000        -3.160909201537399E-003
   236.300625000000        -3.389605879157181E-003
   236.514375000000        -3.537827743412808E-003
   236.728125000000        -3.593497205194172E-003
   236.941875000000        -3.547962061137702E-003
   237.155625000000        -3.396609414087230E-003
   237.369375000000        -3.139275362312784E-003
   237.583125000000        -2.780420959918860E-003
   237.796875000000        -2.329059527132410E-003
   238.010625000000        -1.798436254553507E-003
   238.224375000000        -1.205477040696239E-003
   238.438125000000        -5.700384324735458E-004
   238.651875000000         8.599672739139418E-005
   238.865625000000         7.397237748974447E-004
   239.079375000000         1.368260977002936E-003
   239.293125000000         1.949773355875194E-003
   239.506875000000         2.464417399101271E-003
   239.720625000000         2.895155582523042E-003
   239.934375000000         3.228400215475051E-003
   240.148125000000         3.454459265667678E-003
   240.361875000000         3.567771421958795E-003
   240.575625000000         3.566932488195402E-003
   240.789375000000         3.454529049564948E-003
   241.003125000000         3.236807100608575E-003
   241.216875000000         2.923212063544475E-003
   241.430625000000         2.525841736187623E-003
   241.644375000000         2.058854912319564E-003
   241.858125000000         1.537875801743779E-003
   242.071875000000         9.794283864983412E-004
   242.285625000000         4.004262404098010E-004
   242.499375000000        -1.822668932876236E-004
   242.713125000000        -7.522011896755258E-004
   242.926875000000        -1.293634954913148E-003
   243.140625000000        -1.791772696163800E-003
   243.354375000000        -2.232966402297338E-003
   243.568125000000        -2.604901758418066E-003
   243.781875000000        -2.896789884683326E-003
   243.995625000000        -3.099580686916345E-003
   244.209375000000        -3.206206540026185E-003
   244.423125000000        -3.211855632435888E-003
   244.636875000000        -3.114263969322234E-003
   244.850625000000        -2.914004997874227E-003
   245.064375000000        -2.614747332938735E-003
   245.278125000000        -2.223445270338973E-003
   245.491875000000        -1.750424589307938E-003
   245.705625000000        -1.209328139282983E-003
   245.919375000000        -6.168920448269064E-004
   246.133125000000         7.466234078670902E-006
   246.346875000000         6.422529958793182E-004
   246.560625000000         1.264685550743037E-003
   246.774375000000         1.851633773576895E-003
   246.988125000000         2.380671928488545E-003
   247.201875000000         2.831182845028991E-003
   247.415625000000         3.185446364517080E-003
   247.629375000000         3.429638722839689E-003
   247.843125000000         3.554669981498663E-003
   248.056875000000         3.556793067800107E-003
   248.270625000000         3.437930218886231E-003
   248.484375000000         3.205679901958493E-003
   248.698125000000         2.872988394251611E-003
   248.911875000000         2.457493567450325E-003
   249.125625000000         1.980572207361926E-003
   249.339375000000         1.466144500154438E-003
   249.553125000000         9.393082994263552E-004
   249.766875000000         4.248898599687233E-004
   249.980625000000        -5.399433317275972E-005
   250.194375000000        -4.772689329776885E-004
   250.408125000000        -8.290345630444086E-004
   250.621875000000        -1.098429035216811E-003
   250.835625000000        -1.280156301432133E-003
   251.049375000000        -1.374647332141329E-003
   251.263125000000        -1.387842669282803E-003
   251.476875000000        -1.330612764750834E-003
   251.690625000000        -1.217857430719788E-003
   251.904375000000        -1.067347945248038E-003
   252.118125000000        -8.983929704008195E-004
   252.331875000000        -7.304212094497174E-004
   252.545625000000        -5.815788638575674E-004
   252.759375000000        -4.674381579903890E-004
   252.973125000000        -3.999046959971089E-004
   253.186875000000        -3.863968964001153E-004
   253.400625000000        -4.293513255208343E-004
   253.614375000000        -5.260848547534773E-004
   253.828125000000        -6.690198443611218E-004
   254.041875000000        -8.462537443139048E-004
   254.255625000000        -1.042431303624851E-003
   254.469375000000        -1.239857547419130E-003
   254.683125000000        -1.419774118735474E-003
   254.896875000000        -1.563711460075463E-003
   255.110625000000        -1.654825210996330E-003
   255.324375000000        -1.679127287314969E-003
   255.538125000000        -1.626530132449228E-003
   255.751875000000        -1.491635947454710E-003
   255.965625000000        -1.274220328810668E-003
   256.179375000000        -9.793804187571802E-004
   256.393125000000        -6.173399688499046E-004
   256.606875000000        -2.029261189698576E-004
   256.820625000000         2.452462914453064E-004
   257.034375000000         7.058288062536415E-004
   257.248125000000         1.155963413516726E-003
   257.461875000000         1.572598607884025E-003
   257.675625000000         1.933815221076920E-003
   257.889375000000         2.220080979617466E-003
   258.103125000000         2.415359156842615E-003
   258.316875000000         2.508007719533410E-003
   258.530625000000         2.491420132975757E-003
   258.744375000000         2.364376353914039E-003
   258.958125000000         2.131091237491464E-003
   259.171875000000         1.800966296686124E-003
   259.385625000000         1.388068222013352E-003
   259.599375000000         9.103726868515635E-004
   259.813125000000         3.888238489306413E-004
   260.026875000000        -1.537319832067149E-004
   260.240625000000        -6.936760975089723E-004
   260.454375000000        -1.207748231296986E-003
   260.668125000000        -1.674120066202166E-003
   260.881875000000        -2.073359899618162E-003
   261.095625000000        -2.389246423556349E-003
   261.309375000000        -2.609400483972210E-003
   261.523125000000        -2.725715313180969E-003
   261.736875000000        -2.734577215895173E-003
   261.950625000000        -2.636879359431188E-003
   262.164375000000        -2.437840650584664E-003
   262.378125000000        -2.146649343358119E-003
   262.591875000000        -1.775956867548369E-003
   262.805625000000        -1.341251417866923E-003
   263.019375000000        -8.601432435361406E-004
   263.233125000000        -3.515945556771900E-004
   263.446875000000         1.648732196172266E-004
   263.660625000000         6.699632310519328E-004
   263.874375000000         1.145348278047517E-003
   264.088125000000         1.574349891281113E-003
   264.301875000000         1.942527187797315E-003
   264.515625000000         2.238154913134547E-003
   264.729375000000         2.452574362896051E-003
   264.943125000000         2.580405834146624E-003
   265.156875000000         2.619616889001560E-003
   265.370625000000         2.571446934928954E-003
   265.584375000000         2.440195251249673E-003
   265.798125000000         2.232886319362180E-003
   266.011875000000         1.958832743681874E-003
   266.225625000000         1.629121706282231E-003
   266.439375000000         1.256055277835168E-003
   266.653125000000         8.525775366961014E-004
   266.866875000000         4.317219429316078E-004
   267.080625000000         6.110539294723225E-006
   267.294375000000        -4.124677331165724E-004
   267.508125000000        -8.133788258848437E-004
   267.721875000000        -1.187353021314104E-003
   267.935625000000        -1.526579061620892E-003
   268.149375000000        -1.824689913273578E-003
   268.363125000000        -2.076656521206248E-003
   268.576875000000        -2.278613931817066E-003
   268.790625000000        -2.427649982567486E-003
   269.004375000000        -2.521589718652305E-003
   269.218125000000        -2.558808396774294E-003
   269.431875000000        -2.538102265888395E-003
   269.645625000000        -2.458639495251197E-003
   269.859375000000        -2.320004194476340E-003
   270.073125000000        -2.122335265664717E-003
   270.286875000000        -1.866549886757505E-003
   270.500625000000        -1.554629912423487E-003
   270.714375000000        -1.189939570022252E-003
   270.928125000000        -7.775355962633411E-004
   271.141875000000        -3.244272646559929E-004
   271.355625000000         1.602558507838886E-004
   271.569375000000         6.652258604136129E-004
   271.783125000000         1.177157052116511E-003
   271.996875000000         1.680981486641267E-003
   272.210625000000         2.160361648642792E-003
   272.424375000000         2.598326228984177E-003
   272.638125000000         2.978039399152175E-003
   272.851875000000         3.283659825032114E-003
   273.065625000000         3.501234497358321E-003
   273.279375000000         3.619565350735939E-003
   273.493125000000         3.630984391901036E-003
   273.706875000000         3.531976040669987E-003
   273.920625000000         3.323593529359830E-003
   274.134375000000         3.011628978718517E-003
   274.348125000000         2.606513225095891E-003
   274.561875000000         2.122940332303402E-003
   274.775625000000         1.579231473861730E-003
   274.989375000000         9.964719136167025E-004
   275.203125000000         3.974715891978509E-004
   275.416875000000        -1.943870582465103E-004
   275.630625000000        -7.563419287472693E-004
   275.844375000000        -1.267409637960813E-003
   276.058125000000        -1.709436794180748E-003
   276.271875000000        -2.067979394451556E-003
   276.485625000000        -2.332958029563287E-003
   276.699375000000        -2.499052621841600E-003
   276.913125000000        -2.565818676439981E-003
   277.126875000000        -2.537526022514892E-003
   277.340625000000        -2.422739261108250E-003
   277.554375000000        -2.233675249656844E-003
   277.768125000000        -1.985385805112368E-003
   277.981875000000        -1.694822594036193E-003
   278.195625000000        -1.379845477594778E-003
   278.409375000000        -1.058235371847128E-003
   278.623125000000        -7.467683250547842E-004
   278.836875000000        -4.603996786751771E-004
   279.050625000000        -2.115967731160373E-004
   279.264375000000        -9.846716856192882E-006
   279.478125000000         1.386466907236091E-004
   279.691875000000         2.310747401270740E-004
   279.905625000000         2.679528249904633E-004
   280.119375000000         2.528840453141284E-004
   280.333125000000         1.921814343082682E-004
   280.546875000000         9.437730768494630E-005
   280.760625000000        -3.034935336365568E-005
   280.974375000000        -1.707958986566475E-004
   281.188125000000        -3.153784580172017E-004
   281.401875000000        -4.527645005051073E-004
   281.615625000000        -5.724683200733784E-004
   281.829375000000        -6.653847554402013E-004
   282.043125000000        -7.242391745471081E-004
   282.256875000000        -7.439347432322925E-004
   282.470625000000        -7.217813996776744E-004
   282.684375000000        -6.575949775998188E-004
   282.898125000000        -5.536597639059599E-004
   283.111875000000        -4.145535694095415E-004
   283.325625000000        -2.468411259422996E-004
   283.539375000000        -5.864911091442497E-005
   283.753125000000         1.408560482866684E-004
   283.966875000000         3.420587995237592E-004
   284.180625000000         5.355180239964112E-004
   284.394375000000         7.125830432322865E-004
   284.608125000000         8.659590826272409E-004
   284.821875000000         9.901797972660621E-004
   285.035625000000         1.081948565302874E-003
   285.249375000000         1.140317933929170E-003
   285.463125000000         1.166687573732576E-003
   285.676875000000         1.164614689119230E-003
   285.890625000000         1.139446028149838E-003
   286.104375000000         1.097796147503909E-003
   286.318125000000         1.046910976681765E-003
   286.531875000000         9.939675400908810E-004
   286.745625000000         9.453686327348695E-004
   286.959375000000         9.060942986504119E-004
   287.173125000000         8.791695493787770E-004
   287.386875000000         8.652998130030103E-004
   287.600625000000         8.627126023242704E-004
   287.814375000000         8.672268392684831E-004
   288.028125000000         8.725516247013034E-004
   288.241875000000         8.707957657413884E-004
   288.455625000000         8.531499780721287E-004
   288.669375000000         8.106872323696834E-004
   288.883125000000         7.352148355033011E-004
   289.096875000000         6.201057402286398E-004
   289.310625000000         4.610369298335917E-004
   289.524375000000         2.565695743594623E-004
   289.738125000000         8.518418130923930E-006
   289.951875000000        -2.779246281594818E-004
   290.165625000000        -5.943270786077368E-004
   290.379375000000        -9.294051925703052E-004
   290.593125000000        -1.269637551016604E-003
   290.806875000000        -1.600056139444693E-003
   291.020625000000        -1.905154280836195E-003
   291.234375000000        -2.169842392525281E-003
   291.448125000000        -2.380380313206074E-003
   291.661875000000        -2.525218852535968E-003
   291.875625000000        -2.595692655182846E-003
   292.089375000000        -2.586520331011020E-003
   292.303125000000        -2.496084593313341E-003
   292.516875000000        -2.326483169531887E-003
   292.730625000000        -2.083358784488727E-003
   292.944375000000        -1.775532004937070E-003
   293.158125000000        -1.414472932111429E-003
   293.371875000000        -1.013655820213590E-003
   293.585625000000        -5.878443568694896E-004
   293.799375000000        -1.523547291643660E-004
   294.013125000000         2.776606866859398E-004
   294.226875000000         6.878732039773663E-004
   294.440625000000         1.065354115285461E-003
   294.654375000000         1.399049341083393E-003
   294.868125000000         1.680142882489459E-003
   295.081875000000         1.902306583738496E-003
   295.295625000000         2.061838824305968E-003
   295.509375000000         2.157697783733153E-003
   295.723125000000         2.191436063892212E-003
   295.936875000000         2.167043221573722E-003
   296.150625000000         2.090701868268500E-003
   296.364375000000         1.970462221825378E-003
   296.578125000000         1.815840080638308E-003
   296.791875000000         1.637344692123115E-003
   297.005625000000         1.445946183786258E-003
   297.219375000000         1.252497061365915E-003
   297.433125000000         1.067128347725933E-003
   297.646875000000         8.986475189349115E-004
   297.860625000000         7.539715385051359E-004
   298.074375000000         6.376329331779091E-004
   298.288125000000         5.513989579112301E-004
   298.501875000000         4.940426022033670E-004
   298.715625000000         4.612989400184386E-004
   298.929375000000         4.460309767207559E-004
   299.143125000000         4.386160226251879E-004
   299.356875000000         4.275475227990462E-004
   299.570625000000         4.002294205711890E-004
   299.784375000000         3.439220752449775E-004
   299.998125000000         2.467822187482975E-004
   300.211875000000         9.892615403311460E-005
   300.425625000000        -1.065630738884092E-004
   300.639375000000        -3.727662582483035E-004
   300.853125000000        -6.982738105311417E-004
   301.066875000000        -1.076813062381765E-003
   301.280625000000        -1.497205951141900E-003
   301.494375000000        -1.943683289398993E-003
   301.708125000000        -2.396555625326929E-003
   301.921875000000        -2.833213042632912E-003
   302.135625000000        -3.229399413413644E-003
   302.349375000000        -3.560682906239495E-003
   302.563125000000        -3.804026071191440E-003
   302.776875000000        -3.939347287495057E-003
   302.990625000000        -3.950961928013083E-003
   303.204375000000        -3.828796761353500E-003
   303.418125000000        -3.569284650427919E-003
   303.631875000000        -3.175867583085760E-003
   303.845625000000        -2.659062922512035E-003
   304.059375000000        -2.036078432102888E-003
   304.273125000000        -1.329993730298401E-003
   304.486875000000        -5.685568673561187E-004
   304.700625000000         2.173277153984301E-004
   304.914375000000         9.953215913554190E-004
   305.128125000000         1.733472094708275E-003
   305.341875000000         2.402009879359907E-003
   305.555625000000         2.975006913468385E-003
   305.769375000000         3.431788038230207E-003
   305.983125000000         3.758007145727853E-003
   306.196875000000         3.946322899792407E-003
   306.410625000000         3.996636852859684E-003
   306.624375000000         3.915886675740099E-003
   306.838125000000         3.717416825994978E-003
   307.051875000000         3.419976250105112E-003
   307.265625000000         3.046415821392348E-003
   307.479375000000         2.622175719702548E-003
   307.693125000000         2.173663889009686E-003
   307.906875000000         1.726630605329283E-003
   308.120625000000         1.304641100426552E-003
   308.334375000000         9.277386396724376E-004
   308.548125000000         6.113753688840459E-004
   308.761875000000         3.656688567490277E-004
   308.975625000000         1.950199988620810E-004
   309.189375000000         9.810434066994487E-005
   309.403125000000         6.822543116179450E-005
   309.616875000000         9.399694505351560E-005
   309.830625000000         1.603012382624764E-004
   310.044375000000         2.494567271269990E-004
   310.258125000000         3.425157355801958E-004
   310.471875000000         4.206086808953761E-004
   310.685625000000         4.662498254585143E-004
   310.899375000000         4.645241908581198E-004
   311.113125000000         4.040842362046177E-004
   311.326875000000         2.778979407089724E-004
   311.540625000000         8.370619927000714E-005
   311.754375000000        -1.758340218037484E-004
   311.968125000000        -4.933245916651327E-004
   312.181875000000        -8.571032317665607E-004
   312.395625000000        -1.251988030691686E-003
   312.609375000000        -1.660238419089796E-003
   312.823125000000        -2.062668385253228E-003
   313.036875000000        -2.439838616250425E-003
   313.250625000000        -2.773249852623809E-003
   313.464375000000        -3.046460378842237E-003
   313.678125000000        -3.246056252081339E-003
   313.891875000000        -3.362413277173968E-003
   314.105625000000        -3.390204213609172E-003
   314.319375000000        -3.328622297876811E-003
   314.533125000000        -3.181311683564128E-003
   314.746875000000        -2.956015479371121E-003
   314.960625000000        -2.663971271889617E-003
   315.174375000000        -2.319100967059461E-003
   315.388125000000        -1.937055235599626E-003
   315.601875000000        -1.534181821153060E-003
   315.815625000000        -1.126490821214878E-003
   316.029375000000        -7.286885312531588E-004
   316.243125000000        -3.533447220518225E-004
   316.456875000000        -1.024687765630191E-005
   316.670625000000         2.940201051742934E-004
   316.884375000000         5.562477458989088E-004
   317.098125000000         7.765288856404751E-004
   317.311875000000         9.579493884089043E-004
   317.525625000000         1.106078751220925E-003
   317.739375000000         1.228305143171595E-003
   317.953125000000         1.333069881080987E-003
   318.166875000000         1.429061332937459E-003
   318.380625000000         1.524428520733748E-003
   318.594375000000         1.626070459991954E-003
   318.808125000000         1.739049068918411E-003
   319.021875000000         1.866162144434802E-003
   319.235625000000         2.007699483499146E-003
   319.449375000000         2.161390884820907E-003
   319.663125000000         2.322540663833368E-003
   319.876875000000         2.484330527159829E-003
   320.090625000000         2.638262080252866E-003
   320.304375000000         2.774702542124351E-003
   320.518125000000         2.883492792911573E-003
   320.731875000000         2.954575770091976E-003
   320.945625000000         2.978605264099769E-003
   321.159375000000         2.947499906746517E-003
   321.373125000000         2.854913969024959E-003
   321.586875000000         2.696604738076222E-003
   321.800625000000         2.470684925025632E-003
   322.014375000000         2.177756986816221E-003
   322.228125000000         1.820933735113823E-003
   322.441875000000         1.405755607574931E-003
   322.655625000000         9.400191298425221E-004
   322.869375000000         4.335332484194597E-004
   323.083125000000        -1.021795735555950E-004
   323.296875000000        -6.542220724594489E-004
   323.510625000000        -1.208688003428702E-003
   323.724375000000        -1.751045769224025E-003
   323.938125000000        -2.266534066994525E-003
   324.151875000000        -2.740566739771888E-003
   324.365625000000        -3.159145937201735E-003
   324.579375000000        -3.509283143282083E-003
   324.793125000000        -3.779426402939800E-003
   325.006875000000        -3.959889183956794E-003
   325.220625000000        -4.043271996863309E-003
   325.434375000000        -4.024862645170685E-003
   325.648125000000        -3.902995469830373E-003
   325.861875000000        -3.679344998198678E-003
   326.075625000000        -3.359125874743696E-003
   326.289375000000        -2.951169659431029E-003
   326.503125000000        -2.467850703947816E-003
   326.716875000000        -1.924838284636012E-003
   326.930625000000        -1.340660587073158E-003
   327.144375000000        -7.360777248246924E-004
   327.358125000000        -1.332750622270337E-004
   327.571875000000         4.450963427274952E-004
   327.785625000000         9.769896943848887E-004
   327.999375000000         1.442086077943066E-003
   328.213125000000         1.822903731143804E-003
   328.426875000000         2.105818123620255E-003
   328.640625000000         2.281916768955024E-003
   328.854375000000         2.347617806102920E-003
   329.068125000000         2.304993020188538E-003
   329.281875000000         2.161753686252456E-003
   329.495625000000         1.930880340510603E-003
   329.709375000000         1.629903666300978E-003
   329.923125000000         1.279871028724360E-003
   330.136875000000         9.040594327837441E-004
   330.350625000000         5.265183890419830E-004
   330.564375000000         1.705431057130545E-004
   330.778125000000        -1.428122409393799E-004
   330.991875000000        -3.960708846701255E-004
   331.205625000000        -5.764179549487868E-004
   331.419375000000        -6.764491113661917E-004
   331.633125000000        -6.945245528959108E-004
   331.846875000000        -6.347004167638709E-004
   332.060625000000        -5.062433889026744E-004
   332.274375000000        -3.227682363959241E-004
   332.488125000000        -1.010689248827260E-004
   332.701875000000         1.402608063090940E-004
   332.915625000000         3.823043953786098E-004
   333.129375000000         6.072764524780153E-004
   333.343125000000         7.998362544548807E-004
   333.556875000000         9.481563191133074E-004
   333.770625000000         1.044663774383152E-003
   333.984375000000         1.086401384655798E-003
   334.198125000000         1.074988604798311E-003
   334.411875000000         1.016197858460678E-003
   334.625625000000         9.191942339962490E-004
   334.839375000000         7.955150057101869E-004
   335.053125000000         6.578863396603811E-004
   335.266875000000         5.189864516343510E-004
   335.480625000000         3.902664298986306E-004
   335.694375000000         2.809319287151078E-004
   335.908125000000         1.971719076375282E-004
   336.121875000000         1.416962738834078E-004
   336.335625000000         1.136150484520894E-004
   336.549375000000         1.086602832581004E-004
   336.763125000000         1.197212954615059E-004
   336.976875000000         1.376365995994221E-004
   337.190625000000         1.521645547740304E-004
   337.404375000000         1.530409479076500E-004
   337.618125000000         1.310265048051038E-004
   337.831875000000         7.885084702194232E-005
   338.045625000000        -8.028918124989377E-006
   338.259375000000        -1.309183014056199E-004
   338.473125000000        -2.876641461618918E-004
   338.686875000000        -4.727357955746943E-004
   338.900625000000        -6.775962211796075E-004
   339.114375000000        -8.913263526286778E-004
   339.328125000000        -1.101445678812842E-003
   339.541875000000        -1.294857689763530E-003
   339.755625000000        -1.458840884241059E-003
   339.969375000000        -1.582005222879515E-003
   340.183125000000        -1.655139764141044E-003
