  -1.60312500000000         1.369836036067788E-024
  -1.38937500000000         3.673873263443065E-018
  -1.17562500000000         3.029252447487956E-017
 -0.961875000000000         1.636858848566621E-016
 -0.748125000000000         6.999584238569826E-016
 -0.534375000000000         2.514002185618526E-015
 -0.320625000000000         7.796090404608747E-015
 -0.106875000000000         2.123673021061592E-014
  0.106875000000000         5.159651570191609E-014
  0.320625000000000         1.133218751323271E-013
  0.534375000000000         2.274397137484041E-013
  0.748125000000000         4.217363864521628E-013
  0.961875000000000         7.289768881254915E-013
   1.17562500000000         1.183621710064270E-012
   1.38937500000000         1.817391251867596E-012
   1.60312500000000         2.654048742847538E-012
   1.81687500000000         3.703939625921248E-012
   2.03062500000000         4.959672499477891E-012
   2.24437500000000         6.393600816451079E-012
   2.45812500000000         7.957214353446784E-012
   2.67187500000000         9.583004834660462E-012
   2.88562500000000         1.118871170769070E-011
   3.09937500000000         1.268634078922732E-011
   3.31312500000000         1.398592880398167E-011
   3.52687500000000         1.500718806860547E-011
   3.74062500000000         1.568623737827872E-011
   3.95437500000000         1.598045706957996E-011
   4.16812500000000         1.587147170337464E-011
   4.38187500000000         1.535937406839124E-011
   4.59562500000000         1.446749965310482E-011
   4.80937500000000         1.322550608598924E-011
   5.02312500000000         1.166640077211464E-011
   5.23687500000000         9.822093856705498E-012
   5.45062500000000         7.713741382325034E-012
   5.66437500000000         5.358883372040733E-012
   5.87812500000000         2.766829927535511E-012
   6.09187500000000        -4.589059658805311E-014
   6.30562500000000        -3.044376173662607E-012
   6.51937500000000        -6.168175200479865E-012
   6.73312500000000        -9.316829366257799E-012
   6.94687500000000        -1.234987939600471E-011
   7.16062500000000        -1.508758919706261E-011
   7.37437500000000        -1.732721700152801E-011
   7.58812500000000        -1.885971852847274E-011
   7.80187500000000        -1.949599999275325E-011
   8.01562500000000        -1.909996215159405E-011
   8.22937500000000        -1.761025245347303E-011
   8.44312500000000        -1.506071641903644E-011
   8.65687500000000        -1.158427909637916E-011
   8.87062500000000        -7.412909372143280E-012
   9.08437500000000        -2.850258368168574E-012
   9.29812500000000         1.758684398798894E-012
   9.51187500000000         6.073755507347553E-012
   9.72562500000000         9.795601543685222E-012
   9.93937500000000         1.270936036560644E-011
   10.1531250000000         1.470639064608565E-011
   10.3668750000000         1.579886850973454E-011
   10.5806250000000         1.610904566278197E-011
   10.7943750000000         1.584172918418935E-011
   11.0081250000000         1.525310090652414E-011
   11.2218750000000         1.459813759514916E-011
   11.4356250000000         1.409450052653812E-011
   11.6493750000000         1.388466634758620E-011
   11.8631250000000         1.401957779985232E-011
   12.0768750000000         1.445900977818821E-011
   12.2906250000000         1.508887966584675E-011
   12.5043750000000         1.575882253124140E-011
   12.7181250000000         1.631518398987024E-011
   12.9318750000000         1.665175032697312E-011
   13.1456250000000         1.673571053691003E-011
   13.3593750000000         1.662770667845666E-011
   13.5731250000000         1.647954103732773E-011
   13.7868750000000         1.650976653403579E-011
   14.0006250000000         1.696972246692969E-011
   14.2143750000000         1.809063330216874E-011
   14.4281250000000         2.004097489448425E-011
   14.6418750000000         2.288473091315190E-011
   14.8556250000000         2.655917788806094E-011
   15.0693750000000         3.087542835751767E-011
   15.2831250000000         3.553521566428702E-011
   15.4968750000000         4.017486262157413E-011
   15.7106250000000         4.441685547982769E-011
   15.9243750000000         4.792780177588951E-011
   16.1381250000000         5.046460893675383E-011
   16.3518750000000         5.191294472611254E-011
   16.5656250000000         5.229836841664294E-011
   16.7793750000000         5.178281791308219E-011
   16.9931250000000         5.062612295289873E-011
   17.2068750000000         4.914581980998455E-011
   17.4206250000000         4.765895591224989E-011
   17.6343750000000         4.642800662137712E-011
   17.8481250000000         4.562379496875362E-011
   18.0618750000000         4.529332342484945E-011
   18.2756250000000         4.536116415191339E-011
   18.4893750000000         4.564073689985446E-011
   18.7031250000000         4.587614142764560E-011
   18.9168750000000         4.578148978560193E-011
   19.1306250000000         4.509285420642378E-011
   19.3443750000000         4.361744567283984E-011
   19.5581250000000         4.126261565925190E-011
   19.7718750000000         3.805976689925176E-011
   19.9856250000000         3.416218058310277E-011
   20.1993750000000         2.982870753178091E-011
   20.4131250000000         2.539591725682309E-011
   20.6268750000000         2.123646204020254E-011
   20.8406250000000         1.772085845059280E-011
   21.0543750000000         1.517245377464309E-011
   21.2681250000000         1.383668662636903E-011
   21.4818750000000         1.386226949795723E-011
   21.6956250000000         1.528428085216398E-011
   21.9093750000000         1.802979924429614E-011
   22.1231250000000         2.192906429973110E-011
   22.3368750000000         2.673525083932637E-011
   22.5506250000000         3.214834171218216E-011
   22.7643750000000         3.784695649190747E-011
   22.9781250000000         4.351223594705673E-011
   23.1918750000000         4.885500516781754E-011
   23.4056250000000         5.363395066508705E-011
   23.6193750000000         5.766745641757257E-011
   23.8331250000000         6.084435312067033E-011
   24.0468750000000         6.311662793908276E-011
   24.2606250000000         6.449906295785009E-011
   24.4743750000000         6.504893524056688E-011
   24.6881250000000         6.486004585100815E-011
   24.9018750000000         6.404371151113984E-011
   25.1156250000000         6.271355620901946E-011
   25.3293750000000         6.098372765321821E-011
   25.5431250000000         5.896270071150473E-011
   25.7568750000000         5.675397090534781E-011
   25.9706250000000         5.447114113758535E-011
   26.1843750000000         5.223884621083720E-011
   26.3981250000000         5.020711114945444E-011
   26.6118750000000         4.855462970761251E-011
   26.8256250000000         4.748740109803120E-011
   27.0393750000000         4.722882304403475E-011
   27.2531250000000         4.799877554885711E-011
   27.4668750000000         4.999054952607233E-011
   27.6806250000000         5.334216519860569E-011
   27.8943750000000         5.810681365823875E-011
   28.1081250000000         6.423467346985902E-011
   28.3218750000000         7.155889097914786E-011
   28.5356250000000         7.980571132510701E-011
   28.7493750000000         8.860255680470177E-011
   28.9631250000000         9.751992782050324E-011
   29.1768750000000         1.061067843308033E-010
   29.3906250000000         1.139372915482036E-010
   29.6043750000000         1.206528589408336E-010
   29.8181250000000         1.259972573336603E-010
   30.0318750000000         1.298345677731203E-010
   30.2456250000000         1.321563960553653E-010
   30.4593750000000         1.330668396729933E-010
   30.6731250000000         1.327599306853117E-010
   30.8868750000000         1.314835550350387E-010
   31.1006250000000         1.295017480249736E-010
   31.3143750000000         1.270646607489421E-010
   31.5281250000000         1.243777010669284E-010
   31.7418750000000         1.215924328993751E-010
   31.9556250000000         1.188046398518565E-010
   32.1693750000000         1.160623345674010E-010
   32.3831250000000         1.133854601692613E-010
   32.5968750000000         1.107878379017679E-010
   32.8106250000000         1.082920271321635E-010
   33.0243750000000         1.059473321237714E-010
   33.2381250000000         1.038287512568721E-010
   33.4518750000000         1.020355877984562E-010
   33.6656250000000         1.006762310717767E-010
   33.8793750000000         9.985213415586964E-011
   34.0931250000000         9.963635885504582E-011
   34.3068750000000         1.000611845075971E-010
   34.5206250000000         1.011065354419136E-010
   34.7343750000000         1.027020679993444E-010
   34.9481250000000         1.047349158366977E-010
   35.1618750000000         1.070665650723533E-010
   35.3756250000000         1.095517936341358E-010
   35.5893750000000         1.120653797843540E-010
   35.8031250000000         1.145151095357026E-010
   36.0168750000000         1.168557247800085E-010
   36.2306250000000         1.190954069922212E-010
   36.4443750000000         1.212839403460894E-010
   36.6581250000000         1.235051232445931E-010
   36.8718750000000         1.258504040080982E-010
   37.0856250000000         1.284032560130283E-010
   37.2993750000000         1.312108679672096E-010
   37.5131250000000         1.342755071397030E-010
   37.7268750000000         1.375381359457198E-010
   37.9406250000000         1.408840039964354E-010
   38.1543750000000         1.441508611569384E-010
   38.3681250000000         1.471505874775368E-010
   38.5818750000000         1.496897565432504E-010
   38.7956250000000         1.515983504952923E-010
   39.0093750000000         1.527590798004257E-010
   39.2231250000000         1.531237443681562E-010
   39.4368750000000         1.527358596710068E-010
   39.6506250000000         1.517234723875522E-010
   39.8643750000000         1.502989285276761E-010
   40.0781250000000         1.487363418582994E-010
   40.2918750000000         1.473457527556393E-010
   40.5056250000000         1.464389797112721E-010
   40.7193750000000         1.462934362676788E-010
   40.9331250000000         1.471189401483474E-010
   41.1468750000000         1.490362223978488E-010
   41.3606250000000         1.520605146650508E-010
   41.5743750000000         1.561014379455436E-010
   41.7881250000000         1.609780480104046E-010
   42.0018750000000         1.664402432353039E-010
   42.2156250000000         1.722047348861377E-010
   42.4293750000000         1.779919262938467E-010
   42.6431250000000         1.835593373125062E-010
   42.8568750000000         1.887288972392897E-010
   43.0706250000000         1.934030229585754E-010
   43.2843750000000         1.975654141909015E-010
   43.4981250000000         2.012701778016486E-010
   43.7118750000000         2.046158342839174E-010
   43.9256250000000         2.077158907062480E-010
   44.1393750000000         2.106647126324778E-010
   44.3531250000000         2.135122522476295E-010
   44.5668750000000         2.162442300096849E-010
   44.7806250000000         2.187815252815340E-010
   44.9943750000000         2.209893046630464E-010
   45.2081250000000         2.227024492510683E-010
   45.4218750000000         2.237593165897968E-010
   45.6356250000000         2.240396461241126E-010
   45.8493750000000         2.234935932003499E-010
   46.0631250000000         2.221666725433501E-010
   46.2768750000000         2.202049511048843E-010
   46.4906250000000         2.178475871176755E-010
   46.7043750000000         2.153974189304118E-010
   46.9181250000000         2.131834792341987E-010
   47.1318750000000         2.115171607705262E-010
   47.3456250000000         2.106473228677447E-010
   47.5593750000000         2.107264001302407E-010
   47.7731250000000         2.117903571406151E-010
   47.9868750000000         2.137559505808820E-010
   48.2006250000000         2.164396271706224E-010
   48.4143750000000         2.195880081660322E-010
   48.6281250000000         2.229210822127532E-010
   48.8418750000000         2.261792256605649E-010
   49.0556250000000         2.291646673752900E-010
   49.2693750000000         2.317724581820989E-010
   49.4831250000000         2.340013455826343E-010
   49.6968750000000         2.359524474959110E-010
   49.9106250000000         2.378030802126550E-010
   50.1243750000000         2.397746917062331E-010
   50.3381250000000         2.420865056432609E-010
   50.5518750000000         2.449161714728535E-010
   50.7656250000000         2.483629815206916E-010
   50.9793750000000         2.524248013701915E-010
   51.1931250000000         2.569972075012410E-010
   51.4068750000000         2.618813632754409E-010
   51.6206250000000         2.668173455129305E-010
   51.8343750000000         2.715195514541715E-010
   52.0481250000000         2.757217732665010E-010
   52.2618750000000         2.792152565657212E-010
   52.4756250000000         2.818811738897830E-010
   52.6893750000000         2.837087460462229E-010
   52.9031250000000         2.847936369331714E-010
   53.1168750000000         2.853217168909006E-010
   53.3306250000000         2.855386626872018E-010
   53.5443750000000         2.857150598031999E-010
   53.7581250000000         2.861015073469793E-010
   53.9718750000000         2.869001078462988E-010
   54.1856250000000         2.882294356018110E-010
   54.3993750000000         2.901220506787925E-010
   54.6131250000000         2.925218232347695E-010
   54.8268750000000         2.953053488236382E-010
   55.0406250000000         2.983075857167815E-010
   55.2543750000000         3.013581272648654E-010
   55.4681250000000         3.043143982751872E-010
   55.6818750000000         3.070870640838170E-010
   55.8956250000000         3.096560882134194E-010
   56.1093750000000         3.120713459663485E-010
   56.3231250000000         3.144405502909693E-010
   56.5368750000000         3.169044241825081E-010
   56.7506250000000         3.196034466933309E-010
   56.9643750000000         3.226456496462556E-010
   57.1781250000000         3.260783698708610E-010
   57.3918750000000         3.298715504927357E-010
   57.6056250000000         3.339090390973617E-010
   57.8193750000000         3.380077937156281E-010
   58.0331250000000         3.419388714047696E-010
   58.2468750000000         3.454590137838126E-010
   58.4606250000000         3.483535803902345E-010
   58.6743750000000         3.504722066710425E-010
   58.8881250000000         3.517534607800756E-010
   59.1018750000000         3.522343100129371E-010
   59.3156250000000         3.520530770187995E-010
   59.5293750000000         3.514267894108654E-010
   59.7431250000000         3.506195339866673E-010
   59.9568750000000         3.499021306208466E-010
   60.1706250000000         3.495191735249593E-010
   60.3843750000000         3.496507199978222E-010
   60.5981250000000         3.503946068239069E-010
   60.8118750000000         3.517556778363366E-010
   61.0256250000000         3.536600083759184E-010
   61.2393750000000         3.559687246853159E-010
   61.4531250000000         3.585177857923409E-010
   61.6668750000000         3.611419354594019E-010
   61.8806250000000         3.637122011310015E-010
   62.0943750000000         3.661528978209642E-010
   62.3081250000000         3.684580014488305E-010
   62.5218750000000         3.706850027453400E-010
   62.7356250000000         3.729445256764040E-010
   62.9493750000000         3.753813719214399E-010
   63.1631250000000         3.781471686837238E-010
   63.3768750000000         3.813758449751312E-010
   63.5906250000000         3.851661915130697E-010
   63.8043750000000         3.895668626198511E-010
   64.0181250000000         3.945743662153253E-010
   64.2318750000000         4.001311878268111E-010
   64.4456250000000         4.061395092384136E-010
   64.6593750000000         4.124677040974653E-010
   64.8731250000000         4.189623452501148E-010
   65.0868750000000         4.254608537649085E-010
   65.3006250000000         4.317971614143094E-010
   65.5143750000000         4.378094082487598E-010
   65.7281250000000         4.433453232820548E-010
   65.9418750000000         4.482657241047642E-010
   66.1556250000000         4.524578921563066E-010
   66.3693750000000         4.558403765267921E-010
   66.5831250000000         4.583754607176585E-010
   66.7968750000000         4.600777645044719E-010
   67.0106250000000         4.610254481263971E-010
   67.2243750000000         4.613546181835925E-010
   67.4381250000000         4.612597127580717E-010
   67.6518750000000         4.609724403062140E-010
   67.8656250000000         4.607444838404190E-010
   68.0793750000000         4.608192132285831E-010
   68.2931250000000         4.614003513455981E-010
   68.5068750000000         4.626317676841509E-010
   68.7206250000000         4.645790712523151E-010
   68.9343750000000         4.672258645895001E-010
   69.1481250000000         4.704812418674384E-010
   69.3618750000000         4.741944147832497E-010
   69.5756250000000         4.781881383351944E-010
   69.7893750000000         4.822829662747162E-010
   70.0031250000000         4.863274472675174E-010
   70.2168750000000         4.902175364077965E-010
   70.4306250000000         4.939040850757347E-010
   70.6443750000000         4.973910486273328E-010
   70.8581250000000         5.007201780056452E-010
   71.0718750000000         5.039458807460987E-010
   71.2856250000000         5.071134104057016E-010
   71.4993750000000         5.102345691286192E-010
   71.7131250000000         5.132771739140934E-010
   71.9268750000000         5.161627536133829E-010
   72.1406250000000         5.187782318332864E-010
   72.3543750000000         5.210014219892099E-010
   72.5681250000000         5.227252990837232E-010
   72.7818750000000         5.238955305263867E-010
   72.9956250000000         5.245252804969468E-010
   73.2093750000000         5.247134960686040E-010
   73.4231250000000         5.246396546706242E-010
   73.6368750000000         5.245446461110529E-010
   73.8506250000000         5.246996899385359E-010
   74.0643750000000         5.253677161481794E-010
   74.2781250000000         5.267626808310165E-010
   74.4918750000000         5.290147614540893E-010
   74.7056250000000         5.321526435859287E-010
   74.9193750000000         5.360940607959271E-010
   75.1331250000000         5.406623728040602E-010
   75.3468750000000         5.456160248584494E-010
   75.5606250000000         5.506821148929602E-010
   75.7743750000000         5.556041281397351E-010
   75.9881250000000         5.601772118128127E-010
   76.2018750000000         5.642790419519055E-010
   76.4156250000000         5.678837505064110E-010
   76.6293750000000         5.710569786792596E-010
   76.8431250000000         5.739431207842523E-010
   77.0568750000000         5.767303637473529E-010
   77.2706250000000         5.796192386104816E-010
   77.4843750000000         5.827904685351337E-010
   77.6981250000000         5.863701508867862E-010
   77.9118750000000         5.904213744349183E-010
   78.1256250000000         5.949337851802427E-010
   78.3393750000000         5.998346605616512E-010
   78.5531250000000         6.050062221377026E-010
   78.7668750000000         6.103135765710927E-010
   78.9806250000000         6.156260244724772E-010
   79.1943750000000         6.208389347786492E-010
   79.4081250000000         6.258897761599674E-010
   79.6218750000000         6.307573355448653E-010
   79.8356250000000         6.354613513615920E-010
   80.0493750000000         6.400437627991129E-010
   80.2631250000000         6.445558589250942E-010
   80.4768750000000         6.490342784780271E-010
   80.6906250000000         6.534889334598088E-010
   80.9043750000000         6.578973639357176E-010
   81.1181250000000         6.621981965212993E-010
   81.3318750000000         6.662999687138587E-010
   81.5456250000000         6.701024218544711E-010
   81.7593750000000         6.735077117885842E-010
   81.9731250000000         6.764442301223636E-010
   82.1868750000000         6.788833908897506E-010
   82.4006250000000         6.808504023514785E-010
   82.6143750000000         6.824275945844433E-010
   82.8281250000000         6.837489827041763E-010
   83.0418750000000         6.849868339335510E-010
   83.2556250000000         6.863321132197553E-010
   83.4693750000000         6.879707243491581E-010
   83.6831250000000         6.900600609462831E-010
   83.8968750000000         6.927121577940665E-010
   84.1106250000000         6.959756422724143E-010
   84.3243750000000         6.998386449074145E-010
   84.5381250000000         7.042280953681963E-010
   84.7518750000000         7.090222608864281E-010
   84.9656250000000         7.140709940441860E-010
   85.1793750000000         7.192174384145193E-010
   85.3931250000000         7.243225456933680E-010
   85.6068750000000         7.292722899378173E-010
   85.8206250000000         7.339968247057367E-010
   86.0343750000000         7.384661771679593E-010
   86.2481250000000         7.426873237373227E-010
   86.4618750000000         7.466927863240188E-010
   86.6756250000000         7.505139356140150E-010
   86.8893750000000         7.541747221771629E-010
   87.1031250000000         7.576694371488535E-010
   87.3168750000000         7.609615399963365E-010
   87.5306250000000         7.639775414952428E-010
   87.7443750000000         7.666250814157131E-010
   87.9581250000000         7.688098752329026E-010
   88.1718750000000         7.704559789726055E-010
   88.3856250000000         7.715323507895705E-010
   88.5993750000000         7.720752619369297E-010
   88.8131250000000         7.721914032766209E-010
   89.0268750000000         7.720697694883978E-010
   89.2406250000000         7.719564052723898E-010
   89.4543750000000         7.721402626009107E-010
   89.6681250000000         7.729111067808166E-010
   89.8818750000000         7.745312539392057E-010
   90.0956250000000         7.771957201660537E-010
   90.3093750000000         7.810086739609026E-010
   90.5231250000000         7.859677693229048E-010
   90.7368750000000         7.919636315124124E-010
   90.9506250000000         7.987948505371951E-010
   91.1643750000000         8.061999010019171E-010
   91.3781250000000         8.138852148209343E-010
   91.5918750000000         8.215701962629752E-010
   91.8056250000000         8.290164583172834E-010
   92.0193750000000         8.360588496156043E-010
   92.2331250000000         8.426108840032829E-010
   92.4468750000000         8.486725716162189E-010
   92.6606250000000         8.543111317454833E-010
   92.8743750000000         8.596374567731538E-010
   93.0881250000000         8.647827548505067E-010
   93.3018750000000         8.698629780534905E-010
   93.5156250000000         8.749567967630893E-010
   93.7293750000000         8.800926753719438E-010
   93.9431250000000         8.852429876053383E-010
   94.1568750000000         8.903253822864523E-010
   94.3706250000000         8.952262253432505E-010
   94.5843750000000         8.998187256052950E-010
   94.7981250000000         9.039840147933561E-010
   95.0118750000000         9.076383812614424E-010
   95.2256250000000         9.107501835203690E-010
   95.4393750000000         9.133419537078798E-010
   95.6531250000000         9.155049249354881E-010
   95.8668750000000         9.173806638011887E-010
   96.0806250000000         9.191493416188787E-010
   96.2943750000000         9.210180262835664E-010
   96.5081250000000         9.231896214726947E-010
   96.7218750000000         9.258484960272449E-010
   96.9356250000000         9.291455803488670E-010
   97.1493750000000         9.331767416491420E-010
   97.3631250000000         9.379814581616614E-010
   97.5768750000000         9.435394564606804E-010
   97.7906250000000         9.497750310141474E-010
   98.0043750000000         9.565686761654470E-010
   98.2181250000000         9.637649726266070E-010
   98.4318750000000         9.711986962648365E-010
   98.6456250000000         9.787049454332275E-010
   98.8593750000000         9.861429933186115E-010
   99.0731250000000         9.934001713628806E-010
   99.2868750000000         1.000412712437966E-009
   99.5006250000000         1.007157753522474E-009
   99.7143750000000         1.013655152763102E-009
   99.9281250000000         1.019946064860071E-009
   100.141875000000         1.026087043453207E-009
   100.355625000000         1.032123971106056E-009
   100.569375000000         1.038068321434980E-009
   100.783125000000         1.043889149702332E-009
   100.996875000000         1.049500621292899E-009
   101.210625000000         1.054763816300267E-009
   101.424375000000         1.059501332211018E-009
   101.638125000000         1.063513313719695E-009
   101.851875000000         1.066616570594538E-009
   102.065625000000         1.068669085040768E-009
   102.279375000000         1.069602305942919E-009
   102.493125000000         1.069447064173771E-009
   102.706875000000         1.068341671208117E-009
   102.920625000000         1.066531412172811E-009
   103.134375000000         1.064351943411967E-009
   103.348125000000         1.062195327669320E-009
   103.561875000000         1.060475656330446E-009
   103.775625000000         1.059582992166450E-009
   103.989375000000         1.059842238788263E-009
   104.203125000000         1.061484450978924E-009
   104.416875000000         1.064621553833543E-009
   104.630625000000         1.069247939326427E-009
   104.844375000000         1.075248063078868E-009
   105.058125000000         1.082421266913554E-009
   105.271875000000         1.090514534792547E-009
   105.485625000000         1.099261989795359E-009
   105.699375000000         1.108417367810352E-009
   105.913125000000         1.117778808343336E-009
   106.126875000000         1.127211684727638E-009
   106.340625000000         1.136644248134591E-009
   106.554375000000         1.146065216277044E-009
   106.768125000000         1.155500518850344E-009
   106.981875000000         1.164988162152731E-009
   107.195625000000         1.174550908348727E-009
   107.409375000000         1.184168261416551E-009
   107.623125000000         1.193759005675848E-009
   107.836875000000         1.203168579177720E-009
   108.050625000000         1.212170881379058E-009
   108.264375000000         1.220474489470388E-009
   108.478125000000         1.227750924330917E-009
   108.691875000000         1.233654662592630E-009
   108.905625000000         1.237862302474420E-009
   109.119375000000         1.240104741796131E-009
   109.333125000000         1.240198555558117E-009
   109.546875000000         1.238077264168500E-009
   109.760625000000         1.233816252906841E-009
   109.974375000000         1.227642016198588E-009
   110.188125000000         1.219935448716157E-009
   110.401875000000         1.211228721861220E-009
   110.615625000000         1.202185572863884E-009
   110.829375000000         1.193567519892024E-009
   111.043125000000         1.186203748261003E-009
   111.256875000000         1.180938769332371E-009
   111.470625000000         1.178586430529714E-009
   111.684375000000         1.179877082569756E-009
   111.898125000000         1.185412447876345E-009
   112.111875000000         1.195615738775086E-009
   112.325625000000         1.210700626321708E-009
   112.539375000000         1.230642440353919E-009
   112.753125000000         1.255167115056309E-009
   112.966875000000         1.283751099916696E-009
   113.180625000000         1.315628899335865E-009
   113.394375000000         1.349822242652246E-009
   113.608125000000         1.385173483701812E-009
   113.821875000000         1.420390678371499E-009
   114.035625000000         1.454099567769741E-009
   114.249375000000         1.484907324033154E-009
   114.463125000000         1.511459259523655E-009
   114.676875000000         1.532510698755185E-009
   114.890625000000         1.546991362101322E-009
   115.104375000000         1.554068655031011E-009
   115.318125000000         1.553201880220247E-009
   115.531875000000         1.544193445076517E-009
   115.745625000000         1.527219357369405E-009
   115.959375000000         1.502845379316197E-009
   116.173125000000         1.472029028632980E-009
   116.386875000000         1.436096587828528E-009
   116.600625000000         1.396691425067328E-009
   116.814375000000         1.355724145856055E-009
   117.028125000000         1.315272404159487E-009
   117.241875000000         1.277501416991281E-009
   117.455625000000         1.244546783621302E-009
   117.669375000000         1.218415856872686E-009
   117.883125000000         1.200874126943551E-009
   118.096875000000         1.193354965486865E-009
   118.310625000000         1.196874651921759E-009
   118.524375000000         1.211968834776815E-009
   118.738125000000         1.238649559013548E-009
   118.951875000000         1.276391619639836E-009
   119.165625000000         1.324135111742413E-009
   119.379375000000         1.380324241720499E-009
   119.593125000000         1.442956542511485E-009
   119.806875000000         1.509671214339736E-009
   120.020625000000         1.577841731245191E-009
   120.234375000000         1.644686968383725E-009
   120.448125000000         1.707399360517229E-009
   120.661875000000         1.763264268669681E-009
   120.875625000000         1.809795123293320E-009
   121.089375000000         1.844847738246263E-009
   121.303125000000         1.866729821154801E-009
   121.516875000000         1.874291323492724E-009
   121.730625000000         1.866994677199576E-009
   121.944375000000         1.844957472360473E-009
   122.158125000000         1.808966451944685E-009
   122.371875000000         1.760473490943529E-009
   122.585625000000         1.701540361120201E-009
   122.799375000000         1.634778239524567E-009
   123.013125000000         1.563246642924841E-009
   123.226875000000         1.490333444808724E-009
   123.440625000000         1.419613811029085E-009
   123.654375000000         1.354699664174374E-009
   123.868125000000         1.299071232821929E-009
   124.081875000000         1.255916556099417E-009
   124.295625000000         1.227968834444469E-009
   124.509375000000         1.217366763393315E-009
   124.723125000000         1.225523302202097E-009
   124.936875000000         1.253032691400478E-009
   125.150625000000         1.299609433972629E-009
   125.364375000000         1.364064578531905E-009
   125.578125000000         1.444327716555305E-009
   125.791875000000         1.537510432062232E-009
   126.005625000000         1.640011558165858E-009
   126.219375000000         1.747664709209994E-009
   126.433125000000         1.855909926885703E-009
   126.646875000000         1.960007510059360E-009
   126.860625000000         2.055245431000886E-009
   127.074375000000         2.137172696952514E-009
   127.288125000000         2.201817003577601E-009
   127.501875000000         2.245894908022161E-009
   127.715625000000         2.266996953463996E-009
   127.929375000000         2.263724009089429E-009
   128.143125000000         2.235804756006388E-009
   128.356875000000         2.184143019956286E-009
   128.570625000000         2.110813217269272E-009
   128.784375000000         2.018998856374300E-009
   128.998125000000         1.912873141204269E-009
   129.211875000000         1.797420312281459E-009
   129.425625000000         1.678210611598032E-009
   129.639375000000         1.561136097969625E-009
   129.853125000000         1.452123515816684E-009
   130.066875000000         1.356837679585761E-009
   130.280625000000         1.280394861822730E-009
   130.494375000000         1.227098556335162E-009
   130.708125000000         1.200221934925327E-009
   130.921875000000         1.201836997465054E-009
   131.135625000000         1.232714391238395E-009
   131.349375000000         1.292283100570720E-009
   131.563125000000         1.378661829312544E-009
   131.776875000000         1.488760155432231E-009
   131.990625000000         1.618420136325522E-009
   132.204375000000         1.762620402870085E-009
   132.418125000000         1.915706778719637E-009
   132.631875000000         2.071641026952234E-009
   132.845625000000         2.224269868247722E-009
   133.059375000000         2.367588382010824E-009
   133.273125000000         2.495990228102148E-009
   133.486875000000         2.604506114899967E-009
   133.700625000000         2.689007831476327E-009
   133.914375000000         2.746384695582576E-009
   134.128125000000         2.774677593830993E-009
   134.341875000000         2.773166633130795E-009
   134.555625000000         2.742417443801398E-009
   134.769375000000         2.684253829009680E-009
   134.983125000000         2.601701177763319E-009
   135.196875000000         2.498848857664227E-009
   135.410625000000         2.380686522166503E-009
   135.624375000000         2.252875416564885E-009
   135.838125000000         2.121497164321148E-009
   136.051875000000         1.992779462250397E-009
   136.265625000000         1.872801160331860E-009
   136.479375000000         1.767224419911117E-009
   136.693125000000         1.681028083110000E-009
   136.906875000000         1.618292018630776E-009
   137.120625000000         1.582015987723504E-009
   137.334375000000         1.573999363754058E-009
   137.548125000000         1.594774870915672E-009
   137.761875000000         1.643606584324930E-009
   137.975625000000         1.718545819971988E-009
   138.189375000000         1.816532066884946E-009
   138.403125000000         1.933549115562548E-009
   138.616875000000         2.064813508202721E-009
   138.830625000000         2.204988468629461E-009
   139.044375000000         2.348418052571967E-009
   139.258125000000         2.489362922163528E-009
   139.471875000000         2.622240444642070E-009
   139.685625000000         2.741850427791961E-009
   139.899375000000         2.843579871349977E-009
   140.113125000000         2.923583250571409E-009
   140.326875000000         2.978936233083813E-009
   140.540625000000         3.007744617997178E-009
   140.754375000000         3.009219500452831E-009
   140.968125000000         2.983703052934385E-009
   141.181875000000         2.932656667576084E-009
   141.395625000000         2.858595034908891E-009
   141.609375000000         2.764981512269415E-009
   141.823125000000         2.656080222920335E-009
   142.036875000000         2.536769001521765E-009
   142.250625000000         2.412328645608653E-009
   142.464375000000         2.288206827744264E-009
   142.678125000000         2.169771721413431E-009
   142.891875000000         2.062076625854258E-009
   143.105625000000         1.969626721325648E-009
   143.319375000000         1.896188832027427E-009
   143.533125000000         1.844623451371460E-009
   143.746875000000         1.816779671925920E-009
   143.960625000000         1.813430960356406E-009
   144.174375000000         1.834269651887133E-009
   144.388125000000         1.877955138112888E-009
   144.601875000000         1.942206649210446E-009
   144.815625000000         2.023936401477298E-009
   145.029375000000         2.119412379589123E-009
   145.243125000000         2.224438438314073E-009
   145.456875000000         2.334543439320585E-009
   145.670625000000         2.445170957382487E-009
   145.884375000000         2.551858878040017E-009
   146.098125000000         2.650408609353565E-009
   146.311875000000         2.737036717970024E-009
   146.525625000000         2.808507658149970E-009
   146.739375000000         2.862245299522210E-009
   146.953125000000         2.896423429798557E-009
   147.166875000000         2.910028843873030E-009
   147.380625000000         2.902897230441309E-009
   147.594375000000         2.875714789943323E-009
   147.808125000000         2.829990086465506E-009
   148.021875000000         2.767982542094207E-009
   148.235625000000         2.692600410670151E-009
   148.449375000000         2.607259672089561E-009
   148.663125000000         2.515725576366015E-009
   148.876875000000         2.421924586681340E-009
   149.090625000000         2.329762000195578E-009
   149.304375000000         2.242941233020577E-009
   149.518125000000         2.164801603988256E-009
   149.731875000000         2.098187053600258E-009
   149.945625000000         2.045350920827275E-009
   150.159375000000         2.007902082333171E-009
   150.373125000000         1.986780326006209E-009
   150.586875000000         1.982277266821440E-009
   150.800625000000         1.994077166173126E-009
   151.014375000000         2.021309027073384E-009
   151.228125000000         2.062623977992262E-009
   151.441875000000         2.116265082283631E-009
   151.655625000000         2.180132354838172E-009
   151.869375000000         2.251857993847504E-009
   152.083125000000         2.328877988042940E-009
   152.296875000000         2.408490502986716E-009
   152.510625000000         2.487944292848341E-009
   152.724375000000         2.564508114549255E-009
   152.938125000000         2.635566504883757E-009
   153.151875000000         2.698702895369689E-009
   153.365625000000         2.751798158851597E-009
   153.579375000000         2.793100951029481E-009
   153.793125000000         2.821308866594566E-009
   154.006875000000         2.835606026068922E-009
   154.220625000000         2.835688730431089E-009
   154.434375000000         2.821760659251477E-009
   154.648125000000         2.794505019729253E-009
   154.861875000000         2.755032068403711E-009
   155.075625000000         2.704816952295490E-009
   155.289375000000         2.645631419849570E-009
   155.503125000000         2.579473378187365E-009
   155.716875000000         2.508500004658519E-009
   155.930625000000         2.434982360275520E-009
   156.144375000000         2.361245137084727E-009
   156.358125000000         2.289636597639830E-009
   156.571875000000         2.222478273738613E-009
   156.785625000000         2.162021167651779E-009
   156.999375000000         2.110388479213680E-009
   157.213125000000         2.069505836215952E-009
   157.426875000000         2.041029990312865E-009
   157.640625000000         2.026256667473501E-009
   157.854375000000         2.026049568921293E-009
   158.068125000000         2.040762573632910E-009
   158.281875000000         2.070193678844690E-009
   158.495625000000         2.113570819720545E-009
   158.709375000000         2.169554735898323E-009
   158.923125000000         2.236295792429770E-009
   159.136875000000         2.311520808346128E-009
   159.350625000000         2.392633387668050E-009
   159.564375000000         2.476849953115155E-009
   159.778125000000         2.561329460830255E-009
   159.991875000000         2.643308066253237E-009
   160.205625000000         2.720200088029097E-009
   160.419375000000         2.789702479024136E-009
   160.633125000000         2.849851602681610E-009
   160.846875000000         2.899057110827913E-009
   161.060625000000         2.936125190220886E-009
   161.274375000000         2.960238427466579E-009
   161.488125000000         2.970947146199818E-009
   161.701875000000         2.968139366571424E-009
   161.915625000000         2.952019012672572E-009
   162.129375000000         2.923075574646839E-009
   162.343125000000         2.882076197186563E-009
   162.556875000000         2.830045040299469E-009
   162.770625000000         2.768257763717820E-009
   162.984375000000         2.698225740905587E-009
   163.198125000000         2.621683416149124E-009
   163.411875000000         2.540560759218681E-009
   163.625625000000         2.456951506569307E-009
   163.839375000000         2.373070618680430E-009
   164.053125000000         2.291200305212059E-009
   164.266875000000         2.213621478706889E-009
   164.480625000000         2.142557130957585E-009
   164.694375000000         2.080093909673050E-009
   164.908125000000         2.028117416060185E-009
   165.121875000000         1.988242424195976E-009
   165.335625000000         1.961752635287431E-009
   165.549375000000         1.949553330815063E-009
   165.763125000000         1.952126727288644E-009
   165.976875000000         1.969497264149134E-009
   166.190625000000         2.001224072780910E-009
   166.404375000000         2.046398124196998E-009
   166.618125000000         2.103661850366716E-009
   166.831875000000         2.171247257682704E-009
   167.045625000000         2.247034072454421E-009
   167.259375000000         2.328634523166480E-009
   167.473125000000         2.413487784133218E-009
   167.686875000000         2.498965654590661E-009
   167.900625000000         2.582494822923010E-009
   168.114375000000         2.661668210725681E-009
   168.328125000000         2.734350077587822E-009
   168.541875000000         2.798745518480782E-009
   168.755625000000         2.853471962474420E-009
   168.969375000000         2.897565991315298E-009
   169.183125000000         2.930468963186758E-009
   169.396875000000         2.951973035161601E-009
   169.610625000000         2.962155710887026E-009
   169.824375000000         2.961273138538270E-009
   170.038125000000         2.949666657164642E-009
   170.251875000000         2.927673758206158E-009
   170.465625000000         2.895572052234653E-009
   170.679375000000         2.853535479055687E-009
   170.893125000000         2.801651832430778E-009
   171.106875000000         2.739976317595942E-009
   171.320625000000         2.668616223270985E-009
   171.534375000000         2.587853255769180E-009
   171.748125000000         2.498270390683414E-009
   171.961875000000         2.400885123710013E-009
   172.175625000000         2.297259988409249E-009
   172.389375000000         2.189576863042631E-009
   172.603125000000         2.080667483643011E-009
   172.816875000000         1.973982983004335E-009
   173.030625000000         1.873511246647569E-009
   173.244375000000         1.783626173801438E-009
   173.458125000000         1.708895417142440E-009
   173.671875000000         1.653838026437983E-009
   173.885625000000         1.622666110142522E-009
   174.099375000000         1.618996350811212E-009
   174.313125000000         1.645584134885417E-009
   174.526875000000         1.704071092834452E-009
   174.740625000000         1.794761402431770E-009
   174.954375000000         1.916473337509565E-009
   175.168125000000         2.066439052024928E-009
   175.381875000000         2.240299500872150E-009
   175.595625000000         2.432184439501754E-009
   175.809375000000         2.634888450272963E-009
   176.023125000000         2.840153454450454E-009
   176.236875000000         3.039022672330609E-009
   176.450625000000         3.222289168823078E-009
   176.664375000000         3.380983776775902E-009
   176.878125000000         3.506891187636735E-009
   177.091875000000         3.593055843005276E-009
   177.305625000000         3.634248016963346E-009
   177.519375000000         3.627331157157333E-009
   177.733125000000         3.571528288647140E-009
   177.946875000000         3.468543018644039E-009
   178.160625000000         3.322527788833471E-009
   178.374375000000         3.139896368053829E-009
   178.588125000000         2.928992729170848E-009
   178.801875000000         2.699635881534898E-009
   179.015625000000         2.462574929627082E-009
   179.229375000000         2.228891792722044E-009
   179.443125000000         2.009397620387756E-009
   179.656875000000         1.814045030160192E-009
   179.870625000000         1.651425865179197E-009
   180.084375000000         1.528344790605504E-009
   180.298125000000         1.449511626702168E-009
   180.511875000000         1.417365988944878E-009
   180.725625000000         1.432018008863566E-009
   180.939375000000         1.491322706889438E-009
   181.153125000000         1.591056824205844E-009
   181.366875000000         1.725195892159987E-009
   181.580625000000         1.886268338834862E-009
   181.794375000000         2.065765315071883E-009
   182.008125000000         2.254590561336682E-009
   182.221875000000         2.443521045909009E-009
   182.435625000000         2.623660520296046E-009
   182.649375000000         2.786863394151748E-009
   182.863125000000         2.926113081639365E-009
   183.076875000000         3.035827694743035E-009
   183.290625000000         3.112088790636298E-009
   183.504375000000         3.152770552104564E-009
   183.718125000000         3.157575159314187E-009
   183.931875000000         3.127977086604784E-009
   184.145625000000         3.067065224802241E-009
   184.359375000000         2.979323749696129E-009
   184.573125000000         2.870344565197792E-009
   184.786875000000         2.746513760583332E-009
   185.000625000000         2.614665485938000E-009
   185.214375000000         2.481757326754819E-009
   185.428125000000         2.354552135930245E-009
   185.641875000000         2.239339820343394E-009
   185.855625000000         2.141695448062843E-009
   186.069375000000         2.066277457236814E-009
   186.283125000000         2.016683255050719E-009
   186.496875000000         1.995322193484412E-009
   186.710625000000         2.003359468196297E-009
   186.924375000000         2.040674560087170E-009
   187.138125000000         2.105872114939348E-009
   187.351875000000         2.196327695280315E-009
   187.565625000000         2.308275657476899E-009
   187.779375000000         2.436953298394347E-009
   187.993125000000         2.576772806806727E-009
   188.206875000000         2.721551100913908E-009
   188.420625000000         2.864774113759575E-009
   188.634375000000         2.999882130899794E-009
   188.848125000000         3.120578582790923E-009
   189.061875000000         3.221132442424104E-009
   189.275625000000         3.296652845158239E-009
   189.489375000000         3.343341594508170E-009
   189.703125000000         3.358673680931853E-009
   189.916875000000         3.341514846554323E-009
   190.130625000000         3.292172599999484E-009
   190.344375000000         3.212352892878912E-009
   190.558125000000         3.105051772702085E-009
   190.771875000000         2.974380757960539E-009
   190.985625000000         2.825322349270062E-009
   191.199375000000         2.663457381980536E-009
   191.413125000000         2.494661774211039E-009
   191.626875000000         2.324790362763154E-009
   191.840625000000         2.159387562843294E-009
   192.054375000000         2.003408254545401E-009
   192.268125000000         1.860998877692372E-009
   192.481875000000         1.735321672452551E-009
   192.695625000000         1.628460105602352E-009
   192.909375000000         1.541391673646007E-009
   193.123125000000         1.474042902194707E-009
   193.336875000000         1.425416467969361E-009
   193.550625000000         1.393791998450498E-009
   193.764375000000         1.376976709344822E-009
   193.978125000000         1.372595137456558E-009
   194.191875000000         1.378389755093933E-009
   194.405625000000         1.392523606432018E-009
   194.619375000000         1.413828714718612E-009
   194.833125000000         1.442011063709107E-009
   195.046875000000         1.477760466337944E-009
   195.260625000000         1.522783288906793E-009
   195.474375000000         1.579710269038243E-009
   195.688125000000         1.651923320763599E-009
   195.901875000000         1.743274303838289E-009
   196.115625000000         1.857730239367096E-009
   196.329375000000         1.998977245574953E-009
   196.543125000000         2.169984587668553E-009
   196.756875000000         2.372586079926320E-009
   196.970625000000         2.607104218377745E-009
   197.184375000000         2.872036929649339E-009
   197.398125000000         3.163844738862096E-009
   197.611875000000         3.476847947369005E-009
   197.825625000000         3.803257732621003E-009
   198.039375000000         4.133337168941548E-009
   198.253125000000         4.455699366617990E-009
   198.466875000000         4.757706593269730E-009
   198.680625000000         5.026007598646497E-009
   198.894375000000         5.247119317335188E-009
   199.108125000000         5.408088843445517E-009
   199.321875000000         5.497155752438655E-009
   199.535625000000         5.504414263991280E-009
   199.749375000000         5.422421170867079E-009
   199.963125000000         5.246719238718388E-009
   200.176875000000         4.976251552344741E-009
   200.390625000000         4.613631014232924E-009
   200.604375000000         4.165244230385632E-009
   200.818125000000         3.641181886186161E-009
   201.031875000000         3.054983931163637E-009
   201.245625000000         2.423204611013789E-009
   201.459375000000         1.764828814191414E-009
   201.673125000000         1.100523481677242E-009
   201.886875000000         4.518118575953350E-010
   202.100625000000        -1.598304476074599E-010
   202.314375000000        -7.138892873540190E-010
   202.528125000000        -1.191701883450939E-009
   202.741875000000        -1.577255843070533E-009
   202.955625000000        -1.857875269708114E-009
   203.169375000000        -2.024745936692319E-009
   203.383125000000        -2.073253583864717E-009
   203.596875000000        -2.003118069161484E-009
   203.810625000000        -1.818331621226266E-009
   204.024375000000        -1.526898104046856E-009
   204.238125000000        -1.140385749594485E-009
   204.451875000000        -6.733461909625865E-010
   204.665625000000        -1.426110687423318E-010
   204.879375000000         4.334857551412570E-010
   205.093125000000         1.035916359160109E-009
   205.306875000000         1.645755535601598E-009
   205.520625000000         2.244938550587462E-009
   205.734375000000         2.816930210797923E-009
   205.948125000000         3.347290822607562E-009
   206.161875000000         3.824113098832621E-009
   206.375625000000         4.238309329934367E-009
   206.589375000000         4.583760690577699E-009
   206.803125000000         4.857305753856390E-009
   207.016875000000         5.058602056868549E-009
   207.230625000000         5.189865759151513E-009
   207.444375000000         5.255502302485698E-009
   207.658125000000         5.261679866377609E-009
   207.871875000000         5.215850459672092E-009
   208.085625000000         5.126266075559941E-009
   208.299375000000         5.001507758091122E-009
   208.513125000000         4.850061415109256E-009
   208.726875000000         4.679960754819556E-009
   208.940625000000         4.498494669620601E-009
   209.154375000000         4.312008173605547E-009
   209.368125000000         4.125778922388465E-009
   209.581875000000         3.943958649672414E-009
   209.795625000000         3.769592695395641E-009
   210.009375000000         3.604651936492874E-009
   210.223125000000         3.450134271557037E-009
   210.436875000000         3.306147706084693E-009
   210.650625000000         3.172023250374230E-009
   210.864375000000         3.046413212232080E-009
   211.078125000000         2.927414180525488E-009
   211.291875000000         2.812668085879585E-009
   211.505625000000         2.699490613438187E-009
   211.719375000000         2.585009739388214E-009
   211.933125000000         2.466306119027410E-009
   212.146875000000         2.340591787032470E-009
   212.360625000000         2.205382329780883E-009
   212.574375000000         2.058677447979183E-009
   212.788125000000         1.899134683980004E-009
   213.001875000000         1.726223366409747E-009
   213.215625000000         1.540345165685626E-009
   213.429375000000         1.342907749202840E-009
   213.643125000000         1.136353421173378E-009
   213.856875000000         9.241293585237376E-010
   214.070625000000         7.105921485938222E-010
   214.284375000000         5.008787400555238E-010
   214.498125000000         3.007191448920768E-010
   214.711875000000         1.162155778215912E-010
   214.925625000000        -4.639859518443937E-011
   215.139375000000        -1.810213557768983E-010
   215.353125000000        -2.819412708094316E-010
   215.566875000000        -3.440967725220669E-010
   215.780625000000        -3.633146343993863E-010
   215.994375000000        -3.365238553976499E-010
   216.208125000000        -2.619352381833291E-010
   216.421875000000        -1.391692303904003E-010
   216.635625000000         3.066561486027293E-011
   216.849375000000         2.449644248296695E-010
   217.063125000000         4.996792860917469E-010
   217.276875000000         7.894460219106752E-010
   217.490625000000         1.107786608078041E-009
   217.704375000000         1.447357365389410E-009
   217.918125000000         1.800246183343742E-009
   218.131875000000         2.158314995332924E-009
   218.345625000000         2.513519106880893E-009
   218.559375000000         2.858232158369160E-009
   218.773125000000         3.185532678224629E-009
   218.986875000000         3.489436404144877E-009
   219.200625000000         3.765051311156510E-009
   219.414375000000         4.008686985203978E-009
   219.628125000000         4.217885738604695E-009
   219.841875000000         4.391376725580645E-009
   220.055625000000         4.529013134104213E-009
   220.269375000000         4.631643534182816E-009
   220.483125000000         4.700986304579628E-009
   220.696875000000         4.739479126290602E-009
   220.910625000000         4.750135001271799E-009
   221.124375000000         4.736405529845796E-009
   221.338125000000         4.702042904768627E-009
   221.551875000000         4.650973978974093E-009
   221.765625000000         4.587168832219551E-009
   221.979375000000         4.514499145884964E-009
   222.193125000000         4.436600699758377E-009
   222.406875000000         4.356711577224060E-009
   222.620625000000         4.277523903059350E-009
   222.834375000000         4.201024331750024E-009
   223.048125000000         4.128354973770502E-009
   223.261875000000         4.059694610589286E-009
   223.475625000000         3.994190210978170E-009
   223.689375000000         3.929932211153459E-009
   223.903125000000         3.863995365233375E-009
   224.116875000000         3.792542388434155E-009
   224.330625000000         3.711012431318463E-009
   224.544375000000         3.614353689441322E-009
   224.758125000000         3.497327576194272E-009
   224.971875000000         3.354845165440803E-009
   225.185625000000         3.182332141244184E-009
   225.399375000000         2.976090762866030E-009
   225.613125000000         2.733647946658473E-009
   225.826875000000         2.454058027567849E-009
   226.040625000000         2.138142104225563E-009
   226.254375000000         1.788646105836783E-009
   226.468125000000         1.410307361596312E-009
   226.681875000000         1.009811494862390E-009
   226.895625000000         5.956486006901599E-010
   227.109375000000         1.778544380565810E-010
   227.323125000000        -2.323396896679147E-010
   227.536875000000        -6.229393955136005E-010
   227.750625000000        -9.816777680555028E-010
   227.964375000000        -1.296550513649498E-009
   228.178125000000        -1.556341607813489E-009
   228.391875000000        -1.751152447377946E-009
   228.605625000000        -1.872854160313047E-009
   228.819375000000        -1.915477362420563E-009
   229.033125000000        -1.875499814744451E-009
   229.246875000000        -1.752017671612146E-009
   229.460625000000        -1.546793331320700E-009
   229.674375000000        -1.264173053899454E-009
   229.888125000000        -9.108910751792445E-010
   230.101875000000        -4.957690203603054E-010
   230.315625000000        -2.931923263787064E-011
   230.529375000000         4.766963970966983E-010
   230.743125000000         1.009762188140822E-009
   230.956875000000         1.557093880635614E-009
   231.170625000000         2.106113975623999E-009
   231.384375000000         2.644885958619937E-009
   231.598125000000         3.162476059812845E-009
   231.811875000000         3.649262906365138E-009
   232.025625000000         4.097143666624870E-009
   232.239375000000         4.499668898040794E-009
   232.453125000000         4.852105708114294E-009
   232.666875000000         5.151418383692187E-009
   232.880625000000         5.396192287291227E-009
   233.094375000000         5.586513831765150E-009
   233.308125000000         5.723813222580433E-009
   233.521875000000         5.810682306516436E-009
   233.735625000000         5.850669973755084E-009
   233.949375000000         5.848081900868920E-009
   234.163125000000         5.807763907968754E-009
   234.376875000000         5.734907119180361E-009
   234.590625000000         5.634839106200544E-009
   234.804375000000         5.512843619279152E-009
   235.018125000000         5.373987686549498E-009
   235.231875000000         5.222967368841404E-009
   235.445625000000         5.063985516065568E-009
   235.659375000000         4.900658596138119E-009
   235.873125000000         4.735955883295963E-009
   236.086875000000         4.572182898277697E-009
   236.300625000000         4.411003894848726E-009
   236.514375000000         4.253499945764118E-009
   236.728125000000         4.100266826273591E-009
   236.941875000000         3.951532703044096E-009
   237.155625000000         3.807298469110629E-009
   237.369375000000         3.667479520400147E-009
   237.583125000000         3.532039596706837E-009
   237.796875000000         3.401103072542591E-009
   238.010625000000         3.275037568101491E-009
   238.224375000000         3.154509831877050E-009
   238.438125000000         3.040476905408681E-009
   238.651875000000         2.934153598359499E-009
   238.865625000000         2.836935271735501E-009
   239.079375000000         2.750286976156700E-009
   239.293125000000         2.675606642450217E-009
   239.506875000000         2.614086391611226E-009
   239.720625000000         2.566561951937259E-009
   239.934375000000         2.533387890786661E-009
   240.148125000000         2.514326597568919E-009
   240.361875000000         2.508487508650419E-009
   240.575625000000         2.514298170740592E-009
   240.789375000000         2.529531091623539E-009
   241.003125000000         2.551374096349368E-009
   241.216875000000         2.576562087918132E-009
   241.430625000000         2.601526264745745E-009
   241.644375000000         2.622596244678341E-009
   241.858125000000         2.636217437016095E-009
   242.071875000000         2.639160657593788E-009
   242.285625000000         2.628731509563999E-009
   242.499375000000         2.602953351520347E-009
   242.713125000000         2.560715154318635E-009
   242.926875000000         2.501857690938349E-009
   243.140625000000         2.427222208210236E-009
   243.354375000000         2.338634060312901E-009
   243.568125000000         2.238833360781093E-009
   243.781875000000         2.131363509075761E-009
   243.995625000000         2.020420176131347E-009
   244.209375000000         1.910674015406601E-009
   244.423125000000         1.807082072088697E-009
   244.636875000000         1.714708865244813E-009
   244.850625000000         1.638549024217487E-009
   245.064375000000         1.583365974157089E-009
   245.278125000000         1.553568064138125E-009
   245.491875000000         1.553097235684840E-009
   245.705625000000         1.585357865319170E-009
   245.919375000000         1.653146836187464E-009
   246.133125000000         1.758618192495149E-009
   246.346875000000         1.903254506170504E-009
   246.560625000000         2.087848110997999E-009
   246.774375000000         2.312485937758508E-009
   246.988125000000         2.576540368187120E-009
   247.201875000000         2.878675816051372E-009
   247.415625000000         3.216849901296198E-009
   247.629375000000         3.588334374303860E-009
   247.843125000000         3.989754613537937E-009
   248.056875000000         4.417146644139638E-009
   248.270625000000         4.866036255756789E-009
   248.484375000000         5.331546153985282E-009
   248.698125000000         5.808508597195483E-009
   248.911875000000         6.291630978038901E-009
   249.125625000000         6.775625849045051E-009
   249.339375000000         7.255384796507131E-009
   249.553125000000         7.726130845184504E-009
   249.766875000000         8.183547090136960E-009
   249.980625000000         8.623892002315853E-009
   250.194375000000         9.044079419206643E-009
   250.408125000000         9.441716522272556E-009
   250.621875000000         9.815097059685556E-009
   250.835625000000         1.016315842436211E-008
   251.049375000000         1.048540007064025E-008
   251.263125000000         1.078175433360641E-008
   251.476875000000         1.105246443495136E-008
   251.690625000000         1.129792056927583E-008
   251.904375000000         1.151852465366872E-008
   252.118125000000         1.171456183619392E-008
   252.331875000000         1.188608886661458E-008
   252.545625000000         1.203288496420818E-008
   252.759375000000         1.215443115653391E-008
   252.973125000000         1.224995274845567E-008
   253.186875000000         1.231849347585161E-008
   253.400625000000         1.235905672367435E-008
   253.614375000000         1.237076559703405E-008
   253.828125000000         1.235303983602950E-008
   254.041875000000         1.230579575391184E-008
   254.255625000000         1.222960200834828E-008
   254.469375000000         1.212583667425718E-008
   254.683125000000         1.199675759802987E-008
   254.896875000000         1.184553669186011E-008
   255.110625000000         1.167619845122841E-008
   255.324375000000         1.149349962791285E-008
   255.538125000000         1.130272544315268E-008
   255.751875000000         1.110942225587722E-008
   255.965625000000         1.091910374800818E-008
   256.179375000000         1.073691190766784E-008
   256.393125000000         1.056731049279744E-008
   256.606875000000         1.041379306977864E-008
   256.820625000000         1.027866245357678E-008
   257.034375000000         1.016288074847820E-008
   257.248125000000         1.006602164260058E-008
   257.461875000000         9.986314114602764E-009
   257.675625000000         9.920795867132315E-009
   257.889375000000         9.865535460148383E-009
   258.103125000000         9.815925713276938E-009
   258.316875000000         9.767019001692898E-009
   258.530625000000         9.713871203639016E-009
   258.744375000000         9.651857338759343E-009
   258.958125000000         9.576948246012590E-009
   259.171875000000         9.485917741074993E-009
   259.385625000000         9.376461151862852E-009
   259.599375000000         9.247222499142918E-009
   259.813125000000         9.097734376844680E-009
   260.026875000000         8.928261499066296E-009
   260.240625000000         8.739596807404904E-009
   260.454375000000         8.532807096298740E-009
   260.668125000000         8.308954078926295E-009
   260.881875000000         8.068850311091580E-009
   261.095625000000         7.812843680484490E-009
   261.309375000000         7.540682705994834E-009
   261.523125000000         7.251467346839642E-009
   261.736875000000         6.943726004410876E-009
   261.950625000000         6.615580702234918E-009
   262.164375000000         6.265049787187491E-009
   262.378125000000         5.890419821412078E-009
   262.591875000000         5.490686867172665E-009
   262.805625000000         5.066027415659556E-009
   263.019375000000         4.618233605496999E-009
   263.233125000000         4.151074749581538E-009
   263.446875000000         3.670550377545602E-009
   263.660625000000         3.184953022756601E-009
   263.874375000000         2.704751079099665E-009
   264.088125000000         2.242249847463483E-009
   264.301875000000         1.811047459915021E-009
   264.515625000000         1.425309415072958E-009
   264.729375000000         1.098893204221175E-009
   264.943125000000         8.444111752787709E-010
   265.156875000000         6.722864076261630E-010
   265.370625000000         5.898654607969101E-010
   265.584375000000         6.007107974940774E-010
   265.798125000000         7.040953623429881E-010
   266.011875000000         8.947535322386322E-010
   266.225625000000         1.162956266430792E-009
   266.439375000000         1.494866195845675E-009
   266.653125000000         1.873179963168825E-009
   266.866875000000         2.278013763465743E-009
   267.080625000000         2.687967765144483E-009
   267.294375000000         3.081279121898823E-009
   267.508125000000         3.437037721722624E-009
   267.721875000000         3.736305661060303E-009
   267.935625000000         3.963132232383413E-009
   268.149375000000         4.105367566794271E-009
   268.363125000000         4.155250785566422E-009
   268.576875000000         4.109714993358592E-009
   268.790625000000         3.970434412502186E-009
   269.004375000000         3.743579359816655E-009
   269.218125000000         3.439353714036367E-009
   269.431875000000         3.071307803096192E-009
   269.645625000000         2.655509065681531E-009
   269.859375000000         2.209615184536972E-009
   270.073125000000         1.751902590331105E-009
   270.286875000000         1.300335575583617E-009
   270.500625000000         8.716995363719224E-010
   270.714375000000         4.808832156057764E-010
   270.928125000000         1.403018611099321E-010
   271.141875000000        -1.404645949829783E-010
   271.355625000000        -3.548564064152630E-010
   271.569375000000        -4.993192476913081E-010
   271.783125000000        -5.731176273559626E-010
   271.996875000000        -5.780114939772128E-010
   272.210625000000        -5.178151420449698E-010
   272.424375000000        -3.979133273073758E-010
   272.638125000000        -2.247494452670563E-010
   272.851875000000        -5.326680910054719E-012
   273.065625000000         2.532267969740496E-010
   273.279375000000         5.440396157542654E-010
   273.493125000000         8.607758633523605E-010
   273.706875000000         1.197838637581243E-009
   273.920625000000         1.550485221354290E-009
   274.134375000000         1.914868873201248E-009
   274.348125000000         2.288025360721099E-009
   274.561875000000         2.667797239019214E-009
   274.775625000000         3.052747947638472E-009
   274.989375000000         3.442014417938939E-009
   275.203125000000         3.835167694688958E-009
   275.416875000000         4.232034176634088E-009
   275.630625000000         4.632501504762598E-009
   275.844375000000         5.036307161018453E-009
   276.058125000000         5.442810322329430E-009
   276.271875000000         5.850760105536892E-009
   276.485625000000         6.258050963221522E-009
   276.699375000000         6.661518371481116E-009
   276.913125000000         7.056747230145048E-009
   277.126875000000         7.437963193890131E-009
   277.340625000000         7.797991312994922E-009
   277.554375000000         8.128315062958695E-009
   277.768125000000         8.419271729671966E-009
   277.981875000000         8.660347207143898E-009
   278.195625000000         8.840612892868180E-009
   278.409375000000         8.949268781803424E-009
   278.623125000000         8.976269855335058E-009
   278.836875000000         8.913013069624005E-009
   279.050625000000         8.753039399760530E-009
   279.264375000000         8.492679441639409E-009
   279.478125000000         8.131640373497597E-009
   279.691875000000         7.673436527448378E-009
   279.905625000000         7.125627678730691E-009
   280.119375000000         6.499859071740280E-009
   280.333125000000         5.811651265378360E-009
   280.546875000000         5.079934425137455E-009
   280.760625000000         4.326343658950981E-009
   280.974375000000         3.574331624090357E-009
   281.188125000000         2.848090707003044E-009
   281.401875000000         2.171402020466446E-009
   281.615625000000         1.566441878613784E-009
   281.829375000000         1.052656650262118E-009
   282.043125000000         6.457545489473214E-010
   282.256875000000         3.568938537378634E-010
   282.470625000000         1.921402836712541E-010
   282.684375000000         1.521940691627081E-010
   282.898125000000         2.324420068128529E-010
   283.111875000000         4.233098880759847E-010
   283.325625000000         7.108785815943455E-010
   283.539375000000         1.077747113239866E-009
   283.753125000000         1.504044597268755E-009
   283.966875000000         1.968551731836202E-009
   284.180625000000         2.449824128199236E-009
   284.394375000000         2.927264510921385E-009
   284.608125000000         3.382077598830318E-009
   284.821875000000         3.798039293927115E-009
   285.035625000000         4.162060652309945E-009
   285.249375000000         4.464507635743188E-009
   285.463125000000         4.699304362711119E-009
   285.676875000000         4.863811359157616E-009
   285.890625000000         4.958515887613543E-009
   286.104375000000         4.986586221962161E-009
   286.318125000000         4.953327956296833E-009
   286.531875000000         4.865590939017913E-009
   286.745625000000         4.731191246612438E-009
   286.959375000000         4.558354636180934E-009
   287.173125000000         4.355281524385615E-009
   287.386875000000         4.129760232548794E-009
   287.600625000000         3.888942499523781E-009
   287.814375000000         3.639214212686632E-009
   288.028125000000         3.386172520367206E-009
   288.241875000000         3.134703970092265E-009
   288.455625000000         2.889115094291456E-009
   288.669375000000         2.653313004908798E-009
   288.883125000000         2.430986872029155E-009
   289.096875000000         2.225773900694942E-009
   289.310625000000         2.041386067793013E-009
   289.524375000000         1.881681350153697E-009
   289.738125000000         1.750646546402757E-009
   289.951875000000         1.652333846423829E-009
   290.165625000000         1.590709059600572E-009
   290.379375000000         1.569448442059852E-009
   290.593125000000         1.591693358367153E-009
   290.806875000000         1.659787750691330E-009
   291.020625000000         1.775004723670584E-009
   291.234375000000         1.937311601179808E-009
   291.448125000000         2.145162980767704E-009
   291.661875000000         2.395360110132784E-009
   291.875625000000         2.682983819941095E-009
   292.089375000000         3.001392996313643E-009
   292.303125000000         3.342318256140572E-009
   292.516875000000         3.696020028091707E-009
   292.730625000000         4.051523527980516E-009
   292.944375000000         4.396928526946901E-009
   293.158125000000         4.719748505102394E-009
   293.371875000000         5.007323759748338E-009
   293.585625000000         5.247254026650734E-009
   293.799375000000         5.427853994075542E-009
   294.013125000000         5.538638026837440E-009
   294.226875000000         5.570791623305057E-009
   294.440625000000         5.517638349482772E-009
   294.654375000000         5.375070901849904E-009
   294.868125000000         5.141929365846740E-009
   295.081875000000         4.820303358923071E-009
   295.295625000000         4.415723063619017E-009
   295.509375000000         3.937220312771143E-009
   295.723125000000         3.397236358502427E-009
   295.936875000000         2.811352514823983E-009
   296.150625000000         2.197841152608253E-009
   296.364375000000         1.577045951199750E-009
   296.578125000000         9.705751959481950E-010
   296.791875000000         4.004230733794925E-010
   297.005625000000        -1.120624848873580E-010
   297.219375000000        -5.471737806402553E-010
   297.433125000000        -8.878346674313600E-010
   297.646875000000        -1.120482474914987E-009
   297.860625000000        -1.235776241255632E-009
   298.074375000000        -1.229089083125793E-009
   298.288125000000        -1.100753972767873E-009
   298.501875000000        -8.560195318348379E-010
   298.715625000000        -5.047185401075657E-010
   298.929375000000        -6.070317737491247E-011
   299.143125000000         4.589604876969947E-010
   299.356875000000         1.034964559908449E-009
   299.570625000000         1.646823069919324E-009
   299.784375000000         2.273959721972591E-009
   299.998125000000         2.896748646659086E-009
   300.211875000000         3.497438843949108E-009
   300.425625000000         4.060898183324755E-009
   300.639375000000         4.575131988556213E-009
   300.853125000000         5.031559683995516E-009
   301.066875000000         5.425027179441853E-009
   301.280625000000         5.753592925315441E-009
   301.494375000000         6.018081758085478E-009
   301.708125000000         6.221493293953968E-009
   301.921875000000         6.368291724465101E-009
   302.135625000000         6.463662887916503E-009
   302.349375000000         6.512797995010900E-009
   302.563125000000         6.520250753236261E-009
   302.776875000000         6.489456330883448E-009
   302.990625000000         6.422407507569646E-009
   303.204375000000         6.319544730352221E-009
   303.418125000000         6.179832749934508E-009
   303.631875000000         6.001033520041969E-009
   303.845625000000         5.780121618345188E-009
   304.059375000000         5.513802514677092E-009
   304.273125000000         5.199081609146917E-009
   304.486875000000         4.833824307257290E-009
   304.700625000000         4.417232511857202E-009
   304.914375000000         3.950233615738409E-009
   305.128125000000         3.435695665687815E-009
   305.341875000000         2.878499110017938E-009
   305.555625000000         2.285422829686255E-009
   305.769375000000         1.664903142941601E-009
   305.983125000000         1.026664545684782E-009
   306.196875000000         3.812878463138203E-010
   306.410625000000        -2.602487397634327E-010
   306.624375000000        -8.869931815902763E-010
   306.838125000000        -1.488380388278786E-009
   307.051875000000        -2.054477376288755E-009
   307.265625000000        -2.576102333925648E-009
   307.479375000000        -3.044826559295725E-009
   307.693125000000        -3.452850877627523E-009
   307.906875000000        -3.792807652002030E-009
   308.120625000000        -4.057510650803099E-009
   308.334375000000        -4.239731289184508E-009
   308.548125000000        -4.332017431754557E-009
   308.761875000000        -4.326642528558595E-009
   308.975625000000        -4.215685264131100E-009
   309.189375000000        -3.991300466568188E-009
   309.403125000000        -3.646150700480066E-009
   309.616875000000        -3.174016018677111E-009
   309.830625000000        -2.570508430621176E-009
   310.044375000000        -1.833879277891877E-009
   310.258125000000        -9.658038982330557E-010
   310.471875000000         2.789331899974477E-011
   310.685625000000         1.136671777378502E-009
   310.899375000000         2.344939031380112E-009
   311.113125000000         3.631987488065855E-009
   311.326875000000         4.972244228412909E-009
   311.540625000000         6.335861686293230E-009
   311.754375000000         7.689609331337849E-009
   311.968125000000         8.998033531718129E-009
   312.181875000000         1.022482357273198E-008
   312.395625000000         1.133431092733281E-008
   312.609375000000         1.229298532498851E-008
   312.823125000000         1.307095565316990E-008
   313.036875000000         1.364324183309372E-008
   313.250625000000         1.399083971468301E-008
   313.464375000000         1.410149192336259E-008
   313.678125000000         1.397011513700256E-008
   313.891875000000         1.359888449037852E-008
   314.105625000000         1.299697189074741E-008
   314.319375000000         1.217998904716077E-008
   314.533125000000         1.116914691332781E-008
   314.746875000000         9.990256137931238E-009
   314.960625000000         8.672568193186792E-009
   315.174375000000         7.247592947128214E-009
   315.388125000000         5.747918175659368E-009
   315.601875000000         4.206119809610976E-009
   315.815625000000         2.653809282187760E-009
   316.029375000000         1.120838196015742E-009
   316.243125000000        -3.653021490894299E-010
   316.456875000000        -1.779880277945752E-009
   316.670625000000        -3.101167621972421E-009
   316.884375000000        -4.310491594512508E-009
   317.098125000000        -5.392191384956205E-009
   317.311875000000        -6.333488129983490E-009
   317.525625000000        -7.124292535182270E-009
   317.739375000000        -7.757033393956046E-009
   317.953125000000        -8.226493543655251E-009
   318.166875000000        -8.529696864748218E-009
   318.380625000000        -8.665853747013969E-009
   318.594375000000        -8.636343635555703E-009
   318.808125000000        -8.444755495515148E-009
   319.021875000000        -8.096911720682377E-009
   319.235625000000        -7.600896015875655E-009
   319.449375000000        -6.967032119567153E-009
   319.663125000000        -6.207798304529341E-009
   319.876875000000        -5.337638785313744E-009
   320.090625000000        -4.372716796612661E-009
   320.304375000000        -3.330561222185733E-009
   320.518125000000        -2.229647635921292E-009
   320.731875000000        -1.088943483194338E-009
   320.945625000000         7.255591396180800E-011
   321.159375000000         1.236265904896521E-009
   321.373125000000         2.384408575860326E-009
   321.586875000000         3.500322549920858E-009
   321.800625000000         4.568672931018201E-009
   322.014375000000         5.575573215977409E-009
   322.228125000000         6.508618474030570E-009
   322.441875000000         7.356838322721060E-009
   322.655625000000         8.110605465734087E-009
   322.869375000000         8.761521489873169E-009
   323.083125000000         9.302312324681552E-009
   323.296875000000         9.726756457461465E-009
   323.510625000000         1.002966441533547E-008
   323.724375000000         1.020693607794492E-008
   323.938125000000         1.025566942770929E-008
   324.151875000000         1.017434453862097E-008
   324.365625000000         9.963056212709482E-009
   324.579375000000         9.623774472562938E-009
   324.793125000000         9.160597284383617E-009
   325.006875000000         8.579982750230524E-009
   325.220625000000         7.890929103036603E-009
   325.434375000000         7.105055923084848E-009
   325.648125000000         6.236583100362041E-009
   325.861875000000         5.302195579361504E-009
   326.075625000000         4.320756230883008E-009
   326.289375000000         3.312896619738516E-009
   326.503125000000         2.300487684437663E-009
   326.716875000000         1.305992852785912E-009
   326.930625000000         3.517581852491196E-010
   327.144375000000        -5.407465285514609E-010
   327.358125000000        -1.351688521133824E-009
   327.571875000000        -2.063587186582495E-009
   327.785625000000        -2.661969313323812E-009
   327.999375000000        -3.135883947124983E-009
   328.213125000000        -3.478298453930628E-009
   328.426875000000        -3.686321240291144E-009
   328.640625000000        -3.761241773197291E-009
   328.854375000000        -3.708412396900869E-009
   329.068125000000        -3.536959796778097E-009
   329.281875000000        -3.259342655116534E-009
   329.495625000000        -2.890794200439392E-009
   329.709375000000        -2.448670181066414E-009
   329.923125000000        -1.951726825387882E-009
   330.136875000000        -1.419373251216019E-009
   330.350625000000        -8.709123501567827E-010
   330.564375000000        -3.248196306085186E-010
   330.778125000000         2.019305380262907E-010
   330.991875000000         6.944734513245129E-010
   331.205625000000         1.140541439803592E-009
   331.419375000000         1.530848022038755E-009
   331.633125000000         1.859340300887496E-009
   331.846875000000         2.123281016881881E-009
   332.060625000000         2.323208980182424E-009
   332.274375000000         2.462709918088359E-009
   332.488125000000         2.548050973576710E-009
   332.701875000000         2.587683185622496E-009
   332.915625000000         2.591607768393191E-009
   333.129375000000         2.570681811092846E-009
   333.343125000000         2.535865358990337E-009
   333.556875000000         2.497467979873835E-009
   333.770625000000         2.464450818758196E-009
   333.984375000000         2.443808830673443E-009
   334.198125000000         2.440095667715339E-009
   334.411875000000         2.455114472016481E-009
   334.625625000000         2.487810830199323E-009
   334.839375000000         2.534351241608630E-009
   335.053125000000         2.588430527283180E-009
   335.266875000000         2.641754249104127E-009
   335.480625000000         2.684685336482065E-009
   335.694375000000         2.707015974214598E-009
   335.908125000000         2.698807949425377E-009
   336.121875000000         2.651243460089240E-009
   336.335625000000         2.557459526797087E-009
   336.549375000000         2.413268148456623E-009
   336.763125000000         2.217716724572118E-009
   336.976875000000         1.973495182428215E-009
   337.190625000000         1.687069190868069E-009
   337.404375000000         1.368593371856202E-009
   337.618125000000         1.031560799338389E-009
   337.831875000000         6.921942104304959E-010
   338.045625000000         3.686305400091625E-010
   338.259375000000         7.990559186117751E-011
   338.473125000000        -1.551628642980188E-010
   338.686875000000        -3.191784676302990E-010
   338.900625000000        -3.973378480997896E-010
   339.114375000000        -3.785090809887106E-010
   339.328125000000        -2.561530250729401E-010
   339.541875000000        -2.899790184735501E-011
   339.755625000000         2.985726238098060E-010
   339.969375000000         7.164742657303546E-010
   340.183125000000         1.209197407744510E-009
