  -1.60312500000000         4.458403264805635E-024
  -1.38937500000000         4.292699116644825E-023
  -1.17562500000000         2.429929820911132E-022
 -0.961875000000000         9.893372880413126E-022
 -0.748125000000000         3.052396357660727E-021
 -0.534375000000000         6.609391880880807E-021
 -0.320625000000000         5.091317651904848E-021
 -0.106875000000000        -3.591369365644922E-020
  0.106875000000000        -2.312936240150969E-019
  0.320625000000000        -8.786650102370666E-019
  0.534375000000000        -2.622489927672115E-018
  0.748125000000000        -6.673124663427801E-018
  0.961875000000000        -1.505648645971269E-017
   1.17562500000000        -3.086184024245468E-017
   1.38937500000000        -5.845003798734078E-017
   1.60312500000000        -1.035852186242933E-016
   1.81687500000000        -1.734727296661924E-016
   2.03062500000000        -2.766736198865791E-016
   2.24437500000000        -4.228778111846127E-016
   2.45812500000000        -6.225416128692917E-016
   2.67187500000000        -8.863868047825993E-016
   2.88562500000000        -1.224840000234406E-015
   3.09937500000000        -1.647390596223239E-015
   3.31312500000000        -2.161980606470206E-015
   3.52687500000000        -2.774503967089546E-015
   3.74062500000000        -3.488427130947242E-015
   3.95437500000000        -4.304669610616807E-015
   4.16812500000000        -5.221732201905483E-015
   4.38187500000000        -6.236117378419787E-015
   4.59562500000000        -7.342970241871648E-015
   4.80937500000000        -8.536918123523731E-015
   5.02312500000000        -9.813021584785562E-015
   5.23687500000000        -1.116765196308445E-014
   5.45062500000000        -1.259921627430096E-014
   5.66437500000000        -1.410852362757822E-014
   5.87812500000000        -1.569878522924043E-014
   6.09187500000000        -1.737516181312983E-014
   6.30562500000000        -1.914376669805907E-014
   6.51937500000000        -2.101038090378864E-014
   6.73312500000000        -2.297892637488814E-014
   6.94687500000000        -2.504989878486031E-014
   7.16062500000000        -2.721903290580319E-014
   7.37437500000000        -2.947645059440693E-014
   7.58812500000000        -3.180646683220129E-014
   7.80187500000000        -3.418806488765036E-014
   8.01562500000000        -3.659619097154121E-014
   8.22937500000000        -3.900366215612441E-014
   8.44312500000000        -4.138347169258702E-014
   8.65687500000000        -4.371115106844435E-014
   8.87062500000000        -4.596688469982766E-014
   9.08437500000000        -4.813706398360365E-014
   9.29812500000000        -5.021492495057317E-014
   9.51187500000000        -5.220019961900958E-014
   9.72562500000000        -5.409782557970330E-014
   9.93937500000000        -5.591589724906643E-014
   10.1531250000000        -5.766318208786786E-014
   10.3668750000000        -5.934659877219033E-014
   10.5806250000000        -6.096912505443504E-014
   10.7943750000000        -6.252861403597377E-014
   11.0081250000000        -6.401759368932189E-014
   11.2218750000000        -6.542424442021990E-014
   11.4356250000000        -6.673445791764465E-014
   11.6493750000000        -6.793453170735801E-014
   11.8631250000000        -6.901409891146706E-014
   12.0768750000000        -6.996875227114933E-014
   12.2906250000000        -7.080187334547282E-014
   12.5043750000000        -7.152522467055973E-014
   12.7181250000000        -7.215818862796738E-014
   12.9318750000000        -7.272568385503303E-014
   13.1456250000000        -7.325500595289945E-014
   13.3593750000000        -7.377216145576043E-014
   13.5731250000000        -7.429822955488347E-014
   13.7868750000000        -7.484639810964162E-014
   14.0006250000000        -7.542018281843562E-014
   14.2143750000000        -7.601313688724337E-014
   14.4281250000000        -7.661017663740120E-014
   14.6418750000000        -7.719027600587961E-014
   14.8556250000000        -7.773013699765854E-014
   15.0693750000000        -7.820824312080430E-014
   15.2831250000000        -7.860865996440384E-014
   15.4968750000000        -7.892400571306423E-014
   15.7106250000000        -7.915706777321079E-014
   15.9243750000000        -7.932092098331944E-014
   16.1381250000000        -7.943758969461457E-014
   16.3518750000000        -7.953544780107555E-014
   16.5656250000000        -7.964593627977093E-014
   16.7793750000000        -7.980008361764789E-014
   16.9931250000000        -8.002539746050616E-014
   17.2068750000000        -8.034364438604841E-014
   17.4206250000000        -8.076975947219918E-014
   17.6343750000000        -8.131197383046442E-014
   17.8481250000000        -8.197299197408150E-014
   18.0618750000000        -8.275195550066750E-014
   18.2756250000000        -8.364670532399902E-014
   18.4893750000000        -8.465593759960142E-014
   18.7031250000000        -8.578077389868875E-014
   18.9168750000000        -8.702549922260267E-014
   19.1306250000000        -8.839745618839409E-014
   19.3443750000000        -8.990595762353274E-014
   19.5581250000000        -9.156056460311702E-014
   19.7718750000000        -9.336905549996848E-014
   19.9856250000000        -9.533538695178105E-014
   20.1993750000000        -9.745802997109471E-014
   20.4131250000000        -9.972895598966407E-014
   20.6268750000000        -1.021334551611911E-013
   20.8406250000000        -1.046507508969372E-013
   21.0543750000000        -1.072554206015511E-013
   21.2681250000000        -1.099193952976324E-013
   21.4818750000000        -1.126142339624230E-013
   21.6956250000000        -1.153134334640054E-013
   21.9093750000000        -1.179945355407849E-013
   22.1231250000000        -1.206407610402729E-013
   22.3368750000000        -1.232419976176694E-013
   22.5506250000000        -1.257951755995850E-013
   22.7643750000000        -1.283039296558220E-013
   22.9781250000000        -1.307776691166465E-013
   23.1918750000000        -1.332302178109156E-013
   23.4056250000000        -1.356781371905772E-013
   23.6193750000000        -1.381390238097662E-013
   23.8331250000000        -1.406299061876368E-013
   24.0468750000000        -1.431658759861946E-013
   24.2606250000000        -1.457591178409179E-013
   24.4743750000000        -1.484184227563374E-013
   24.6881250000000        -1.511491063661454E-013
   24.9018750000000        -1.539532305309682E-013
   25.1156250000000        -1.568300933929906E-013
   25.3293750000000        -1.597766923935174E-013
   25.5431250000000        -1.627880722485966E-013
   25.7568750000000        -1.658574574051783E-013
   25.9706250000000        -1.689759362452747E-013
   26.1843750000000        -1.721318522071774E-013
   26.3981250000000        -1.753100464344117E-013
   26.6118750000000        -1.784910662557216E-013
   26.8256250000000        -1.816506091989783E-013
   27.0393750000000        -1.847595152631593E-013
   27.2531250000000        -1.877845374020651E-013
   27.4668750000000        -1.906899123458651E-013
   27.6806250000000        -1.934397730657716E-013
   27.8943750000000        -1.960012867784097E-013
   28.1081250000000        -1.983480582613597E-013
   28.3218750000000        -2.004633855106228E-013
   28.5356250000000        -2.023429014833817E-013
   28.7493750000000        -2.039961762087759E-013
   28.9631250000000        -2.054469155232605E-013
   29.1768750000000        -2.067315691006720E-013
   29.3906250000000        -2.078964934908263E-013
   29.6043750000000        -2.089939140577532E-013
   29.8181250000000        -2.100772222918406E-013
   30.0318750000000        -2.111961971669091E-013
   30.2456250000000        -2.123927440253207E-013
   30.4593750000000        -2.136977452448101E-013
   30.6731250000000        -2.151293699134667E-013
   30.8868750000000        -2.166930002202208E-013
   31.1006250000000        -2.183826981244999E-013
   31.3143750000000        -2.201838522543700E-013
   31.5281250000000        -2.220765604781458E-013
   31.7418750000000        -2.240391462776794E-013
   31.9556250000000        -2.260512670692963E-013
   32.1693750000000        -2.280962222638964E-013
   32.3831250000000        -2.301622088722300E-013
   32.5968750000000        -2.322424578294090E-013
   32.8106250000000        -2.343344723291562E-013
   33.0243750000000        -2.364386956876884E-013
   33.2381250000000        -2.385570041933887E-013
   33.4518750000000        -2.406914499522657E-013
   33.6656250000000        -2.428435493325017E-013
   33.8793750000000        -2.450143264026577E-013
   34.0931250000000        -2.472050540370471E-013
   34.3068750000000        -2.494185272926450E-013
   34.5206250000000        -2.516605671251196E-013
   34.7343750000000        -2.539413680322637E-013
   34.9481250000000        -2.562763210282997E-013
   35.1618750000000        -2.586860338061411E-013
   35.3756250000000        -2.611954613551906E-013
   35.5893750000000        -2.638321202471754E-013
   35.8031250000000        -2.666236029404896E-013
   36.0168750000000        -2.695948087545902E-013
   36.2306250000000        -2.727651699025646E-013
   36.4443750000000        -2.761463717615499E-013
   36.6581250000000        -2.797408872061422E-013
   36.8718750000000        -2.835415308995812E-013
   37.0856250000000        -2.875321335187040E-013
   37.2993750000000        -2.916892379428074E-013
   37.5131250000000        -2.959845759586666E-013
   37.7268750000000        -3.003879928700826E-013
   37.9406250000000        -3.048704772368270E-013
   38.1543750000000        -3.094068388913415E-013
   38.3681250000000        -3.139777468680088E-013
   38.5818750000000        -3.185708772531649E-013
   38.7956250000000        -3.231810959712667E-013
   39.0093750000000        -3.278096479590157E-013
   39.2231250000000        -3.324625004184969E-013
   39.4368750000000        -3.371480663797101E-013
   39.6506250000000        -3.418746341952658E-013
   39.8643750000000        -3.466479171066487E-013
   40.0781250000000        -3.514689075119526E-013
   40.2918750000000        -3.563324136050446E-013
   40.5056250000000        -3.612265207522535E-013
   40.7193750000000        -3.661330080889428E-013
   40.9331250000000        -3.710287422094043E-013
   41.1468750000000        -3.758878988381192E-013
   41.3606250000000        -3.806847337935735E-013
   41.5743750000000        -3.853965891846619E-013
   41.7881250000000        -3.900066967434268E-013
   42.0018750000000        -3.945064185883999E-013
   42.2156250000000        -3.988966102793219E-013
   42.4293750000000        -4.031878110747754E-013
   42.6431250000000        -4.073992538663350E-013
   42.8568750000000        -4.115567564731460E-013
   43.0706250000000        -4.156897298377765E-013
   43.2843750000000        -4.198277049506432E-013
   43.4981250000000        -4.239968243253511E-013
   43.7118750000000        -4.282167806523966E-013
   43.9256250000000        -4.324986238619137E-013
   44.1393750000000        -4.368436957271727E-013
   44.3531250000000        -4.412438633032268E-013
   44.5668750000000        -4.456829646536211E-013
   44.7806250000000        -4.501391432403880E-013
   44.9943750000000        -4.545877903001966E-013
   45.2081250000000        -4.590046112539320E-013
   45.4218750000000        -4.633683175475759E-013
   45.6356250000000        -4.676626061965178E-013
   45.8493750000000        -4.718772071063085E-013
   46.0631250000000        -4.760079516380149E-013
   46.2768750000000        -4.800560291369257E-013
   46.4906250000000        -4.840266760874176E-013
   46.7043750000000        -4.879276680039212E-013
   46.9181250000000        -4.917680581237650E-013
   47.1318750000000        -4.955574255033097E-013
   47.3456250000000        -4.993058306519401E-013
   47.5593750000000        -5.030244968227136E-013
   47.7731250000000        -5.067270366088510E-013
   47.9868750000000        -5.104309029979847E-013
   48.2006250000000        -5.141586698555119E-013
   48.4143750000000        -5.179387372706615E-013
   48.6281250000000        -5.218051257333130E-013
   48.8418750000000        -5.257961644586550E-013
   49.0556250000000        -5.299520573240646E-013
   49.2693750000000        -5.343116143251257E-013
   49.4831250000000        -5.389085349663397E-013
   49.6968750000000        -5.437677312959593E-013
   49.9106250000000        -5.489023191020659E-013
   50.1243750000000        -5.543117550257080E-013
   50.3381250000000        -5.599814904941042E-013
   50.5518750000000        -5.658842641204900E-013
   50.7656250000000        -5.719829203998296E-013
   50.9793750000000        -5.782344640491125E-013
   51.1931250000000        -5.845947506457711E-013
   51.4068750000000        -5.910231879345249E-013
   51.6206250000000        -5.974867999956510E-013
   51.8343750000000        -6.039630797378223E-013
   52.0481250000000        -6.104413054195573E-013
   52.2618750000000        -6.169221664301790E-013
   52.4756250000000        -6.234158627011719E-013
   52.6893750000000        -6.299390537505391E-013
   52.9031250000000        -6.365112117103518E-013
   53.1168750000000        -6.431510623767030E-013
   53.3306250000000        -6.498736913897057E-013
   53.5443750000000        -6.566887392216686E-013
   53.7581250000000        -6.636000179907965E-013
   53.9718750000000        -6.706065100095616E-013
   54.1856250000000        -6.777044028153965E-013
   54.3993750000000        -6.848897278962991E-013
   54.6131250000000        -6.921609695150067E-013
   54.8268750000000        -6.995209650040153E-013
   55.0406250000000        -7.069776137126772E-013
   55.2543750000000        -7.145430657295788E-013
   55.4681250000000        -7.222313083423078E-013
   55.6818750000000        -7.300545096941512E-013
   55.8956250000000        -7.380186461774532E-013
   56.1093750000000        -7.461191906530340E-013
   56.3231250000000        -7.543377433239882E-013
   56.5368750000000        -7.626403241522763E-013
   56.7506250000000        -7.709779685193915E-013
   56.9643750000000        -7.792898999112683E-013
   57.1781250000000        -7.875090663099883E-013
   57.3918750000000        -7.955695376746708E-013
   57.6056250000000        -8.034149244519218E-013
   57.8193750000000        -8.110065873201232E-013
   58.0331250000000        -8.183304653640297E-013
   58.2468750000000        -8.254014486282927E-013
   58.4606250000000        -8.322643246352526E-013
   58.6743750000000        -8.389908613762163E-013
   58.8881250000000        -8.456730851437640E-013
   59.1018750000000        -8.524132688610838E-013
   59.3156250000000        -8.593116501377405E-013
   59.5293750000000        -8.664531434461658E-013
   59.7431250000000        -8.738947458564889E-013
   59.9568750000000        -8.816553361118623E-013
   60.1706250000000        -8.897091769161484E-013
   60.3843750000000        -8.979844138549590E-013
   60.5981250000000        -9.063672121764301E-013
   60.8118750000000        -9.147117657428780E-013
   61.0256250000000        -9.228555669828448E-013
   61.2393750000000        -9.306388200916677E-013
   61.4531250000000        -9.379264178668179E-013
   61.6668750000000        -9.446300644216024E-013
   61.8806250000000        -9.507281528616350E-013
   62.0943750000000        -9.562806740285764E-013
   62.3081250000000        -9.614365533683504E-013
   62.5218750000000        -9.664313653746678E-013
   62.7356250000000        -9.715739688085969E-013
   62.9493750000000        -9.772217158029931E-013
   63.1631250000000        -9.837451898814649E-013
   63.3768750000000        -9.914848319949958E-013
   63.5906250000000        -1.000703303034541E-012
   63.8043750000000        -1.011538754736389E-012
   64.0181250000000        -1.023965026224468E-012
   64.2318750000000        -1.037765111814374E-012
   64.4456250000000        -1.052523792092143E-012
   64.6593750000000        -1.067643961598334E-012
   64.8731250000000        -1.082389013601896E-012
   65.0868750000000        -1.095950575060863E-012
   65.3006250000000        -1.107537504319713E-012
   65.5143750000000        -1.116478542153266E-012
   65.7281250000000        -1.122327773858900E-012
   65.9418750000000        -1.124959857963232E-012
   66.1556250000000        -1.124640947486800E-012
   66.3693750000000        -1.122062135414491E-012
   66.5831250000000        -1.118325042680520E-012
   66.7968750000000        -1.114873477739164E-012
   67.0106250000000        -1.113371304896750E-012
   67.2243750000000        -1.115533669486771E-012
   67.4381250000000        -1.122925588526656E-012
   67.6518750000000        -1.136748295146454E-012
   67.8656250000000        -1.157638219708445E-012
   68.0793750000000        -1.185505322152963E-012
   68.2931250000000        -1.219436254054922E-012
   68.5068750000000        -1.257683047883822E-012
   68.7206250000000        -1.297750151050043E-012
   68.9343750000000        -1.336582127858012E-012
   69.1481250000000        -1.370842256169158E-012
   69.3618750000000        -1.397260029254127E-012
   69.5756250000000        -1.413014665862995E-012
   69.7893750000000        -1.416113695439024E-012
   70.0031250000000        -1.405721790724485E-012
   70.2168750000000        -1.382396223154124E-012
   70.4306250000000        -1.348191814516393E-012
   70.6443750000000        -1.306609803825117E-012
   70.8581250000000        -1.262380814339433E-012
   71.0718750000000        -1.221090294557909E-012
   71.2856250000000        -1.188673492518047E-012
   71.4993750000000        -1.170824060162566E-012
   71.7131250000000        -1.172373521154571E-012
   71.9268750000000        -1.196706316516446E-012
   72.1406250000000        -1.245275577180442E-012
   72.3543750000000        -1.317277888255596E-012
   72.5681250000000        -1.409531386365543E-012
   72.7818750000000        -1.516581930057579E-012
   72.9956250000000        -1.631038989881286E-012
   73.2093750000000        -1.744118778488319E-012
   73.4231250000000        -1.846349931920947E-012
   73.6368750000000        -1.928379445732779E-012
   73.8506250000000        -1.981805704961964E-012
   74.0643750000000        -1.999962604907848E-012
   74.2781250000000        -1.978584414009658E-012
   74.4918750000000        -1.916294170557409E-012
   74.7056250000000        -1.814877159342526E-012
   74.9193750000000        -1.679322906640247E-012
   75.1331250000000        -1.517640917784581E-012
   75.3468750000000        -1.340473929199265E-012
   75.5606250000000        -1.160545544438935E-012
   75.7743750000000        -9.919849952022226E-013
   75.9881250000000        -8.495701569812820E-013
   76.2018750000000        -7.479222163527822E-013
   76.4156250000000        -7.006738528000347E-013
   76.6293750000000        -7.196209438373944E-013
   76.8431250000000        -8.138594450887716E-013
   77.0568750000000        -9.889079400616692E-013
   77.2706250000000        -1.245824965740195E-012
   77.4843750000000        -1.580349238511577E-012
   77.6981250000000        -1.982119567317676E-012
   77.9118750000000        -2.434065282216567E-012
   78.1256250000000        -2.912091865778173E-012
   78.3393750000000        -3.385212761834628E-012
   78.5531250000000        -3.816288381298321E-012
   78.7668750000000        -4.163519876225628E-012
   78.9806250000000        -4.382802681760761E-012
   79.1943750000000        -4.430970379556795E-012
   79.4081250000000        -4.269855443668550E-012
   79.6218750000000        -3.870966907624661E-012
   79.8356250000000        -3.220448117901957E-012
   80.0493750000000        -2.323847013667623E-012
   80.2631250000000        -1.210126098105402E-012
   80.4768750000000         6.571996623854441E-014
   80.6906250000000         1.422066460764229E-012
   80.9043750000000         2.752625146125737E-012
   81.1181250000000         3.931353053072333E-012
   81.3318750000000         4.820433304490821E-012
   81.5456250000000         5.281142545997236E-012
   81.7593750000000         5.187061731995546E-012
   81.9731250000000         4.438720806189021E-012
   82.1868750000000         2.978434859457357E-012
   82.4006250000000         8.038333404757421E-013
   82.6143750000000        -2.021552292570396E-012
   82.8281250000000        -5.362258120818143E-012
   83.0418750000000        -9.010833251621739E-012
   83.2556250000000        -1.269479856475103E-011
   83.4693750000000        -1.609110339663328E-011
   83.6831250000000        -1.884787573729349E-011
   83.8968750000000        -2.061248980275500E-011
   84.1106250000000        -2.106419067101627E-011
   84.3243750000000        -1.994880057807901E-011
   84.5381250000000        -1.711246846642341E-011
   84.7518750000000        -1.253109191321496E-011
   84.9656250000000        -6.332001508940982E-012
   85.1793750000000         1.195208677136483E-012
   85.3931250000000         9.601184379852239E-012
   85.6068750000000         1.829417320083587E-011
   85.8206250000000         2.657255687635245E-011
   86.0343750000000         3.367148375023368E-011
   86.2481250000000         3.882109960080782E-011
   86.4618750000000         4.131252544661591E-011
   86.6756250000000         4.056660115561264E-011
   86.8893750000000         3.619963108755524E-011
   87.1031250000000         2.808003725114287E-011
   87.3168750000000         1.637001676048092E-011
   87.5306250000000         1.547039261257320E-012
   87.7443750000000        -1.559871707260407E-011
   87.9581250000000        -3.399317966127388E-011
   88.1718750000000        -5.233359251338578E-011
   88.3856250000000        -6.916805734941850E-011
   88.5993750000000        -8.299513546581071E-011
   88.8131250000000        -9.237724101873608E-011
   89.0268750000000        -9.605994155611139E-011
   89.2406250000000        -9.308820975538451E-011
   89.4543750000000        -8.291025915729456E-011
   89.6681250000000        -6.545991155961355E-011
   89.8818750000000        -4.120949146100652E-011
   90.0956250000000        -1.118696991875186E-011
   90.3093750000000         2.304662406529387E-011
   90.5231250000000         5.946080033283510E-011
   90.7368750000000         9.565856439888556E-011
   90.9506250000000         1.290141568527050E-010
   91.1643750000000         1.568382760613972E-010
   91.3781250000000         1.765611690064026E-010
   91.5918750000000         1.859222333446467E-010
   91.8056250000000         1.831537320147494E-010
   92.0193750000000         1.671459571043225E-010
   92.2331250000000         1.375817164318122E-010
   92.4468750000000         9.502932804754141E-011
   92.6606250000000         4.098532173851126E-011
   92.8743750000000        -2.213934830719374E-011
   93.0881250000000        -9.109271755446243E-011
   93.3018750000000        -1.619146372567712E-010
   93.5156250000000        -2.301253169962897E-010
   93.7293750000000        -2.909624457693531E-010
   93.9431250000000        -3.396565141897752E-010
   94.1568750000000        -3.717310772043672E-010
   94.3706250000000        -3.833123141911830E-010
   94.5843750000000        -3.714304939930732E-010
   94.7981250000000        -3.342949548078010E-010
   95.0118750000000        -2.715240679144961E-010
   95.2256250000000        -1.843124553848317E-010
   95.4393750000000        -7.551953618339368E-011
   95.6531250000000         5.033368926789515E-011
   95.8668750000000         1.871688529712186E-010
   96.0806250000000         3.275598653542614E-010
   96.2943750000000         4.630468038576496E-010
   96.5081250000000         5.845466111420466E-010
   96.7218750000000         6.828465795686044E-010
   96.9356250000000         7.491600044666265E-010
   97.1493750000000         7.757171938903761E-010
   97.3631250000000         7.563596725511038E-010
   97.5768750000000         6.871013739911794E-010
   97.7906250000000         5.666183244001825E-010
   98.0043750000000         3.966281782359988E-010
   98.2181250000000         1.821232730382969E-010
   98.4318750000000        -6.857419504283398E-011
   98.6456250000000        -3.439586966973350E-010
   98.8593750000000        -6.297033664352755E-010
   99.0731250000000        -9.092390804130050E-010
   99.2868750000000        -1.164538511933941E-009
   99.5006250000000        -1.377078534583159E-009
   99.7143750000000        -1.528939883733878E-009
   99.9281250000000        -1.603989575129683E-009
   100.141875000000        -1.589080233395496E-009
   100.355625000000        -1.475192192289764E-009
   100.569375000000        -1.258439878534506E-009
   100.783125000000        -9.408642933775626E-010
   100.996875000000        -5.309388302261671E-010
   101.210625000000        -4.372638450604323E-011
   101.424375000000         4.993584424587978E-010
   101.638125000000         1.071207794447490E-009
   101.851875000000         1.640101243389151E-009
   102.065625000000         2.171183598321515E-009
   102.279375000000         2.628287031710521E-009
   102.493125000000         2.976017692657703E-009
   102.706875000000         3.182002448962475E-009
   102.920625000000         3.219171188178712E-009
   103.134375000000         3.067935919997430E-009
   103.348125000000         2.718121233776372E-009
   103.561875000000         2.170502600333763E-009
   103.775625000000         1.437820234074061E-009
   103.989375000000         5.451568774741034E-010
   104.203125000000        -4.704025372016295E-010
   104.416875000000        -1.560873949332371E-009
   104.630625000000        -2.669240960311545E-009
   104.844375000000        -3.732038868412311E-009
   105.058125000000        -4.682560784145038E-009
   105.271875000000        -5.454543813259036E-009
   105.485625000000        -5.986151438542377E-009
   105.699375000000        -6.224034473729992E-009
   105.913125000000        -6.127230138588277E-009
   106.126875000000        -5.670649266114299E-009
   106.340625000000        -4.847907071454074E-009
   106.554375000000        -3.673274105510138E-009
   106.768125000000        -2.182560826556044E-009
   106.981875000000        -4.328004509634801E-010
   107.195625000000         1.499341851779805E-009
   107.409375000000         3.520432978865928E-009
   107.623125000000         5.524331359791512E-009
   107.836875000000         7.397286432683400E-009
   108.050625000000         9.023849623704307E-009
   108.264375000000         1.029330477463408E-008
   108.478125000000         1.110627653277313E-008
   108.691875000000         1.138114382080122E-008
   108.905625000000         1.105987508132743E-008
   109.119375000000         1.011291425181675E-008
   109.333125000000         8.542781679149315E-009
   109.546875000000         6.386111255811194E-009
   109.760625000000         3.713921320155181E-009
   109.974375000000         6.300083514635972E-010
   110.188125000000        -2.732545850581878E-009
   110.401875000000        -6.216656824576903E-009
   110.615625000000        -9.648109196771454E-009
   110.829375000000        -1.284372086030895E-008
   111.043125000000        -1.562042098165441E-008
   111.256875000000        -1.780480026374224E-008
   111.470625000000        -1.924265176275831E-008
   111.684375000000        -1.980800573315059E-008
   111.898125000000        -1.941117341200485E-008
   112.111875000000        -1.800535174119033E-008
   112.325625000000        -1.559140168440734E-008
   112.539375000000        -1.222049366087348E-008
   112.753125000000        -7.994410305369238E-009
   112.966875000000        -3.063404205215021E-009
   113.180625000000         2.378378948645268E-009
   113.394375000000         8.099788620429905E-009
   113.608125000000         1.384163829616484E-008
   113.821875000000         1.932742612859082E-008
   114.035625000000         2.427539383023966E-008
   114.249375000000         2.841144179525764E-008
   114.463125000000         3.148236818871330E-008
   114.676875000000         3.326886900669132E-008
   114.890625000000         3.359772548818774E-008
   115.104375000000         3.235261485828321E-008
   115.318125000000         2.948300996327507E-008
   115.531875000000         2.501068246301275E-008
   115.745625000000         1.903339226585505E-008
   115.959375000000         1.172543207433357E-008
   116.173125000000         3.334799285778028E-009
   116.386875000000        -5.823113265468153E-009
   116.600625000000        -1.537528300937720E-008
   116.814375000000        -2.490411050975973E-008
   117.028125000000        -3.396343797546368E-008
   117.241875000000        -4.209705673619240E-008
   117.455625000000        -4.885907497408091E-008
   117.669375000000        -5.383537528812475E-008
   117.883125000000        -5.666526845666542E-008
   118.096875000000        -5.706235387062998E-008
   118.310625000000        -5.483353747792601E-008
   118.524375000000        -4.989514313049013E-008
   118.738125000000        -4.228509013312589E-008
   118.951875000000        -3.217020370946211E-008
   119.165625000000        -1.984787841566081E-008
   119.379375000000        -5.741526237965366E-009
   119.593125000000         9.610493665440771E-009
   119.806875000000         2.557245683208053E-008
   120.020625000000         4.143501885531892E-008
   120.234375000000         5.644441977064796E-008
   120.448125000000         6.983609119759880E-008
   120.661875000000         8.087128412671202E-008
   120.875625000000         8.887505740678082E-008
   121.089375000000         9.327375836814306E-008
   121.303125000000         9.363000645369077E-008
   121.516875000000         8.967317318225680E-008
   121.730625000000         8.132344696043105E-008
   121.944375000000         6.870778256938545E-008
   122.158125000000         5.216635888104673E-008
   122.371875000000         3.224859342669692E-008
   122.585625000000         9.698270598886773E-009
   122.799375000000        -1.457209320084973E-008
   123.013125000000        -3.951692922538041E-008
   123.226875000000        -6.400203288296879E-008
   123.440625000000        -8.685585982085183E-008
   123.654375000000        -1.069253702125226E-007
   123.868125000000        -1.231337228101406E-007
   124.081875000000        -1.345368872517483E-007
   124.295625000000        -1.403761640281154E-007
   124.509375000000        -1.401236879246848E-007
   124.723125000000        -1.335182446132999E-007
   124.936875000000        -1.205891432942299E-007
   125.150625000000        -1.016664429218677E-007
   125.364375000000        -7.737649854971702E-008
   125.578125000000        -4.862254299011165E-008
   125.791875000000        -1.655080684574585E-008
   126.005625000000         1.749653682848398E-008
   126.219375000000         5.203958309936674E-008
   126.433125000000         8.552739905271983E-008
   126.646875000000         1.164100476706556E-007
   126.860625000000         1.432124086090032E-007
   127.074375000000         1.646061072172507E-007
   127.288125000000         1.794758938452137E-007
   127.501875000000         1.869770434094564E-007
   127.715625000000         1.865807599645969E-007
   127.929375000000         1.781051514594929E-007
   128.143125000000         1.617300551704920E-007
   128.356875000000         1.379948058774833E-007
   128.570625000000         1.077789024882912E-007
   128.784375000000         7.226639733292224E-008
   128.998125000000         3.289565831571398E-008
   129.211875000000        -8.703107364383234E-009
   129.425625000000        -5.077956789909953E-008
   129.639375000000        -9.154076817410048E-008
   129.853125000000        -1.292306968082721E-007
   130.066875000000        -1.622081242393785E-007
   130.280625000000        -1.890190401548226E-007
   130.494375000000        -2.084603288023175E-007
   130.708125000000        -2.196317983072340E-007
   130.921875000000        -2.219742961612418E-007
   131.135625000000        -2.152923614504466E-007
   131.349375000000        -1.997606441620233E-007
   131.563125000000        -1.759141196401785E-007
   131.776875000000        -1.446228987510554E-007
   131.990625000000        -1.070531411040137E-007
   132.204375000000        -6.461618437275593E-008
   132.418125000000        -1.890847899092262E-008
   132.631875000000         2.835475562640764E-008
   132.845625000000         7.540907017409455E-008
   133.059375000000         1.205104304203954E-007
   133.273125000000         1.620020246128221E-007
   133.486875000000         1.983755713963830E-007
   133.700625000000         2.283248595815229E-007
   133.914375000000         2.507897273405529E-007
   134.128125000000         2.649892158689859E-007
   134.341875000000         2.704431787124410E-007
   134.555625000000         2.669821617345072E-007
   134.769375000000         2.547458623616063E-007
   134.983125000000         2.341709075566034E-007
   135.196875000000         2.059690413796937E-007
   135.410625000000         1.710970752551370E-007
   135.624375000000         1.307201243743526E-007
   135.838125000000         8.616973574306720E-008
   136.051875000000         3.889851654857408E-008
   136.265625000000        -9.567190567056328E-009
   136.479375000000        -5.767514966965112E-008
   136.693125000000        -1.038942977292482E-007
   136.906875000000        -1.467598980933687E-007
   137.120625000000        -1.849158006473626E-007
   137.334375000000        -2.171529721743441E-007
   137.548125000000        -2.424435849923967E-007
   137.761875000000        -2.599700540013203E-007
   137.975625000000        -2.691484932644006E-007
   138.189375000000        -2.696461285348356E-007
   138.403125000000        -2.613922600643879E-007
   138.616875000000        -2.445824307687479E-007
   138.830625000000        -2.196755289874374E-007
   139.044375000000        -1.873836523400391E-007
   139.258125000000        -1.486546869780727E-007
   139.471875000000        -1.046477189748251E-007
   139.685625000000        -5.670159172134553E-008
   139.899375000000        -6.297150606641762E-009
   140.113125000000         4.498603481162974E-008
   140.326875000000         9.551742312976350E-008
   140.540625000000         1.436664288340307E-007
   140.754375000000         1.878549994854513E-007
   140.968125000000         2.266101315261933E-007
   141.181875000000         2.586144878182020E-007
   141.395625000000         2.827532270385979E-007
   141.609375000000         2.981551856471877E-007
   141.823125000000         3.042266730320793E-007
   142.036875000000         3.006763499221501E-007
   142.250625000000         2.875299538447696E-007
   142.464375000000         2.651340024117511E-007
   142.678125000000         2.341480297161722E-007
   142.891875000000         1.955253733013703E-007
   143.105625000000         1.504830064205684E-007
   143.319375000000         1.004613786562441E-007
   143.533125000000         4.707566351897895E-008
   143.746875000000        -7.939807954784210E-009
   143.960625000000        -6.279184282334960E-008
   144.174375000000        -1.156911106813892E-007
   144.388125000000        -1.649148817676408E-007
   144.601875000000        -2.088673550803209E-007
   144.815625000000        -2.461352505065070E-007
   145.029375000000        -2.755365373923507E-007
   145.243125000000        -2.961604608755752E-007
   145.456875000000        -3.073973922235767E-007
   145.670625000000        -3.089574526549259E-007
   145.884375000000        -3.008773217052894E-007
   146.098125000000        -2.835151199914109E-007
   146.311875000000        -2.575337309812527E-007
   146.525625000000        -2.238733767369221E-007
   146.739375000000        -1.837146699835943E-007
   146.953125000000        -1.384337132221505E-007
   147.166875000000        -8.955109200253119E-008
   147.380625000000        -3.867680447734407E-008
   147.594375000000         1.254672272870165E-008
   147.808125000000         6.250136335244421E-008
   148.021875000000         1.096476642425869E-007
   148.235625000000         1.525749112554294E-007
   148.449375000000         1.900451608956579E-007
   148.663125000000         2.210297958596190E-007
   148.876875000000         2.447374970300519E-007
   149.090625000000         2.606328927391747E-007
   149.304375000000         2.684455323208427E-007
   149.518125000000         2.681692188328770E-007
   149.731875000000         2.600521093793606E-007
   149.945625000000         2.445783356741977E-007
   150.159375000000         2.224421988780769E-007
   150.373125000000         1.945162399083432E-007
   150.586875000000         1.618146705040257E-007
   150.800625000000         1.254537653675776E-007
   151.014375000000         8.661085888520664E-008
   151.228125000000         4.648356168421549E-008
   151.441875000000         6.250716266310978E-009
   151.655625000000        -3.296354616779092E-008
   151.869375000000        -7.012149444998504E-008
   152.083125000000        -1.042983274955906E-007
   152.296875000000        -1.347029173783822E-007
   152.510625000000        -1.606924258103869E-007
   152.724375000000        -1.817807413858037E-007
   152.938125000000        -1.976409563050494E-007
   153.151875000000        -2.081023443299124E-007
   153.365625000000        -2.131425056145268E-007
   153.579375000000        -2.128755004180490E-007
   153.793125000000        -2.075368969817015E-007
   154.006875000000        -1.974667065803066E-007
   154.220625000000        -1.830911716240845E-007
   154.434375000000        -1.649043144133802E-007
   154.648125000000        -1.434500511995354E-007
   154.861875000000        -1.193055373266884E-007
   155.075625000000        -9.306624487066787E-008
   155.289375000000        -6.533309582712180E-008
   155.503125000000        -3.670179331183115E-008
   155.716875000000        -7.754321784031207E-009
   155.930625000000         2.094756474025495E-008
   156.144375000000         4.886717155919249E-008
   156.358125000000         7.549640389801259E-008
   156.571875000000         1.003584650381391E-007
   156.785625000000         1.230101689724176E-007
   156.999375000000         1.430442971070727E-007
   157.213125000000         1.600923658660918E-007
   157.426875000000         1.738280798377265E-007
   157.640625000000         1.839716306118248E-007
   157.854375000000         1.902948731185273E-007
   158.068125000000         1.926272781346615E-007
   158.281875000000         1.908624307904128E-007
   158.495625000000         1.849647290639019E-007
   158.709375000000         1.749758411812373E-007
   158.923125000000         1.610204130569792E-007
   159.136875000000         1.433104813545121E-007
   159.350625000000         1.221480475780250E-007
   159.564375000000         9.792530508704160E-008
   159.778125000000         7.112208336622698E-008
   159.991875000000         4.230017969338917E-008
   160.205625000000         1.209438312087393E-008
   160.419375000000        -1.879984664058574E-008
   160.633125000000        -4.964190976853961E-008
   160.846875000000        -7.966449081839149E-008
   161.060625000000        -1.080943845963184E-007
   161.274375000000        -1.341750664634123E-007
   161.488125000000        -1.571902083216518E-007
   161.701875000000        -1.764872317296659E-007
   161.915625000000        -1.914999201294272E-007
   162.129375000000        -2.017690897588707E-007
   162.343125000000        -2.069603480500753E-007
   162.556875000000        -2.068780510983748E-007
   162.770625000000        -2.014747070445124E-007
   162.984375000000        -1.908552555969381E-007
   163.198125000000        -1.752758777982144E-007
   163.411875000000        -1.551372437652228E-007
   163.625625000000        -1.309723760889735E-007
   163.839375000000        -1.034295774485867E-007
   164.053125000000        -7.325112625751962E-008
   164.266875000000        -4.124866727377942E-008
   164.480625000000        -8.276399677897176E-009
   164.694375000000         2.479671988588885E-008
   164.908125000000         5.711449696651147E-008
   165.121875000000         8.785950978649316E-008
   165.335625000000         1.162764845326280E-007
   165.549375000000         1.416920854189051E-007
   165.763125000000         1.635304050201561E-007
   165.976875000000         1.813237201866619E-007
   166.190625000000         1.947183838631809E-007
   166.404375000000         2.034760317941439E-007
   166.618125000000         2.074705729329510E-007
   166.831875000000         2.066816817282194E-007
   167.045625000000         2.011857002111428E-007
   167.259375000000         1.911449729610013E-007
   167.473125000000         1.767966690272679E-007
   167.686875000000         1.584420885444569E-007
   167.900625000000         1.364373116881942E-007
   168.114375000000         1.111858340716803E-007
   168.328125000000         8.313356199723872E-008
   168.541875000000         5.276623438381780E-008
   168.755625000000         2.060902026268695E-008
   168.969375000000        -1.277226245002834E-008
   169.183125000000        -4.676912403065454E-008
   169.396875000000        -8.072859232989867E-008
   169.610625000000        -1.139527478162054E-007
   169.824375000000        -1.457007589160291E-007
   170.038125000000        -1.751944915236703E-007
   170.251875000000        -2.016285846694469E-007
   170.465625000000        -2.241856096168327E-007
   170.679375000000        -2.420565772651586E-007
   170.893125000000        -2.544666497316579E-007
   171.106875000000        -2.607054720028143E-007
   171.320625000000        -2.601610971423321E-007
   171.534375000000        -2.523560634344046E-007
   171.748125000000        -2.369838230776744E-007
   171.961875000000        -2.139434462788686E-007
   172.175625000000        -1.833703545208172E-007
   172.389375000000        -1.456607898298893E-007
   172.603125000000        -1.014878142032845E-007
   172.816875000000        -5.180685918553162E-008
   173.030625000000         2.150793192542009E-009
   173.244375000000         5.889773071999182E-008
   173.458125000000         1.167238715490645E-007
   173.671875000000         1.737435269731096E-007
   173.885625000000         2.279551978648288E-007
   174.099375000000         2.773124865628403E-007
   174.313125000000         3.198037752460471E-007
   174.526875000000         3.535376498898675E-007
   174.740625000000         3.768304759350924E-007
   174.954375000000         3.882920963807392E-007
   175.168125000000         3.869053600501870E-007
   175.381875000000         3.720951264232996E-007
   175.595625000000         3.437825549418252E-007
   175.809375000000         3.024208824675541E-007
   176.023125000000         2.490095223735945E-007
   176.236875000000         1.850841694202446E-007
   176.450625000000         1.126816392899297E-007
   176.664375000000         3.427936996113662E-008
   176.878125000000        -4.728918926020152E-008
   177.091875000000        -1.289407404790751E-007
   177.305625000000        -2.074659926984432E-007
   177.519375000000        -2.796661658627738E-007
   177.733125000000        -3.424961044938810E-007
   177.946875000000        -3.932072299441648E-007
   178.160625000000        -4.294831535203009E-007
   178.374375000000        -4.495607388138699E-007
   178.588125000000        -4.523297688351465E-007
   178.801875000000        -4.374051474989408E-007
   179.015625000000        -4.051667261505453E-007
   179.229375000000        -3.567633489728745E-007
   179.443125000000        -2.940794865664410E-007
   179.656875000000        -2.196647834324723E-007
   179.870625000000        -1.366288743117108E-007
   180.084375000000        -4.850580746199740E-008
   180.298125000000         4.090577216983453E-008
   180.511875000000         1.277189977116556E-007
   180.725625000000         2.081428918036867E-007
   180.939375000000         2.786647283440568E-007
   181.153125000000         3.362210237549687E-007
   181.366875000000         3.783479578549313E-007
   181.580625000000         4.033029902864566E-007
   181.794375000000         4.101509036408888E-007
   182.008125000000         3.988093899747006E-007
   182.221875000000         3.700514955361538E-007
   182.435625000000         3.254646192507713E-007
   182.649375000000         2.673681800642545E-007
   182.863125000000         1.986943785050822E-007
   183.076875000000         1.228385363135420E-007
   183.290625000000         4.348717746983284E-008
   183.504375000000        -3.556678885131765E-008
   183.718125000000        -1.106117803200436E-007
   183.931875000000        -1.781980940592092E-007
   184.145625000000        -2.353017837005121E-007
   184.359375000000        -2.794634333987710E-007
   184.573125000000        -3.088949661548760E-007
   184.786875000000        -3.225495613115919E-007
   185.000625000000        -3.201519406489802E-007
   185.214375000000        -3.021885751402254E-007
   185.428125000000        -2.698596222858678E-007
   185.641875000000        -2.249964898347923E-007
   185.855625000000        -1.699507129910680E-007
   186.069375000000        -1.074612284792963E-007
   186.283125000000        -4.050805780655553E-008
   186.496875000000         2.783916662745754E-008
   186.710625000000         9.456949212147913E-008
   186.924375000000         1.568679943703234E-007
   187.138125000000         2.122354405124444E-007
   187.351875000000         2.585848898626348E-007
   187.565625000000         2.943114754324783E-007
   187.779375000000         3.183333705207341E-007
   187.993125000000         3.301037318998431E-007
   188.206875000000         3.295951125221442E-007
   188.420625000000         3.172593506996022E-007
   188.634375000000         2.939671842173528E-007
   188.848125000000         2.609327426973249E-007
   189.061875000000         2.196285997706002E-007
   189.275625000000         1.716972039338940E-007
   189.489375000000         1.188642645262703E-007
   189.703125000000         6.285908198271747E-008
   189.916875000000         5.345934932617861E-009
   190.130625000000        -5.213045731499157E-008
   190.344375000000        -1.081836067426642E-007
   190.558125000000        -1.616075470045636E-007
   190.771875000000        -2.113834576383890E-007
   190.985625000000        -2.566724439369582E-007
   191.199375000000        -2.967972043090586E-007
   191.413125000000        -3.312159746830371E-007
   191.626875000000        -3.594925078534991E-007
   191.840625000000        -3.812659083987536E-007
   192.054375000000        -3.962239062319054E-007
   192.268125000000        -4.040826401927282E-007
   192.481875000000        -4.045752823483772E-007
   192.695625000000        -3.974509243433856E-007
   192.909375000000        -3.824841408475005E-007
   193.123125000000        -3.594946195210783E-007
   193.336875000000        -3.283752800358340E-007
   193.550625000000        -2.891264695020930E-007
   193.764375000000        -2.418931807315335E-007
   193.978125000000        -1.870018407870844E-007
   194.191875000000        -1.249930895899917E-007
   194.405625000000        -5.664712089155808E-008
   194.619375000000         1.700142141245796E-008
   194.833125000000         9.466134194314335E-008
   195.046875000000         1.747970946525630E-007
   195.260625000000         2.556558266242947E-007
   195.474375000000         3.353087881205113E-007
   195.688125000000         4.117056384733476E-007
   195.901875000000         4.827392801826541E-007
   196.115625000000         5.463181171145244E-007
   196.329375000000         6.004421083029264E-007
   196.543125000000         6.432787110413847E-007
   196.756875000000         6.732347910290262E-007
   196.970625000000         6.890208186344273E-007
   197.184375000000         6.897041450321265E-007
   197.398125000000         6.747488194364769E-007
   197.611875000000         6.440402151959007E-007
   197.825625000000         5.978936159894242E-007
   198.039375000000         5.370468084832067E-007
   198.253125000000         4.626375714239389E-007
   198.466875000000         3.761676872948575E-007
   198.680625000000         2.794556867256733E-007
   198.894375000000         1.745809376512999E-007
   199.108125000000         6.382189672506613E-008
   199.321875000000        -5.040864793606207E-008
   199.535625000000        -1.656286784208596E-007
   199.749375000000        -2.793500398118973E-007
   199.963125000000        -3.891375883735739E-007
   200.176875000000        -4.926629389548950E-007
   200.390625000000        -5.877518514281833E-007
   200.604375000000        -6.724247662980713E-007
   200.818125000000        -7.449304089541189E-007
   201.031875000000        -8.037727046915206E-007
   201.245625000000        -8.477314680251327E-007
   201.459375000000        -8.758774469544227E-007
   201.673125000000        -8.875823234488824E-007
   201.886875000000        -8.825242122328896E-007
   202.100625000000        -8.606890840629865E-007
   202.314375000000        -8.223683935561381E-007
   202.528125000000        -7.681530418612827E-007
   202.741875000000        -6.989236749056752E-007
   202.955625000000        -6.158372272321727E-007
   203.169375000000        -5.203095813611614E-007
   203.383125000000        -4.139942273480513E-007
   203.596875000000        -2.987568735418248E-007
   203.810625000000        -1.766460679089799E-007
   204.024375000000        -4.986002550282680E-008
   204.238125000000         7.928999482471347E-008
   204.451875000000         2.084192791276368E-007
   204.665625000000         3.351116045398947E-007
   204.879375000000         4.569628423505666E-007
   205.093125000000         5.716254599255106E-007
   205.306875000000         6.768531406266338E-007
   205.520625000000         7.705447471531733E-007
   205.734375000000         8.507868794235880E-007
   205.948125000000         9.158943113160646E-007
   206.161875000000         9.644476192077106E-007
   206.375625000000         9.953273292226106E-007
   206.589375000000         1.007743903299409E-006
   206.803125000000         1.001262855904153E-006
   207.016875000000         9.758242488591795E-007
   207.230625000000         9.317557627548719E-007
   207.444375000000         8.697785061769158E-007
   207.658125000000         7.910047181279253E-007
   207.871875000000         6.969265649208987E-007
   208.085625000000         5.893953488281571E-007
   208.299375000000         4.705906454181137E-007
   208.513125000000         3.429791760279865E-007
   208.726875000000         2.092635982662253E-007
   208.940625000000         7.232184776853878E-008
   209.154375000000        -6.486183438446862E-008
   209.368125000000        -1.992725339028996E-007
   209.581875000000        -3.279447992972380E-007
   209.795625000000        -4.480446850765943E-007
   210.009375000000        -5.569507662048408E-007
   210.223125000000        -6.523309862772992E-007
   210.436875000000        -7.322121661300951E-007
   210.650625000000        -7.950391463980086E-007
   210.864375000000        -8.397208699641192E-007
   211.078125000000        -8.656612167374173E-007
   211.291875000000        -8.727730579185224E-007
   211.505625000000        -8.614747614631671E-007
   211.719375000000        -8.326692067734048E-007
   211.933125000000        -7.877062009109749E-007
   212.146875000000        -7.283299757013047E-007
   212.360625000000        -6.566141331720070E-007
   212.574375000000        -5.748869517060115E-007
   212.788125000000        -4.856503342600532E-007
   213.001875000000        -3.914958540832164E-007
   213.215625000000        -2.950213288465990E-007
   213.429375000000        -1.987511423384181E-007
   213.643125000000        -1.050631588749757E-007
   213.856875000000        -1.612457523776092E-008
   214.070625000000         6.616152849696187E-008
   214.284375000000         1.401977980135649E-007
   214.498125000000         2.047218440089043E-007
   214.711875000000         2.588231446255120E-007
   214.925625000000         3.019481259473426E-007
   215.139375000000         3.338943152560505E-007
   215.353125000000         3.547947298944137E-007
   215.566875000000         3.650938230344089E-007
   215.780625000000         3.655163685942496E-007
   215.994375000000         3.570306510802489E-007
   216.208125000000         3.408072571963156E-007
   216.421875000000         3.181746710986094E-007
   216.635625000000         2.905727787431746E-007
   216.849375000000         2.595053086397883E-007
   217.063125000000         2.264921892132862E-007
   217.276875000000         1.930227913008560E-007
   217.490625000000         1.605110439762235E-007
   217.704375000000         1.302534511196792E-007
   217.918125000000         1.033910773164780E-007
   218.131875000000         8.087659380519550E-008
   218.345625000000         6.344745697832660E-008
   218.559375000000         5.160621469103197E-008
   218.773125000000         4.560878612296144E-008
   218.986875000000         4.546133353015637E-008
   219.200625000000         5.092604222333819E-008
   219.414375000000         6.153576106957948E-008
   219.628125000000         7.661705080128815E-008
   219.841875000000         9.532076926517770E-008
   220.055625000000         1.166589234945311E-007
   220.269375000000         1.395461712640476E-007
   220.483125000000         1.628440904354569E-007
   220.696875000000         1.854061782634425E-007
   220.910625000000         2.061215119676191E-007
   221.124375000000         2.239551030785950E-007
   221.338125000000         2.379832068455885E-007
   221.551875000000         2.474221886872366E-007
   221.765625000000         2.516499766632433E-007
   221.979375000000         2.502196089057760E-007
   222.193125000000         2.428648798363005E-007
   222.406875000000         2.294985595704021E-007
   222.620625000000         2.102040703973778E-007
   222.834375000000         1.852218217014654E-007
   223.048125000000         1.549316079736854E-007
   223.261875000000         1.198325521596193E-007
   223.475625000000         8.052202864587436E-008
   223.689375000000         3.767483827918629E-008
   223.903125000000        -7.976346390728564E-009
   224.116875000000        -5.565856447608017E-008
   224.330625000000        -1.045738231386790E-007
   224.544375000000        -1.539120099526573E-007
   224.758125000000        -2.028617422214957E-007
   224.971875000000        -2.506196636241957E-007
   225.185625000000        -2.963988391409813E-007
   225.399375000000        -3.394369404437522E-007
   225.613125000000        -3.790048557048468E-007
   225.826875000000        -4.144162100290728E-007
   226.040625000000        -4.450380641685054E-007
   226.254375000000        -4.703027952084423E-007
   226.468125000000        -4.897208828522112E-007
   226.681875000000        -5.028940591149659E-007
   226.895625000000        -5.095280560613885E-007
   227.109375000000        -5.094440295454492E-007
   227.323125000000        -5.025876639964065E-007
   227.536875000000        -4.890349834983197E-007
   227.750625000000        -4.689940086597551E-007
   227.964375000000        -4.428015998491119E-007
   228.178125000000        -4.109151008956358E-007
   228.391875000000        -3.738987232946359E-007
   228.605625000000        -3.324049654852071E-007
   228.819375000000        -2.871517192667488E-007
   229.033125000000        -2.388960503813721E-007
   229.246875000000        -1.884059290164858E-007
   229.460625000000        -1.364314079464739E-007
   229.674375000000        -8.367688484558762E-008
   229.888125000000        -3.077612932633915E-008
   230.101875000000         2.172830211188321E-008
   230.315625000000         7.339980029421823E-008
   230.529375000000         1.239153834084678E-007
   230.743125000000         1.730654700216013E-007
   230.956875000000         2.207453203730318E-007
   231.170625000000         2.669382092021571E-007
   231.384375000000         3.116909188682556E-007
   231.598125000000         3.550826782087189E-007
   231.811875000000         3.971891906008331E-007
   232.025625000000         4.380438616149785E-007
   232.239375000000         4.775987188355403E-007
   232.453125000000         5.156877808622665E-007
   232.666875000000         5.519957490561640E-007
   232.880625000000         5.860348395967927E-007
   233.094375000000         6.171323283947536E-007
   233.308125000000         6.444309416510720E-007
   233.521875000000         6.669035976024488E-007
   233.735625000000         6.833832118108124E-007
   233.949375000000         6.926073555520531E-007
   234.163125000000         6.932765546108192E-007
   234.376875000000         6.841239959369761E-007
   234.590625000000         6.639934421261351E-007
   234.804375000000         6.319213119220462E-007
   235.018125000000         5.872182401143967E-007
   235.231875000000         5.295450453855999E-007
   235.445625000000         4.589779588687751E-007
   235.659375000000         3.760582291704755E-007
   235.873125000000         2.818218278522101E-007
   236.086875000000         1.778059136965775E-007
   236.300625000000         6.602992942153992E-008
   236.514375000000        -5.104936826113022E-008
   236.728125000000        -1.706080942750464E-007
   236.941875000000        -2.895482155870262E-007
   237.155625000000        -4.046094250181182E-007
   237.369375000000        -5.124947233454134E-007
   237.583125000000        -6.100035340721709E-007
   237.796875000000        -6.941655555851150E-007
   238.010625000000        -7.623683585411871E-007
   238.224375000000        -8.124719835920999E-007
   238.438125000000        -8.429044743151650E-007
   238.651875000000        -8.527333481018926E-007
   238.865625000000        -8.417093897264849E-007
   239.079375000000        -8.102807503022699E-007
   239.293125000000        -7.595770339802192E-007
   239.506875000000        -6.913647346485358E-007
   239.720625000000        -6.079769265405760E-007
   239.934375000000        -5.122214101702980E-007
   240.148125000000        -4.072724838536462E-007
   240.361875000000        -2.965520949201384E-007
   240.575625000000        -1.836062998679807E-007
   240.789375000000        -7.198273959952145E-008
   241.003125000000         3.488574247622522E-008
   241.216875000000         1.337870741014735E-007
   241.430625000000         2.218223083935167E-007
   241.644375000000         2.964822888689343E-007
   241.858125000000         3.557076774687789E-007
   242.071875000000         3.979324015457193E-007
   242.285625000000         4.221113799247835E-007
   242.499375000000         4.277339362838373E-007
   242.713125000000         4.148245740017597E-007
   242.926875000000         3.839327764559516E-007
   243.140625000000         3.361132479921853E-007
   243.354375000000         2.728975879519169E-007
   243.568125000000         1.962578776651123E-007
   243.781875000000         1.085621532770475E-007
   243.995625000000         1.252133080602589E-008
   244.209375000000        -8.887307172135916E-008
   244.423125000000        -1.924210432496356E-007
   244.636875000000        -2.947963377748570E-007
   244.850625000000        -3.926386054981339E-007
   245.064375000000        -4.826542787018785E-007
   245.278125000000        -5.617240730843162E-007
   245.491875000000        -6.270138641831343E-007
   245.705625000000        -6.760846355001859E-007
   245.919375000000        -7.069962968402867E-007
   246.133125000000        -7.183995608070382E-007
   246.346875000000        -7.096098477097361E-007
   246.560625000000        -6.806574404473369E-007
   246.774375000000        -6.323088684379449E-007
   246.988125000000        -5.660557552608814E-007
   247.201875000000        -4.840690627309294E-007
   247.415625000000        -3.891187036547034E-007
   247.629375000000        -2.844607368662808E-007
   247.843125000000        -1.736966335633162E-007
   248.056875000000        -6.061123134153658E-008
   248.270625000000         5.100220926460700E-008
   248.484375000000         1.575201251090192E-007
   248.698125000000         2.556595450034916E-007
   248.911875000000         3.426313838496403E-007
   249.125625000000         4.162665314760946E-007
   249.339375000000         4.751066161934450E-007
   249.553125000000         5.184534378344737E-007
   249.766875000000         5.463736716759464E-007
   249.980625000000         5.596583623845891E-007
   250.194375000000         5.597397463816466E-007
   250.408125000000         5.485708397966071E-007
   250.621875000000         5.284757908086610E-007
   250.835625000000         5.019810256415820E-007
   251.049375000000         4.716385609879768E-007
   251.263125000000         4.398534070752460E-007
   251.476875000000         4.087266988590221E-007
   251.690625000000         3.799250844724430E-007
   251.904375000000         3.545850478272593E-007
   252.118125000000         3.332583789368244E-007
   252.331875000000         3.159021085119281E-007
   252.545625000000         3.019131009804425E-007
   252.759375000000         2.902043756729162E-007
   252.973125000000         2.793173212298024E-007
   253.186875000000         2.675614871598649E-007
   253.400625000000         2.531717502892819E-007
   253.614375000000         2.344714896551383E-007
   253.828125000000         2.100300356503548E-007
   254.041875000000         1.788031054075864E-007
   254.255625000000         1.402461569339496E-007
   254.469375000000         9.439249665601494E-008
   254.683125000000         4.189042050049946E-008
   254.896875000000        -1.600351592861768E-008
   255.110625000000        -7.747501283805044E-008
   255.324375000000        -1.402432824771835E-007
   255.538125000000        -2.016872701749372E-007
   255.751875000000        -2.589987416595951E-007
   255.965625000000        -3.093523731420657E-007
   256.179375000000        -3.500818823901251E-007
   256.393125000000        -3.788508702121796E-007
   256.606875000000        -3.938074154324400E-007
   256.820625000000        -3.937125461130556E-007
   257.034375000000        -3.780344129957818E-007
   257.248125000000        -3.470021959156237E-007
   257.461875000000        -3.016163277957909E-007
   257.675625000000        -2.436143516485045E-007
   257.889375000000        -1.753944540036105E-007
   258.103125000000        -9.990126816929801E-008
   258.316875000000        -2.048075373334446E-008
   258.530625000000         5.928729771704441E-008
   258.744375000000         1.357694043050342E-007
   258.958125000000         2.054609049747500E-007
   259.171875000000         2.651606496421080E-007
   259.385625000000         3.121283773337746E-007
   259.599375000000         3.442165356374414E-007
   259.813125000000         3.599699849066956E-007
   260.026875000000         3.586890426833120E-007
   260.240625000000         3.404535189844747E-007
   260.454375000000         3.061076280781139E-007
   260.668125000000         2.572077991871383E-007
   260.881875000000         1.959373237923588E-007
   261.095625000000         1.249933694085824E-007
   261.309375000000         4.745308481343629E-008
   261.523125000000        -3.337372404082495E-008
   261.736875000000        -1.140975677405609E-007
   261.950625000000        -1.914002543076049E-007
   262.164375000000        -2.621767684898943E-007
   262.378125000000        -3.236618094049022E-007
   262.591875000000        -3.735358751729618E-007
   262.805625000000        -4.100070891600716E-007
   263.019375000000        -4.318663617673041E-007
   263.233125000000        -4.385148943830055E-007
   263.446875000000        -4.299643864105735E-007
   263.660625000000        -4.068115416216482E-007
   263.874375000000        -3.701895386734202E-007
   264.088125000000        -3.216999979058276E-007
   264.301875000000        -2.633296206390331E-007
   264.515625000000        -1.973560877987359E-007
   264.729375000000        -1.262479815215468E-007
   264.943125000000        -5.256344466020234E-008
   265.156875000000         2.114796578544063E-008
   265.370625000000         9.243622280196878E-008
   265.584375000000         1.590311716997077E-007
   265.798125000000         2.189096100787731E-007
   266.011875000000         2.703472766239352E-007
   266.225625000000         3.119548038670375E-007
   266.439375000000         3.426975819536431E-007
   266.653125000000         3.619003340213264E-007
   266.866875000000         3.692379725603963E-007
   267.080625000000         3.647149458784385E-007
   267.294375000000         3.486357555302839E-007
   267.508125000000         3.215695986750397E-007
   267.721875000000         2.843121445943905E-007
   267.935625000000         2.378472869312615E-007
   268.149375000000         1.833113333257340E-007
   268.363125000000         1.219615292784800E-007
   268.576875000000         5.515010625751301E-008
   268.790625000000        -1.569574821581722E-008
   269.004375000000        -8.908841219936547E-008
   269.218125000000        -1.634900157775712E-007
   269.431875000000        -2.373201025224506E-007
   269.645625000000        -3.089630278274302E-007
   269.859375000000        -3.767775721674405E-007
   270.073125000000        -4.391111963965207E-007
   270.286875000000        -4.943210387059167E-007
   270.500625000000        -5.408031638133820E-007
   270.714375000000        -5.770307637498029E-007
   270.928125000000        -6.016010379272035E-007
   271.141875000000        -6.132894276603596E-007
   271.355625000000        -6.111088384685478E-007
   271.569375000000        -5.943705481690713E-007
   271.783125000000        -5.627427620084954E-007
   271.996875000000        -5.163023177984212E-007
   272.210625000000        -4.555749245688431E-007
   272.424375000000        -3.815595722662441E-007
   272.638125000000        -2.957333823591091E-007
   272.851875000000        -2.000341532764368E-007
   273.065625000000        -9.681913335098203E-008
   273.279375000000         1.119995649859669E-008
   273.493125000000         1.210440323970370E-007
   273.706875000000         2.295726871467669E-007
   273.920625000000         3.336045056924018E-007
   274.134375000000         4.300457978600255E-007
   274.348125000000         5.160210323563816E-007
   274.561875000000         5.889978210162443E-007
   274.775625000000         6.468993349232909E-007
   274.989375000000         6.881975450223076E-007
   275.203125000000         7.119816441550491E-007
   275.416875000000         7.179973658937414E-007
   275.630625000000         7.066545791223993E-007
   275.844375000000         6.790023940128957E-007
   276.058125000000         6.366729384318083E-007
   276.271875000000         5.817968227719795E-007
   276.485625000000         5.168949799069996E-007
   276.699375000000         4.447529343422548E-007
   276.913125000000         3.682845324673341E-007
   277.126875000000         2.903926948706418E-007
   277.340625000000         2.138348053956770E-007
   277.554375000000         1.410999371018404E-007
   277.768125000000         7.430427163143066E-008
   277.981875000000         1.510986264779185E-008
   278.195625000000        -3.532958523955864E-008
   278.409375000000        -7.639390020780847E-008
   278.623125000000        -1.079922783093239E-007
   278.836875000000        -1.305311226742292E-007
   279.050625000000        -1.448567588319765E-007
   279.264375000000        -1.521771894532611E-007
   279.478125000000        -1.539680515530735E-007
   279.691875000000        -1.518686057560272E-007
   279.905625000000        -1.475739015446475E-007
   280.119375000000        -1.427292268724542E-007
   280.333125000000        -1.388325864869635E-007
   280.546875000000        -1.371502977248568E-007
   280.760625000000        -1.386498941205999E-007
   280.974375000000        -1.439534425300627E-007
   281.188125000000        -1.533131696457053E-007
   281.401875000000        -1.666100213000535E-007
   281.615625000000        -1.833745046037277E-007
   281.829375000000        -2.028279481556762E-007
   282.043125000000        -2.239412151615499E-007
   282.256875000000        -2.455069696523418E-007
   282.470625000000        -2.662208729127124E-007
   282.684375000000        -2.847666146436812E-007
   282.898125000000        -2.998994916182378E-007
   283.111875000000        -3.105233551644550E-007
   283.325625000000        -3.157561639823380E-007
   283.539375000000        -3.149800910806065E-007
   283.753125000000        -3.078731157234675E-007
   283.966875000000        -2.944202369354396E-007
   284.180625000000        -2.749038092313531E-007
   284.394375000000        -2.498739417748927E-007
   284.608125000000        -2.201013239310925E-007
   284.821875000000        -1.865161405648138E-007
   285.035625000000        -1.501378168391332E-007
   285.249375000000        -1.120010906259089E-007
   285.463125000000        -7.308427441335532E-008
   285.676875000000        -3.424548722425723E-008
   285.890625000000         3.827907028379363E-009
   286.104375000000         4.065240510726643E-008
   286.318125000000         7.596113472647677E-008
   286.531875000000         1.096950684994207E-007
   286.745625000000         1.419732796694243E-007
   286.959375000000         1.730446696684822E-007
   287.173125000000         2.032252849478514E-007
   287.386875000000         2.328267309431110E-007
   287.600625000000         2.620821513829596E-007
   287.814375000000         2.910766711145350E-007
   288.028125000000         3.196890436353377E-007
   288.241875000000         3.475504950103225E-007
   288.455625000000         3.740254617690085E-007
   288.669375000000         3.982171806314542E-007
   288.883125000000         4.189990446784336E-007
   289.096875000000         4.350704671030941E-007
   289.310625000000         4.450338786632659E-007
   289.524375000000         4.474876150425421E-007
   289.738125000000         4.411279924262463E-007
   289.951875000000         4.248529548187892E-007
   290.165625000000         3.978593875697101E-007
   290.379375000000         3.597265542692919E-007
   290.593125000000         3.104790955876001E-007
   290.806875000000         2.506245400126368E-007
   291.020625000000         1.811621821979422E-007
   291.234375000000         1.035623157918857E-007
   291.448125000000         1.971697851425961E-008
   291.661875000000        -6.813460642462808E-008
   291.875625000000        -1.575009920068047E-007
   292.089375000000        -2.457476960731996E-007
   292.303125000000        -3.302136915496059E-007
   292.516875000000        -4.083280830795703E-007
   292.730625000000        -4.777202052585426E-007
   292.944375000000        -5.363172004837838E-007
   293.158125000000        -5.824243235856430E-007
   293.371875000000        -6.147846443815105E-007
   293.585625000000        -6.326163364328623E-007
   293.799375000000        -6.356272142290835E-007
   294.013125000000        -6.240074946499804E-007
   294.226875000000        -5.984028248829563E-007
   294.440625000000        -5.598703878262851E-007
   294.654375000000        -5.098213559596064E-007
   294.868125000000        -4.499531400893187E-007
   295.081875000000        -3.821748233359721E-007
   295.295625000000        -3.085289546425544E-007
   295.509375000000        -2.311125776934637E-007
   295.723125000000        -1.520000623788665E-007
   295.936875000000        -7.317004229916050E-008
   296.150625000000         3.561425456064994E-009
   296.364375000000         7.659946974295588E-008
   296.578125000000         1.446188281688539E-007
   296.791875000000         2.066001724305842E-007
   297.005625000000         2.618525246302530E-007
   297.219375000000         3.100201721962347E-007
   297.433125000000         3.510728855124722E-007
   297.646875000000         3.852788539391329E-007
   297.860625000000         4.131605916118476E-007
   298.074375000000         4.354350987189427E-007
   298.288125000000         4.529407354816747E-007
   298.501875000000         4.665544809770612E-007
   298.715625000000         4.771043890575721E-007
   298.929375000000         4.852829883014061E-007
   299.143125000000         4.915679736089281E-007
   299.356875000000         4.961566927660694E-007
   299.570625000000         4.989205633442533E-007
   299.784375000000         4.993846294830011E-007
   299.998125000000         4.967360027311612E-007
   300.211875000000         4.898629999468106E-007
   300.425625000000         4.774245205220681E-007
   300.639375000000         4.579467650010980E-007
   300.853125000000         4.299419876981210E-007
   301.066875000000         3.920418099092753E-007
   301.280625000000         3.431359031956596E-007
   301.494375000000         2.825057621669485E-007
   301.708125000000         2.099429558843417E-007
   301.921875000000         1.258417490236109E-007
   302.135625000000         3.125732145809055E-008
   302.349375000000        -7.207708142819206E-008
   302.563125000000        -1.817780039001850E-007
   302.776875000000        -2.948854145042259E-007
   302.990625000000        -4.079795414554947E-007
   303.204375000000        -5.173350501220784E-007
   303.418125000000        -6.191037607464548E-007
   303.631875000000        -7.095147399409390E-007
   303.845625000000        -7.850790121861582E-007
   304.059375000000        -8.427854657134743E-007
   304.273125000000        -8.802748362576775E-007
   304.486875000000        -8.959799292509944E-007
   304.700625000000        -8.892223956740657E-007
   304.914375000000        -8.602592488158434E-007
   305.128125000000        -8.102756823125324E-007
   305.341875000000        -7.413243698149028E-007
   305.555625000000        -6.562150225056395E-007
   305.769375000000        -5.583612869168456E-007
   305.983125000000        -4.515948432051992E-007
   306.196875000000        -3.399586194673983E-007
   306.410625000000        -2.274922363415678E-007
   306.624375000000        -1.180230716429901E-007
   306.838125000000        -1.497569168445482E-008
   307.051875000000         7.878909329077831E-008
   307.265625000000         1.610964955142630E-007
   307.479375000000         2.305350227881021E-007
   307.693125000000         2.864855081277765E-007
   307.906875000000         3.291018141328300E-007
   308.120625000000         3.592461831427176E-007
   308.334375000000         3.783849428002928E-007
   308.548125000000         3.884525351119539E-007
   308.761875000000         3.916934923390460E-007
   308.975625000000         3.904929601464900E-007
   309.189375000000         3.872066420260082E-007
   309.403125000000         3.840006309321549E-007
   309.616875000000         3.827105677304721E-007
   309.830625000000         3.847280185145083E-007
   310.044375000000         3.909200154700046E-007
   310.258125000000         4.015854946419122E-007
   310.471875000000         4.164500296870367E-007
   310.685625000000         4.346979411695461E-007
   310.899375000000         4.550386836229503E-007
   311.113125000000         4.758024893184938E-007
   311.326875000000         4.950586709872479E-007
   311.540625000000         5.107488265365369E-007
   311.754375000000         5.208264951117644E-007
   311.968125000000         5.233946104341427E-007
   312.181875000000         5.168323857670824E-007
   312.395625000000         4.999040239811228E-007
   312.609375000000         4.718428328826021E-007
   312.823125000000         4.324058762931648E-007
   313.036875000000         3.818961222335200E-007
   313.250625000000         3.211510612701970E-007
   313.464375000000         2.514988478578960E-007
   313.678125000000         1.746850442796380E-007
   313.891875000000         9.277489717734793E-008
   314.105625000000         8.037632080669741E-009
   314.319375000000        -7.717959422774264E-008
   314.533125000000        -1.605797756530220E-007
   314.746875000000        -2.400377409236800E-007
   314.960625000000        -3.137074503884860E-007
   315.174375000000        -3.801079099473219E-007
   315.388125000000        -4.381821966542032E-007
   315.601875000000        -4.873259829667256E-007
   315.815625000000        -5.273841143737393E-007
   316.029375000000        -5.586160859356926E-007
   316.243125000000        -5.816335104256151E-007
   316.456875000000        -5.973147058484784E-007
   316.670625000000        -6.067031965434653E-007
   316.884375000000        -6.108980882221594E-007
   317.098125000000        -6.109448481179130E-007
   317.311875000000        -6.077349472841434E-007
   317.525625000000        -6.019221039596947E-007
   317.739375000000        -5.938615573495208E-007
   317.953125000000        -5.835770007091774E-007
   318.166875000000        -5.707576520825813E-007
   318.380625000000        -5.547856100724715E-007
   318.594375000000        -5.347913150452353E-007
   318.808125000000        -5.097327969093551E-007
   319.021875000000        -4.784926065928438E-007
   319.235625000000        -4.399850368140631E-007
   319.449375000000        -3.932655341790302E-007
   319.663125000000        -3.376341350330902E-007
   319.876875000000        -2.727253149555170E-007
   320.090625000000        -1.985777678349322E-007
   320.304375000000        -1.156792208393005E-007
   320.518125000000        -2.498330600680185E-008
   320.731875000000         7.210241589074819E-008
   320.945625000000         1.737561202323591E-007
   321.159375000000         2.778060270030253E-007
   321.373125000000         3.818147432265111E-007
   321.586875000000         4.831778987514390E-007
   321.800625000000         5.792307067177233E-007
   322.014375000000         6.673559775877315E-007
   322.228125000000         7.450875138574872E-007
   322.441875000000         8.102036427990941E-007
   322.655625000000         8.608068022408569E-007
   322.869375000000         8.953864500255079E-007
   323.083125000000         9.128639803551023E-007
   323.296875000000         9.126196612543474E-007
   323.510625000000         8.945027346881059E-007
   323.724375000000         8.588266505623445E-007
   323.938125000000         8.063518813473404E-007
   324.151875000000         7.382588713170297E-007
   324.365625000000         6.561134425929100E-007
   324.579375000000         5.618264779786551E-007
   324.793125000000         4.576090280553038E-007
   325.006875000000         3.459232671048642E-007
   325.220625000000         2.294290749522390E-007
   325.434375000000         1.109255664893243E-007
   325.648125000000        -6.713279268562885E-009
   325.861875000000        -1.206095656902822E-007
   326.075625000000        -2.279591464960961E-007
   326.289375000000        -3.261153109149296E-007
   326.503125000000        -4.126766928152192E-007
   326.716875000000        -4.855764052099562E-007
   326.930625000000        -5.431682303688678E-007
   327.144375000000        -5.843047219362680E-007
   327.358125000000        -6.084014562386478E-007
   327.571875000000        -6.154815379601451E-007
   327.785625000000        -6.061949110887724E-007
   327.999375000000        -5.818080840893178E-007
   328.213125000000        -5.441615187299360E-007
   328.426875000000        -4.955940584277451E-007
   328.640625000000        -4.388362265330559E-007
   328.854375000000        -3.768768005875222E-007
   329.068125000000        -3.128095273538284E-007
   329.281875000000        -2.496689393924372E-007
   329.495625000000        -1.902657383417335E-007
   329.709375000000        -1.370329359753859E-007
   329.923125000000        -9.189376847961791E-008
   330.136875000000        -5.616127925401604E-008
   330.350625000000        -3.047744689777136E-008
   330.564375000000        -1.479695291066989E-008
   330.778125000000        -8.417352878298237E-009
   330.991875000000        -1.005381247410050E-008
   331.205625000000        -1.795300968700637E-008
   331.419375000000        -3.003760912002954E-008
   331.633125000000        -4.407018112325729E-008
   331.846875000000        -5.782381234913658E-008
   332.060625000000        -6.924610037308599E-008
   332.274375000000        -7.660381145293082E-008
   332.488125000000        -7.859716954768073E-008
   332.701875000000        -7.443539444468361E-008
   332.915625000000        -6.386848333218710E-008
   333.129375000000        -4.717402904517392E-008
   333.343125000000        -2.510174354500110E-008
   333.556875000000         1.218047363764610E-009
   333.770625000000         3.039268094827127E-008
   333.984375000000         6.090083483228542E-008
   334.198125000000         9.122918303760246E-008
   334.411875000000         1.199997076603159E-007
   334.625625000000         1.460765660457188E-007
   334.839375000000         1.686436302001607E-007
   335.053125000000         1.872468027088704E-007
   335.266875000000         2.017986783756730E-007
   335.480625000000         2.125467291677676E-007
   335.694375000000         2.200095999412139E-007
   335.908125000000         2.248889971540737E-007
   336.121875000000         2.279667709265657E-007
   336.335625000000         2.299979502903163E-007
   336.549375000000         2.316106053058897E-007
   336.763125000000         2.332224922023191E-007
   336.976875000000         2.349826004672427E-007
   337.190625000000         2.367431596812756E-007
   337.404375000000         2.380646377181130E-007
   337.618125000000         2.382530661393415E-007
   337.831875000000         2.364259659220088E-007
   338.045625000000         2.316004981155068E-007
   338.259375000000         2.227954631158678E-007
   338.473125000000         2.091375845134604E-007
   338.686875000000         1.899622234275656E-007
   338.900625000000         1.648992755609403E-007
   339.114375000000         1.339364223037999E-007
   339.328125000000         9.745398451356615E-008
   339.541875000000         5.622815503761794E-008
   339.755625000000         1.140212384785079E-008
   339.969375000000        -3.557269000921218E-008
   340.183125000000        -8.302065522834700E-008
