  -1.60312500000000         9.404525428058060E-025
  -1.38937500000000         9.395316904790743E-025
  -1.17562500000000         9.430461235939880E-025
 -0.961875000000000         1.018000834815031E-024
 -0.748125000000000         1.584375124987864E-024
 -0.534375000000000         4.589233180384860E-024
 -0.320625000000000         1.745186405053962E-023
 -0.106875000000000         6.427612697329486E-023
  0.106875000000000         2.129591995640193E-022
  0.320625000000000         6.318044736316406E-022
  0.534375000000000         1.692173709693645E-021
  0.748125000000000         4.132085571605089E-021
  0.961875000000000         9.288824274859729E-021
   1.17562500000000         1.939583841864088E-020
   1.38937500000000         3.792640304018350E-020
   1.60312500000000         6.995506474517525E-020
   1.81687500000000         1.224985852737354E-019
   2.03062500000000         2.047968301861428E-019
   2.24437500000000         3.284895955038300E-019
   2.45812500000000         5.076561822962322E-019
   2.67187500000000         7.586914715637991E-019
   2.88562500000000         1.100004304701460E-018
   3.09937500000000         1.551559435479989E-018
   3.31312500000000         2.134271812072267E-018
   3.52687500000000         2.869314515659385E-018
   3.74062500000000         3.777385132470763E-018
   3.95437500000000         4.878005482039853E-018
   4.16812500000000         6.188922228186410E-018
   4.38187500000000         7.725658345089005E-018
   4.59562500000000         9.501252214843523E-018
   4.80937500000000         1.152621649945830E-017
   5.02312500000000         1.380869478992396E-017
   5.23687500000000         1.635478680214178E-017
   5.45062500000000         1.916900716312818E-017
   5.66437500000000         2.225479465197823E-017
   5.87812500000000         2.561501617711046E-017
   6.09187500000000         2.925240429166764E-017
   6.30562500000000         3.316988127399301E-017
   6.51937500000000         3.737074294082654E-017
   6.73312500000000         4.185871475837363E-017
   6.94687500000000         4.663788179817944E-017
   7.16062500000000         5.171254477688107E-017
   7.37437500000000         5.708703510368165E-017
   7.58812500000000         6.276555365347672E-017
   7.80187500000000         6.875205731616973E-017
   8.01562500000000         7.505021802317041E-017
   8.22937500000000         8.166345834070308E-017
   8.44312500000000         8.859503587370471E-017
   8.65687500000000         9.584815837641810E-017
   8.87062500000000         1.034260599737378E-016
   9.08437500000000         1.113320052009223E-016
   9.29812500000000         1.195691760262974E-016
   9.51187500000000         1.281404188681506E-016
   9.72562500000000         1.370478584122407E-016
   9.93937500000000         1.462923996013967E-016
   10.1531250000000         1.558731784602100E-016
   10.3668750000000         1.657870277922258E-016
   10.5806250000000         1.760280346195883E-016
   10.7943750000000         1.865872762004426E-016
   11.0081250000000         1.974527949450415E-016
   11.2218750000000         2.086098386780098E-016
   11.4356250000000         2.200413850215105E-016
   11.6493750000000         2.317289207723571E-016
   11.8631250000000         2.436534067325339E-016
   12.0768750000000         2.557963435902741E-016
   12.2906250000000         2.681408436901985E-016
   12.5043750000000         2.806726017373593E-016
   12.7181250000000         2.933806731411954E-016
   12.9318750000000         3.062579803112891E-016
   13.1456250000000         3.193015225579756E-016
   13.3593750000000         3.325122628531476E-016
   13.5731250000000         3.458947379642781E-016
   13.7868750000000         3.594564293113744E-016
   14.0006250000000         3.732069780428819E-016
   14.2143750000000         3.871573260659781E-016
   14.4281250000000         4.013188556581073E-016
   14.6418750000000         4.157026196136748E-016
   14.8556250000000         4.303187014194949E-016
   15.0693750000000         4.451757497160920E-016
   15.2831250000000         4.602807028224865E-016
   15.4968750000000         4.756386956766836E-016
   15.7106250000000         4.912531454099325E-016
   15.9243750000000         5.071259742771667E-016
   16.1381250000000         5.232579672374185E-016
   16.3518750000000         5.396492085223311E-016
   16.5656250000000         5.562995746250995E-016
   16.7793750000000         5.732092701279682E-016
   16.9931250000000         5.903793643536604E-016
   17.2068750000000         6.078122987986287E-016
   17.4206250000000         6.255123435685225E-016
   17.6343750000000         6.434859660315411E-016
   17.8481250000000         6.617420677394849E-016
   18.0618750000000         6.802920843913765E-016
   18.2756250000000         6.991499113583367E-016
   18.4893750000000         7.183316561268419E-016
   18.7031250000000         7.378552277696957E-016
   18.9168750000000         7.577397793562462E-016
   19.1306250000000         7.780050579136634E-016
   19.3443750000000         7.986707190992930E-016
   19.5581250000000         8.197556541544362E-016
   19.7718750000000         8.412774121639866E-016
   19.9856250000000         8.632517623700560E-016
   20.1993750000000         8.856924421903279E-016
   20.4131250000000         9.086110928318525E-016
   20.6268750000000         9.320174051226730E-016
   20.8406250000000         9.559194293782229E-016
   21.0543750000000         9.803240127623836E-016
   21.2681250000000         1.005237315795087E-015
   21.4818750000000         1.030665335197935E-015
   21.6956250000000         1.056614401256269E-015
   21.9093750000000         1.083091574802722E-015
   22.1231250000000         1.110104948193455E-015
   22.3368750000000         1.137663809920368E-015
   22.5506250000000         1.165778684918743E-015
   22.7643750000000         1.194461270797911E-015
   22.9781250000000         1.223724278660154E-015
   23.1918750000000         1.253581223684625E-015
   23.4056250000000         1.284046174335594E-015
   23.6193750000000         1.315133493335873E-015
   23.8331250000000         1.346857587159984E-015
   24.0468750000000         1.379232681410202E-015
   24.2606250000000         1.412272606906577E-015
   24.4743750000000         1.445990622802349E-015
   24.6881250000000         1.480399257782657E-015
   24.9018750000000         1.515510174941159E-015
   25.1156250000000         1.551334047590305E-015
   25.3293750000000         1.587880441010073E-015
   25.5431250000000         1.625157684822692E-015
   25.7568750000000         1.663172760109917E-015
   25.9706250000000         1.701931167510270E-015
   26.1843750000000         1.741436795115146E-015
   26.3981250000000         1.781691787070104E-015
   26.6118750000000         1.822696441634962E-015
   26.8256250000000         1.864449151193774E-015
   27.0393750000000         1.906946411827522E-015
   27.2531250000000         1.950182941058910E-015
   27.4668750000000         1.994151923885045E-015
   27.6806250000000         2.038845389456913E-015
   27.8943750000000         2.084254743233044E-015
   28.1081250000000         2.130371426991883E-015
   28.3218750000000         2.177187660438197E-015
   28.5356250000000         2.224697198734991E-015
   28.7493750000000         2.272896046308583E-015
   28.9631250000000         2.321783025726253E-015
   29.1768750000000         2.371360143834755E-015
   29.3906250000000         2.421632682218809E-015
   29.6043750000000         2.472608992029676E-015
   29.8181250000000         2.524299986221607E-015
   30.0318750000000         2.576718397512890E-015
   30.2456250000000         2.629877852483186E-015
   30.4593750000000         2.683791890390987E-015
   30.6731250000000         2.738473021231759E-015
   30.8868750000000         2.793931947321448E-015
   31.1006250000000         2.850177022463252E-015
   31.3143750000000         2.907214007822642E-015
   31.5281250000000         2.965046135395327E-015
   31.7418750000000         3.023674443944392E-015
   31.9556250000000         3.083098314058174E-015
   32.1693750000000         3.143316126447783E-015
   32.3831250000000         3.204325923080154E-015
   32.5968750000000         3.266126009975459E-015
   32.8106250000000         3.328715416642549E-015
   33.0243750000000         3.392094202717885E-015
   33.2381250000000         3.456263613420078E-015
   33.4518750000000         3.521226134319473E-015
   33.6656250000000         3.586985499131886E-015
   33.8793750000000         3.653546731478517E-015
   34.0931250000000         3.720916273852884E-015
   34.3068750000000         3.789102230867328E-015
   34.5206250000000         3.858114727372233E-015
   34.7343750000000         3.927966340793378E-015
   34.9481250000000         3.998672536437290E-015
   35.1618750000000         4.070252020375325E-015
   35.3756250000000         4.142726915159619E-015
   35.5893750000000         4.216122704679082E-015
   35.8031250000000         4.290467902283134E-015
   36.0168750000000         4.365793457722570E-015
   36.2306250000000         4.442131960093276E-015
   36.4443750000000         4.519516728192367E-015
   36.6581250000000         4.597980903517416E-015
   36.8718750000000         4.677556665529222E-015
   37.0856250000000         4.758274663856598E-015
   37.2993750000000         4.840163739694994E-015
   37.5131250000000         4.923250937536489E-015
   37.7268750000000         5.007561780475387E-015
   37.9406250000000         5.093120710819599E-015
   38.1543750000000         5.179951597887892E-015
   38.3681250000000         5.268078175806298E-015
   38.5818750000000         5.357524320016090E-015
   38.7956250000000         5.448314062575536E-015
   39.0093750000000         5.540471341886766E-015
   39.2231250000000         5.634019499820059E-015
   39.4368750000000         5.728980603943563E-015
   39.6506250000000         5.825374708058853E-015
   39.8643750000000         5.923219163716146E-015
   40.0781250000000         6.022528125960763E-015
   40.2918750000000         6.123312305725863E-015
   40.5056250000000         6.225579044382278E-015
   40.7193750000000         6.329332692908522E-015
   40.9331250000000         6.434575239316560E-015
   41.1468750000000         6.541307091514652E-015
   41.3606250000000         6.649527917802589E-015
   41.5743750000000         6.759237423144940E-015
   41.7881250000000         6.870435982968356E-015
   42.0018750000000         6.983125073814985E-015
   42.2156250000000         7.097307495607010E-015
   42.4293750000000         7.212987411621657E-015
   42.6431250000000         7.330170260858590E-015
   42.8568750000000         7.448862624471144E-015
   43.0706250000000         7.569072100585027E-015
   43.2843750000000         7.690807240920569E-015
   43.4981250000000         7.814077560037477E-015
   43.7118750000000         7.938893598991336E-015
   43.9256250000000         8.065266979862406E-015
   44.1393750000000         8.193210390027386E-015
   44.3531250000000         8.322737397937846E-015
   44.5668750000000         8.453862073027284E-015
   44.7806250000000         8.586598356988520E-015
   44.9943750000000         8.720959216292659E-015
   45.2081250000000         8.856955653126734E-015
   45.4218750000000         8.994595680425877E-015
   45.6356250000000         9.133883400767755E-015
   45.8493750000000         9.274818340856270E-015
   46.0631250000000         9.417395160827655E-015
   46.2768750000000         9.561603835700385E-015
   46.4906250000000         9.707430348852295E-015
   46.7043750000000         9.854857862332643E-015
   46.9181250000000         1.000386827217195E-014
   47.1318750000000         1.015444401194676E-014
   47.3456250000000         1.030656992731025E-014
   47.5593750000000         1.046023504059792E-014
   47.7731250000000         1.061543403588048E-014
   47.9868750000000         1.077216833744645E-014
   48.2006250000000         1.093044669452686E-014
   48.4143750000000         1.109028527040095E-014
   48.6281250000000         1.125170725784130E-014
   48.8418750000000         1.141474211841366E-014
   49.0556250000000         1.157942455339425E-014
   49.2693750000000         1.174579333424081E-014
   49.4831250000000         1.191389013072395E-014
   49.6968750000000         1.208375841485832E-014
   49.9106250000000         1.225544252252709E-014
   50.1243750000000         1.242898689950706E-014
   50.3381250000000         1.260443553134869E-014
   50.5518750000000         1.278183153194784E-014
   50.7656250000000         1.296121684172047E-014
   50.9793750000000         1.314263199583862E-014
   51.1931250000000         1.332611592009920E-014
   51.4068750000000         1.351170573619016E-014
   51.6206250000000         1.369943656262465E-014
   51.8343750000000         1.388934133396576E-014
   52.0481250000000         1.408145065429771E-014
   52.2618750000000         1.427579273225627E-014
   52.4756250000000         1.447239340753014E-014
   52.6893750000000         1.467127631460907E-014
   52.9031250000000         1.487246318177708E-014
   53.1168750000000         1.507597426174672E-014
   53.3306250000000         1.528182886949608E-014
   53.5443750000000         1.549004598768563E-014
   53.7581250000000         1.570064488215707E-014
   53.9718750000000         1.591364568733435E-014
   54.1856250000000         1.612906990590697E-014
   54.3993750000000         1.634694074504906E-014
   54.6131250000000         1.656728328103086E-014
   54.8268750000000         1.679012440221054E-014
   55.0406250000000         1.701549251695262E-014
   55.2543750000000         1.724341703368623E-014
   55.4681250000000         1.747392762731389E-014
   55.6818750000000         1.770705333134361E-014
   55.8956250000000         1.794282151754290E-014
   56.1093750000000         1.818125682858945E-014
   56.3231250000000         1.842238016278840E-014
   56.5368750000000         1.866620781048365E-014
   56.7506250000000         1.891275083164258E-014
   56.9643750000000         1.916201477530175E-014
   57.1781250000000         1.941399981386823E-014
   57.3918750000000         1.966870132073561E-014
   57.6056250000000         1.992611089731586E-014
   57.8193750000000         2.018621779183943E-014
   58.0331250000000         2.044901060566636E-014
   58.2468750000000         2.071447914889064E-014
   58.4606250000000         2.098261623658717E-014
   58.6743750000000         2.125341922808469E-014
   58.8881250000000         2.152689110828896E-014
   59.1018750000000         2.180304093235778E-014
   59.3156250000000         2.208188349749398E-014
   59.5293750000000         2.236343822182092E-014
   59.7431250000000         2.264772722703994E-014
   59.9568750000000         2.293477280587558E-014
   60.1706250000000         2.322459448912839E-014
   60.3843750000000         2.351720604531288E-014
   60.5981250000000         2.381261279270348E-014
   60.8118750000000         2.411080960868307E-014
   61.0256250000000         2.441178006271970E-014
   61.2393750000000         2.471549694568809E-014
   61.4531250000000         2.502192443372727E-014
   61.6668750000000         2.533102195376414E-014
   61.8806250000000         2.564274957847294E-014
   62.0943750000000         2.595707466163228E-014
   62.3081250000000         2.627397913155788E-014
   62.5218750000000         2.659346674437296E-014
   62.7356250000000         2.691556942192473E-014
   62.9493750000000         2.724035175387855E-014
   63.1631250000000         2.756791279316709E-014
   63.3768750000000         2.789838439325087E-014
   63.5906250000000         2.823192560792562E-014
   63.8043750000000         2.856871306538649E-014
   64.0181250000000         2.890892767636780E-014
   64.2318750000000         2.925273855309662E-014
   64.4456250000000         2.960028551336565E-014
   64.6593750000000         2.995166200189523E-014
   64.8731250000000         3.030690053375554E-014
   65.0868750000000         3.066596287558798E-014
   65.3006250000000         3.102873699207642E-014
   65.5143750000000         3.139504233861719E-014
   65.7281250000000         3.176464433337554E-014
   65.9418750000000         3.213727785540421E-014
   66.1556250000000         3.251267846942338E-014
   66.3693750000000         3.289061888485344E-014
   66.5831250000000         3.327094707986047E-014
   66.7968750000000         3.365362170942515E-014
   67.0106250000000         3.403873997989541E-014
   67.2243750000000         3.442655336015308E-014
   67.4381250000000         3.481746719376935E-014
   67.6518750000000         3.521202165057487E-014
   67.8656250000000         3.561085333768058E-014
   68.0793750000000         3.601463917358834E-014
   68.2931250000000         3.642402654644345E-014
   68.5068750000000         3.683955604931577E-014
   68.7206250000000         3.726158495429733E-014
   68.9343750000000         3.769022069014191E-014
   69.1481250000000         3.812527373491518E-014
   69.3618750000000         3.856623834573811E-014
   69.5756250000000         3.901230737768382E-014
   69.7893750000000         3.946242428499641E-014
   70.0031250000000         3.991537134778813E-014
   70.2168750000000         4.036988877945213E-014
   70.4306250000000         4.082481501997311E-014
   70.6443750000000         4.127923475135147E-014
   70.8581250000000         4.173261854574953E-014
   71.0718750000000         4.218493699557278E-014
   71.2856250000000         4.263673296777156E-014
   71.4993750000000         4.308913846051351E-014
   71.7131250000000         4.354382722759497E-014
   71.9268750000000         4.400290062125665E-014
   72.1406250000000         4.446871138020583E-014
   72.3543750000000         4.494363762614576E-014
   72.5681250000000         4.542982636144698E-014
   72.7818750000000         4.592893128309593E-014
   72.9956250000000         4.644187317843567E-014
   73.2093750000000         4.696865168793543E-014
   73.4231250000000         4.750823474882245E-014
   73.6368750000000         4.805854629512586E-014
   73.8506250000000         4.861656431400996E-014
   74.0643750000000         4.917853070481932E-014
   74.2781250000000         4.974026256807532E-014
   74.4918750000000         5.029754274858125E-014
   74.7056250000000         5.084655691278635E-014
   74.9193750000000         5.138433641506724E-014
   75.1331250000000         5.190916171712556E-014
   75.3468750000000         5.242088099638791E-014
   75.5606250000000         5.292110305114931E-014
   75.7743750000000         5.341323265843861E-014
   75.9881250000000         5.390232957515623E-014
   76.2018750000000         5.439478826488970E-014
   76.4156250000000         5.489785291844124E-014
   76.6293750000000         5.541899970951809E-014
   76.8431250000000         5.596523379975299E-014
   77.0568750000000         5.654236080645240E-014
   77.2706250000000         5.715429982292720E-014
   77.4843750000000         5.780250678101768E-014
   77.6981250000000         5.848557232158403E-014
   77.9118750000000         5.919904761084039E-014
   78.1256250000000         5.993553520125293E-014
   78.3393750000000         6.068506127885182E-014
   78.5531250000000         6.143572198437534E-014
   78.7668750000000         6.217457177898998E-014
   78.9806250000000         6.288869802784602E-014
   79.1943750000000         6.356640513738289E-014
   79.4081250000000         6.419841543137528E-014
   79.6218750000000         6.477898421329498E-014
   79.8356250000000         6.530682406821373E-014
   80.0493750000000         6.578573943727223E-014
   80.2631250000000         6.622488666787653E-014
   80.4768750000000         6.663859707448016E-014
   80.6906250000000         6.704572987598853E-014
   80.9043750000000         6.746855691968440E-014
   81.1181250000000         6.793121973919349E-014
   81.3318750000000         6.845783934100024E-014
   81.5456250000000         6.907039736832366E-014
   81.7593750000000         6.978654078359047E-014
   81.9731250000000         7.061748767199348E-014
   82.1868750000000         7.156622621725134E-014
   82.4006250000000         7.262619930402391E-014
   82.6143750000000         7.378065164675799E-014
   82.8281250000000         7.500278340277740E-014
   83.0418750000000         7.625680417170304E-014
   83.2556250000000         7.749991556731069E-014
   83.4693750000000         7.868517265682147E-014
   83.6831250000000         7.976508932463029E-014
   83.8968750000000         8.069576701570035E-014
   84.1106250000000         8.144124794799543E-014
   84.3243750000000         8.197773148985227E-014
   84.5381250000000         8.229725452978198E-014
   84.7518750000000         8.241043057243966E-014
   84.9656250000000         8.234787380783616E-014
   85.1793750000000         8.216000599816444E-014
   85.3931250000000         8.191505459742056E-014
   85.6068750000000         8.169519504924218E-014
   85.8206250000000         8.159095890945021E-014
   86.0343750000000         8.169420913959950E-014
   86.2481250000000         8.209015773961725E-014
   86.4618750000000         8.284905073647165E-014
   86.6756250000000         8.401825297669604E-014
   86.8893750000000         8.561551368730968E-014
   87.1031250000000         8.762417129588138E-014
   87.3168750000000         8.999095570742594E-014
   87.5306250000000         9.262686940156348E-014
   87.7443750000000         9.541138426017212E-014
   87.9581250000000         9.819989657431134E-014
   88.1718750000000         1.008340627840896E-013
   88.3856250000000         1.031543235601186E-013
   88.5993750000000         1.050136468148516E-013
   88.8131250000000         1.062913136237781E-013
   89.0268750000000         1.069054633078851E-013
   89.2406250000000         1.068231257192183E-013
   89.4543750000000         1.060666098522181E-013
   89.6681250000000         1.047153854407973E-013
   89.8818750000000         1.029029709410219E-013
   90.0956250000000         1.008087971231970E-013
   90.3093750000000         9.864550862706194E-014
   90.5231250000000         9.664264709780689E-014
   90.7368750000000         9.502807671452912E-014
   90.9506250000000         9.400881657304799E-014
   91.1643750000000         9.375309349176095E-014
   91.3781250000000         9.437539621495476E-014
   91.5918750000000         9.592608835837428E-014
   91.8056250000000         9.838673430763123E-014
   92.0193750000000         1.016717417996384E-013
   92.2331250000000         1.056362784797693E-013
   92.4468750000000         1.100897432992955E-013
   92.6606250000000         1.148134414446270E-013
   92.8743750000000         1.195805983847502E-013
   93.0881250000000         1.241765213014624E-013
   93.3018750000000         1.284166248306312E-013
   93.5156250000000         1.321602095724212E-013
   93.7293750000000         1.353183144861143E-013
   93.9431250000000         1.378546257656424E-013
   94.1568750000000         1.397792535918861E-013
   94.3706250000000         1.411360979666736E-013
   94.5843750000000         1.419854131874053E-013
   94.7981250000000         1.423839384294979E-013
   95.0118750000000         1.423654867592485E-013
   95.2256250000000         1.419250925942176E-013
   95.4393750000000         1.410096534907238E-013
   95.6531250000000         1.395174504228789E-013
   95.8668750000000         1.373080192763781E-013
   96.0806250000000         1.342226471349992E-013
   96.2943750000000         1.301143924966712E-013
   96.5081250000000         1.248851216458927E-013
   96.7218750000000         1.185257743069671E-013
   96.9356250000000         1.111550819279020E-013
   97.1493750000000         1.030514057094087E-013
   97.3631250000000         9.467234902588192E-014
   97.5768750000000         8.665739109880050E-014
   97.7906250000000         7.980998640347602E-014
   98.0043750000000         7.505731282232330E-014
   98.2181250000000         7.338800283926249E-014
   98.4318750000000         7.577057259913935E-014
   98.6456250000000         8.305764936102835E-014
   98.8593750000000         9.588324434004204E-014
   99.0731250000000         1.145619843660894E-013
   99.2868750000000         1.390001893777674E-013
   99.5006250000000         1.686288029431682E-013
   99.7143750000000         2.023673605700855E-013
   99.9281250000000         2.386264122249480E-013
   100.141875000000         2.753531886828013E-013
   100.355625000000         3.101219925519677E-013
   100.569375000000         3.402670562459788E-013
   100.783125000000         3.630517500668538E-013
   100.996875000000         3.758643825002787E-013
   101.210625000000         3.764277495718754E-013
   101.424375000000         3.630073656596189E-013
   101.638125000000         3.346021867101425E-013
   101.851875000000         2.911017726855840E-013
   102.065625000000         2.333952786881139E-013
   102.279375000000         1.634203498819956E-013
   102.493125000000         8.414375038358749E-014
   102.706875000000        -5.298899042868686E-016
   102.920625000000        -8.591981865201878E-014
   103.134375000000        -1.667949296310148E-013
   103.348125000000        -2.376523511055672E-013
   103.561875000000        -2.930336135613531E-013
   103.775625000000        -3.278601385568045E-013
   103.989375000000        -3.377680160885861E-013
   104.203125000000        -3.194216262896429E-013
   104.416875000000        -2.707866174622190E-013
   104.630625000000        -1.913449692675180E-013
   104.844375000000        -8.223814166303951E-014
   105.058125000000         5.367164437762983E-014
   105.271875000000         2.118274561489207E-013
   105.485625000000         3.860918903111447E-013
   105.699375000000         5.689459770345600E-013
   105.913125000000         7.517653026840492E-013
   106.126875000000         9.251626558669077E-013
   106.340625000000         1.079384017588320E-012
   106.554375000000         1.204743008449006E-012
   106.768125000000         1.292077900907047E-012
   106.981875000000         1.333214864502485E-012
   107.195625000000         1.321421061199824E-012
   107.409375000000         1.251831364839806E-012
   107.623125000000         1.121832688568257E-012
   107.836875000000         9.313900688198862E-013
   108.050625000000         6.832987553877450E-013
   108.264375000000         3.833466675902368E-013
   108.478125000000         4.037186193347101E-014
   108.691875000000        -3.337996386862386E-013
   108.905625000000        -7.245488838156282E-013
   109.119375000000        -1.114802683229047E-012
   109.333125000000        -1.485522964537100E-012
   109.546875000000        -1.816348543121672E-012
   109.760625000000        -2.086384165153564E-012
   109.974375000000        -2.275123274114998E-012
   110.188125000000        -2.363481272519669E-012
   110.401875000000        -2.334905558790333E-012
   110.615625000000        -2.176517955199211E-012
   110.829375000000        -1.880235103738585E-012
   111.043125000000        -1.443803897616685E-012
   111.256875000000        -8.716829850839741E-013
   111.470625000000        -1.756987444167780E-013
   111.684375000000         6.245943171776307E-013
   111.898125000000         1.501912441510291E-012
   112.111875000000         2.421653008294707E-012
   112.325625000000         3.342752086961377E-012
   112.539375000000         4.219003483929496E-012
   112.753125000000         5.000828325955274E-012
   112.966875000000         5.637456095528046E-012
   113.180625000000         6.079448549306067E-012
   113.394375000000         6.281468841104279E-012
   113.608125000000         6.205171343582838E-012
   113.821875000000         5.822065082481988E-012
   114.035625000000         5.116187263162649E-012
   114.249375000000         4.086414785783326E-012
   114.463125000000         2.748242296590249E-012
   114.676875000000         1.134866157858356E-012
   114.890625000000        -7.025648424472951E-013
   115.104375000000        -2.695639358555022E-012
   115.318125000000        -4.760379783713552E-012
   115.531875000000        -6.799961219870212E-012
   115.745625000000        -8.708413689192435E-012
   115.959375000000        -1.037520903190257E-011
   116.173125000000        -1.169057441796635E-011
   116.386875000000        -1.255131785250989E-011
   116.600625000000        -1.286690097899073E-011
   116.814375000000        -1.256545434003967E-011
   117.028125000000        -1.159940326330960E-011
   117.241875000000        -9.950361476839939E-012
   117.455625000000        -7.632956565081539E-012
   117.669375000000        -4.697277775136828E-012
   117.883125000000        -1.229682823719625E-012
   118.096875000000         2.648234494479473E-012
   118.310625000000         6.782631820533977E-012
   118.524375000000         1.099238042821999E-011
   118.738125000000         1.507591535162430E-011
   118.951875000000         1.881977552753665E-011
   119.165625000000         2.200852588978539E-011
   119.379375000000         2.443565058417342E-011
   119.593125000000         2.591491761260530E-011
   119.806875000000         2.629164658772311E-011
   120.020625000000         2.545326860324837E-011
   120.234375000000         2.333855520784266E-011
   120.448125000000         1.994491542606022E-011
   120.661875000000         1.533321728668037E-011
   120.875625000000         9.629683002519343E-012
   121.089375000000         3.024532268446682E-012
   121.303125000000        -4.232798586063294E-012
   121.516875000000        -1.184185938308566E-011
   121.730625000000        -1.946262149075097E-011
   121.944375000000        -2.672976667650041E-011
   122.158125000000        -3.326926860499665E-011
   122.371875000000        -3.871654378395793E-011
   122.585625000000        -4.273531638392326E-011
   122.799375000000        -4.503624860264302E-011
   123.013125000000        -4.539434294251385E-011
   123.226875000000        -4.366413036184001E-011
   123.440625000000        -3.979172131464989E-011
   123.654375000000        -3.382291457930436E-011
   123.868125000000        -2.590672753573073E-011
   124.081875000000        -1.629392398233194E-011
   124.295625000000        -5.330361538079806E-012
   124.509375000000         6.554752435654242E-012
   124.723125000000         1.886533397873967E-011
   124.936875000000         3.105899752793735E-011
   125.150625000000         4.257086472287174E-011
   125.364375000000         5.283953648635943E-011
   125.578125000000         6.133400621461392E-011
   125.791875000000         6.758020104167359E-011
   126.005625000000         7.118581462453438E-011
   126.219375000000         7.186214157695976E-011
   126.433125000000         6.944173943453187E-011
   126.646875000000         6.389092378895804E-011
   126.860625000000         5.531633724252920E-011
   127.074375000000         4.396511119092430E-011
   127.288125000000         3.021844675986831E-011
   127.501875000000         1.457876148491241E-011
   127.715625000000        -2.349135175076743E-012
   127.929375000000        -1.988207810530643E-011
   128.143125000000        -3.728677436256899E-011
   128.356875000000        -5.381099019398376E-011
   128.570625000000        -6.871631192801622E-011
   128.784375000000        -8.131100894734271E-011
   128.998125000000        -9.098151070178162E-011
   129.211875000000        -9.722106379399536E-011
   129.425625000000        -9.965425615181058E-011
   129.639375000000        -9.805627654471512E-011
   129.853125000000        -9.236600979871446E-011
   130.066875000000        -8.269233942014653E-011
   130.280625000000        -6.931332684104652E-011
   130.494375000000        -5.266824621123947E-011
   130.708125000000        -3.334276152645039E-011
   130.921875000000        -1.204782537113915E-011
   131.135625000000         1.040685673680864E-011
   131.349375000000         3.314372627678183E-011
   131.563125000000         5.525138703505300E-011
   131.776875000000         7.582036199705167E-011
   131.990625000000         9.397915107444259E-011
   132.204375000000         1.089291414991611E-010
   132.418125000000         1.199769739690193E-010
   132.631875000000         1.265630743859209E-010
   132.845625000000         1.282852180223656E-010
   133.059375000000         1.249161930936293E-010
   133.273125000000         1.164148654090134E-010
   133.486875000000         1.029302052943568E-010
   133.700625000000         8.479811183818614E-011
   133.914375000000         6.253114689149445E-011
   134.128125000000         3.680156139066271E-011
   134.341875000000         8.418249192254109E-012
   134.555625000000        -2.170151071670135E-011
   134.769375000000        -5.256447225310576E-011
   134.983125000000        -8.313680048042912E-011
   135.196875000000        -1.123811081702588E-010
   135.410625000000        -1.392937967626949E-010
   135.624375000000        -1.629413466021065E-010
   135.838125000000        -1.824942499435595E-010
   136.051875000000        -1.972573757430545E-010
   136.265625000000        -2.066956929991247E-010
   136.479375000000        -2.104544532589923E-010
   136.693125000000        -2.083731355283965E-010
   136.906875000000        -2.004926801162524E-010
   137.120625000000        -1.870557733674836E-010
   137.334375000000        -1.685001842133697E-010
   137.548125000000        -1.454453877359997E-010
   137.761875000000        -1.186729328637545E-010
   137.975625000000        -8.910121412202787E-011
   138.189375000000        -5.775548534056212E-011
   138.403125000000        -2.573410179816767E-011
   138.616875000000         5.827906922388077E-012
   138.830625000000         3.579675033937050E-011
   139.044375000000         6.307804917408417E-011
   139.258125000000         8.665403052666993E-011
   139.471875000000         1.056185383496239E-010
   139.685625000000         1.192087139425107E-010
   139.899375000000         1.268322964987531E-010
   140.113125000000         1.280896194856693E-010
   140.326875000000         1.227895319783837E-010
   140.540625000000         1.109586516499081E-010
   140.754375000000         9.284355407209334E-011
   140.968125000000         6.890571686260063E-011
   141.181875000000         3.980926196474069E-011
   141.395625000000         6.401769276973290E-012
   141.609375000000        -3.031133635288704E-011
   141.823125000000        -6.919810193974201E-011
   142.036875000000        -1.090361385748481E-010
   142.250625000000        -1.485523777428012E-010
   142.464375000000        -1.864652275882715E-010
   142.678125000000        -2.215277490961988E-010
   142.891875000000        -2.525703993836224E-010
   143.105625000000        -2.785418646261115E-010
   143.319375000000        -2.985465319955585E-010
   143.533125000000        -3.118772299556387E-010
   143.746875000000        -3.180419988396470E-010
   143.960625000000        -3.167838360786821E-010
   144.174375000000        -3.080925877494546E-010
   144.388125000000        -2.922084231001156E-010
   144.601875000000        -2.696166222832268E-010
   144.815625000000        -2.410337189789325E-010
   145.029375000000        -2.073853570826078E-010
   145.243125000000        -1.697765316852597E-010
   145.456875000000        -1.294551766525171E-010
   145.670625000000        -8.777032218066235E-011
   145.884375000000        -4.612626481185883E-011
   146.098125000000        -5.934360127978911E-012
   146.311875000000         3.143584269444691E-011
   146.525625000000         6.470436018938017E-011
   146.739375000000         9.272568482083041E-011
   146.953125000000         1.145291908678610E-010
   147.166875000000         1.293535321063052E-010
   147.380625000000         1.366737373093836E-010
   147.594375000000         1.362199705383013E-010
   147.808125000000         1.279872257610969E-010
   148.021875000000         1.122355584492209E-010
   148.235625000000         8.948080814771768E-011
   148.449375000000         6.047612248294779E-011
   148.663125000000         2.618494119378757E-011
   148.876875000000        -1.225357481474215E-011
   149.090625000000        -5.356539248902021E-011
   149.304375000000        -9.638721118226809E-011
   149.518125000000        -1.393151111789187E-010
   149.731875000000        -1.809544106000186E-010
   149.945625000000        -2.199688422526763E-010
   150.159375000000        -2.551271838483379E-010
   150.373125000000        -2.853455722428346E-010
   150.586875000000        -3.097239025280857E-010
   150.800625000000        -3.275749503607644E-010
   151.014375000000        -3.384451521734622E-010
   151.228125000000        -3.421263212966638E-010
   151.441875000000        -3.386579543874605E-010
   151.655625000000        -3.283201757339024E-010
   151.869375000000        -3.116177594260830E-010
   152.083125000000        -2.892560429231734E-010
   152.296875000000        -2.621098823855765E-010
   152.510625000000        -2.311870837410986E-010
   152.724375000000        -1.975879594934806E-010
   152.938125000000        -1.624627985526856E-010
   153.151875000000        -1.269690875337043E-010
   153.365625000000        -9.223028414805494E-011
   153.579375000000        -5.929781839474365E-011
   153.793125000000        -2.911779197631956E-011
   154.006875000000        -2.503572036442490E-012
   154.220625000000         1.988485271467834E-011
   154.434375000000         3.755424861113773E-011
   154.648125000000         5.018411919538628E-011
   154.861875000000         5.762553642230503E-011
   155.075625000000         5.989340698939619E-011
   155.289375000000         5.715305518285018E-011
   155.503125000000         4.970223548674973E-011
   155.716875000000         3.794984460312655E-011
   155.930625000000         2.239267639945178E-011
   156.144375000000         3.591552966050100E-012
   156.358125000000        -1.785192574528981E-011
   156.571875000000        -4.131693328267305E-011
   156.785625000000        -6.618240844086516E-011
   156.999375000000        -9.184288716820847E-011
   157.213125000000        -1.177208558694341E-010
   157.426875000000        -1.432755894049898E-010
   157.640625000000        -1.680086997870960E-010
   157.854375000000        -1.914668468435301E-010
   158.068125000000        -2.132422350596512E-010
   158.281875000000        -2.329716306916835E-010
   158.495625000000        -2.503346742202563E-010
   158.709375000000        -2.650522346475220E-010
   158.923125000000        -2.768854585685084E-010
   159.136875000000        -2.856360176529456E-010
   159.350625000000        -2.911478664384372E-010
   159.564375000000        -2.933106044035631E-010
   159.778125000000        -2.920643101399783E-010
   159.991875000000        -2.874054994601766E-010
   160.205625000000        -2.793936709144140E-010
   160.419375000000        -2.681577567194137E-010
   160.633125000000        -2.539017065452209E-010
   160.846875000000        -2.369084039126150E-010
   161.060625000000        -2.175411534668882E-010
   161.274375000000        -1.962420806577792E-010
   161.488125000000        -1.735269472423556E-010
   161.701875000000        -1.499760961866005E-010
   161.915625000000        -1.262214841226019E-010
   162.129375000000        -1.029300221216405E-010
   162.343125000000        -8.078370832544863E-011
   162.556875000000        -6.045728084088287E-011
   162.770625000000        -4.259432909337802E-011
   162.984375000000        -2.778296147052128E-011
   163.198125000000        -1.653222455445074E-011
   163.411875000000        -9.250496390656734E-012
   163.625625000000        -6.227029342409617E-012
   163.839375000000        -7.617698108675843E-012
   164.053125000000        -1.343582110711748E-011
   164.266875000000        -2.354867870355408E-011
   164.480625000000        -3.768006358167624E-011
   164.694375000000        -5.541888376225271E-011
   164.908125000000        -7.623351624195195E-011
   165.121875000000        -9.949129857932241E-011
   165.335625000000        -1.244822662321394E-010
   165.549375000000        -1.504460126036493E-010
   165.763125000000        -1.766003813186048E-010
   165.976875000000        -2.021706071276190E-010
   166.190625000000        -2.264175093241731E-010
   166.404375000000        -2.486634108371623E-010
   166.618125000000        -2.683146031362532E-010
   166.831875000000        -2.848793925552535E-010
   167.045625000000        -2.979810338210609E-010
   167.259375000000        -3.073651639709865E-010
   167.473125000000        -3.129016743603320E-010
   167.686875000000        -3.145812787718928E-010
   167.900625000000        -3.125073306265828E-010
   168.114375000000        -3.068836925479631E-010
   168.328125000000        -2.979996507348461E-010
   168.541875000000        -2.862129827156610E-010
   168.755625000000        -2.719323232598373E-010
   168.969375000000        -2.555999284003606E-010
   169.183125000000        -2.376758164258820E-010
   169.396875000000        -2.186240776164115E-010
   169.610625000000        -1.989019065140745E-010
   169.824375000000        -1.789516404288919E-010
   170.038125000000        -1.591958067712664E-010
   170.251875000000        -1.400349114915960E-010
   170.465625000000        -1.218474622833609E-010
   170.679375000000        -1.049915316553970E-010
   170.893125000000        -8.980704099405777E-011
   171.106875000000        -7.661789682372062E-011
   171.320625000000        -6.573313845230230E-011
   171.534375000000        -5.744635991992918E-011
   171.748125000000        -5.203284075464596E-011
   171.961875000000        -4.974404644820026E-011
   172.175625000000        -5.079942364768823E-011
   172.389375000000        -5.537569685374325E-011
   172.603125000000        -6.359415164493235E-011
   172.816875000000        -7.550664307617179E-011
   173.030625000000        -9.108127763687356E-011
   173.244375000000        -1.101888667889168E-010
   173.458125000000        -1.325913275632002E-010
   173.671875000000        -1.579332037754915E-010
   173.885625000000        -1.857373981574451E-010
   174.099375000000        -2.154060443319651E-010
   174.313125000000        -2.462272161912626E-010
   174.526875000000        -2.773878831539797E-010
   174.740625000000        -3.079931885962817E-010
   174.954375000000        -3.370917733860509E-010
   175.168125000000        -3.637065060506028E-010
   175.381875000000        -3.868696350226161E-010
   175.595625000000        -4.056610652211939E-010
   175.809375000000        -4.192481979369666E-010
   176.023125000000        -4.269255743501657E-010
   176.236875000000        -4.281524409992717E-010
   176.450625000000        -4.225863189742936E-010
   176.664375000000        -4.101107129700612E-010
   176.878125000000        -3.908552434619205E-010
   177.091875000000        -3.652067233249541E-010
   177.305625000000        -3.338100236056747E-010
   177.519375000000        -2.975579724650634E-010
   177.733125000000        -2.575699933555964E-010
   177.946875000000        -2.151596964125297E-010
   178.160625000000        -1.717921705436260E-010
   178.374375000000        -1.290322595016127E-010
   178.588125000000        -8.848561768228207E-011
   178.801875000000        -5.173480343841013E-011
   179.015625000000        -2.027305202252921E-011
   179.229375000000         4.561349246579322E-012
   179.443125000000         2.164700763980243E-011
   179.656875000000         3.013461001041764E-011
   179.870625000000         2.949241333420642E-011
   180.084375000000         1.953942146948370E-011
   180.298125000000         4.641004772722038E-013
   180.511875000000        -2.717289969391645E-011
   180.725625000000        -6.245281448695834E-011
   180.939375000000        -1.041296018326771E-010
   181.153125000000        -1.506766596924903E-010
   181.366875000000        -2.003476765272412E-010
   181.580625000000        -2.512490621598374E-010
   181.794375000000        -3.014207076670066E-010
   182.008125000000        -3.489212777835988E-010
   182.221875000000        -3.919138882330312E-010
   182.435625000000        -4.287478934212997E-010
   182.649375000000        -4.580326239271094E-010
   182.863125000000        -4.786992699990569E-010
   183.076875000000        -4.900476926669051E-010
   183.290625000000        -4.917757281905690E-010
   183.504375000000        -4.839894902278358E-010
   183.718125000000        -4.671942114357471E-010
   183.931875000000        -4.422662382758997E-010
   184.145625000000        -4.104078318671660E-010
   184.359375000000        -3.730873671425753E-010
   184.573125000000        -3.319683015041260E-010
   184.786875000000        -2.888308521901830E-010
   185.000625000000        -2.454906424332672E-010
   185.214375000000        -2.037186309556050E-010
   185.428125000000        -1.651664267442807E-010
   185.641875000000        -1.313006293835722E-010
   185.855625000000        -1.033491599227667E-010
   186.069375000000        -8.226170851612645E-011
   186.283125000000        -6.868548406574194E-011
   186.496875000000        -6.295647535698361E-011
   186.710625000000        -6.510549146644771E-011
   186.924375000000        -7.487740635882934E-011
   187.138125000000        -9.176134459176346E-011
   187.351875000000        -1.150290550203133E-010
   187.565625000000        -1.437784544556433E-010
   187.779375000000        -1.769792927364564E-010
   187.993125000000        -2.135180858273626E-010
   188.206875000000        -2.522398584869600E-010
   188.420625000000        -2.919847921553586E-010
   188.634375000000        -3.316185351701788E-010
   188.848125000000        -3.700556424773361E-010
   189.061875000000        -4.062763097425250E-010
   189.275625000000        -4.393371939644138E-010
   189.489375000000        -4.683776183520426E-010
   189.703125000000        -4.926228035085584E-010
   189.916875000000        -5.113859241190849E-010
   190.130625000000        -5.240707505551828E-010
   190.344375000000        -5.301764047484045E-010
   190.558125000000        -5.293053617795590E-010
   190.771875000000        -5.211752991518768E-010
   190.985625000000        -5.056347818354107E-010
   191.199375000000        -4.826821272157415E-010
   191.413125000000        -4.524861773022080E-010
   191.626875000000        -4.154071717009709E-010
   191.840625000000        -3.720155139126276E-010
   192.054375000000        -3.231059958423139E-010
   192.268125000000        -2.697050186577831E-010
   192.481875000000        -2.130685350221032E-010
   192.695625000000        -1.546688349373866E-010
   192.909375000000        -9.616888559445452E-011
   193.123125000000        -3.938368044885391E-011
   193.336875000000         1.377109277852301E-011
   193.550625000000         6.134184801972040E-011
   193.764375000000         1.014092456604945E-010
   193.978125000000         1.321667471156590E-010
   194.191875000000         1.520019513214694E-010
   194.405625000000         1.595765863827711E-010
   194.619375000000         1.539007642041885E-010
   194.833125000000         1.343971035703107E-010
   195.046875000000         1.009506009003140E-010
   195.260625000000         5.394067307169861E-011
   195.474375000000        -5.747409415518888E-012
   195.688125000000        -7.673347778079309E-011
   195.901875000000        -1.571764303506823E-010
   196.115625000000        -2.448305841123422E-010
   196.329375000000        -3.371225290768831E-010
   196.543125000000        -4.312454057657013E-010
   196.756875000000        -5.242664683824506E-010
   196.970625000000        -6.132429458112771E-010
   197.184375000000        -6.953406269489000E-010
   197.398125000000        -7.679493182367532E-010
   197.611875000000        -8.287893734947973E-010
   197.825625000000        -8.760038829130675E-010
   198.039375000000        -9.082318120966218E-010
   198.253125000000        -9.246583660022404E-010
   198.466875000000        -9.250400609912875E-010
   198.680625000000        -9.097033508168646E-010
   198.894375000000        -8.795170884814653E-010
   199.108125000000        -8.358405294985478E-010
   199.321875000000        -7.804499072618597E-010
   199.535625000000        -7.154477577576935E-010
   199.749375000000        -6.431600694516173E-010
   199.963125000000        -5.660269309970493E-010
   200.176875000000        -4.864926095782308E-010
   200.390625000000        -4.069009025894534E-010
   200.604375000000        -3.294011734357845E-010
   200.818125000000        -2.558697384539355E-010
   201.031875000000        -1.878502656298945E-010
   201.245625000000        -1.265156423088930E-010
   201.459375000000        -7.265244546022615E-011
   201.673125000000        -2.666778776167253E-011
   201.886875000000         1.138299975259843E-011
   202.100625000000         4.175057260109108E-011
   202.314375000000         6.493137644961982E-011
   202.528125000000         8.159749353018262E-011
   202.741875000000         9.252141629067933E-011
   202.955625000000         9.850076095987616E-011
   203.169375000000         1.002877509833839E-010
   203.383125000000         9.852782712847453E-011
   203.596875000000         9.371101570801893E-011
   203.810625000000         8.613876169253504E-011
   204.024375000000         7.590787302274932E-011
   204.238125000000         6.291209598695986E-011
   204.451875000000         4.686072038649298E-011
   204.665625000000         2.731256558304801E-011
   204.879375000000         3.722785317587746E-012
   205.093125000000        -2.450079948442234E-011
   205.306875000000        -5.793563819447741E-011
   205.520625000000        -9.708072123825679E-011
   205.734375000000        -1.422952631157973E-010
   205.948125000000        -1.937436531794832E-010
   206.161875000000        -2.513500896845164E-010
   206.375625000000        -3.147656907620640E-010
   206.589375000000        -3.833501156687576E-010
   206.803125000000        -4.561688801295509E-010
   207.016875000000        -5.320066625061785E-010
   207.230625000000        -6.093960239264249E-010
   207.444375000000        -6.866601528947516E-010
   207.658125000000        -7.619675347625598E-010
   207.871875000000        -8.333958723191403E-010
   208.085625000000        -8.990021699476087E-010
   208.299375000000        -9.568956545454622E-010
   208.513125000000        -1.005310145874866E-009
   208.726875000000        -1.042672601604486E-009
   208.940625000000        -1.067664833629840E-009
   209.154375000000        -1.079275800369740E-009
   209.368125000000        -1.076842396728338E-009
   209.581875000000        -1.060077257201607E-009
   209.795625000000        -1.029082723818450E-009
   210.009375000000        -9.843507744811117E-010
   210.223125000000        -9.267493255084426E-010
   210.436875000000        -8.574958846512751E-010
   210.650625000000        -7.781200120548699E-010
   210.864375000000        -6.904164269603973E-010
   211.078125000000        -5.963908644690421E-010
   211.291875000000        -4.982009337612298E-010
   211.505625000000        -3.980942583829069E-010
   211.719375000000        -2.983460991218719E-010
   211.933125000000        -2.011984852812893E-010
   212.146875000000        -1.088026304560522E-010
   212.360625000000        -2.316610732135469E-011
   212.574375000000         5.389407275983449E-011
   212.788125000000         1.207916607025920E-010
   213.001875000000         1.762041477645655E-010
   213.215625000000         2.190982895038048E-010
   213.429375000000         2.487481642180556E-010
   213.643125000000         2.647459143461492E-010
   213.856875000000         2.670054185416025E-010
   214.070625000000         2.557591864887470E-010
   214.284375000000         2.315487696674987E-010
   214.498125000000         1.952089554152530E-010
   214.711875000000         1.478459778723486E-010
   214.925625000000         9.080995762310774E-011
   215.139375000000         2.566179055443110E-011
   215.353125000000        -4.586523939381052E-011
   215.566875000000        -1.219087397766951E-010
   215.780625000000        -2.005248308606176E-010
   215.994375000000        -2.797393383190027E-010
   216.208125000000        -3.576015275955786E-010
   216.421875000000        -4.322390701584239E-010
   216.635625000000        -5.019126569023154E-010
   216.849375000000        -5.650684328819466E-010
   217.063125000000        -6.203862502647872E-010
   217.276875000000        -6.668216509505406E-010
   217.490625000000        -7.036395201290702E-010
   217.704375000000        -7.304375133037348E-010
   217.918125000000        -7.471576587995006E-010
   218.131875000000        -7.540849715529389E-010
   218.345625000000        -7.518324667907934E-010
   218.559375000000        -7.413126078931391E-010
   218.773125000000        -7.236959256086152E-010
   218.986875000000        -7.003582628269276E-010
   219.200625000000        -6.728187829262365E-010
   219.414375000000        -6.426714819750864E-010
   219.628125000000        -6.115134201890297E-010
   219.841875000000        -5.808731967734639E-010
   220.055625000000        -5.521433049707620E-010
   220.269375000000        -5.265199033372284E-010
   220.483125000000        -5.049532215729355E-010
   220.696875000000        -4.881112959678218E-010
   220.910625000000        -4.763590265481611E-010
   221.124375000000        -4.697537042529206E-010
   221.338125000000        -4.680572216269759E-010
   221.551875000000        -4.707642118252180E-010
   221.765625000000        -4.771444191762245E-010
   221.979375000000        -4.862967507933908E-010
   222.193125000000        -4.972117488666614E-010
   222.406875000000        -5.088387050321409E-010
   222.620625000000        -5.201533475516571E-010
   222.834375000000        -5.302219905537572E-010
   223.048125000000        -5.382582479523264E-010
   223.261875000000        -5.436688720320965E-010
   223.475625000000        -5.460859513072774E-010
   223.689375000000        -5.453835530701390E-010
   223.903125000000        -5.416778703232083E-010
   224.116875000000        -5.353109695199485E-010
   224.330625000000        -5.268192693831010E-010
   224.544375000000        -5.168888466043852E-010
   224.758125000000        -5.063005002094399E-010
   224.971875000000        -4.958681597179965E-010
   225.185625000000        -4.863746514768702E-010
   225.399375000000        -4.785090155277581E-010
   225.613125000000        -4.728094809700417E-010
   225.826875000000        -4.696158665960896E-010
   226.040625000000        -4.690345975312681E-010
   226.254375000000        -4.709187544518081E-010
   226.468125000000        -4.748646488075442E-010
   226.681875000000        -4.802254035962902E-010
   226.895625000000        -4.861409781694992E-010
   227.109375000000        -4.915830719852588E-010
   227.323125000000        -4.954124378091487E-010
   227.536875000000        -4.964453842512109E-010
   227.750625000000        -4.935256949502795E-010
   227.964375000000        -4.855978682900325E-010
   228.178125000000        -4.717775034705628E-010
   228.391875000000        -4.514148266248488E-010
   228.605625000000        -4.241477496663875E-010
   228.819375000000        -3.899414558535994E-010
   229.033125000000        -3.491122690249406E-010
   229.246875000000        -3.023344386198839E-010
   229.460625000000        -2.506294051065034E-010
   229.674375000000        -1.953380437880736E-010
   229.888125000000        -1.380772647167338E-010
   230.101875000000        -8.068312364422402E-011
   230.315625000000        -2.514323303594741E-011
   230.529375000000         2.647827675863810E-011
   230.743125000000         7.211972594370393E-011
   230.956875000000         1.098011892239651E-010
   231.170625000000         1.377006567617036E-010
   231.384375000000         1.542238608994571E-010
   231.598125000000         1.580650093718259E-010
   231.811875000000         1.482562087017091E-010
   232.025625000000         1.242039776449937E-010
   232.239375000000         8.571190076814873E-011
   232.453125000000         3.298911867703730E-011
   232.666875000000        -3.335504012739453E-011
   232.880625000000        -1.123294389591063E-010
   233.094375000000        -2.025912239783070E-010
   233.308125000000        -3.024859754162353E-010
   233.521875000000        -4.100960259585692E-010
   233.735625000000        -5.232949194501164E-010
   233.949375000000        -6.398059501320884E-010
   234.163125000000        -7.572627781659531E-010
   234.376875000000        -8.732702452762819E-010
   234.590625000000        -9.854636969913551E-010
   234.804375000000        -1.091565336744607E-009
   235.018125000000        -1.189436374516613E-009
   235.231875000000        -1.277123973300456E-009
   235.445625000000        -1.352902227899865E-009
   235.659375000000        -1.415306623219329E-009
   235.873125000000        -1.463161607582056E-009
   236.086875000000        -1.495601078352523E-009
   236.300625000000        -1.512081712788454E-009
   236.514375000000        -1.512389189434608E-009
   236.728125000000        -1.496637438888686E-009
   236.941875000000        -1.465261142604491E-009
   237.155625000000        -1.419001769804569E-009
   237.369375000000        -1.358887510252943E-009
   237.583125000000        -1.286207528248582E-009
   237.796875000000        -1.202481033055909E-009
   238.010625000000        -1.109421733929537E-009
   238.224375000000        -1.008898323326223E-009
   238.438125000000        -9.028917079973292E-010
   238.651875000000        -7.934497816487992E-010
   238.865625000000        -6.826406013916741E-010
   239.079375000000        -5.725048897319305E-010
   239.293125000000        -4.650088309553601E-010
   239.506875000000        -3.619981624653766E-010
   239.720625000000        -2.651545755477122E-010
   239.934375000000        -1.759554344616866E-010
   240.148125000000        -9.563779663215758E-011
   240.361875000000        -2.516766949731995E-011
   240.575625000000         3.478462895109931E-011
   240.789375000000         8.386222878998932E-011
   241.003125000000         1.220319201845275E-010
   241.216875000000         1.495862861761809E-010
   241.430625000000         1.671373789154548E-010
   241.644375000000         1.756017399213359E-010
   241.858125000000         1.761767656276279E-010
   242.071875000000         1.703086424427559E-010
   242.285625000000         1.596523191719270E-010
   242.499375000000         1.460242456197340E-010
   242.713125000000         1.313488790262067E-010
   242.926875000000         1.176002366537566E-010
   243.140625000000         1.067400425558478E-010
   243.354375000000         1.006542658719005E-010
   243.568125000000         1.010900611854099E-010
   243.781875000000         1.095952813007061E-010
   243.995625000000         1.274628215327886E-010
   244.209375000000         1.556820554764136E-010
   244.423125000000         1.948995209313832E-010
   244.636875000000         2.453908010723683E-010
   244.850625000000         3.070452156804258E-010
   245.064375000000         3.793644930440084E-010
   245.278125000000         4.614760458455818E-010
   245.491875000000         5.521608433837642E-010
   245.705625000000         6.498951855857041E-010
   245.919375000000         7.529049765773573E-010
   246.133125000000         8.592304079443153E-010
   246.346875000000         9.667983384124215E-010
   246.560625000000         1.073499142087577E-009
   246.774375000000         1.177264433296790E-009
   246.988125000000         1.276141897804233E-009
   247.201875000000         1.368363493440165E-009
   247.415625000000         1.452403541192610E-009
   247.629375000000         1.527023709167637E-009
   247.843125000000         1.591302579333100E-009
   248.056875000000         1.644648347627531E-009
   248.270625000000         1.686794194271110E-009
   248.484375000000         1.717776913295339E-009
   248.698125000000         1.737900440275932E-009
   248.911875000000         1.747686892952526E-009
   249.125625000000         1.747818570049005E-009
   249.339375000000         1.739074975043805E-009
   249.553125000000         1.722269291666089E-009
   249.766875000000         1.698188800817232E-009
   249.980625000000         1.667543478840520E-009
   250.194375000000         1.630926461272137E-009
   250.408125000000         1.588789223920500E-009
   250.621875000000         1.541433275466802E-009
   250.835625000000         1.489018942518559E-009
   251.049375000000         1.431590543006973E-009
   251.263125000000         1.369115979030671E-009
   251.476875000000         1.301537629225863E-009
   251.690625000000         1.228830471400772E-009
   251.904375000000         1.151062693952990E-009
   252.118125000000         1.068453716362160E-009
   252.331875000000         9.814245682946894E-010
   252.545625000000         8.906359805457672E-010
   252.759375000000         7.970102985300893E-010
   252.973125000000         7.017343930573208E-010
   253.186875000000         6.062420429087187E-010
   253.400625000000         5.121757099120677E-010
   253.614375000000         4.213291183031282E-010
   253.828125000000         3.355734799649888E-010
   254.041875000000         2.567714725756956E-010
   254.255625000000         1.866840864347587E-010
   254.469375000000         1.268761329962122E-010
   254.683125000000         7.862650215225541E-011
   254.896875000000         4.284914108365254E-011
   255.110625000000         2.003020848838550E-011
   255.324375000000         1.018596576427785E-011
   255.538125000000         1.284475844776674E-011
   255.751875000000         2.705499550518595E-011
   255.965625000000         5.141944527489026E-011
   256.179375000000         8.415453838768827E-011
   256.393125000000         1.231718052303236E-010
   256.606875000000         1.661771787545564E-010
   256.820625000000         2.107827513819900E-010
   257.034375000000         2.546247590280549E-010
   257.248125000000         2.954811261812148E-010
   257.461875000000         3.313818698443222E-010
   257.675625000000         3.607060282053249E-010
   257.889375000000         3.822595287825558E-010
   258.103125000000         3.953294944481948E-010
   258.316875000000         3.997118386556320E-010
   258.530625000000         3.957105425694635E-010
   258.744375000000         3.841086454045177E-010
   258.958125000000         3.661126188157410E-010
   259.171875000000         3.432733406955617E-010
   259.385625000000         3.173882429610339E-010
   259.599375000000         2.903903022213781E-010
   259.813125000000         2.642303070020628E-010
   260.026875000000         2.407592245093075E-010
   260.240625000000         2.216174791465955E-010
   260.454375000000         2.081375425411521E-010
   260.668125000000         2.012654425765419E-010
   260.881875000000         2.015056714324144E-010
   261.095625000000         2.088925751231530E-010
   261.309375000000         2.229897220478077E-010
   261.523125000000         2.429170709954354E-010
   261.736875000000         2.674040926272407E-010
   261.950625000000         2.948654465463768E-010
   262.164375000000         3.234944770520335E-010
   262.378125000000         3.513687508639156E-010
   262.591875000000         3.765611876115783E-010
   262.805625000000         3.972500734763404E-010
   263.019375000000         4.118214177167602E-010
   263.233125000000         4.189576995016707E-010
   263.446875000000         4.177080181419750E-010
   263.660625000000         4.075359363654485E-010
   263.874375000000         3.883428042921263E-010
   264.088125000000         3.604659657253163E-010
   264.301875000000         3.246528643589237E-010
   264.515625000000         2.820135717614307E-010
   264.729375000000         2.339555466842493E-010
   264.943125000000         1.821054186137433E-010
   265.156875000000         1.282232038292159E-010
   265.370625000000         7.411457488727221E-011
   265.584375000000         2.154661147438036E-011
   265.798125000000        -2.782810930299495E-011
   266.011875000000        -7.253511415511879E-011
   266.225625000000        -1.113264839966276E-010
   266.439375000000        -1.432125772822544E-010
   266.653125000000        -1.674767497027029E-010
   266.866875000000        -1.836740219045824E-010
   267.080625000000        -1.916157092376531E-010
   267.294375000000        -1.913428475848645E-010
   267.508125000000        -1.830917750186426E-010
   267.721875000000        -1.672554363395372E-010
   267.935625000000        -1.443438716370694E-010
   268.149375000000        -1.149469635177977E-010
   268.363125000000        -7.970190654023393E-011
   268.576875000000        -3.926709969490879E-011
   268.790625000000         5.696669162347878E-012
   269.004375000000         5.453769578805916E-011
   269.218125000000         1.066181651359029E-010
   269.431875000000         1.613135410725303E-010
   269.645625000000         2.180081711311094E-010
   269.859375000000         2.760889025303318E-010
   270.073125000000         3.349384603754358E-010
   270.286875000000         3.939301087353287E-010
   270.500625000000         4.524247436901941E-010
   270.714375000000         5.097711100981995E-010
   270.928125000000         5.653093516741757E-010
   271.141875000000         6.183776561430630E-010
   271.355625000000         6.683213944297660E-010
   271.569375000000         7.145039119026867E-010
   271.783125000000         7.563180298825717E-010
   271.996875000000         7.931973571684889E-010
   272.210625000000         8.246266761006587E-010
   272.424375000000         8.501509221333980E-010
   272.638125000000         8.693825757558009E-010
   272.851875000000         8.820075817804304E-010
   273.065625000000         8.877901560503370E-010
   273.279375000000         8.865769938467267E-010
   273.493125000000         8.783014311266229E-010
   273.706875000000         8.629880192926147E-010
   273.920625000000         8.407577649011843E-010
   274.134375000000         8.118339835958398E-010
   274.348125000000         7.765483634184377E-010
   274.561875000000         7.353464773066963E-010
   274.775625000000         6.887916826518550E-010
   274.989375000000         6.375661488633492E-010
   275.203125000000         5.824677037906880E-010
   275.416875000000         5.244013127997946E-010
   275.630625000000         4.643643066803253E-010
   275.844375000000         4.034249408972049E-010
   276.058125000000         3.426944621092279E-010
   276.271875000000         2.832935230573721E-010
   276.485625000000         2.263144554381850E-010
   276.699375000000         1.727815077186012E-010
   276.913125000000         1.236116085621988E-010
   277.126875000000         7.957846451163989E-011
   277.340625000000         4.128279858903185E-011
   277.554375000000         9.131264136123891E-012
   277.768125000000        -1.667396747306875E-011
   277.981875000000        -3.613371048836411E-011
   278.195625000000        -4.943805605690861E-011
   278.409375000000        -5.694116373551501E-011
   278.623125000000        -5.912627272260087E-011
   278.836875000000        -5.656355096346574E-011
   279.050625000000        -4.986409838369499E-011
   279.264375000000        -3.963384173215333E-011
   279.478125000000        -2.643115110370719E-011
   279.691875000000        -1.073175111763065E-011
   279.905625000000         7.096094191660405E-012
   280.119375000000         2.680402792892633E-011
   280.333125000000         4.826268150751985E-011
   280.546875000000         7.144760583504522E-011
   280.760625000000         9.641348111391074E-011
   280.974375000000         1.232591321125219E-010
   281.188125000000         1.520867520317215E-010
   281.401875000000         1.829593050131867E-010
   281.615625000000         2.158602762657141E-010
   281.829375000000         2.506597460490556E-010
   282.043125000000         2.870901934821481E-010
   282.256875000000         3.247345393276700E-010
   282.470625000000         3.630277967729568E-010
   282.684375000000         4.012724233364900E-010
   282.898125000000         4.386661768939608E-010
   283.111875000000         4.743400980855353E-010
   283.325625000000         5.074032837319174E-010
   283.539375000000         5.369904739583498E-010
   283.753125000000         5.623082119486675E-010
   283.966875000000         5.826754757964481E-010
   284.180625000000         5.975552141283719E-010
   284.394375000000         6.065740907979764E-010
   284.608125000000         6.095288760385232E-010
   284.821875000000         6.063792044072463E-010
   285.035625000000         5.972277317332841E-010
   285.249375000000         5.822899395436961E-010
   285.463125000000         5.618568407158662E-010
   285.676875000000         5.362545390438371E-010
   285.890625000000         5.058049215205665E-010
   286.104375000000         4.707916838113697E-010
   286.318125000000         4.314354125594814E-010
   286.531875000000         3.878806154520245E-010
   286.745625000000         3.401964764678523E-010
   286.959375000000         2.883918198042830E-010
   287.173125000000         2.324434079436302E-010
   287.386875000000         1.723353987545525E-010
   287.600625000000         1.081066593417976E-010
   287.814375000000         3.990178057303170E-011
   288.028125000000        -3.197886868994103E-011
   288.241875000000        -1.070348199641596E-010
   288.455625000000        -1.845313957664217E-010
   288.669375000000        -2.634796196465413E-010
   288.883125000000        -3.426329566685631E-010
   289.096875000000        -4.205024583965103E-010
   289.310625000000        -4.953905105332073E-010
   289.524375000000        -5.654419785994901E-010
   289.738125000000        -6.287102300405585E-010
   289.951875000000        -6.832343836348057E-010
   290.165625000000        -7.271232854651323E-010
   290.379375000000        -7.586411973206883E-010
   290.593125000000        -7.762900419173797E-010
   290.806875000000        -7.788832827799242E-010
   291.020625000000        -7.656070979686654E-010
   291.234375000000        -7.360653820492159E-010
   291.448125000000        -6.903062041003332E-010
   291.661875000000        -6.288285707162911E-010
   291.875625000000        -5.525695947262185E-010
   292.089375000000        -4.628733571372083E-010
   292.303125000000        -3.614437855046908E-010
   292.516875000000        -2.502846867513223E-010
   292.730625000000        -1.316306181094570E-010
   292.944375000000        -7.872532704902772E-012
   293.158125000000         1.185179018239069E-010
   293.371875000000         2.450617164731427E-010
   293.585625000000         3.693407124569812E-010
   293.799375000000         4.890577967899843E-010
   294.013125000000         6.020879528953501E-010
   294.226875000000         7.065189970184915E-010
   294.440625000000         8.006819979927541E-010
   294.654375000000         8.831718554617142E-010
   294.868125000000         9.528589995104671E-010
   295.081875000000         1.008893470910369E-009
   295.295625000000         1.050702763432808E-009
   295.509375000000         1.077984773834005E-009
   295.723125000000         1.090697042312311E-009
   295.936875000000         1.089043218388778E-009
   296.150625000000         1.073457401421523E-009
   296.364375000000         1.044586727953232E-009
   296.578125000000         1.003272350399284E-009
   296.791875000000         9.505288032106259E-010
   297.005625000000         8.875216998557254E-010
   297.219375000000         8.155437478949445E-010
   297.433125000000         7.359891965581923E-010
   297.646875000000         6.503270156993929E-010
   297.860625000000         5.600733123081631E-010
   298.074375000000         4.667636826421944E-010
   298.288125000000         3.719263377130417E-010
   298.501875000000         2.770568970853052E-010
   298.715625000000         1.835957013558087E-010
   298.929375000000         9.290834170019580E-011
   299.143125000000         6.269855026855689E-012
   299.356875000000        -7.514729044372073E-011
   299.570625000000        -1.502816559259098E-010
   299.784375000000        -2.181883312800817E-010
   299.998125000000        -2.780423671628087E-010
   300.211875000000        -3.291412399138165E-010
   300.425625000000        -3.709075218611933E-010
   300.639375000000        -4.028928481736729E-010
   300.853125000000        -4.247840303714835E-010
   301.066875000000        -4.364117798140845E-010
   301.280625000000        -4.377620040069873E-010
   301.494375000000        -4.289890724930215E-010
   301.708125000000        -4.104298771579695E-010
   301.921875000000        -3.826169995433007E-010
   302.135625000000        -3.462889098062156E-010
   302.349375000000        -3.023949148813243E-010
   302.563125000000        -2.520925892105059E-010
   302.776875000000        -1.967356822493962E-010
   302.990625000000        -1.378510015130391E-010
   303.204375000000        -7.710349211051462E-011
   303.418125000000        -1.624962384040405E-011
   303.631875000000         4.291981476491646E-011
   303.845625000000         9.864541359388998E-011
   304.059375000000         1.492703017874824E-010
   304.273125000000         1.933129852928841E-010
   304.486875000000         2.295375603280193E-010
   304.700625000000         2.570167949462711E-010
   304.914375000000         2.751837074390757E-010
   305.128125000000         2.838677581005965E-010
   305.341875000000         2.833125867844072E-010
   305.555625000000         2.741733198276233E-010
   305.769375000000         2.574927575421087E-010
   305.983125000000         2.346571393502103E-010
   306.196875000000         2.073335584799444E-010
   306.410625000000         1.773923511888949E-010
   306.624375000000         1.468188145058949E-010
   306.838125000000         1.176193270230448E-010
   307.051875000000         9.172730048717200E-011
   307.265625000000         7.091434804729284E-011
   307.479375000000         5.671162390513125E-011
   307.693125000000         5.034550781017056E-011
   307.906875000000         5.269074481544611E-011
   308.120625000000         6.424289743417293E-011
   308.334375000000         8.511062964965767E-011
   308.548125000000         1.150270304051769E-010
   308.761875000000         1.533780026940013E-010
   308.975625000000         1.992447822827768E-010
   309.189375000000         2.514569733167092E-010
   309.403125000000         3.086521338356005E-010
   309.616875000000         3.693379188145363E-010
   309.830625000000         4.319530677354567E-010
   310.044375000000         4.949240575195509E-010
   310.258125000000         5.567149595899271E-010
   310.471875000000         6.158688599158967E-010
   310.685625000000         6.710400386461116E-010
   310.899375000000         7.210168834131589E-010
   311.113125000000         7.647361639826145E-010
   311.326875000000         8.012897821748424E-010
   311.540625000000         8.299254097645183E-010
   311.754375000000         8.500425417370280E-010
   311.968125000000         8.611854470859091E-010
   312.181875000000         8.630343342463895E-010
   312.395625000000         8.553958121430362E-010
   312.609375000000         8.381934707887265E-010
   312.823125000000         8.114591713241462E-010
   313.036875000000         7.753254558558395E-010
   313.250625000000         7.300193774167828E-010
   313.464375000000         6.758580067410244E-010
   313.678125000000         6.132458754383629E-010
   313.891875000000         5.426746318865269E-010
   314.105625000000         4.647251773141836E-010
   314.319375000000         3.800724763791290E-010
   314.533125000000         2.894930686034398E-010
   314.746875000000         1.938750289436121E-010
   314.960625000000         9.422974215246156E-011
   315.174375000000        -8.295606813566113E-012
   315.388125000000        -1.124064173778590E-010
   315.601875000000        -2.166519833839979E-010
   315.815625000000        -3.194221302309869E-010
   316.029375000000        -4.189517489553413E-010
   316.243125000000        -5.133357177675511E-010
   316.456875000000        -6.005563303043856E-010
   316.670625000000        -6.785246711937240E-010
   316.884375000000        -7.451364125112825E-010
   317.098125000000        -7.983413049895313E-010
   317.311875000000        -8.362242953652520E-010
   317.525625000000        -8.570948336484596E-010
   317.739375000000        -8.595796761999532E-010
   317.953125000000        -8.427134810290022E-010
   318.166875000000        -8.060208583970489E-010
   318.380625000000        -7.495833846363076E-010
   318.594375000000        -6.740854733592129E-010
   318.808125000000        -5.808339409106074E-010
   319.021875000000        -4.717475636004426E-010
   319.235625000000        -3.493148115370317E-010
   319.449375000000        -2.165201192921884E-010
   319.663125000000        -7.674134282661859E-011
   319.876875000000         6.637673970341411E-011
   320.090625000000         2.090660954776532E-010
   320.304375000000         3.475880130671887E-010
   320.518125000000         4.783854582764791E-010
   320.731875000000         5.982259098530171E-010
   320.945625000000         7.043259353051220E-010
   321.159375000000         7.944500262571729E-010
   321.373125000000         8.669780742976884E-010
   321.586875000000         9.209381789925346E-010
   321.800625000000         9.560040436690061E-010
   322.014375000000         9.724588109674715E-010
   322.228125000000         9.711295941604267E-010
   322.441875000000         9.532989642333056E-010
   322.655625000000         9.206010861006329E-010
   322.869375000000         8.749109427878338E-010
   323.083125000000         8.182350910665527E-010
   323.296875000000         7.526116722954716E-010
   323.510625000000         6.800260418512191E-010
   323.724375000000         6.023465221351086E-010
   323.938125000000         5.212826148917735E-010
   324.151875000000         4.383657416704031E-010
   324.365625000000         3.549504348937377E-010
   324.579375000000         2.722320780179251E-010
   324.793125000000         1.912759575990231E-010
   325.006875000000         1.130516569324752E-010
   325.220625000000         3.846674226251317E-011
   325.434375000000        -3.160574609506673E-011
   325.648125000000        -9.631036238313082E-011
   325.861875000000        -1.548056971788394E-010
   326.075625000000        -2.062752001267798E-010
   326.289375000000        -2.499515278273125E-010
   326.503125000000        -2.851518376169693E-010
   326.716875000000        -3.113200444342180E-010
   326.930625000000        -3.280711174580834E-010
   327.144375000000        -3.352321079735863E-010
   327.358125000000        -3.328748024762309E-010
   327.571875000000        -3.213356556399874E-010
   327.785625000000        -3.012198884057351E-010
   327.999375000000        -2.733882007774951E-010
   328.213125000000        -2.389262772951091E-010
   328.426875000000        -1.990989709311505E-010
   328.640625000000        -1.552925583958041E-010
   328.854375000000        -1.089496103271330E-010
   329.068125000000        -6.150169745892369E-011
   329.281875000000        -1.430529441123443E-011
   329.495625000000         3.141415977124417E-011
   329.709375000000         7.460597873488157E-011
   329.923125000000         1.144229387369106E-010
   330.136875000000         1.502337208844630E-010
   330.350625000000         1.816194258862015E-010
   330.564375000000         2.083560060584942E-010
   330.778125000000         2.303857091174173E-010
   330.991875000000         2.477814957641431E-010
   331.205625000000         2.607087954285640E-010
   331.419375000000         2.693888723025870E-010
   331.633125000000         2.740675133999831E-010
   331.846875000000         2.749918004413751E-010
   332.060625000000         2.723965091359429E-010
   332.274375000000         2.665003425146031E-010
   332.488125000000         2.575109098988719E-010
   332.701875000000         2.456362627977200E-010
   332.915625000000         2.311000212709089E-010
   333.129375000000         2.141567570677280E-010
   333.343125000000         1.951043813851066E-010
   333.556875000000         1.742907996673760E-010
   333.770625000000         1.521129758311252E-010
   333.984375000000         1.290076820615655E-010
   334.198125000000         1.054344554904969E-010
   334.411875000000         8.185248308620752E-011
   334.625625000000         5.869413862199027E-011
   334.839375000000         3.633857041973222E-011
   335.053125000000         1.508899301492688E-011
   335.266875000000        -4.842873984686065E-012
   335.480625000000        -2.334244034083912E-011
   335.694375000000        -4.038622681107148E-011
   335.908125000000        -5.602379943178449E-011
   336.121875000000        -7.034872519886238E-011
   336.335625000000        -8.346104734056986E-011
   336.549375000000        -9.542500788929203E-011
   336.763125000000        -1.062266266096078E-010
   336.976875000000        -1.157361648893414E-010
   337.190625000000        -1.236803948456772E-010
   337.404375000000        -1.296289469113606E-010
   337.618125000000        -1.329978700563099E-010
   337.831875000000        -1.330720070399495E-010
   338.045625000000        -1.290460051892372E-010
   338.259375000000        -1.200819222401214E-010
   338.473125000000        -1.053796290026065E-010
   338.686875000000        -8.425473090029041E-011
   338.900625000000        -5.621767871680193E-011
   339.114375000000        -2.104722520004542E-011
   339.328125000000         2.114853199968858E-011
   339.541875000000         6.988959583018617E-011
   339.755625000000         1.243048453062277E-010
   339.969375000000         1.831393033369529E-010
   340.183125000000         2.447890765553984E-010
