  -1.60312500000000        -5.965920752773584E-018
  -1.38937500000000        -5.956855727209929E-018
  -1.17562500000000        -5.923450079497704E-018
 -0.961875000000000        -5.846745693444819E-018
 -0.748125000000000        -5.933500390561266E-018
 -0.534375000000000        -7.987173409554590E-018
 -0.320625000000000        -2.125141297411532E-017
 -0.106875000000000        -8.222897933025611E-017
  0.106875000000000        -3.078680550690767E-016
  0.320625000000000        -1.015952593118185E-015
  0.534375000000000        -2.956366366621664E-015
  0.748125000000000        -7.688173088529416E-015
  0.961875000000000        -1.811186250230365E-014
   1.17562500000000        -3.913774220326386E-014
   1.38937500000000        -7.840661163428307E-014
   1.60312500000000        -1.469231495194254E-013
   1.81687500000000        -2.595308814781970E-013
   2.03062500000000        -4.350029220682313E-013
   2.24437500000000        -6.955509056064790E-013
   2.45812500000000        -1.065819711419812E-012
   2.67187500000000        -1.571151974315748E-012
   2.88562500000000        -2.235271585398601E-012
   3.09937500000000        -3.077438851492139E-012
   3.31312500000000        -4.109424745129224E-012
   3.52687500000000        -5.332629820675507E-012
   3.74062500000000        -6.735745550266636E-012
   3.95437500000000        -8.292925008813772E-012
   4.16812500000000        -9.963352434430236E-012
   4.38187500000000        -1.169206713412175E-011
   4.59562500000000        -1.341201849863645E-011
   4.80937500000000        -1.504705154813541E-011
   5.02312500000000        -1.651607629595914E-011
   5.23687500000000        -1.773705128054983E-011
   5.45062500000000        -1.863157812065287E-011
   5.66437500000000        -1.912827827644069E-011
   5.87812500000000        -1.916581073461540E-011
   6.09187500000000        -1.869420543160520E-011
   6.30562500000000        -1.767552200216555E-011
   6.51937500000000        -1.608301891294846E-011
   6.73312500000000        -1.390029549039459E-011
   6.94687500000000        -1.111950998954431E-011
   7.16062500000000        -7.740307487327973E-012
   7.37437500000000        -3.768871347616123E-012
   7.58812500000000         7.819146070403178E-013
   7.80187500000000         5.891902818778590E-012
   8.01562500000000         1.153233260984091E-011
   8.22937500000000         1.766449418753805E-011
   8.44312500000000         2.423865950723856E-011
   8.65687500000000         3.119349793584443E-011
   8.87062500000000         3.845683989507581E-011
   9.08437500000000         4.594753725989726E-011
   9.29812500000000         5.357893754005386E-011
   9.51187500000000         6.126290155154139E-011
   9.72562500000000         6.891485922011027E-011
   9.93937500000000         7.645865025131361E-011
   10.1531250000000         8.383102706387721E-011
   10.3668750000000         9.098527361137359E-011
   10.5806250000000         9.789308419040885E-011
   10.7943750000000         1.045453672204454E-010
   11.0081250000000         1.109513025564032E-010
   11.2218750000000         1.171363280093429E-010
   11.4356250000000         1.231396308685164E-010
   11.6493750000000         1.290112055168416E-010
   11.8631250000000         1.348092198085508E-010
   12.0768750000000         1.405978334640638E-010
   12.2906250000000         1.464456089820516E-010
   12.5043750000000         1.524240526990872E-010
   12.7181250000000         1.586066707231412E-010
   12.9318750000000         1.650671766095229E-010
   13.1456250000000         1.718777436912807E-010
   13.3593750000000         1.791059631246095E-010
   13.5731250000000         1.868111086169874E-010
   13.7868750000000         1.950397951690403E-010
   14.0006250000000         2.038213077367054E-010
   14.2143750000000         2.131632754081155E-010
   14.4281250000000         2.230483840380837E-010
   14.6418750000000         2.334328380252323E-010
   14.8556250000000         2.442465814270780E-010
   15.0693750000000         2.553960836429049E-010
   15.2831250000000         2.667691185180426E-010
   15.4968750000000         2.782412782754190E-010
   15.7106250000000         2.896836951634039E-010
   15.9243750000000         3.009706927223906E-010
   16.1381250000000         3.119872992658588E-010
   16.3518750000000         3.226354572232155E-010
   16.5656250000000         3.328384914218987E-010
   16.7793750000000         3.425433302987628E-010
   16.9931250000000         3.517214077627536E-010
   17.2068750000000         3.603678188343995E-010
   17.4206250000000         3.684994671956070E-010
   17.6343750000000         3.761525932757147E-010
   17.8481250000000         3.833803553997199E-010
   18.0618750000000         3.902505915131991E-010
   18.2756250000000         3.968436828982323E-010
   18.4893750000000         4.032506280812100E-010
   18.7031250000000         4.095711074015135E-010
   18.9168750000000         4.159109610932509E-010
   19.1306250000000         4.223789108449688E-010
   19.3443750000000         4.290824182763236E-010
   19.5581250000000         4.361228026047413E-010
   19.7718750000000         4.435894983837193E-010
   19.9856250000000         4.515542277169010E-010
   20.1993750000000         4.600660072775220E-010
   20.4131250000000         4.691469891195523E-010
   20.6268750000000         4.787903774626201E-010
   20.8406250000000         4.889604570482839E-010
   21.0543750000000         4.995949723949599E-010
   21.2681250000000         5.106096675825223E-010
   21.4818750000000         5.219049616077680E-010
   21.6956250000000         5.333732007062463E-010
   21.9093750000000         5.449067742167870E-010
   22.1231250000000         5.564052681771736E-010
   22.3368750000000         5.677815676528326E-010
   22.5506250000000         5.789662121700176E-010
   22.7643750000000         5.899096849646189E-010
   22.9781250000000         6.005830780819770E-010
   23.1918750000000         6.109764365397760E-010
   23.4056250000000         6.210964116646663E-010
   23.6193750000000         6.309626182125303E-010
   23.8331250000000         6.406040368237447E-010
   24.0468750000000         6.500554447560592E-010
   24.2606250000000         6.593543277133033E-010
   24.4743750000000         6.685382976875508E-010
   24.6881250000000         6.776431411980098E-010
   24.9018750000000         6.867013810797492E-010
   25.1156250000000         6.957411962541301E-010
   25.3293750000000         7.047853314617643E-010
   25.5431250000000         7.138502628166069E-010
   25.7568750000000         7.229454504085108E-010
   25.9706250000000         7.320726501660089E-010
   26.1843750000000         7.412253063744219E-010
   26.3981250000000         7.503883105016874E-010
   26.6118750000000         7.595382967349958E-010
   26.8256250000000         7.686443827396098E-010
   27.0393750000000         7.776693850316612E-010
   27.2531250000000         7.865715656937665E-010
   27.4668750000000         7.953067168566853E-010
   27.6806250000000         8.038303596259247E-010
   27.8943750000000         8.120998883187723E-010
   28.1081250000000         8.200762868088382E-010
   28.3218750000000         8.277259875322632E-010
   28.5356250000000         8.350214639978846E-010
   28.7493750000000         8.419422355250968E-010
   28.9631250000000         8.484746915863163E-010
   29.1768750000000         8.546120422071131E-010
   29.3906250000000         8.603535255737519E-010
   29.6043750000000         8.657039024462243E-010
   29.8181250000000         8.706722800007169E-010
   30.0318750000000         8.752713147596695E-010
   30.2456250000000         8.795157231210750E-010
   30.4593750000000         8.834208306318548E-010
   30.6731250000000         8.870011934817105E-010
   30.8868750000000         8.902691195642884E-010
   31.1006250000000         8.932330668446634E-010
   31.3143750000000         8.958966981433372E-010
   31.5281250000000         8.982577791590661E-010
   31.7418750000000         9.003079292222802E-010
   31.9556250000000         9.020331039982411E-010
   32.1693750000000         9.034144421647096E-010
   32.3831250000000         9.044300432262354E-010
   32.5968750000000         9.050568851284307E-010
   32.8106250000000         9.052732105580556E-010
   33.0243750000000         9.050606112851022E-010
   33.2381250000000         9.044056855121588E-010
   33.4518750000000         9.033008778786293E-010
   33.6656250000000         9.017445051952915E-010
   33.8793750000000         8.997399130885225E-010
   34.0931250000000         8.972934980712612E-010
   34.3068750000000         8.944124315243061E-010
   34.5206250000000         8.911024522413635E-010
   34.7343750000000         8.873657483562517E-010
   34.9481250000000         8.831999600082954E-010
   35.1618750000000         8.785981850048445E-010
   35.3756250000000         8.735505210548704E-010
   35.5893750000000         8.680468693158347E-010
   35.8031250000000         8.620804059743957E-010
   36.0168750000000         8.556517364262642E-010
   36.2306250000000         8.487724224749131E-010
   36.4443750000000         8.414673193378411E-010
   36.6581250000000         8.337753158047731E-010
   36.8718750000000         8.257473178550607E-010
   37.0856250000000         8.174425020043322E-010
   37.2993750000000         8.089217262276869E-010
   37.5131250000000         8.002398449129409E-010
   37.7268750000000         7.914371432221196E-010
   37.9406250000000         7.825310802063846E-010
   38.1543750000000         7.735102458878190E-010
   38.3681250000000         7.643301723677312E-010
   38.5818750000000         7.549134219065184E-010
   38.7956250000000         7.451528660028640E-010
   39.0093750000000         7.349185588964680E-010
   39.2231250000000         7.240677407572353E-010
   39.4368750000000         7.124564542582916E-010
   39.6506250000000         6.999517902928341E-010
   39.8643750000000         6.864431496111813E-010
   40.0781250000000         6.718514326106183E-010
   40.2918750000000         6.561348589333398E-010
   40.5056250000000         6.392911497010982E-010
   40.7193750000000         6.213561296503888E-010
   40.9331250000000         6.023986785685035E-010
   41.1468750000000         5.825130833604813E-010
   41.3606250000000         5.618100904393973E-010
   41.5743750000000         5.404073421049277E-010
   41.7881250000000         5.184203418313345E-010
   42.0018750000000         4.959548184378165E-010
   42.2156250000000         4.731006178396797E-010
   42.4293750000000         4.499276114189884E-010
   42.6431250000000         4.264830772543334E-010
   42.8568750000000         4.027903408770211E-010
   43.0706250000000         3.788479983020656E-010
   43.2843750000000         3.546298282687861E-010
   43.4981250000000         3.300842570928736E-010
   43.7118750000000         3.051344938242079E-010
   43.9256250000000         2.796790523324663E-010
   44.1393750000000         2.535931890867789E-010
   44.3531250000000         2.267317111787931E-010
   44.5668750000000         1.989338389445091E-010
   44.7806250000000         1.700301511432497E-010
   44.9943750000000         1.398515561807030E-010
   45.2081250000000         1.082397463312066E-010
   45.4218750000000         7.505843209195684E-011
   45.6356250000000         4.020393944608681E-011
   45.8493750000000         3.614256969918403E-012
   46.0631250000000        -3.472467949593256E-011
   46.2768750000000        -7.477659295713004E-011
   46.4906250000000        -1.164566522453878E-010
   46.7043750000000        -1.596372142824243E-010
   46.9181250000000        -2.041576108028662E-010
   47.1318750000000        -2.498361700935518E-010
   47.3456250000000        -2.964838525444367E-010
   47.5593750000000        -3.439177132888937E-010
   47.7731250000000        -3.919731073700131E-010
   47.9868750000000        -4.405130546748215E-010
   48.2006250000000        -4.894345191486583E-010
   48.4143750000000        -5.386710520616507E-010
   48.6281250000000        -5.881924180303859E-010
   48.8418750000000        -6.380014140293138E-010
   49.0556250000000        -6.881288543017519E-010
   49.2693750000000        -7.386279576620326E-010
   49.4831250000000        -7.895689531832429E-010
   49.6968750000000        -8.410344193423273E-010
   49.9106250000000        -8.931156985697748E-010
   50.1243750000000        -9.459108975599861E-010
   50.3381250000000        -9.995236981880568E-010
   50.5518750000000        -1.054062832237348E-009
   50.7656250000000        -1.109641173660336E-009
   50.9793750000000        -1.166374669213301E-009
   51.1931250000000        -1.224379893038910E-009
   51.4068750000000        -1.283771080005338E-009
   51.6206250000000        -1.344655674267112E-009
   51.8343750000000        -1.407129620125024E-009
   52.0481250000000        -1.471272632019445E-009
   52.2618750000000        -1.537143933263327E-009
   52.4756250000000        -1.604779426689175E-009
   52.6893750000000        -1.674190354522681E-009
   52.9031250000000        -1.745363849388406E-009
   53.1168750000000        -1.818265435715466E-009
   53.3306250000000        -1.892843060432682E-009
   53.5443750000000        -1.969032301504558E-009
   53.7581250000000        -2.046761939625107E-009
   53.9718750000000        -2.125959693093553E-009
   54.1856250000000        -2.206557126244352E-009
   54.3993750000000        -2.288493452564893E-009
   54.6131250000000        -2.371718182883319E-009
   54.8268750000000        -2.456192032175422E-009
   55.0406250000000        -2.541886752989346E-009
   55.2543750000000        -2.628783605606226E-009
   55.4681250000000        -2.716871177819735E-009
   55.6818750000000        -2.806142396247542E-009
   55.8956250000000        -2.896591617662163E-009
   56.1093750000000        -2.988211634892167E-009
   56.3231250000000        -3.080991348425334E-009
   56.5368750000000        -3.174914239907730E-009
   56.7506250000000        -3.269958196375479E-009
   56.9643750000000        -3.366096976707001E-009
   57.1781250000000        -3.463303406943941E-009
   57.3918750000000        -3.561555136761995E-009
   57.6056250000000        -3.660842033343738E-009
   57.8193750000000        -3.761175844711081E-009
   58.0331250000000        -3.862600540314430E-009
   58.2468750000000        -3.965202619891386E-009
   58.4606250000000        -4.069119465504113E-009
   58.6743750000000        -4.174544524193170E-009
   58.8881250000000        -4.281726690862363E-009
   59.1018750000000        -4.390962404596487E-009
   59.3156250000000        -4.502579513866993E-009
   59.5293750000000        -4.616912621852612E-009
   59.7431250000000        -4.734270635622830E-009
   59.9568750000000        -4.854898392904284E-009
   60.1706250000000        -4.978936597901941E-009
   60.3843750000000        -5.106384116980933E-009
   60.5981250000000        -5.237068153690080E-009
   60.8118750000000        -5.370627697193937E-009
   61.0256250000000        -5.506515631706812E-009
   61.2393750000000        -5.644022631230179E-009
   61.4531250000000        -5.782324459095762E-009
   61.6668750000000        -5.920551937285174E-009
   61.8806250000000        -6.057879165001325E-009
   62.0943750000000        -6.193622683225441E-009
   62.3081250000000        -6.327342733076199E-009
   62.5218750000000        -6.458933654710213E-009
   62.7356250000000        -6.588692096885536E-009
   62.9493750000000        -6.717350724912309E-009
   63.1631250000000        -6.846067798451757E-009
   63.3768750000000        -6.976367100539706E-009
   63.5906250000000        -7.110025983012416E-009
   63.8043750000000        -7.248916675448613E-009
   64.0181250000000        -7.394811189312760E-009
   64.2318750000000        -7.549166181636743E-009
   64.4456250000000        -7.712908508787073E-009
   64.6593750000000        -7.886245982789112E-009
   64.8731250000000        -8.068528271871430E-009
   65.0868750000000        -8.258180970788271E-009
   65.3006250000000        -8.452731458630042E-009
   65.5143750000000        -8.648938244621744E-009
   65.7281250000000        -8.843025053708763E-009
   65.9418750000000        -9.031010978811635E-009
   66.1556250000000        -9.209115680576668E-009
   66.3693750000000        -9.374207735340135E-009
   66.5831250000000        -9.524255450296234E-009
   66.7968750000000        -9.658732754898506E-009
   67.0106250000000        -9.778930882984988E-009
   67.2243750000000        -9.888129487452966E-009
   67.4381250000000        -9.991587779859703E-009
   67.6518750000000        -1.009632958901447E-008
   67.8656250000000        -1.021071307018642E-008
   68.0793750000000        -1.034379544145576E-008
   68.2931250000000        -1.050452594839533E-008
   68.5068750000000        -1.070082076590278E-008
   68.7206250000000        -1.093859258820465E-008
   68.9343750000000        -1.122082377421131E-008
   69.1481250000000        -1.154677819599313E-008
   69.3618750000000        -1.191144967116211E-008
   69.5756250000000        -1.230533473009794E-008
   69.7893750000000        -1.271460179000039E-008
   70.0031250000000        -1.312170157812992E-008
   70.2168750000000        -1.350643073251784E-008
   70.4306250000000        -1.384742046645955E-008
   70.6443750000000        -1.412398058672793E-008
   70.8581250000000        -1.431818606323610E-008
   71.0718750000000        -1.441705450251865E-008
   71.2856250000000        -1.441463145896474E-008
   71.4993750000000        -1.431377867543890E-008
   71.7131250000000        -1.412745398945338E-008
   71.9268750000000        -1.387928136632253E-008
   72.1406250000000        -1.360323828547263E-008
   72.3543750000000        -1.334233643155457E-008
   72.5681250000000        -1.314623937388540E-008
   72.7818750000000        -1.306784486106161E-008
   72.9956250000000        -1.315895673491398E-008
   73.2093750000000        -1.346527607703782E-008
   73.4231250000000        -1.402104327982041E-008
   73.6368750000000        -1.484375644437956E-008
   73.8506250000000        -1.592946283354911E-008
   74.0643750000000        -1.724916136431261E-008
   74.2781250000000        -1.874685420729366E-008
   74.4918750000000        -2.033973421819580E-008
   74.7056250000000        -2.192089105932056E-008
   74.9193750000000        -2.336475615895470E-008
   75.1331250000000        -2.453529471534650E-008
   75.3468750000000        -2.529669567807457E-008
   75.5606250000000        -2.552602976945821E-008
   75.7743750000000        -2.512705963415595E-008
   75.9881250000000        -2.404412370326104E-008
   76.2018750000000        -2.227480577524527E-008
   76.4156250000000        -1.987997700618524E-008
   76.6293750000000        -1.698978335291848E-008
   76.8431250000000        -1.380427317445102E-008
   77.0568750000000        -1.058762904987597E-008
   77.2706250000000        -7.655386026475029E-009
   77.4843750000000        -5.354573143291192E-009
   77.6981250000000        -4.037373796961745E-009
   77.9118750000000        -4.029620323205196E-009
   78.1256250000000        -5.596158029349798E-009
   78.3393750000000        -8.905765047120244E-009
   78.5531250000000        -1.399881806237455E-008
   78.7668750000000        -2.076118441913050E-008
   78.9806250000000        -2.890782288211099E-008
   79.1943750000000        -3.797925285374917E-008
   79.4081250000000        -4.735337265129466E-008
   79.6218750000000        -5.627408782409120E-008
   79.8356250000000        -6.389688487625746E-008
   80.0493750000000        -6.934994171672904E-008
   80.2631250000000        -7.180770718849573E-008
   80.4768750000000        -7.057225290066266E-008
   80.6906250000000        -6.515625693471311E-008
   80.9043750000000        -5.536038354005820E-008
   81.1181250000000        -4.133722803634259E-008
   81.3318750000000        -2.363403244929135E-008
   81.5456250000000        -3.207128320925317E-009
   81.7593750000000         1.859743649298649E-008
   81.9731250000000         4.010041473254017E-008
   82.1868750000000         5.938352280234593E-008
   82.4006250000000         7.441848420295290E-008
   82.6143750000000         8.322472156953773E-008
   82.8281250000000         8.404607730585333E-008
   83.0418750000000         7.553395255606614E-008
   83.2556250000000         5.692197395913051E-008
   83.4693750000000         2.817602125207179E-008
   83.6831250000000        -9.896585283530726E-009
   83.8968750000000        -5.559357472537309E-008
   84.1106250000000        -1.063319167281971E-007
   84.3243750000000        -1.587375405506832E-007
   84.5381250000000        -2.088130300203057E-007
   84.7518750000000        -2.521794974235605E-007
   84.9656250000000        -2.843821636954250E-007
   85.1793750000000        -3.012425813428378E-007
   85.3931250000000        -2.992344918440717E-007
   85.6068750000000        -2.758555837745218E-007
   85.8206250000000        -2.299644362289216E-007
   86.0343750000000        -1.620511330487068E-007
   86.2481250000000        -7.441171390210245E-008
   86.4618750000000         2.879908297392427E-008
   86.6756250000000         1.416555123748355E-007
   86.8893750000000         2.566986137512389E-007
   87.1031250000000         3.653229621364382E-007
   87.3168750000000         4.582993789673157E-007
   87.5306250000000         5.264085199732611E-007
   87.7443750000000         5.611488872077896E-007
   87.9581250000000         5.554731129578433E-007
   88.1718750000000         5.044992538698203E-007
   88.3856250000000         4.061401089147069E-007
   88.5993750000000         2.615938463306749E-007
   88.8131250000000         7.564383800121238E-008
   89.0268750000000        -1.432753900359764E-007
   89.2406250000000        -3.832760565740635E-007
   89.4543750000000        -6.294922117148224E-007
   89.6681250000000        -8.648261477538872E-007
   89.8818750000000        -1.070939693860918E-006
   90.0956250000000        -1.229443397337997E-006
   90.3093750000000        -1.323217568568207E-006
   90.5231250000000        -1.337783193118771E-006
   90.7368750000000        -1.262629211656182E-006
   90.9506250000000        -1.092396847626845E-006
   91.1643750000000        -8.278224194512077E-007
   91.3781250000000        -4.763479102782951E-007
   91.5918750000000        -5.232351659065766E-008
   91.8056250000000         4.232520041299877E-007
   92.0193750000000         9.234800837307439E-007
   92.2331250000000         1.416795553978540E-006
   92.4468750000000         1.868645734280592E-006
   92.6606250000000         2.243542599600034E-006
   92.8743750000000         2.507383076703088E-006
   93.0881250000000         2.629904778253788E-006
   93.3018750000000         2.587123403003267E-006
   93.5156250000000         2.363585563286305E-006
   93.7293750000000         1.954268474775705E-006
   93.9431250000000         1.365966721180962E-006
   94.1568750000000         6.180264856143265E-007
   94.3706250000000        -2.576812158223648E-007
   94.5843750000000        -1.217615848299268E-006
   94.7981250000000        -2.208270008334717E-006
   95.0118750000000        -3.168684172875300E-006
   95.2256250000000        -4.033682146400403E-006
   95.4393750000000        -4.737680995003982E-006
   95.6531250000000        -5.218879473549840E-006
   95.8668750000000        -5.423587821018276E-006
   96.0806250000000        -5.310432653703245E-006
   96.2943750000000        -4.854156347824069E-006
   96.5081250000000        -4.048732841738569E-006
   96.7218750000000        -2.909542358419915E-006
   96.9356250000000        -1.474386225284451E-006
   97.1493750000000         1.968213254908310E-007
   97.3631250000000         2.023777001908068E-006
   97.5768750000000         3.908938655699366E-006
   97.7906250000000         5.742023564997484E-006
   98.0043750000000         7.405685561030708E-006
   98.2181250000000         8.782114466715201E-006
   98.4318750000000         9.760223478748736E-006
   98.6456250000000         1.024302737138832E-005
   98.8593750000000         1.015477180033954E-005
   99.0731250000000         9.447355689327775E-006
   99.2868750000000         8.105597587366397E-006
   99.5006250000000         6.150934366984205E-006
   99.7143750000000         3.643206340984707E-006
   99.9281250000000         6.802746449554225E-007
   100.141875000000        -2.604669398652435E-006
   100.355625000000        -6.048112880001836E-006
   100.569375000000        -9.463418029420220E-006
   100.783125000000        -1.264993609142575E-005
   100.996875000000        -1.540363351279630E-005
   101.210625000000        -1.752870777450786E-005
   101.424375000000        -1.884957660372312E-005
   101.638125000000        -1.922256212023827E-005
   101.851875000000        -1.854656630619367E-005
   102.065625000000        -1.677204962425622E-005
   102.279375000000        -1.390768189882072E-005
   102.493125000000        -1.002413242509674E-005
   102.706875000000        -5.254600834683322E-006
   102.920625000000         2.081447562490318E-007
   103.134375000000         6.118268768020946E-006
   103.348125000000         1.218675583197931E-005
   103.561875000000         1.809433287228477E-005
   103.775625000000         2.350688446983696E-005
   103.989375000000         2.809265369864175E-005
   104.203125000000         3.154038649553937E-005
   104.416875000000         3.357748478126627E-005
   104.630625000000         3.398718852716722E-005
   104.844375000000         3.262381369105647E-005
   105.058125000000         2.942513247993503E-005
   105.271875000000         2.442109285395438E-005
   105.485625000000         1.773823084471278E-005
   105.699375000000         9.599324843184418E-006
   105.913125000000         3.180661270950409E-007
   106.126875000000        -9.711236432383214E-006
   106.340625000000        -2.002864924007349E-005
   106.554375000000        -3.012779146600598E-005
   106.768125000000        -3.947845697481115E-005
   106.981875000000        -4.755174176516999E-005
   107.195625000000        -5.384657729820600E-005
   107.409375000000        -5.791645527403113E-005
   107.623125000000        -5.939506625551491E-005
   107.836875000000        -5.801956665689721E-005
   108.050625000000        -5.365023745809634E-005
   108.264375000000        -4.628540289117117E-005
   108.478125000000        -3.607063559275867E-005
   108.691875000000        -2.330148181604371E-005
   108.905625000000        -8.419190050065222E-006
   109.119375000000         8.000788905084396E-006
   109.333125000000         2.526745181111504E-005
   109.546875000000         4.259963818828495E-005
   109.760625000000         5.915743623548825E-005
   109.974375000000         7.407854350745630E-005
   110.188125000000         8.651822704184537E-005
   110.401875000000         9.569126432669636E-005
   110.615625000000         1.009140334730280E-004
   110.829375000000         1.016447721703467E-004
   111.043125000000         9.751995349569818E-005
   111.256875000000         8.838474375169021E-005
   111.470625000000         7.431562197799657E-005
   111.684375000000         5.563345782621876E-005
   111.898125000000         3.290566487851582E-005
   112.111875000000         6.936465716348300E-006
   112.325625000000        -2.125518730539785E-005
   112.539375000000        -5.046991219234853E-005
   112.753125000000        -7.937366659217565E-005
   112.966875000000        -1.065535856824446E-004
   113.180625000000        -1.305818522050310E-004
   113.394375000000        -1.500849756703433E-004
   113.608125000000        -1.638153585449985E-004
   113.821875000000        -1.707216523348301E-004
   114.035625000000        -1.700141894694610E-004
   114.249375000000        -1.612217453712994E-004
   114.463125000000        -1.442360581577227E-004
   114.676875000000        -1.193409195347966E-004
   114.890625000000        -8.722324573515018E-005
   115.104375000000        -4.896432468288948E-005
   115.318125000000        -6.010384344431075E-006
   115.531875000000         3.987730580244256E-005
   115.745625000000         8.669145726451231E-005
   115.959375000000         1.322644335572130E-004
   116.173125000000         1.743670276056254E-004
   116.386875000000         2.108158705978757E-004
   116.600625000000         2.395842630733867E-004
   116.814375000000         2.589107396388992E-004
   117.028125000000         2.673994982956255E-004
   117.241875000000         2.641069719595136E-004
   117.455625000000         2.486093025300244E-004
   117.669375000000         2.210462854077544E-004
   117.883125000000         1.821384523082081E-004
   118.096875000000         1.331753002599931E-004
   118.310625000000         7.597418496908462E-005
   118.524375000000         1.281099367372938E-005
   118.738125000000        -5.367469633031123E-005
   118.951875000000        -1.205957779165474E-004
   119.165625000000        -1.849496026790735E-004
   119.379375000000        -2.437592908902408E-004
   119.593125000000        -2.942171867780551E-004
   119.806875000000        -3.338230103183155E-004
   120.020625000000        -3.605094059713794E-004
   120.234375000000        -3.727481595666233E-004
   120.448125000000        -3.696313199201289E-004
   120.661875000000        -3.509227695069513E-004
   120.875625000000        -3.170773639536265E-004
   121.089375000000        -2.692265107760993E-004
   121.303125000000        -2.091308791284137E-004
   121.516875000000        -1.391027145324004E-004
   121.730625000000        -6.190186772786050E-005
   121.944375000000         1.938896391599466E-005
   122.158125000000         1.015032237076067E-004
   122.371875000000         1.811364835746607E-004
   122.585625000000         2.550919626021050E-004
   122.799375000000         3.204183002702045E-004
   123.013125000000         3.745329191428023E-004
   123.226875000000         4.153252925276086E-004
   123.440625000000         4.412357137436380E-004
   123.654375000000         4.513066568987481E-004
   123.868125000000         4.452054242061093E-004
   124.081875000000         4.232183865512439E-004
   124.295625000000         3.862186393711632E-004
   124.509375000000         3.356102216064607E-004
   124.723125000000         2.732531041962706E-004
   124.936875000000         2.013738900954331E-004
   125.150625000000         1.224675485645404E-004
   125.364375000000         3.919552731668122E-005
   125.578125000000        -4.571473219091608E-005
   125.791875000000        -1.295644639014048E-004
   126.005625000000        -2.097688615016275E-004
   126.219375000000        -2.839304037218855E-004
   126.433125000000        -3.498987068968380E-004
   126.646875000000        -4.058164301399515E-004
   126.860625000000        -4.501516951024633E-004
   127.074375000000        -4.817182479838723E-004
   127.288125000000        -4.996851354060102E-004
   127.501875000000        -5.035779585008133E-004
   127.715625000000        -4.932738049540211E-004
   127.929375000000        -4.689917539456351E-004
   128.143125000000        -4.312804424606598E-004
   128.356875000000        -3.810036294982013E-004
   128.570625000000        -3.193240659938623E-004
   128.784375000000        -2.476853478213745E-004
   128.998125000000        -1.677908717068975E-004
   129.211875000000        -8.157859686667346E-005
   129.425625000000         8.809906906677902E-006
   129.639375000000         1.010676348605675E-004
   129.853125000000         1.927688018283987E-004
   130.066875000000         2.814247389460334E-004
   130.280625000000         3.645490985545022E-004
   130.494375000000         4.397315834844239E-004
   130.708125000000         5.047184839410091E-004
   130.921875000000         5.574973697950135E-004
   131.135625000000         5.963824336666550E-004
   131.349375000000         6.200962938342193E-004
   131.563125000000         6.278436193785118E-004
   131.776875000000         6.193717909649261E-004
   131.990625000000         5.950139960832809E-004
   132.204375000000         5.557106895201541E-004
   132.418125000000         5.030062139564561E-004
   132.631875000000         4.390185313286180E-004
   132.845625000000         3.663813986230816E-004
   133.059375000000         2.881598482233003E-004
   133.273125000000         2.077414052411004E-004
   133.486875000000         1.287069881740175E-004
   133.700625000000         5.468679133481003E-005
   133.914375000000        -1.079245716201943E-005
   134.128125000000        -6.446170901367601E-005
   134.341875000000        -1.034577635029076E-004
   134.555625000000        -1.254579343844134E-004
   134.769375000000        -1.287942546602305E-004
   134.983125000000        -1.125411592695210E-004
   135.196875000000        -7.657184364821046E-005
   135.410625000000        -2.158003687547165E-005
   135.624375000000         5.093433998411463E-005
   135.838125000000         1.387153398006055E-004
   136.051875000000         2.388348883871387E-004
   136.265625000000         3.478066483933715E-004
   136.479375000000         4.617246208460244E-004
   136.693125000000         5.764200945842791E-004
   136.906875000000         6.876297458689854E-004
   137.120625000000         7.911672715462876E-004
   137.334375000000         8.830909191307993E-004
   137.548125000000         9.598596416937131E-004
   137.761875000000         1.018471318256629E-003
   137.975625000000         1.056577486958202E-003
   138.189375000000         1.072570270439272E-003
   138.403125000000         1.065638554193843E-003
   138.616875000000         1.035791929698491E-003
   138.830625000000         9.838523578970136E-004
   139.044375000000         9.114148748482121E-004
   139.258125000000         8.207798902499547E-004
   139.471875000000         7.148606742436162E-004
   139.685625000000         5.970704556453073E-004
   139.899375000000         4.711941470883917E-004
   140.113125000000         3.412500643754827E-004
   140.326875000000         2.113471251325887E-004
   140.540625000000         8.554291153022019E-005
   140.754375000000        -3.229231380843603E-005
   140.968125000000        -1.386010132436681E-004
   141.181875000000        -2.302491774088175E-004
   141.395625000000        -3.046192127936239E-004
   141.609375000000        -3.596823880013950E-004
   141.823125000000        -3.940491500912088E-004
   142.036875000000        -4.069964807721813E-004
   142.250625000000        -3.984723150949132E-004
   142.464375000000        -3.690778665359759E-004
   142.678125000000        -3.200294662556789E-004
   142.891875000000        -2.531022055083676E-004
   143.105625000000        -1.705582442182455E-004
   143.319375000000        -7.506309281606199E-005
   143.533125000000         3.040653118953112E-005
   143.746875000000         1.426595408137968E-004
   143.960625000000         2.583883239207122E-004
   144.174375000000         3.742641238697497E-004
   144.388125000000         4.870268668848742E-004
   144.601875000000         5.935668707621442E-004
   144.815625000000         6.909965061440669E-004
   145.029375000000         7.767105898678748E-004
   145.243125000000         8.484350214708229E-004
   145.456875000000         9.042638758876182E-004
   145.670625000000         9.426857841725500E-004
   145.884375000000         9.626009200928188E-004
   146.098125000000         9.633302226250175E-004
   146.311875000000         9.446185946878923E-004
   146.525625000000         9.066337154524491E-004
   146.739375000000         8.499617949750698E-004
   146.953125000000         7.756011133897136E-004
   147.166875000000         6.849535692284692E-004
   147.380625000000         5.798137756424266E-004
   147.594375000000         4.623545640326105E-004
   147.808125000000         3.351071620596988E-004
   148.021875000000         2.009338856999290E-004
   148.235625000000         6.299099214701788E-005
   148.449375000000        -7.532056560983141E-005
   148.663125000000        -2.104183315045021E-004
   148.876875000000        -3.386166077696113E-004
   149.090625000000        -4.562198906568767E-004
   149.304375000000        -5.596303423956022E-004
   149.518125000000        -6.454667770155369E-004
   149.731875000000        -7.106912226501260E-004
   149.945625000000        -7.527378009285507E-004
   150.159375000000        -7.696375628688315E-004
   150.373125000000        -7.601321611331838E-004
   150.586875000000        -7.237689232542560E-004
   150.800625000000        -6.609700935836697E-004
   151.014375000000        -5.730697702286067E-004
   151.228125000000        -4.623133711134482E-004
   151.441875000000        -3.318162690005762E-004
   151.655625000000        -1.854804430384778E-004
   151.869375000000        -2.787046926033301E-005
   152.083125000000         1.359472508721097E-004
   152.296875000000         3.005956301950772E-004
   152.510625000000         4.605997861600034E-004
   152.724375000000         6.106112887566854E-004
   152.938125000000         7.456321992440258E-004
   153.151875000000         8.612268746300156E-004
   153.365625000000         9.537098346963603E-004
   153.579375000000         1.020299098229887E-003
   153.793125000000         1.059226241527310E-003
   154.006875000000         1.069796906337000E-003
   154.220625000000         1.052398426768975E-003
   154.434375000000         1.008454456416120E-003
   154.648125000000         9.403297341645722E-004
   154.861875000000         8.511911981672343E-004
   155.075625000000         7.448343205005612E-004
   155.289375000000         6.254855959649819E-004
   155.503125000000         4.975934263188400E-004
   155.716875000000         3.656201004192467E-004
   155.930625000000         2.338471492283306E-004
   156.144375000000         1.062050868109350E-004
   156.358125000000        -1.386346725338757E-005
   156.571875000000        -1.235008972540055E-004
   156.785625000000        -2.204885480021428E-004
   156.999375000000        -3.032573122015163E-004
   157.213125000000        -3.708577271673487E-004
   157.426875000000        -4.228952516291709E-004
   157.640625000000        -4.594386783603874E-004
   157.854375000000        -4.809112543058474E-004
   158.068125000000        -4.879749189546722E-004
   158.281875000000        -4.814180880245642E-004
   158.495625000000        -4.620566215408037E-004
   158.709375000000        -4.306561031505131E-004
   158.923125000000        -3.878814549319257E-004
   159.136875000000        -3.342773949134586E-004
   159.350625000000        -2.702805158202234E-004
   159.564375000000        -1.962610361881439E-004
   159.778125000000        -1.125897549956583E-004
   159.991875000000        -1.972361165212667E-005
   160.205625000000         8.169833834775864E-005
   160.419375000000         1.907576744699488E-004
   160.633125000000         3.061674956459540E-004
   160.846875000000         4.262004244076771E-004
   161.060625000000         5.486416639505121E-004
   161.274375000000         6.707734511826836E-004
   161.488125000000         7.893952481459156E-004
   161.701875000000         9.008817499736094E-004
   161.915625000000         1.001278413881794E-003
   162.129375000000         1.086431879708391E-003
   162.343125000000         1.152150491928591E-003
   162.556875000000         1.194388256178744E-003
   162.770625000000         1.209444052167941E-003
   162.984375000000         1.194166831629001E-003
   163.198125000000         1.146156878484116E-003
   163.411875000000         1.063952998182804E-003
   163.625625000000         9.471957152162308E-004
   163.839375000000         7.967571612567208E-004
   164.053125000000         6.148292948971814E-004
   164.266875000000         4.049633710820706E-004
   164.480625000000         1.720551407662103E-004
   164.694375000000        -7.772791991809230E-005
   164.908125000000        -3.370790028993185E-004
   165.121875000000        -5.977433840311296E-004
   165.335625000000        -8.507658407066612E-004
   165.549375000000        -1.086788505792368E-003
   165.763125000000        -1.296390988751634E-003
   165.976875000000        -1.470462019145272E-003
   166.190625000000        -1.600589432081451E-003
   166.404375000000        -1.679453155343842E-003
   166.618125000000        -1.701204128158595E-003
   166.831875000000        -1.661810945851612E-003
   167.045625000000        -1.559355644238277E-003
   167.259375000000        -1.394260555894315E-003
   167.473125000000        -1.169429696631680E-003
   167.686875000000        -8.902907331718177E-004
   167.900625000000        -5.647272359750503E-004
   168.114375000000        -2.028955528205621E-004
   168.328125000000         1.830739133517671E-004
   168.541875000000         5.794852166745506E-004
   168.755625000000         9.715830820293677E-004
   168.969375000000         1.344138557084985E-003
   169.183125000000         1.682090176894645E-003
   169.396875000000         1.971211974031235E-003
   169.610625000000         2.198776233193942E-003
   169.824375000000         2.354177092284233E-003
   170.038125000000         2.429481176318551E-003
   170.251875000000         2.419873549112446E-003
   170.465625000000         2.323971383271932E-003
   170.679375000000         2.143983744705227E-003
   170.893125000000         1.885703487474179E-003
   171.106875000000         1.558326054619753E-003
   171.320625000000         1.174099471630099E-003
   171.534375000000         7.478194189952972E-004
   171.748125000000         2.961923619730380E-004
   171.961875000000        -1.629023082006113E-004
   172.175625000000        -6.112138600972884E-004
   172.389375000000        -1.030944091152317E-003
   172.603125000000        -1.405550302070098E-003
   172.816875000000        -1.720485074031388E-003
   173.030625000000        -1.963834015295146E-003
   173.244375000000        -2.126818510528375E-003
   173.458125000000        -2.204138404781293E-003
   173.671875000000        -2.194138973115866E-003
   173.885625000000        -2.098796845206005E-003
   174.099375000000        -1.923530085115239E-003
   174.313125000000        -1.676847668116517E-003
   174.526875000000        -1.369862483699114E-003
   174.740625000000        -1.015699147703768E-003
   174.954375000000        -6.288328766830546E-004
   175.168125000000        -2.243981759471654E-004
   175.381875000000         1.824939864325686E-004
   175.595625000000         5.773944213198723E-004
   175.809375000000         9.470780835235008E-004
   176.023125000000         1.280005885766778E-003
   176.236875000000         1.566669175086207E-003
   176.450625000000         1.799808622284607E-003
   176.664375000000         1.974507812757828E-003
   176.878125000000         2.088169739462815E-003
   177.091875000000         2.140391131909411E-003
   177.305625000000         2.132754668477159E-003
   177.519375000000         2.068562318421880E-003
   177.733125000000         1.952534215165751E-003
   177.946875000000         1.790496614990105E-003
   178.160625000000         1.589079848077135E-003
   178.374375000000         1.355443064809678E-003
   178.588125000000         1.097037468791688E-003
   178.801875000000         8.214141238391000E-004
   179.015625000000         5.360768591041909E-004
   179.229375000000         2.483757811400904E-004
   179.443125000000        -3.456712965810106E-005
   179.656875000000        -3.059115783180054E-004
   179.870625000000        -5.591441165289499E-004
   180.084375000000        -7.881269957892416E-004
   180.298125000000        -9.871609794931955E-004
   180.511875000000        -1.151069322519381E-003
   180.725625000000        -1.275306175173615E-003
   180.939375000000        -1.356088243944291E-003
   181.153125000000        -1.390544103741151E-003
   181.366875000000        -1.376871560940866E-003
   181.580625000000        -1.314490324672418E-003
   181.794375000000        -1.204175284820702E-003
   182.008125000000        -1.048155138076779E-003
   182.221875000000        -8.501620373713488E-004
   182.435625000000        -6.154203178030090E-004
   182.649375000000        -3.505659945004918E-004
   182.863125000000        -6.349334022874571E-005
   183.076875000000         2.368699503168934E-004
   183.290625000000         5.408521546118624E-004
   183.504375000000         8.383795769999350E-004
   183.718125000000         1.119355058593410E-003
   183.931875000000         1.374053533729967E-003
   184.145625000000         1.593513401619465E-003
   184.359375000000         1.769902199457295E-003
   184.573125000000         1.896836351633871E-003
   184.786875000000         1.969637527753369E-003
   185.000625000000         1.985512147278674E-003
   185.214375000000         1.943645496351504E-003
   185.428125000000         1.845207375307605E-003
   185.641875000000         1.693271737994885E-003
   185.855625000000         1.492657980105148E-003
   186.069375000000         1.249705984185098E-003
   186.283125000000         9.720004054239679E-004
   186.496875000000         6.680617544362274E-004
   186.710625000000         3.470224873317537E-004
   186.924375000000         1.830556018786485E-005
   187.138125000000        -3.086791231137362E-004
   187.351875000000        -6.248080038992759E-004
   187.565625000000        -9.214783106668648E-004
   187.779375000000        -1.190799164631881E-003
   187.993125000000        -1.425738906098106E-003
   188.206875000000        -1.620231799234390E-003
   188.420625000000        -1.769250105547583E-003
   188.634375000000        -1.868849338938787E-003
   188.848125000000        -1.916195190195280E-003
   189.061875000000        -1.909580115971524E-003
   189.275625000000        -1.848436025463477E-003
   189.489375000000        -1.733347075057100E-003
   189.703125000000        -1.566063594507667E-003
   189.916875000000        -1.349514975763326E-003
   190.130625000000        -1.087816341705934E-003
   190.344375000000        -7.862613498832940E-004
   190.558125000000        -4.512919004692892E-004
   190.771875000000        -9.043505144620992E-005
   190.985625000000         2.878017670004922E-004
   191.199375000000         6.740840911987036E-004
   191.413125000000         1.058455963697466E-003
   191.626875000000         1.430597209220328E-003
   191.840625000000         1.780127305974267E-003
   192.054375000000         2.096945891730095E-003
   192.268125000000         2.371595439335693E-003
   192.481875000000         2.595627901989991E-003
   192.695625000000         2.761954574443973E-003
   192.909375000000         2.865157366383358E-003
   193.123125000000         2.901740343388878E-003
   193.336875000000         2.870302820715312E-003
   193.550625000000         2.771619402341203E-003
   193.764375000000         2.608617895712584E-003
   193.978125000000         2.386252616979726E-003
   194.191875000000         2.111277738520523E-003
   194.405625000000         1.791932455994988E-003
   194.619375000000         1.437556278138536E-003
   194.833125000000         1.058158107525661E-003
   195.046875000000         6.639664992732811E-004
   195.260625000000         2.649901924653842E-004
   195.474375000000        -1.293825024751923E-004
   195.688125000000        -5.107196373265364E-004
   195.901875000000        -8.717959076052298E-004
   196.115625000000        -1.206742911247675E-003
   196.329375000000        -1.511092872543000E-003
   196.543125000000        -1.781717821089750E-003
   196.756875000000        -2.016674674992360E-003
   196.970625000000        -2.214974394921161E-003
   197.184375000000        -2.376299694835362E-003
   197.398125000000        -2.500700159779946E-003
   197.611875000000        -2.588295623888215E-003
   197.825625000000        -2.639018081934479E-003
   198.039375000000        -2.652419234415988E-003
   198.253125000000        -2.627565203436225E-003
   198.466875000000        -2.563032411999599E-003
   198.680625000000        -2.457009673928639E-003
   198.894375000000        -2.307501906130898E-003
   199.108125000000        -2.112621333544551E-003
   199.321875000000        -1.870943404419165E-003
   199.535625000000        -1.581897609774393E-003
   199.749375000000        -1.246158629967472E-003
   199.963125000000        -8.660011681810780E-004
   200.176875000000        -4.455827209991843E-004
   200.390625000000         8.877607061755155E-006
   200.604375000000         4.890495402080304E-004
   200.818125000000         9.845877239579508E-004
   201.031875000000         1.483379336134138E-003
   201.245625000000         1.971937668755455E-003
   201.459375000000         2.435924723613474E-003
   201.673125000000         2.860775339412681E-003
   201.886875000000         3.232386560292411E-003
   202.100625000000         3.537829578312806E-003
   202.314375000000         3.766038175202970E-003
   202.528125000000         3.908427472058553E-003
   202.741875000000         3.959400045207450E-003
   202.955625000000         3.916702904324904E-003
   203.169375000000         3.781608035393665E-003
   203.383125000000         3.558900554730218E-003
   203.596875000000         3.256671203844431E-003
   203.810625000000         2.885923034431902E-003
   204.024375000000         2.460014744670521E-003
   204.238125000000         1.993974318890574E-003
   204.451875000000         1.503725577413839E-003
   204.665625000000         1.005276305178895E-003
   204.879375000000         5.139193469602772E-004
   205.093125000000         4.349722388889496E-005
   205.306875000000        -3.942235136908477E-004
   205.520625000000        -7.900295306177514E-004
   205.734375000000        -1.137561112133214E-003
   205.948125000000        -1.433419485731063E-003
   206.161875000000        -1.677078111631551E-003
   206.375625000000        -1.870608458426676E-003
   206.589375000000        -2.018243467731936E-003
   206.803125000000        -2.125812933461019E-003
   207.016875000000        -2.200093609659988E-003
   207.230625000000        -2.248122421868627E-003
   207.444375000000        -2.276523312042034E-003
   207.658125000000        -2.290896858081293E-003
   207.871875000000        -2.295316986687636E-003
   208.085625000000        -2.291971192592389E-003
   208.299375000000        -2.280970251377762E-003
   208.513125000000        -2.260341202393376E-003
   208.726875000000        -2.226204237545468E-003
   208.940625000000        -2.173120974909070E-003
   209.154375000000        -2.094589332225443E-003
   209.368125000000        -1.983649685614750E-003
   209.581875000000        -1.833558919142496E-003
   209.795625000000        -1.638483883651901E-003
   210.009375000000        -1.394164021952897E-003
   210.223125000000        -1.098494585890738E-003
   210.436875000000        -7.519868388103843E-004
   210.650625000000        -3.580695519984518E-004
   210.864375000000         7.679358206895821E-005
   211.078125000000         5.431839867798008E-004
   211.291875000000         1.029006158871248E-003
   211.505625000000         1.519951090730108E-003
   211.719375000000         2.000120596103625E-003
   211.933125000000         2.452777474471777E-003
   212.146875000000         2.861178213533537E-003
   212.360625000000         3.209439466700467E-003
   212.574375000000         3.483387169282307E-003
   212.788125000000         3.671337983118388E-003
   213.001875000000         3.764766686302489E-003
   213.215625000000         3.758819857426812E-003
   213.429375000000         3.652645275743734E-003
   213.643125000000         3.449517266790497E-003
   213.856875000000         3.156750071269406E-003
   214.070625000000         2.785403462052141E-003
   214.284375000000         2.349796542539384E-003
   214.498125000000         1.866856242082727E-003
   214.711875000000         1.355335885178281E-003
   214.925625000000         8.349458800020775E-004
   215.139375000000         3.254427263576495E-004
   215.353125000000        -1.542759777174550E-004
   215.566875000000        -5.870240454774850E-004
   215.780625000000        -9.580839525227934E-004
   215.994375000000        -1.255831988326720E-003
   216.208125000000        -1.472202217841079E-003
   216.421875000000        -1.602969242340869E-003
   216.635625000000        -1.647839618926804E-003
   216.849375000000        -1.610351903774185E-003
   217.063125000000        -1.497595084030527E-003
   217.276875000000        -1.319764157752433E-003
   217.490625000000        -1.089579375887755E-003
   217.704375000000        -8.216018231746820E-004
   217.918125000000        -5.314823288183994E-004
   218.131875000000        -2.351830071142115E-004
   218.345625000000         5.178902018432796E-005
   218.559375000000         3.150979270946854E-004
   218.773125000000         5.422113492441065E-004
   218.986875000000         7.229195254631055E-004
   219.200625000000         8.497191548178293E-004
   219.414375000000         9.180473313351855E-004
   219.628125000000         9.263591397898459E-004
   219.841875000000         8.760508915268608E-004
   220.055625000000         7.712391164784457E-004
   220.269375000000         6.184128832586158E-004
   220.483125000000         4.259833997648341E-004
   220.696875000000         2.037598073270235E-004
   220.910625000000        -3.761665453007414E-005
   221.124375000000        -2.872465591268546E-004
   221.338125000000        -5.345213272082036E-004
   221.551875000000        -7.696169909239018E-004
   221.765625000000        -9.839066702614172E-004
   221.979375000000        -1.170271688181344E-003
   222.193125000000        -1.323298400426865E-003
   222.406875000000        -1.439355723172217E-003
   222.620625000000        -1.516556492291101E-003
   222.834375000000        -1.554613634316363E-003
   223.048125000000        -1.554609126065630E-003
   223.261875000000        -1.518699364117959E-003
   223.475625000000        -1.449784434192026E-003
   223.689375000000        -1.351170557532341E-003
   223.903125000000        -1.226254535282432E-003
   224.116875000000        -1.078256315614072E-003
   224.330625000000        -9.100210470776666E-004
   224.544375000000        -7.239054961184904E-004
   224.758125000000        -5.217559838583893E-004
   224.971875000000        -3.049766370169165E-004
   225.185625000000        -7.467841923262807E-005
   225.399375000000         1.681082018593560E-004
   225.613125000000         4.221803422318247E-004
   225.826875000000         6.858972611923037E-004
   226.040625000000         9.569321083522222E-004
   226.254375000000         1.232070013193265E-003
   226.468125000000         1.507078534875157E-003
   226.681875000000         1.776670969759980E-003
   226.895625000000         2.034575513128131E-003
   227.109375000000         2.273714369598805E-003
   227.323125000000         2.486487317863527E-003
   227.536875000000         2.665144750707223E-003
   227.750625000000         2.802226634152831E-003
   227.964375000000         2.891036907211692E-003
   228.178125000000         2.926118202748534E-003
   228.391875000000         2.903689860429571E-003
   228.605625000000         2.822013256279021E-003
   228.819375000000         2.681652479477074E-003
   229.033125000000         2.485605089463994E-003
   229.246875000000         2.239286600840630E-003
   229.460625000000         1.950362794932882E-003
   229.674375000000         1.628435133600939E-003
   229.888125000000         1.284595571148105E-003
   230.101875000000         9.308770450390814E-004
   230.315625000000         5.796340726075129E-004
   230.529375000000         2.428935292042819E-004
   230.743125000000        -6.828162815025243E-005
   230.956875000000        -3.443734232377147E-004
   231.170625000000        -5.778960902285528E-004
   231.384375000000        -7.637573716527696E-004
   231.598125000000        -8.994706666654572E-004
   231.811875000000        -9.852053575088854E-004
   232.025625000000        -1.023674032328007E-003
   232.239375000000        -1.019866678238414E-003
   232.453125000000        -9.806523755737533E-004
   232.666875000000        -9.142778029624849E-004
   232.880625000000        -8.297983300834358E-004
   233.094375000000        -7.364811921901899E-004
   233.308125000000        -6.432209952990491E-004
   233.521875000000        -5.580056184430039E-004
   233.735625000000        -4.874657139595400E-004
   233.949375000000        -4.365339147669745E-004
   234.163125000000        -4.082311541369641E-004
   234.376875000000        -4.035879074693977E-004
   234.590625000000        -4.216984377940015E-004
   234.804375000000        -4.598970066818432E-004
   235.018125000000        -5.140371592400623E-004
   235.231875000000        -5.788491349585013E-004
   235.445625000000        -6.483465572215775E-004
   235.659375000000        -7.162519864718407E-004
   235.873125000000        -7.764116652052354E-004
   236.086875000000        -8.231726355871923E-004
   236.300625000000        -8.517000159279427E-004
   236.514375000000        -8.582181072085592E-004
   236.728125000000        -8.401656212859017E-004
   236.941875000000        -7.962621131325947E-004
   237.155625000000        -7.264891225971644E-004
   237.369375000000        -6.319951193591557E-004
   237.583125000000        -5.149377357012759E-004
   237.796875000000        -3.782797313472530E-004
   238.010625000000        -2.255565675104164E-004
   238.224375000000        -6.063341424996295E-005
   238.438125000000         1.125319612130143E-004
   238.651875000000         2.901064174668267E-004
   238.865625000000         4.685679428990027E-004
   239.079375000000         6.448541689864384E-004
   239.293125000000         8.164692091734780E-004
   239.506875000000         9.815484428868956E-004
   239.720625000000         1.138883632530228E-003
   239.934375000000         1.287912826838610E-003
   240.148125000000         1.428680790410125E-003
   240.361875000000         1.561776220942138E-003
   240.575625000000         1.688251867883746E-003
   240.789375000000         1.809533007303791E-003
   241.003125000000         1.927318756310989E-003
   241.216875000000         2.043479638922679E-003
   241.430625000000         2.159953844221829E-003
   241.644375000000         2.278643911443324E-003
   241.858125000000         2.401315245085837E-003
   242.071875000000         2.529497949377930E-003
   242.285625000000         2.664393947678886E-003
   242.499375000000         2.806792124074693E-003
   242.713125000000         2.956995141733852E-003
   242.926875000000         3.114762468633105E-003
   243.140625000000         3.279274774700421E-003
   243.354375000000         3.449125064317976E-003
   243.568125000000         3.622341518513268E-003
   243.781875000000         3.796445942753782E-003
   243.995625000000         3.968549923027441E-003
   244.209375000000         4.135488341701850E-003
   244.423125000000         4.293986936709201E-003
   244.636875000000         4.440857321256282E-003
   244.850625000000         4.573209596490414E-003
   245.064375000000         4.688669705278379E-003
   245.278125000000         4.785586321117920E-003
   245.491875000000         4.863210651410230E-003
   245.705625000000         4.921832316024130E-003
   245.919375000000         4.962855616348093E-003
   246.133125000000         4.988803108058911E-003
   246.346875000000         5.003237382959724E-003
   246.560625000000         5.010597174452552E-003
   246.774375000000         5.015950027565034E-003
   246.988125000000         5.024670410436111E-003
   247.201875000000         5.042058800563831E-003
   247.415625000000         5.072923419709243E-003
   247.629375000000         5.121151374135090E-003
   247.843125000000         5.189299478685513E-003
   248.056875000000         5.278236584365283E-003
   248.270625000000         5.386868494011218E-003
   248.484375000000         5.511973401336781E-003
   248.698125000000         5.648170267268208E-003
   248.911875000000         5.788034886023826E-003
   249.125625000000         5.922369008312988E-003
   249.339375000000         6.040617360946742E-003
   249.553125000000         6.131416440858504E-003
   249.766875000000         6.183248358610929E-003
   249.980625000000         6.185163578490437E-003
   250.194375000000         6.127528928667887E-003
   250.408125000000         6.002752415109312E-003
   250.621875000000         5.805934688055760E-003
   250.835625000000         5.535398793564904E-003
   251.049375000000         5.193055165472215E-003
   251.263125000000         4.784567484655868E-003
   251.476875000000         4.319296602219986E-003
   251.690625000000         3.810013502374857E-003
   251.904375000000         3.272387383426932E-003
   252.118125000000         2.724270336555850E-003
   252.331875000000         2.184814709786472E-003
   252.545625000000         1.673471978991673E-003
   252.759375000000         1.208931823452072E-003
   252.973125000000         8.080663070901586E-004
   253.186875000000         4.849460240433460E-004
   253.400625000000         2.499924954896087E-004
   253.614375000000         1.093240417087957E-004
   253.828125000000         6.434116579124320E-005
   254.041875000000         1.115828503669220E-004
   254.255625000000         2.428680320369364E-004
   254.469375000000         4.457180308155117E-004
   254.683125000000         7.040371493394135E-004
   254.896875000000         9.990113270021647E-004
   255.110625000000         1.310169881968944E-003
   255.324375000000         1.616544086604794E-003
   255.538125000000         1.897849446282541E-003
   255.751875000000         2.135616628151298E-003
   255.965625000000         2.314199204396590E-003
   256.179375000000         2.421594553234748E-003
   256.393125000000         2.450026859029997E-003
   256.606875000000         2.396257304597135E-003
   256.820625000000         2.261605124378118E-003
   257.034375000000         2.051682874720762E-003
   257.248125000000         1.775868677976941E-003
   257.461875000000         1.446555927368768E-003
   257.675625000000         1.078235734199846E-003
   257.889375000000         6.864782043063455E-004
   258.103125000000         2.868846828898680E-004
   258.316875000000        -1.059160109060431E-004
   258.530625000000        -4.791586652130528E-004
   258.744375000000        -8.226605724193781E-004
   258.958125000000        -1.129322107208471E-003
   259.171875000000        -1.395379387670334E-003
   259.385625000000        -1.620397902076966E-003
   259.599375000000        -1.807015044530046E-003
   259.813125000000        -1.960457744981095E-003
   260.026875000000        -2.087877474250461E-003
   260.240625000000        -2.197557691692343E-003
   260.454375000000        -2.298057374484223E-003
   260.668125000000        -2.397358034793162E-003
   260.881875000000        -2.502080366726487E-003
   261.095625000000        -2.616830516330560E-003
   261.309375000000        -2.743725442954473E-003
   261.523125000000        -2.882132766376038E-003
   261.736875000000        -3.028643952818263E-003
   261.950625000000        -3.177281936622354E-003
   262.164375000000        -3.319926630087493E-003
   262.378125000000        -3.446925543733079E-003
   262.591875000000        -3.547843102430793E-003
   262.805625000000        -3.612292169956208E-003
   263.019375000000        -3.630785477553656E-003
   263.233125000000        -3.595543457440827E-003
   263.446875000000        -3.501198428746932E-003
   263.660625000000        -3.345342847747718E-003
   263.874375000000        -3.128880781574873E-003
   264.088125000000        -2.856156002470121E-003
   264.301875000000        -2.534846050508301E-003
   264.515625000000        -2.175628098230551E-003
   264.729375000000        -1.791638281794122E-003
   264.943125000000        -1.397760228628147E-003
   265.156875000000        -1.009789857092822E-003
   265.370625000000        -6.435314178233539E-004
   265.584375000000        -3.138837267661139E-004
   265.798125000000        -3.397543706140920E-005
   266.011875000000         1.855958639019170E-004
   266.225625000000         3.373735658467549E-004
   266.439375000000         4.174643357417710E-004
   266.653125000000         4.257488509895352E-004
   266.866875000000         3.658708700056020E-004
   267.080625000000         2.450086392233458E-004
   267.294375000000         7.344603268641559E-005
   267.508125000000        -1.360273196624657E-004
   267.721875000000        -3.688480306385024E-004
   267.935625000000        -6.094973115714909E-004
   268.149375000000        -8.423560777662385E-004
   268.363125000000        -1.052546499916977E-003
   268.576875000000        -1.226712033206060E-003
   268.790625000000        -1.353693033693407E-003
   269.004375000000        -1.425062455081192E-003
   269.218125000000        -1.435495263197412E-003
   269.431875000000        -1.382955500016488E-003
   269.645625000000        -1.268695739153407E-003
   269.859375000000        -1.097074380179272E-003
   270.073125000000        -8.752062562638170E-004
   270.286875000000        -6.124708773115995E-004
   270.500625000000        -3.199098879973488E-004
   270.714375000000        -9.550677126926908E-006
   270.928125000000         3.063036726100965E-004
   271.141875000000         6.157768562051875E-004
   271.355625000000         9.080741530421582E-004
   271.569375000000         1.174052739242596E-003
   271.783125000000         1.406675853263631E-003
   271.996875000000         1.601325996859792E-003
   272.210625000000         1.755960511860549E-003
   272.424375000000         1.871101961015761E-003
   272.638125000000         1.949665314150266E-003
   272.851875000000         1.996633518190061E-003
   273.065625000000         2.018602110173705E-003
   273.279375000000         2.023221614646422E-003
   273.493125000000         2.018573072370450E-003
   273.706875000000         2.012516746946377E-003
   273.920625000000         2.012056498024896E-003
   274.134375000000         2.022762247958187E-003
   274.348125000000         2.048290287433106E-003
   274.561875000000         2.090035900367588E-003
   274.775625000000         2.146945138246620E-003
   274.989375000000         2.215502904191210E-003
   275.203125000000         2.289903338906598E-003
   275.416875000000         2.362396489973926E-003
   275.630625000000         2.423793147954541E-003
   275.844375000000         2.464098356424713E-003
   276.058125000000         2.473234256868521E-003
   276.271875000000         2.441805362529812E-003
   276.485625000000         2.361854698601477E-003
   276.699375000000         2.227557957342982E-003
   276.913125000000         2.035805135899858E-003
   277.126875000000         1.786625043185644E-003
   277.340625000000         1.483417309749684E-003
   277.554375000000         1.132968585468999E-003
   277.768125000000         7.452437104513743E-004
   277.981875000000         3.329578595442264E-004
   278.195625000000        -8.904906313574667E-005
   278.409375000000        -5.046002624119095E-004
   278.623125000000        -8.970844570959042E-004
   278.836875000000        -1.250416064987197E-003
   279.050625000000        -1.549991026193422E-003
   279.264375000000        -1.783575013754553E-003
   279.478125000000        -1.942064092348995E-003
   279.691875000000        -2.020065470243149E-003
   279.905625000000        -2.016257377603410E-003
   280.119375000000        -1.933501535736172E-003
   280.333125000000        -1.778698158490203E-003
   280.546875000000        -1.562390785078305E-003
   280.760625000000        -1.298145240133359E-003
   280.974375000000        -1.001742424115070E-003
   281.188125000000        -6.902373361647838E-004
   281.401875000000        -3.809457977423915E-004
   281.615625000000        -9.042512024900116E-005
   281.829375000000         1.664848988945002E-004
   282.043125000000         3.774987594445185E-004
   282.256875000000         5.335467124158034E-004
   282.470625000000         6.292201959887533E-004
   282.684375000000         6.629756997906818E-004
   282.898125000000         6.370882452139406E-004
   283.111875000000         5.573627991778560E-004
   283.325625000000         4.326282267210260E-004
   283.539375000000         2.740526825151933E-004
   283.753125000000         9.433065503361018E-005
   283.966875000000        -9.320054347012928E-005
   284.180625000000        -2.754536696827529E-004
   284.394375000000        -4.404336276680106E-004
   284.608125000000        -5.779736956279708E-004
   284.821875000000        -6.803197408339215E-004
   285.035625000000        -7.425281321274815E-004
   285.249375000000        -7.626569980040415E-004
   285.463125000000        -7.417454377679835E-004
   285.676875000000        -6.835901805844195E-004
   285.890625000000        -5.943429456236473E-004
   286.104375000000        -4.819634410158681E-004
   286.318125000000        -3.555717822394486E-004
   286.531875000000        -2.247495712482311E-004
   286.745625000000        -9.884067459944283E-005
   286.959375000000         1.369913825225502E-005
   287.173125000000         1.058598334762667E-004
   287.386875000000         1.725063945694796E-004
   287.600625000000         2.106545901794299E-004
   287.814375000000         2.195799714759534E-004
   288.028125000000         2.007592676098523E-004
   288.241875000000         1.576553887436198E-004
   288.455625000000         9.536804987307006E-005
   288.669375000000         2.018085723868641E-005
   288.883125000000        -6.095802080777616E-005
   289.096875000000        -1.409811172300290E-004
   289.310625000000        -2.132320937469092E-004
   289.524375000000        -2.719432654373441E-004
   289.738125000000        -3.126275573954129E-004
   289.951875000000        -3.323598444366640E-004
   290.165625000000        -3.299318213375169E-004
   290.379375000000        -3.058745935897640E-004
   290.593125000000        -2.623532888253590E-004
   290.806875000000        -2.029474032023271E-004
   291.020625000000        -1.323386229430277E-004
   291.234375000000        -5.593392897785616E-005
   291.448125000000         2.054450421600913E-005
   291.661875000000         9.146998074766311E-005
   291.875625000000         1.516913568508892E-004
   292.089375000000         1.968552075059630E-004
   292.303125000000         2.236486575956135E-004
   292.516875000000         2.299488180472781E-004
   292.730625000000         2.148729888484630E-004
   292.944375000000         1.787321730073392E-004
   293.158125000000         1.228982985590028E-004
   293.371875000000         4.960223754472220E-005
   293.585625000000        -3.831528175309979E-005
   293.799375000000        -1.376748230921521E-004
   294.013125000000        -2.452257062243879E-004
   294.226875000000        -3.578855958155475E-004
   294.440625000000        -4.729316432303506E-004
   294.654375000000        -5.881279330256374E-004
   294.868125000000        -7.017805183233295E-004
   295.081875000000        -8.127184795807336E-004
   295.295625000000        -9.202065775741610E-004
   295.509375000000        -1.023801574394149E-003
   295.723125000000        -1.123169611916729E-003
   295.936875000000        -1.217885722733565E-003
   296.150625000000        -1.307238307639526E-003
   296.364375000000        -1.390061118864464E-003
   296.578125000000        -1.464612987354180E-003
   296.791875000000        -1.528521441111323E-003
   297.005625000000        -1.578800840740246E-003
   297.219375000000        -1.611949180100766E-003
   297.433125000000        -1.624120805760224E-003
   297.646875000000        -1.611365562865860E-003
   297.860625000000        -1.569918817497459E-003
   298.074375000000        -1.496521910564174E-003
   298.288125000000        -1.388749238576276E-003
   298.501875000000        -1.245316578411780E-003
   298.715625000000        -1.066345582827293E-003
   298.929375000000        -8.535615356218314E-004
   299.143125000000        -6.104053026024518E-004
   299.356875000000        -3.420456660856486E-004
   299.570625000000        -5.528451845100069E-005
   299.784375000000         2.416457112373649E-004
   299.998125000000         5.393859656808839E-004
   300.211875000000         8.278426009260457E-004
   300.425625000000         1.096648292880691E-003
   300.639375000000         1.335667541245264E-003
   300.853125000000         1.535518864763213E-003
   301.066875000000         1.688083717744147E-003
   301.280625000000         1.786971796865032E-003
   301.494375000000         1.827913790843703E-003
   301.708125000000         1.809055710142505E-003
   301.921875000000         1.731133594652388E-003
   302.135625000000         1.597513433551427E-003
   302.349375000000         1.414088272658771E-003
   302.563125000000         1.189032397416231E-003
   302.776875000000         9.324207771099279E-004
   302.990625000000         6.557302082614637E-004
   303.204375000000         3.712463438622839E-004
   303.418125000000         9.140757141644826E-005
   303.631875000000        -1.718779504403957E-004
   303.845625000000        -4.079022884432797E-004
   304.059375000000        -6.077736569276693E-004
   304.273125000000        -7.649383115245759E-004
   304.486875000000        -8.755721902588019E-004
   304.700625000000        -9.388123566293496E-004
   304.914375000000        -9.568069261827276E-004
   305.128125000000        -9.345727539307600E-004
   305.341875000000        -8.796621716609945E-004
   305.555625000000        -8.016527852997136E-004
   305.769375000000        -7.114869488660614E-004
   305.983125000000        -6.206991313268211E-004
   306.196875000000        -5.405790879580253E-004
   306.410625000000        -4.813257041977227E-004
   306.624375000000        -4.512498981408365E-004
   306.838125000000        -4.560845514780978E-004
   307.051875000000        -4.984548519843381E-004
   307.265625000000        -5.775537390522557E-004
   307.479375000000        -6.890547329992388E-004
   307.693125000000        -8.252789984445527E-004
   307.906875000000        -9.756160216202060E-004
   308.120625000000        -1.127178970891485E-003
   308.334375000000        -1.265657996183780E-003
   308.548125000000        -1.376318780719687E-003
   308.761875000000        -1.445080889127855E-003
   308.975625000000        -1.459601978418414E-003
   309.189375000000        -1.410290587566477E-003
   309.403125000000        -1.291172466465181E-003
   309.616875000000        -1.100543293381666E-003
   309.830625000000        -8.413537657758145E-004
   310.044375000000        -5.212906073746064E-004
   310.258125000000        -1.525378121233904E-004
   310.471875000000         2.487750516960519E-004
   310.685625000000         6.634081000182155E-004
   310.899375000000         1.070079692841575E-003
   311.113125000000         1.446700447835248E-003
   311.326875000000         1.771691972683833E-003
   311.540625000000         2.025302446129600E-003
   311.754375000000         2.190830410085643E-003
   311.968125000000         2.255673854788592E-003
   312.181875000000         2.212133495003805E-003
   312.395625000000         2.057916174321458E-003
   312.609375000000         1.796305309140423E-003
   312.823125000000         1.435988596655814E-003
   313.036875000000         9.905570851588036E-004
   313.250625000000         4.777123292138179E-004
   313.464375000000        -8.176197068089321E-005
   313.678125000000        -6.651921614601194E-004
   313.891875000000        -1.249289174600792E-003
   314.105625000000        -1.811420221668371E-003
   314.319375000000        -2.330795021952366E-003
   314.533125000000        -2.789492402297233E-003
   314.746875000000        -3.173266684107124E-003
   314.960625000000        -3.472090782004453E-003
   315.174375000000        -3.680412940198531E-003
   315.388125000000        -3.797124939924792E-003
   315.601875000000        -3.825259826570817E-003
   315.815625000000        -3.771455247257970E-003
   316.029375000000        -3.645233107234613E-003
   316.243125000000        -3.458156513288531E-003
   316.456875000000        -3.222930317593626E-003
   316.670625000000        -2.952511849378763E-003
   316.884375000000        -2.659293858285067E-003
   317.098125000000        -2.354412875389191E-003
   317.311875000000        -2.047223991827819E-003
   317.525625000000        -1.744968525892743E-003
   317.739375000000        -1.452645367951047E-003
   317.953125000000        -1.173081140337392E-003
   318.166875000000        -9.071797923692422E-004
   318.380625000000        -6.543198253820878E-004
   318.594375000000        -4.128577609514172E-004
   318.808125000000        -1.806902393203465E-004
   319.021875000000         4.417547751434208E-005
   319.235625000000         2.630918140188766E-004
   319.449375000000         4.763268052738834E-004
   319.663125000000         6.827430456812770E-004
   319.876875000000         8.796272639859287E-004
   320.090625000000         1.062686595811407E-003
   320.304375000000         1.226215127463427E-003
   320.518125000000         1.363421605387869E-003
   320.731875000000         1.466897119523632E-003
   320.945625000000         1.529190807113358E-003
   321.159375000000         1.543452843294418E-003
   321.373125000000         1.504097741326975E-003
   321.586875000000         1.407437707457901E-003
   321.800625000000         1.252235762937811E-003
   322.014375000000         1.040131669508802E-003
   322.228125000000         7.759003009669369E-004
   322.441875000000         4.675117237174106E-004
   322.655625000000         1.259744187579481E-004
   322.869375000000        -2.350428559645509E-004
   323.083125000000        -5.997999181278113E-004
   323.296875000000        -9.512588061709174E-004
   323.510625000000        -1.272001911757981E-003
   323.724375000000        -1.545241849544556E-003
   323.938125000000        -1.755860795041809E-003
   324.151875000000        -1.891411282570154E-003
   324.365625000000        -1.943009143403447E-003
   324.579375000000        -1.906052750336085E-003
   324.793125000000        -1.780711063036508E-003
   325.006875000000        -1.572135825538217E-003
   325.220625000000        -1.290369979653006E-003
   325.434375000000        -9.499439187673331E-004
   325.648125000000        -5.691723309074579E-004
   325.861875000000        -1.691855902874993E-004
   326.075625000000         2.272506123689454E-004
   326.289375000000         5.970569907989949E-004
   326.503125000000         9.182209917339845E-004
   326.716875000000         1.171146137438636E-003
   326.930625000000         1.339880143208500E-003
   327.144375000000         1.413137397706334E-003
   327.358125000000         1.385043469299689E-003
   327.571875000000         1.255546908870857E-003
   327.785625000000         1.030465591399777E-003
   327.999375000000         7.211596365762863E-004
   328.213125000000         3.438487771165621E-004
   328.426875000000        -8.138301241615498E-005
   328.640625000000        -5.318306361837394E-004
   328.854375000000        -9.835760450393211E-004
   329.068125000000        -1.412966878901742E-003
   329.281875000000        -1.798065918592035E-003
   329.495625000000        -2.119973790425873E-003
   329.709375000000        -2.363936542081537E-003
   329.923125000000        -2.520165270770135E-003
   330.136875000000        -2.584315761329383E-003
   330.350625000000        -2.557600509385508E-003
   330.564375000000        -2.446531716234213E-003
   330.778125000000        -2.262319874905505E-003
   330.991875000000        -2.019976479890023E-003
   331.205625000000        -1.737189429937040E-003
   331.419375000000        -1.433054419126036E-003
   331.633125000000        -1.126754020511476E-003
   331.846875000000        -8.362777546327405E-004
   332.060625000000        -5.772712283870608E-004
   332.274375000000        -3.620909712767158E-004
   332.488125000000        -1.991248903598203E-004
   332.701875000000        -9.241768719733938E-005
   332.915625000000        -4.161775670775341E-005
   333.129375000000        -4.223876371564100E-005
   333.343125000000        -8.620699099098421E-005
   333.556875000000        -1.626462415933844E-004
   333.770625000000        -2.588368586417246E-004
   333.984375000000        -3.612752407045288E-004
   334.198125000000        -4.567556118125713E-004
   334.411875000000        -5.333968498263602E-004
   334.625625000000        -5.815435659485604E-004
   334.839375000000        -5.944816711879416E-004
   335.053125000000        -5.689233746391560E-004
   335.266875000000        -5.052337397652639E-004
   335.480625000000        -4.073892802152973E-004
   335.694375000000        -2.826773053526214E-004
   335.908125000000        -1.411616186247765E-004
   336.121875000000         5.045308726443792E-006
   336.335625000000         1.426522278231667E-004
   336.549375000000         2.581419888519609E-004
   336.763125000000         3.387446932205097E-004
   336.976875000000         3.733687495659362E-004
   337.190625000000         3.534315223034747E-004
   337.404375000000         2.735385887640235E-004
   337.618125000000         1.319706104563475E-004
   337.831875000000        -6.905122727828860E-005
   338.045625000000        -3.233370942468734E-004
   338.259375000000        -6.209399811038284E-004
   338.473125000000        -9.485956531284749E-004
   338.686875000000        -1.290367525787217E-003
   338.900625000000        -1.628461889357370E-003
   339.114375000000        -1.944169831077969E-003
   339.328125000000        -2.218885417685565E-003
   339.541875000000        -2.435145472269854E-003
   339.755625000000        -2.577634768756927E-003
   339.969375000000        -2.634101734835578E-003
   340.183125000000        -2.596133756890738E-003
