  -1.603125      0.0000000E+00
  -1.389375      0.0000000E+00
  -1.175625      0.0000000E+00
 -0.9618750      0.0000000E+00
 -0.7481250      0.0000000E+00
 -0.5343750      0.0000000E+00
 -0.3206250      0.0000000E+00
 -0.1068750      0.0000000E+00
  0.1068750      0.0000000E+00
  0.3206250      0.0000000E+00
  0.5343750      0.0000000E+00
  0.7481250      0.0000000E+00
  0.9618750      0.0000000E+00
   1.175625      0.0000000E+00
   1.389375      0.0000000E+00
   1.603125      0.0000000E+00
   1.816875      0.0000000E+00
   2.030625      0.0000000E+00
   2.244375      0.0000000E+00
   2.458125      0.0000000E+00
   2.671875      0.0000000E+00
   2.885625      0.0000000E+00
   3.099375      0.0000000E+00
   3.313125      0.0000000E+00
   3.526875      0.0000000E+00
   3.740625      0.0000000E+00
   3.954375      0.0000000E+00
   4.168125      0.0000000E+00
   4.381875      0.0000000E+00
   4.595625      0.0000000E+00
   4.809375      0.0000000E+00
   5.023125      0.0000000E+00
   5.236875      0.0000000E+00
   5.450625      0.0000000E+00
   5.664375      0.0000000E+00
   5.878125      0.0000000E+00
   6.091875      0.0000000E+00
   6.305625      0.0000000E+00
   6.519375      0.0000000E+00
   6.733125      0.0000000E+00
   6.946875      0.0000000E+00
   7.160625      0.0000000E+00
   7.374375      0.0000000E+00
   7.588125      0.0000000E+00
   7.801875      0.0000000E+00
   8.015625      0.0000000E+00
   8.229375      0.0000000E+00
   8.443125      0.0000000E+00
   8.656875      0.0000000E+00
   8.870625      0.0000000E+00
   9.084375      0.0000000E+00
   9.298125      0.0000000E+00
   9.511875      0.0000000E+00
   9.725625      0.0000000E+00
   9.939375      0.0000000E+00
   10.15312      0.0000000E+00
   10.36687      0.0000000E+00
   10.58062      0.0000000E+00
   10.79438      0.0000000E+00
   11.00813      0.0000000E+00
   11.22188      0.0000000E+00
   11.43563      0.0000000E+00
   11.64937      0.0000000E+00
   11.86312      0.0000000E+00
   12.07687      0.0000000E+00
   12.29062      0.0000000E+00
   12.50438      0.0000000E+00
   12.71813      0.0000000E+00
   12.93188      0.0000000E+00
   13.14563      0.0000000E+00
   13.35938      0.0000000E+00
   13.57312      0.0000000E+00
   13.78687      0.0000000E+00
   14.00062      0.0000000E+00
   14.21437      0.0000000E+00
   14.42813      0.0000000E+00
   14.64188      0.0000000E+00
   14.85563      0.0000000E+00
   15.06938      0.0000000E+00
   15.28312      0.0000000E+00
   15.49687      0.0000000E+00
   15.71062      0.0000000E+00
   15.92437      0.0000000E+00
   16.13812      0.0000000E+00
   16.35188      0.0000000E+00
   16.56562      0.0000000E+00
   16.77938      0.0000000E+00
   16.99313      0.0000000E+00
   17.20687      0.0000000E+00
   17.42063      0.0000000E+00
   17.63437      0.0000000E+00
   17.84813      0.0000000E+00
   18.06187      0.0000000E+00
   18.27563      0.0000000E+00
   18.48937      0.0000000E+00
   18.70312      0.0000000E+00
   18.91688      0.0000000E+00
   19.13062      0.0000000E+00
   19.34438      0.0000000E+00
   19.55812      0.0000000E+00
   19.77188      0.0000000E+00
   19.98562      0.0000000E+00
   20.19938      0.0000000E+00
   20.41312      0.0000000E+00
   20.62687      0.0000000E+00
   20.84063      0.0000000E+00
   21.05437      0.0000000E+00
   21.26813      0.0000000E+00
   21.48187      0.0000000E+00
   21.69563      0.0000000E+00
   21.90937      0.0000000E+00
   22.12313      0.0000000E+00
   22.33688      0.0000000E+00
   22.55062      0.0000000E+00
   22.76438      0.0000000E+00
   22.97812      0.0000000E+00
   23.19188      0.0000000E+00
   23.40562      0.0000000E+00
   23.61938      0.0000000E+00
   23.83312      0.0000000E+00
   24.04688      0.0000000E+00
   24.26063      0.0000000E+00
   24.47437      0.0000000E+00
   24.68813      0.0000000E+00
   24.90187      0.0000000E+00
   25.11563      0.0000000E+00
   25.32937      0.0000000E+00
   25.54313      0.0000000E+00
   25.75687      0.0000000E+00
   25.97062      0.0000000E+00
   26.18438      0.0000000E+00
   26.39812      0.0000000E+00
   26.61188      0.0000000E+00
   26.82562      0.0000000E+00
   27.03938      0.0000000E+00
   27.25312      0.0000000E+00
   27.46688      0.0000000E+00
   27.68063      0.0000000E+00
   27.89437      0.0000000E+00
   28.10813      0.0000000E+00
   28.32187      0.0000000E+00
   28.53563      0.0000000E+00
   28.74937      0.0000000E+00
   28.96313      0.0000000E+00
   29.17687      0.0000000E+00
   29.39062      0.0000000E+00
   29.60438      0.0000000E+00
   29.81812      0.0000000E+00
   30.03188      0.0000000E+00
   30.24562      0.0000000E+00
   30.45938      0.0000000E+00
   30.67312      0.0000000E+00
   30.88688      0.0000000E+00
   31.10062      0.0000000E+00
   31.31437      0.0000000E+00
   31.52813      0.0000000E+00
   31.74187      0.0000000E+00
   31.95563      0.0000000E+00
   32.16938      0.0000000E+00
   32.38313      0.0000000E+00
   32.59687      0.0000000E+00
   32.81062      0.0000000E+00
   33.02438      0.0000000E+00
   33.23812      0.0000000E+00
   33.45187      0.0000000E+00
   33.66563      0.0000000E+00
   33.87938      0.0000000E+00
   34.09312      0.0000000E+00
   34.30687      0.0000000E+00
   34.52063      0.0000000E+00
   34.73438      0.0000000E+00
   34.94812      0.0000000E+00
   35.16188      0.0000000E+00
   35.37563      0.0000000E+00
   35.58937      0.0000000E+00
   35.80312      0.0000000E+00
   36.01688      0.0000000E+00
   36.23063      0.0000000E+00
   36.44437      0.0000000E+00
   36.65813      0.0000000E+00
   36.87188      0.0000000E+00
   37.08562      0.0000000E+00
   37.29937      0.0000000E+00
   37.51313      0.0000000E+00
   37.72688      0.0000000E+00
   37.94062      0.0000000E+00
   38.15437      0.0000000E+00
   38.36813      0.0000000E+00
   38.58187      0.0000000E+00
   38.79562      0.0000000E+00
   39.00938      0.0000000E+00
   39.22313      0.0000000E+00
   39.43687      0.0000000E+00
   39.65062      0.0000000E+00
   39.86438      0.0000000E+00
   40.07812      0.0000000E+00
   40.29187      0.0000000E+00
   40.50563      0.0000000E+00
   40.71938      0.0000000E+00
   40.93312      0.0000000E+00
   41.14687      0.0000000E+00
   41.36063      0.0000000E+00
   41.57438      0.0000000E+00
   41.78812      0.0000000E+00
   42.00188      0.0000000E+00
   42.21563      0.0000000E+00
   42.42937      0.0000000E+00
   42.64312      0.0000000E+00
   42.85688      0.0000000E+00
   43.07063      0.0000000E+00
   43.28437      0.0000000E+00
   43.49812      0.0000000E+00
   43.71188      0.0000000E+00
   43.92562      0.0000000E+00
   44.13937      0.0000000E+00
   44.35313      0.0000000E+00
   44.56688      0.0000000E+00
   44.78062      0.0000000E+00
   44.99437      0.0000000E+00
   45.20813      0.0000000E+00
   45.42188      0.0000000E+00
   45.63562      0.0000000E+00
   45.84938      0.0000000E+00
   46.06313      0.0000000E+00
   46.27687      0.0000000E+00
   46.49062      0.0000000E+00
   46.70438      0.0000000E+00
   46.91813      0.0000000E+00
   47.13187      0.0000000E+00
   47.34563      0.0000000E+00
   47.55938      0.0000000E+00
   47.77312      0.0000000E+00
   47.98687      0.0000000E+00
   48.20063      0.0000000E+00
   48.41438      0.0000000E+00
   48.62812      0.0000000E+00
   48.84187      0.0000000E+00
   49.05563      0.0000000E+00
   49.26937      0.0000000E+00
   49.48312      0.0000000E+00
   49.69688      0.0000000E+00
   49.91063      0.0000000E+00
   50.12437      0.0000000E+00
   50.33812      0.0000000E+00
   50.55188      0.0000000E+00
   50.76562      0.0000000E+00
   50.97937      0.0000000E+00
   51.19313      0.0000000E+00
   51.40688      0.0000000E+00
   51.62062      0.0000000E+00
   51.83437      0.0000000E+00
   52.04813      0.0000000E+00
   52.26188      0.0000000E+00
   52.47562      0.0000000E+00
   52.68938      0.0000000E+00
   52.90313      0.0000000E+00
   53.11687      0.0000000E+00
   53.33062      0.0000000E+00
   53.54438      0.0000000E+00
   53.75813      0.0000000E+00
   53.97187      0.0000000E+00
   54.18562      0.0000000E+00
   54.39938      0.0000000E+00
   54.61312      0.0000000E+00
   54.82687      0.0000000E+00
   55.04063      0.0000000E+00
   55.25438      0.0000000E+00
   55.46812      0.0000000E+00
   55.68187      0.0000000E+00
   55.89563      0.0000000E+00
   56.10938      0.0000000E+00
   56.32312      0.0000000E+00
   56.53688      0.0000000E+00
   56.75063      0.0000000E+00
   56.96437      0.0000000E+00
   57.17812      0.0000000E+00
   57.39188      0.0000000E+00
   57.60563      0.0000000E+00
   57.81937      0.0000000E+00
   58.03313      0.0000000E+00
   58.24688      0.0000000E+00
   58.46062      0.0000000E+00
   58.67437      0.0000000E+00
   58.88813      0.0000000E+00
   59.10188      0.0000000E+00
   59.31562      0.0000000E+00
   59.52937      0.0000000E+00
   59.74313      0.0000000E+00
   59.95687      0.0000000E+00
   60.17062      0.0000000E+00
   60.38438      0.0000000E+00
   60.59813      0.0000000E+00
   60.81187      0.0000000E+00
   61.02562      0.0000000E+00
   61.23938      0.0000000E+00
   61.45312      0.0000000E+00
   61.66687      0.0000000E+00
   61.88063      0.0000000E+00
   62.09438      0.0000000E+00
   62.30812      0.0000000E+00
   62.52187      0.0000000E+00
   62.73563      0.0000000E+00
   62.94938      0.0000000E+00
   63.16312      0.0000000E+00
   63.37688      0.0000000E+00
   63.59063      0.0000000E+00
   63.80437      0.0000000E+00
   64.01813      0.0000000E+00
   64.23187      0.0000000E+00
   64.44563      0.0000000E+00
   64.65938      0.0000000E+00
   64.87312      0.0000000E+00
   65.08688      0.0000000E+00
   65.30063      0.0000000E+00
   65.51437      0.0000000E+00
   65.72813      0.0000000E+00
   65.94187      0.0000000E+00
   66.15562      0.0000000E+00
   66.36938      0.0000000E+00
   66.58312      0.0000000E+00
   66.79688      0.0000000E+00
   67.01063      0.0000000E+00
   67.22437      0.0000000E+00
   67.43813      0.0000000E+00
   67.65188      0.0000000E+00
   67.86562      0.0000000E+00
   68.07938      0.0000000E+00
   68.29312      0.0000000E+00
   68.50687      0.0000000E+00
   68.72063      0.0000000E+00
   68.93437      0.0000000E+00
   69.14812      0.0000000E+00
   69.36188      0.0000000E+00
   69.57562      0.0000000E+00
   69.78938      0.0000000E+00
   70.00313      0.0000000E+00
   70.21687      0.0000000E+00
   70.43063      0.0000000E+00
   70.64438      0.0000000E+00
   70.85812      0.0000000E+00
   71.07188      0.0000000E+00
   71.28562      0.0000000E+00
   71.49937      0.0000000E+00
   71.71313      0.0000000E+00
   71.92687      0.0000000E+00
   72.14062      0.0000000E+00
   72.35438      0.0000000E+00
   72.56812      0.0000000E+00
   72.78188      0.0000000E+00
   72.99563      0.0000000E+00
   73.20937      0.0000000E+00
   73.42313      0.0000000E+00
   73.63687      0.0000000E+00
   73.85062      0.0000000E+00
   74.06438      0.0000000E+00
   74.27812      0.0000000E+00
   74.49187      0.0000000E+00
   74.70563      0.0000000E+00
   74.91937      0.0000000E+00
   75.13313      0.0000000E+00
   75.34688      0.0000000E+00
   75.56062      0.0000000E+00
   75.77438      0.0000000E+00
   75.98813      0.0000000E+00
   76.20187      0.0000000E+00
   76.41563      0.0000000E+00
   76.62937      0.0000000E+00
   76.84312      0.0000000E+00
   77.05688      0.0000000E+00
   77.27062      0.0000000E+00
   77.48438      0.0000000E+00
   77.69813      0.0000000E+00
   77.91187      0.0000000E+00
   78.12563      0.0000000E+00
   78.33938      0.0000000E+00
   78.55312      0.0000000E+00
   78.76688      0.0000000E+00
   78.98062      0.0000000E+00
   79.19437      0.0000000E+00
   79.40813      0.0000000E+00
   79.62187      0.0000000E+00
   79.83562      0.0000000E+00
   80.04938      0.0000000E+00
   80.26312      0.0000000E+00
   80.47688      0.0000000E+00
   80.69063      0.0000000E+00
   80.90437      0.0000000E+00
   81.11813      0.0000000E+00
   81.33188      0.0000000E+00
   81.54562      0.0000000E+00
   81.75938      0.0000000E+00
   81.97312      0.0000000E+00
   82.18687      0.0000000E+00
   82.40063      0.0000000E+00
   82.61437      0.0000000E+00
   82.82812      0.0000000E+00
   83.04188      0.0000000E+00
   83.25562      0.0000000E+00
   83.46938      0.0000000E+00
   83.68313      0.0000000E+00
   83.89687      0.0000000E+00
   84.11063      0.0000000E+00
   84.32437      0.0000000E+00
   84.53812      0.0000000E+00
   84.75188      0.0000000E+00
   84.96562      0.0000000E+00
   85.17937      0.0000000E+00
   85.39313      0.0000000E+00
   85.60687      0.0000000E+00
   85.82063      0.0000000E+00
   86.03438      0.0000000E+00
   86.24812      0.0000000E+00
   86.46188      0.0000000E+00
   86.67563      0.0000000E+00
   86.88937      0.0000000E+00
   87.10313      0.0000000E+00
   87.31687      0.0000000E+00
   87.53062      0.0000000E+00
   87.74438      0.0000000E+00
   87.95812      0.0000000E+00
   88.17188      0.0000000E+00
   88.38563      0.0000000E+00
   88.59937      0.0000000E+00
   88.81313      0.0000000E+00
   89.02688      0.0000000E+00
   89.24062      0.0000000E+00
   89.45438      0.0000000E+00
   89.66812      0.0000000E+00
   89.88187      0.0000000E+00
   90.09563      0.0000000E+00
   90.30937      0.0000000E+00
   90.52312      0.0000000E+00
   90.73688      0.0000000E+00
   90.95062      0.0000000E+00
   91.16438      0.0000000E+00
   91.37813      0.0000000E+00
   91.59187      0.0000000E+00
   91.80563      0.0000000E+00
   92.01938      0.0000000E+00
   92.23312      0.0000000E+00
   92.44688      0.0000000E+00
   92.66062      0.0000000E+00
   92.87437      0.0000000E+00
   93.08813      0.0000000E+00
   93.30187      0.0000000E+00
   93.51562      0.0000000E+00
   93.72938      0.0000000E+00
   93.94312      0.0000000E+00
   94.15688      0.0000000E+00
   94.37063      0.0000000E+00
   94.58437      0.0000000E+00
   94.79813      0.0000000E+00
   95.01187      0.0000000E+00
   95.22562      0.0000000E+00
   95.43938      0.0000000E+00
   95.65312      0.0000000E+00
   95.86687      0.0000000E+00
   96.08063      0.0000000E+00
   96.29437      0.0000000E+00
   96.50813      0.0000000E+00
   96.72188      0.0000000E+00
   96.93562      0.0000000E+00
   97.14938      0.0000000E+00
   97.36313      0.0000000E+00
   97.57687      0.0000000E+00
   97.79063      0.0000000E+00
   98.00437      0.0000000E+00
   98.21812      0.0000000E+00
   98.43188      0.0000000E+00
   98.64562      0.0000000E+00
   98.85938      0.0000000E+00
   99.07313      0.0000000E+00
   99.28687      0.0000000E+00
   99.50063      0.0000000E+00
   99.71438      0.0000000E+00
   99.92812      0.0000000E+00
   100.1419      0.0000000E+00
   100.3556      0.0000000E+00
   100.5694      0.0000000E+00
   100.7831      0.0000000E+00
   100.9969      0.0000000E+00
   101.2106      0.0000000E+00
   101.4244      0.0000000E+00
   101.6381      0.0000000E+00
   101.8519      0.0000000E+00
   102.0656      0.0000000E+00
   102.2794      0.0000000E+00
   102.4931      0.0000000E+00
   102.7069      0.0000000E+00
   102.9206      0.0000000E+00
   103.1344      0.0000000E+00
   103.3481      0.0000000E+00
   103.5619      0.0000000E+00
   103.7756      0.0000000E+00
   103.9894      0.0000000E+00
   104.2031      0.0000000E+00
   104.4169      0.0000000E+00
   104.6306      0.0000000E+00
   104.8444      0.0000000E+00
   105.0581      0.0000000E+00
   105.2719      0.0000000E+00
   105.4856      0.0000000E+00
   105.6994      0.0000000E+00
   105.9131      0.0000000E+00
   106.1269      0.0000000E+00
   106.3406      0.0000000E+00
   106.5544      0.0000000E+00
   106.7681      0.0000000E+00
   106.9819      0.0000000E+00
   107.1956      0.0000000E+00
   107.4094      0.0000000E+00
   107.6231      0.0000000E+00
   107.8369      0.0000000E+00
   108.0506      0.0000000E+00
   108.2644      0.0000000E+00
   108.4781      0.0000000E+00
   108.6919      0.0000000E+00
   108.9056      0.0000000E+00
   109.1194      0.0000000E+00
   109.3331      0.0000000E+00
   109.5469      0.0000000E+00
   109.7606      0.0000000E+00
   109.9744      0.0000000E+00
   110.1881      0.0000000E+00
   110.4019      0.0000000E+00
   110.6156      0.0000000E+00
   110.8294      0.0000000E+00
   111.0431      0.0000000E+00
   111.2569      0.0000000E+00
   111.4706      0.0000000E+00
   111.6844      0.0000000E+00
   111.8981      0.0000000E+00
   112.1119      0.0000000E+00
   112.3256      0.0000000E+00
   112.5394      0.0000000E+00
   112.7531      0.0000000E+00
   112.9669      0.0000000E+00
   113.1806      0.0000000E+00
   113.3944      0.0000000E+00
   113.6081      0.0000000E+00
   113.8219      0.0000000E+00
   114.0356      0.0000000E+00
   114.2494      0.0000000E+00
   114.4631      0.0000000E+00
   114.6769      0.0000000E+00
   114.8906      0.0000000E+00
   115.1044      0.0000000E+00
   115.3181      0.0000000E+00
   115.5319      0.0000000E+00
   115.7456      0.0000000E+00
   115.9594      0.0000000E+00
   116.1731      0.0000000E+00
   116.3869      0.0000000E+00
   116.6006      0.0000000E+00
   116.8144      0.0000000E+00
   117.0281      0.0000000E+00
   117.2419      0.0000000E+00
   117.4556      0.0000000E+00
   117.6694      0.0000000E+00
   117.8831      0.0000000E+00
   118.0969      0.0000000E+00
   118.3106      0.0000000E+00
   118.5244      0.0000000E+00
   118.7381      0.0000000E+00
   118.9519      0.0000000E+00
   119.1656      0.0000000E+00
   119.3794      0.0000000E+00
   119.5931      0.0000000E+00
   119.8069      0.0000000E+00
   120.0206      0.0000000E+00
   120.2344      0.0000000E+00
   120.4481      0.0000000E+00
   120.6619      0.0000000E+00
   120.8756      0.0000000E+00
   121.0894      0.0000000E+00
   121.3031      0.0000000E+00
   121.5169      0.0000000E+00
   121.7306      0.0000000E+00
   121.9444      0.0000000E+00
   122.1581      0.0000000E+00
   122.3719      0.0000000E+00
   122.5856      0.0000000E+00
   122.7994      0.0000000E+00
   123.0131      0.0000000E+00
   123.2269      0.0000000E+00
   123.4406      0.0000000E+00
   123.6544      0.0000000E+00
   123.8681      0.0000000E+00
   124.0819      0.0000000E+00
   124.2956      0.0000000E+00
   124.5094      0.0000000E+00
   124.7231      0.0000000E+00
   124.9369      0.0000000E+00
   125.1506      0.0000000E+00
   125.3644      0.0000000E+00
   125.5781      0.0000000E+00
   125.7919      0.0000000E+00
   126.0056      0.0000000E+00
   126.2194      0.0000000E+00
   126.4331      0.0000000E+00
   126.6469      0.0000000E+00
   126.8606      0.0000000E+00
   127.0744      0.0000000E+00
   127.2881      0.0000000E+00
   127.5019      0.0000000E+00
   127.7156      0.0000000E+00
   127.9294      0.0000000E+00
   128.1431      0.0000000E+00
   128.3569      0.0000000E+00
   128.5706      0.0000000E+00
   128.7844      0.0000000E+00
   128.9981      0.0000000E+00
   129.2119      0.0000000E+00
   129.4256      0.0000000E+00
   129.6394      0.0000000E+00
   129.8531      0.0000000E+00
   130.0669      0.0000000E+00
   130.2806      0.0000000E+00
   130.4944      0.0000000E+00
   130.7081      0.0000000E+00
   130.9219      0.0000000E+00
   131.1356      0.0000000E+00
   131.3494      0.0000000E+00
   131.5631      0.0000000E+00
   131.7769      0.0000000E+00
   131.9906      0.0000000E+00
   132.2044      0.0000000E+00
   132.4181      0.0000000E+00
   132.6319      0.0000000E+00
   132.8456      0.0000000E+00
   133.0594      0.0000000E+00
   133.2731      0.0000000E+00
   133.4869      0.0000000E+00
   133.7006      0.0000000E+00
   133.9144      0.0000000E+00
   134.1281      0.0000000E+00
   134.3419      0.0000000E+00
   134.5556      0.0000000E+00
   134.7694      0.0000000E+00
   134.9831      0.0000000E+00
   135.1969      0.0000000E+00
   135.4106      0.0000000E+00
   135.6244      0.0000000E+00
   135.8381      0.0000000E+00
   136.0519      0.0000000E+00
   136.2656      0.0000000E+00
   136.4794      0.0000000E+00
   136.6931      0.0000000E+00
   136.9069      0.0000000E+00
   137.1206      0.0000000E+00
   137.3344      0.0000000E+00
   137.5481      0.0000000E+00
   137.7619      0.0000000E+00
   137.9756      0.0000000E+00
   138.1894      0.0000000E+00
   138.4031      0.0000000E+00
   138.6169      0.0000000E+00
   138.8306      0.0000000E+00
   139.0444      0.0000000E+00
   139.2581      0.0000000E+00
   139.4719      0.0000000E+00
   139.6856      0.0000000E+00
   139.8994      0.0000000E+00
   140.1131      0.0000000E+00
   140.3269      0.0000000E+00
   140.5406      0.0000000E+00
   140.7544      0.0000000E+00
   140.9681      0.0000000E+00
   141.1819      0.0000000E+00
   141.3956      0.0000000E+00
   141.6094      0.0000000E+00
   141.8231      0.0000000E+00
   142.0369      0.0000000E+00
   142.2506      0.0000000E+00
   142.4644      0.0000000E+00
   142.6781      0.0000000E+00
   142.8919      0.0000000E+00
   143.1056      0.0000000E+00
   143.3194      0.0000000E+00
   143.5331      0.0000000E+00
   143.7469      0.0000000E+00
   143.9606      0.0000000E+00
   144.1744      0.0000000E+00
   144.3881      0.0000000E+00
   144.6019      0.0000000E+00
   144.8156      0.0000000E+00
   145.0294      0.0000000E+00
   145.2431      0.0000000E+00
   145.4569      0.0000000E+00
   145.6706      0.0000000E+00
   145.8844      0.0000000E+00
   146.0981      0.0000000E+00
   146.3119      0.0000000E+00
   146.5256      0.0000000E+00
   146.7394      0.0000000E+00
   146.9531      0.0000000E+00
   147.1669      0.0000000E+00
   147.3806      0.0000000E+00
   147.5944      0.0000000E+00
   147.8081      0.0000000E+00
   148.0219      0.0000000E+00
   148.2356      0.0000000E+00
   148.4494      0.0000000E+00
   148.6631      0.0000000E+00
   148.8769      0.0000000E+00
   149.0906      0.0000000E+00
   149.3044      0.0000000E+00
   149.5181      0.0000000E+00
   149.7319      0.0000000E+00
   149.9456      0.0000000E+00
   150.1594      0.0000000E+00
   150.3731      0.0000000E+00
   150.5869      0.0000000E+00
   150.8006      0.0000000E+00
   151.0144      0.0000000E+00
   151.2281      0.0000000E+00
   151.4419      0.0000000E+00
   151.6556      0.0000000E+00
   151.8694      0.0000000E+00
   152.0831      0.0000000E+00
   152.2969      0.0000000E+00
   152.5106      0.0000000E+00
   152.7244      0.0000000E+00
   152.9381      0.0000000E+00
   153.1519      0.0000000E+00
   153.3656      0.0000000E+00
   153.5794      0.0000000E+00
   153.7931      0.0000000E+00
   154.0069      0.0000000E+00
   154.2206      0.0000000E+00
   154.4344      0.0000000E+00
   154.6481      0.0000000E+00
   154.8619      0.0000000E+00
   155.0756      0.0000000E+00
   155.2894      0.0000000E+00
   155.5031      0.0000000E+00
   155.7169      0.0000000E+00
   155.9306      0.0000000E+00
   156.1444      0.0000000E+00
   156.3581      0.0000000E+00
   156.5719      0.0000000E+00
   156.7856      0.0000000E+00
   156.9994      0.0000000E+00
   157.2131      0.0000000E+00
   157.4269      0.0000000E+00
   157.6406      0.0000000E+00
   157.8544      0.0000000E+00
   158.0681      0.0000000E+00
   158.2819      0.0000000E+00
   158.4956      0.0000000E+00
   158.7094      0.0000000E+00
   158.9231      0.0000000E+00
   159.1369      0.0000000E+00
   159.3506      0.0000000E+00
   159.5644      0.0000000E+00
   159.7781      0.0000000E+00
   159.9919      0.0000000E+00
   160.2056      0.0000000E+00
   160.4194      0.0000000E+00
   160.6331      0.0000000E+00
   160.8469      0.0000000E+00
   161.0606      0.0000000E+00
   161.2744      0.0000000E+00
   161.4881      0.0000000E+00
   161.7019      0.0000000E+00
   161.9156      0.0000000E+00
   162.1294      0.0000000E+00
   162.3431      0.0000000E+00
   162.5569      0.0000000E+00
   162.7706      0.0000000E+00
   162.9844      0.0000000E+00
   163.1981      0.0000000E+00
   163.4119      0.0000000E+00
   163.6256      0.0000000E+00
   163.8394      0.0000000E+00
   164.0531      0.0000000E+00
   164.2669      0.0000000E+00
   164.4806      0.0000000E+00
   164.6944      0.0000000E+00
   164.9081      0.0000000E+00
   165.1219      0.0000000E+00
   165.3356      0.0000000E+00
   165.5494      0.0000000E+00
   165.7631      0.0000000E+00
   165.9769      0.0000000E+00
   166.1906      0.0000000E+00
   166.4044      0.0000000E+00
   166.6181      0.0000000E+00
   166.8319      0.0000000E+00
   167.0456      0.0000000E+00
   167.2594      0.0000000E+00
   167.4731      0.0000000E+00
   167.6869      0.0000000E+00
   167.9006      0.0000000E+00
   168.1144      0.0000000E+00
   168.3281      0.0000000E+00
   168.5419      0.0000000E+00
   168.7556      0.0000000E+00
   168.9694      0.0000000E+00
   169.1831      0.0000000E+00
   169.3969      0.0000000E+00
   169.6106      0.0000000E+00
   169.8244      0.0000000E+00
   170.0381      0.0000000E+00
   170.2519      0.0000000E+00
   170.4656      0.0000000E+00
   170.6794      0.0000000E+00
   170.8931      0.0000000E+00
   171.1069      0.0000000E+00
   171.3206      0.0000000E+00
   171.5344      0.0000000E+00
   171.7481      0.0000000E+00
   171.9619      0.0000000E+00
   172.1756      0.0000000E+00
   172.3894      0.0000000E+00
   172.6031      0.0000000E+00
   172.8169      0.0000000E+00
   173.0306      0.0000000E+00
   173.2444      0.0000000E+00
   173.4581      0.0000000E+00
   173.6719      0.0000000E+00
   173.8856      0.0000000E+00
   174.0994      0.0000000E+00
   174.3131      0.0000000E+00
   174.5269      0.0000000E+00
   174.7406      0.0000000E+00
   174.9544      0.0000000E+00
   175.1681      0.0000000E+00
   175.3819      0.0000000E+00
   175.5956      0.0000000E+00
   175.8094      0.0000000E+00
   176.0231      0.0000000E+00
   176.2369      0.0000000E+00
   176.4506      0.0000000E+00
   176.6644      0.0000000E+00
   176.8781      0.0000000E+00
   177.0919      0.0000000E+00
   177.3056      0.0000000E+00
   177.5194      0.0000000E+00
   177.7331      0.0000000E+00
   177.9469      0.0000000E+00
   178.1606      0.0000000E+00
   178.3744      0.0000000E+00
   178.5881      0.0000000E+00
   178.8019      0.0000000E+00
   179.0156      0.0000000E+00
   179.2294      0.0000000E+00
   179.4431      0.0000000E+00
   179.6569      0.0000000E+00
   179.8706      0.0000000E+00
   180.0844      0.0000000E+00
   180.2981      0.0000000E+00
   180.5119      0.0000000E+00
   180.7256      0.0000000E+00
   180.9394      0.0000000E+00
   181.1531      0.0000000E+00
   181.3669      0.0000000E+00
   181.5806      0.0000000E+00
   181.7944      0.0000000E+00
   182.0081      0.0000000E+00
   182.2219      0.0000000E+00
   182.4356      0.0000000E+00
   182.6494      0.0000000E+00
   182.8631      0.0000000E+00
   183.0769      0.0000000E+00
   183.2906      0.0000000E+00
   183.5044      0.0000000E+00
   183.7181      0.0000000E+00
   183.9319      0.0000000E+00
   184.1456      0.0000000E+00
   184.3594      0.0000000E+00
   184.5731      0.0000000E+00
   184.7869      0.0000000E+00
   185.0006      0.0000000E+00
   185.2144      0.0000000E+00
   185.4281      0.0000000E+00
   185.6419      0.0000000E+00
   185.8556      0.0000000E+00
   186.0694      0.0000000E+00
   186.2831      0.0000000E+00
   186.4969      0.0000000E+00
   186.7106      0.0000000E+00
   186.9244      0.0000000E+00
   187.1381      0.0000000E+00
   187.3519      0.0000000E+00
   187.5656      0.0000000E+00
   187.7794      0.0000000E+00
   187.9931      0.0000000E+00
   188.2069      0.0000000E+00
   188.4206      0.0000000E+00
   188.6344      0.0000000E+00
   188.8481      0.0000000E+00
   189.0619      0.0000000E+00
   189.2756      0.0000000E+00
   189.4894      0.0000000E+00
   189.7031      0.0000000E+00
   189.9169      0.0000000E+00
   190.1306      0.0000000E+00
   190.3444      0.0000000E+00
   190.5581      0.0000000E+00
   190.7719      0.0000000E+00
   190.9856      0.0000000E+00
   191.1994      0.0000000E+00
   191.4131      0.0000000E+00
   191.6269      0.0000000E+00
   191.8406      0.0000000E+00
   192.0544      0.0000000E+00
   192.2681      0.0000000E+00
   192.4819      0.0000000E+00
   192.6956      0.0000000E+00
   192.9094      0.0000000E+00
   193.1231      0.0000000E+00
   193.3369      0.0000000E+00
   193.5506      0.0000000E+00
   193.7644      0.0000000E+00
   193.9781      0.0000000E+00
   194.1919      0.0000000E+00
   194.4056      0.0000000E+00
   194.6194      0.0000000E+00
   194.8331      0.0000000E+00
   195.0469      0.0000000E+00
   195.2606      0.0000000E+00
   195.4744      0.0000000E+00
   195.6881      0.0000000E+00
   195.9019      0.0000000E+00
   196.1156      0.0000000E+00
   196.3294      0.0000000E+00
   196.5431      0.0000000E+00
   196.7569      0.0000000E+00
   196.9706      0.0000000E+00
   197.1844      0.0000000E+00
   197.3981      0.0000000E+00
   197.6119      0.0000000E+00
   197.8256      0.0000000E+00
   198.0394      0.0000000E+00
   198.2531      0.0000000E+00
   198.4669      0.0000000E+00
   198.6806      0.0000000E+00
   198.8944      0.0000000E+00
   199.1081      0.0000000E+00
   199.3219      0.0000000E+00
   199.5356      0.0000000E+00
   199.7494      0.0000000E+00
   199.9631      0.0000000E+00
   200.1769      0.0000000E+00
   200.3906      0.0000000E+00
   200.6044      0.0000000E+00
   200.8181      0.0000000E+00
   201.0319      0.0000000E+00
   201.2456      0.0000000E+00
   201.4594      0.0000000E+00
   201.6731      0.0000000E+00
   201.8869      0.0000000E+00
   202.1006      0.0000000E+00
   202.3144      0.0000000E+00
   202.5281      0.0000000E+00
   202.7419      0.0000000E+00
   202.9556      0.0000000E+00
   203.1694      0.0000000E+00
   203.3831      0.0000000E+00
   203.5969      0.0000000E+00
   203.8106      0.0000000E+00
   204.0244      0.0000000E+00
   204.2381      0.0000000E+00
   204.4519      0.0000000E+00
   204.6656      0.0000000E+00
   204.8794      0.0000000E+00
   205.0931      0.0000000E+00
   205.3069      0.0000000E+00
   205.5206      0.0000000E+00
   205.7344      0.0000000E+00
   205.9481      0.0000000E+00
   206.1619      0.0000000E+00
   206.3756      0.0000000E+00
   206.5894      0.0000000E+00
   206.8031      0.0000000E+00
   207.0169      0.0000000E+00
   207.2306      0.0000000E+00
   207.4444      0.0000000E+00
   207.6581      0.0000000E+00
   207.8719      0.0000000E+00
   208.0856      0.0000000E+00
   208.2994      0.0000000E+00
   208.5131      0.0000000E+00
   208.7269      0.0000000E+00
   208.9406      0.0000000E+00
   209.1544      0.0000000E+00
   209.3681      0.0000000E+00
   209.5819      0.0000000E+00
   209.7956      0.0000000E+00
   210.0094      0.0000000E+00
   210.2231      0.0000000E+00
   210.4369      0.0000000E+00
   210.6506      0.0000000E+00
   210.8644      0.0000000E+00
   211.0781      0.0000000E+00
   211.2919      0.0000000E+00
   211.5056      0.0000000E+00
   211.7194      0.0000000E+00
   211.9331      0.0000000E+00
   212.1469      0.0000000E+00
   212.3606      0.0000000E+00
   212.5744      0.0000000E+00
   212.7881      0.0000000E+00
   213.0019      0.0000000E+00
   213.2156      0.0000000E+00
   213.4294      0.0000000E+00
   213.6431      0.0000000E+00
   213.8569      0.0000000E+00
   214.0706      0.0000000E+00
   214.2844      0.0000000E+00
   214.4981      0.0000000E+00
   214.7119      0.0000000E+00
   214.9256      0.0000000E+00
   215.1394      0.0000000E+00
   215.3531      0.0000000E+00
   215.5669      0.0000000E+00
   215.7806      0.0000000E+00
   215.9944      0.0000000E+00
   216.2081      0.0000000E+00
   216.4219      0.0000000E+00
   216.6356      0.0000000E+00
   216.8494      0.0000000E+00
   217.0631      0.0000000E+00
   217.2769      0.0000000E+00
   217.4906      0.0000000E+00
   217.7044      0.0000000E+00
   217.9181      0.0000000E+00
   218.1319      0.0000000E+00
   218.3456      0.0000000E+00
   218.5594      0.0000000E+00
   218.7731      0.0000000E+00
   218.9869      0.0000000E+00
   219.2006      0.0000000E+00
   219.4144      0.0000000E+00
   219.6281      0.0000000E+00
   219.8419      0.0000000E+00
   220.0556      0.0000000E+00
   220.2694      0.0000000E+00
   220.4831      0.0000000E+00
   220.6969      0.0000000E+00
   220.9106      0.0000000E+00
   221.1244      0.0000000E+00
   221.3381      0.0000000E+00
   221.5519      0.0000000E+00
   221.7656      0.0000000E+00
   221.9794      0.0000000E+00
   222.1931      0.0000000E+00
   222.4069      0.0000000E+00
   222.6206      0.0000000E+00
   222.8344      0.0000000E+00
   223.0481      0.0000000E+00
   223.2619      0.0000000E+00
   223.4756      0.0000000E+00
   223.6894      0.0000000E+00
   223.9031      0.0000000E+00
   224.1169      0.0000000E+00
   224.3306      0.0000000E+00
   224.5444      0.0000000E+00
   224.7581      0.0000000E+00
   224.9719      0.0000000E+00
   225.1856      0.0000000E+00
   225.3994      0.0000000E+00
   225.6131      0.0000000E+00
   225.8269      0.0000000E+00
   226.0406      0.0000000E+00
   226.2544      0.0000000E+00
   226.4681      0.0000000E+00
   226.6819      0.0000000E+00
   226.8956      0.0000000E+00
   227.1094      0.0000000E+00
   227.3231      0.0000000E+00
   227.5369      0.0000000E+00
   227.7506      0.0000000E+00
   227.9644      0.0000000E+00
   228.1781      0.0000000E+00
   228.3919      0.0000000E+00
   228.6056      0.0000000E+00
   228.8194      0.0000000E+00
   229.0331      0.0000000E+00
   229.2469      0.0000000E+00
   229.4606      0.0000000E+00
   229.6744      0.0000000E+00
   229.8881      0.0000000E+00
   230.1019      0.0000000E+00
   230.3156      0.0000000E+00
   230.5294      0.0000000E+00
   230.7431      0.0000000E+00
   230.9569      0.0000000E+00
   231.1706      0.0000000E+00
   231.3844      0.0000000E+00
   231.5981      0.0000000E+00
   231.8119      0.0000000E+00
   232.0256      0.0000000E+00
   232.2394      0.0000000E+00
   232.4531      0.0000000E+00
   232.6669      0.0000000E+00
   232.8806      0.0000000E+00
   233.0944      0.0000000E+00
   233.3081      0.0000000E+00
   233.5219      0.0000000E+00
   233.7356      0.0000000E+00
   233.9494      0.0000000E+00
   234.1631      0.0000000E+00
   234.3769      0.0000000E+00
   234.5906      0.0000000E+00
   234.8044      0.0000000E+00
   235.0181      0.0000000E+00
   235.2319      0.0000000E+00
   235.4456      0.0000000E+00
   235.6594      0.0000000E+00
   235.8731      0.0000000E+00
   236.0869      0.0000000E+00
   236.3006      0.0000000E+00
   236.5144      0.0000000E+00
   236.7281      0.0000000E+00
   236.9419      0.0000000E+00
   237.1556      0.0000000E+00
   237.3694      0.0000000E+00
   237.5831      0.0000000E+00
   237.7969      0.0000000E+00
   238.0106      0.0000000E+00
   238.2244      0.0000000E+00
   238.4381      0.0000000E+00
   238.6519      0.0000000E+00
   238.8656      0.0000000E+00
   239.0794      0.0000000E+00
   239.2931      0.0000000E+00
   239.5069      0.0000000E+00
   239.7206      0.0000000E+00
   239.9344      0.0000000E+00
   240.1481      0.0000000E+00
   240.3619      0.0000000E+00
   240.5756      0.0000000E+00
   240.7894      0.0000000E+00
   241.0031      0.0000000E+00
   241.2169      0.0000000E+00
   241.4306      0.0000000E+00
   241.6444      0.0000000E+00
   241.8581      0.0000000E+00
   242.0719      0.0000000E+00
   242.2856      0.0000000E+00
   242.4994      0.0000000E+00
   242.7131      0.0000000E+00
   242.9269      0.0000000E+00
   243.1406      0.0000000E+00
   243.3544      0.0000000E+00
   243.5681      0.0000000E+00
   243.7819      0.0000000E+00
   243.9956      0.0000000E+00
   244.2094      0.0000000E+00
   244.4231      0.0000000E+00
   244.6369      0.0000000E+00
   244.8506      0.0000000E+00
   245.0644      0.0000000E+00
   245.2781      0.0000000E+00
   245.4919      0.0000000E+00
   245.7056      0.0000000E+00
   245.9194      0.0000000E+00
   246.1331      0.0000000E+00
   246.3469      0.0000000E+00
   246.5606      0.0000000E+00
   246.7744      0.0000000E+00
   246.9881      0.0000000E+00
   247.2019      0.0000000E+00
   247.4156      0.0000000E+00
   247.6294      0.0000000E+00
   247.8431      0.0000000E+00
   248.0569      0.0000000E+00
   248.2706      0.0000000E+00
   248.4844      0.0000000E+00
   248.6981      0.0000000E+00
   248.9119      0.0000000E+00
   249.1256      0.0000000E+00
   249.3394      0.0000000E+00
   249.5531      0.0000000E+00
   249.7669      0.0000000E+00
   249.9806      0.0000000E+00
   250.1944      0.0000000E+00
   250.4081      0.0000000E+00
   250.6219      0.0000000E+00
   250.8356      0.0000000E+00
   251.0494      0.0000000E+00
   251.2631      0.0000000E+00
   251.4769      0.0000000E+00
   251.6906      0.0000000E+00
   251.9044      0.0000000E+00
   252.1181      0.0000000E+00
   252.3319      0.0000000E+00
   252.5456      0.0000000E+00
   252.7594      0.0000000E+00
   252.9731      0.0000000E+00
   253.1869      0.0000000E+00
   253.4006      0.0000000E+00
   253.6144      0.0000000E+00
   253.8281      0.0000000E+00
   254.0419      0.0000000E+00
   254.2556      0.0000000E+00
   254.4694      0.0000000E+00
   254.6831      0.0000000E+00
   254.8969      0.0000000E+00
   255.1106      0.0000000E+00
   255.3244      0.0000000E+00
   255.5381      0.0000000E+00
   255.7519      0.0000000E+00
   255.9656      0.0000000E+00
   256.1794      0.0000000E+00
   256.3931      0.0000000E+00
   256.6069      0.0000000E+00
   256.8206      0.0000000E+00
   257.0344      0.0000000E+00
   257.2481      0.0000000E+00
   257.4619      0.0000000E+00
   257.6756      0.0000000E+00
   257.8894      0.0000000E+00
   258.1031      0.0000000E+00
   258.3169      0.0000000E+00
   258.5306      0.0000000E+00
   258.7444      0.0000000E+00
   258.9581      0.0000000E+00
   259.1719      0.0000000E+00
   259.3856      0.0000000E+00
   259.5994      0.0000000E+00
   259.8131      0.0000000E+00
   260.0269      0.0000000E+00
   260.2406      0.0000000E+00
   260.4544      0.0000000E+00
   260.6681      0.0000000E+00
   260.8819      0.0000000E+00
   261.0956      0.0000000E+00
   261.3094      0.0000000E+00
   261.5231      0.0000000E+00
   261.7369      0.0000000E+00
   261.9506      0.0000000E+00
   262.1644      0.0000000E+00
   262.3781      0.0000000E+00
   262.5919      0.0000000E+00
   262.8056      0.0000000E+00
   263.0194      0.0000000E+00
   263.2331      0.0000000E+00
   263.4469      0.0000000E+00
   263.6606      0.0000000E+00
   263.8744      0.0000000E+00
   264.0881      0.0000000E+00
   264.3019      0.0000000E+00
   264.5156      0.0000000E+00
   264.7294      0.0000000E+00
   264.9431      0.0000000E+00
   265.1569      0.0000000E+00
   265.3706      0.0000000E+00
   265.5844      0.0000000E+00
   265.7981      0.0000000E+00
   266.0119      0.0000000E+00
   266.2256      0.0000000E+00
   266.4394      0.0000000E+00
   266.6531      0.0000000E+00
   266.8669      0.0000000E+00
   267.0806      0.0000000E+00
   267.2944      0.0000000E+00
   267.5081      0.0000000E+00
   267.7219      0.0000000E+00
   267.9356      0.0000000E+00
   268.1494      0.0000000E+00
   268.3631      0.0000000E+00
   268.5769      0.0000000E+00
   268.7906      0.0000000E+00
   269.0044      0.0000000E+00
   269.2181      0.0000000E+00
   269.4319      0.0000000E+00
   269.6456      0.0000000E+00
   269.8594      0.0000000E+00
   270.0731      0.0000000E+00
   270.2869      0.0000000E+00
   270.5006      0.0000000E+00
   270.7144      0.0000000E+00
   270.9281      0.0000000E+00
   271.1419      0.0000000E+00
   271.3556      0.0000000E+00
   271.5694      0.0000000E+00
   271.7831      0.0000000E+00
   271.9969      0.0000000E+00
   272.2106      0.0000000E+00
   272.4244      0.0000000E+00
   272.6381      0.0000000E+00
   272.8519      0.0000000E+00
   273.0656      0.0000000E+00
   273.2794      0.0000000E+00
   273.4931      0.0000000E+00
   273.7069      0.0000000E+00
   273.9206      0.0000000E+00
   274.1344      0.0000000E+00
   274.3481      0.0000000E+00
   274.5619      0.0000000E+00
   274.7756      0.0000000E+00
   274.9894      0.0000000E+00
   275.2031      0.0000000E+00
   275.4169      0.0000000E+00
   275.6306      0.0000000E+00
   275.8444      0.0000000E+00
   276.0581      0.0000000E+00
   276.2719      0.0000000E+00
   276.4856      0.0000000E+00
   276.6994      0.0000000E+00
   276.9131      0.0000000E+00
   277.1269      0.0000000E+00
   277.3406      0.0000000E+00
   277.5544      0.0000000E+00
   277.7681      0.0000000E+00
   277.9819      0.0000000E+00
   278.1956      0.0000000E+00
   278.4094      0.0000000E+00
   278.6231      0.0000000E+00
   278.8369      0.0000000E+00
   279.0506      0.0000000E+00
   279.2644      0.0000000E+00
   279.4781      0.0000000E+00
   279.6919      0.0000000E+00
   279.9056      0.0000000E+00
   280.1194      0.0000000E+00
   280.3331      0.0000000E+00
   280.5469      0.0000000E+00
   280.7606      0.0000000E+00
   280.9744      0.0000000E+00
   281.1881      0.0000000E+00
   281.4019      0.0000000E+00
   281.6156      0.0000000E+00
   281.8294      0.0000000E+00
   282.0431      0.0000000E+00
   282.2569      0.0000000E+00
   282.4706      0.0000000E+00
   282.6844      0.0000000E+00
   282.8981      0.0000000E+00
   283.1119      0.0000000E+00
   283.3256      0.0000000E+00
   283.5394      0.0000000E+00
   283.7531      0.0000000E+00
   283.9669      0.0000000E+00
   284.1806      0.0000000E+00
   284.3944      0.0000000E+00
   284.6081      0.0000000E+00
   284.8219      0.0000000E+00
   285.0356      0.0000000E+00
   285.2494      0.0000000E+00
   285.4631      0.0000000E+00
   285.6769      0.0000000E+00
   285.8906      0.0000000E+00
   286.1044      0.0000000E+00
   286.3181      0.0000000E+00
   286.5319      0.0000000E+00
   286.7456      0.0000000E+00
   286.9594      0.0000000E+00
   287.1731      0.0000000E+00
   287.3869      0.0000000E+00
   287.6006      0.0000000E+00
   287.8144      0.0000000E+00
   288.0281      0.0000000E+00
   288.2419      0.0000000E+00
   288.4556      0.0000000E+00
   288.6694      0.0000000E+00
   288.8831      0.0000000E+00
   289.0969      0.0000000E+00
   289.3106      0.0000000E+00
   289.5244      0.0000000E+00
   289.7381      0.0000000E+00
   289.9519      0.0000000E+00
   290.1656      0.0000000E+00
   290.3794      0.0000000E+00
   290.5931      0.0000000E+00
   290.8069      0.0000000E+00
   291.0206      0.0000000E+00
   291.2344      0.0000000E+00
   291.4481      0.0000000E+00
   291.6619      0.0000000E+00
   291.8756      0.0000000E+00
   292.0894      0.0000000E+00
   292.3031      0.0000000E+00
   292.5169      0.0000000E+00
   292.7306      0.0000000E+00
   292.9444      0.0000000E+00
   293.1581      0.0000000E+00
   293.3719      0.0000000E+00
   293.5856      0.0000000E+00
   293.7994      0.0000000E+00
   294.0131      0.0000000E+00
   294.2269      0.0000000E+00
   294.4406      0.0000000E+00
   294.6544      0.0000000E+00
   294.8681      0.0000000E+00
   295.0819      0.0000000E+00
   295.2956      0.0000000E+00
   295.5094      0.0000000E+00
   295.7231      0.0000000E+00
   295.9369      0.0000000E+00
   296.1506      0.0000000E+00
   296.3644      0.0000000E+00
   296.5781      0.0000000E+00
   296.7919      0.0000000E+00
   297.0056      0.0000000E+00
   297.2194      0.0000000E+00
   297.4331      0.0000000E+00
   297.6469      0.0000000E+00
   297.8606      0.0000000E+00
   298.0744      0.0000000E+00
   298.2881      0.0000000E+00
   298.5019      0.0000000E+00
   298.7156      0.0000000E+00
   298.9294      0.0000000E+00
   299.1431      0.0000000E+00
   299.3569      0.0000000E+00
   299.5706      0.0000000E+00
   299.7844      0.0000000E+00
   299.9981      0.0000000E+00
   300.2119      0.0000000E+00
   300.4256      0.0000000E+00
   300.6394      0.0000000E+00
   300.8531      0.0000000E+00
   301.0669      0.0000000E+00
   301.2806      0.0000000E+00
   301.4944      0.0000000E+00
   301.7081      0.0000000E+00
   301.9219      0.0000000E+00
   302.1356      0.0000000E+00
   302.3494      0.0000000E+00
   302.5631      0.0000000E+00
   302.7769      0.0000000E+00
   302.9906      0.0000000E+00
   303.2044      0.0000000E+00
   303.4181      0.0000000E+00
   303.6319      0.0000000E+00
   303.8456      0.0000000E+00
   304.0594      0.0000000E+00
   304.2731      0.0000000E+00
   304.4869      0.0000000E+00
   304.7006      0.0000000E+00
   304.9144      0.0000000E+00
   305.1281      0.0000000E+00
   305.3419      0.0000000E+00
   305.5556      0.0000000E+00
   305.7694      0.0000000E+00
   305.9831      0.0000000E+00
   306.1969      0.0000000E+00
   306.4106      0.0000000E+00
   306.6244      0.0000000E+00
   306.8381      0.0000000E+00
   307.0519      0.0000000E+00
   307.2656      0.0000000E+00
   307.4794      0.0000000E+00
   307.6931      0.0000000E+00
   307.9069      0.0000000E+00
   308.1206      0.0000000E+00
   308.3344      0.0000000E+00
   308.5481      0.0000000E+00
   308.7619      0.0000000E+00
   308.9756      0.0000000E+00
   309.1894      0.0000000E+00
   309.4031      0.0000000E+00
   309.6169      0.0000000E+00
   309.8306      0.0000000E+00
   310.0444      0.0000000E+00
   310.2581      0.0000000E+00
   310.4719      0.0000000E+00
   310.6856      0.0000000E+00
   310.8994      0.0000000E+00
   311.1131      0.0000000E+00
   311.3269      0.0000000E+00
   311.5406      0.0000000E+00
   311.7544      0.0000000E+00
   311.9681      0.0000000E+00
   312.1819      0.0000000E+00
   312.3956      0.0000000E+00
   312.6094      0.0000000E+00
   312.8231      0.0000000E+00
   313.0369      0.0000000E+00
   313.2506      0.0000000E+00
   313.4644      0.0000000E+00
   313.6781      0.0000000E+00
   313.8919      0.0000000E+00
   314.1056      0.0000000E+00
   314.3194      0.0000000E+00
   314.5331      0.0000000E+00
   314.7469      0.0000000E+00
   314.9606      0.0000000E+00
   315.1744      0.0000000E+00
   315.3881      0.0000000E+00
   315.6019      0.0000000E+00
   315.8156      0.0000000E+00
   316.0294      0.0000000E+00
   316.2431      0.0000000E+00
   316.4569      0.0000000E+00
   316.6706      0.0000000E+00
   316.8844      0.0000000E+00
   317.0981      0.0000000E+00
   317.3119      0.0000000E+00
   317.5256      0.0000000E+00
   317.7394      0.0000000E+00
   317.9531      0.0000000E+00
   318.1669      0.0000000E+00
   318.3806      0.0000000E+00
   318.5944      0.0000000E+00
   318.8081      0.0000000E+00
   319.0219      0.0000000E+00
   319.2356      0.0000000E+00
   319.4494      0.0000000E+00
   319.6631      0.0000000E+00
   319.8769      0.0000000E+00
   320.0906      0.0000000E+00
   320.3044      0.0000000E+00
   320.5181      0.0000000E+00
   320.7319      0.0000000E+00
   320.9456      0.0000000E+00
   321.1594      0.0000000E+00
   321.3731      0.0000000E+00
   321.5869      0.0000000E+00
   321.8006      0.0000000E+00
   322.0144      0.0000000E+00
   322.2281      0.0000000E+00
   322.4419      0.0000000E+00
   322.6556      0.0000000E+00
   322.8694      0.0000000E+00
   323.0831      0.0000000E+00
   323.2969      0.0000000E+00
   323.5106      0.0000000E+00
   323.7244      0.0000000E+00
   323.9381      0.0000000E+00
   324.1519      0.0000000E+00
   324.3656      0.0000000E+00
   324.5794      0.0000000E+00
   324.7931      0.0000000E+00
   325.0069      0.0000000E+00
   325.2206      0.0000000E+00
   325.4344      0.0000000E+00
   325.6481      0.0000000E+00
   325.8619      0.0000000E+00
   326.0756      0.0000000E+00
   326.2894      0.0000000E+00
   326.5031      0.0000000E+00
   326.7169      0.0000000E+00
   326.9306      0.0000000E+00
   327.1444      0.0000000E+00
   327.3581      0.0000000E+00
   327.5719      0.0000000E+00
   327.7856      0.0000000E+00
   327.9994      0.0000000E+00
   328.2131      0.0000000E+00
   328.4269      0.0000000E+00
   328.6406      0.0000000E+00
   328.8544      0.0000000E+00
   329.0681      0.0000000E+00
   329.2819      0.0000000E+00
   329.4956      0.0000000E+00
   329.7094      0.0000000E+00
   329.9231      0.0000000E+00
   330.1369      0.0000000E+00
   330.3506      0.0000000E+00
   330.5644      0.0000000E+00
   330.7781      0.0000000E+00
   330.9919      0.0000000E+00
   331.2056      0.0000000E+00
   331.4194      0.0000000E+00
   331.6331      0.0000000E+00
   331.8469      0.0000000E+00
   332.0606      0.0000000E+00
   332.2744      0.0000000E+00
   332.4881      0.0000000E+00
   332.7019      0.0000000E+00
   332.9156      0.0000000E+00
   333.1294      0.0000000E+00
   333.3431      0.0000000E+00
   333.5569      0.0000000E+00
   333.7706      0.0000000E+00
   333.9844      0.0000000E+00
   334.1981      0.0000000E+00
   334.4119      0.0000000E+00
   334.6256      0.0000000E+00
   334.8394      0.0000000E+00
   335.0531      0.0000000E+00
   335.2669      0.0000000E+00
   335.4806      0.0000000E+00
   335.6944      0.0000000E+00
   335.9081      0.0000000E+00
   336.1219      0.0000000E+00
   336.3356      0.0000000E+00
   336.5494      0.0000000E+00
   336.7631      0.0000000E+00
   336.9769      0.0000000E+00
   337.1906      0.0000000E+00
   337.4044      0.0000000E+00
   337.6181      0.0000000E+00
   337.8319      0.0000000E+00
   338.0456      0.0000000E+00
   338.2594      0.0000000E+00
   338.4731      0.0000000E+00
   338.6869      0.0000000E+00
   338.9006      0.0000000E+00
   339.1144      0.0000000E+00
   339.3281      0.0000000E+00
   339.5419      0.0000000E+00
   339.7556      0.0000000E+00
   339.9694      0.0000000E+00
   340.1831      0.0000000E+00
