  -1.60312500000000         9.351546765686791E-024
  -1.38937500000000         2.123234662232082E-023
  -1.17562500000000         3.888595657857056E-022
 -0.961875000000000         3.307256142442259E-021
 -0.748125000000000         1.892175235992995E-020
 -0.534375000000000         8.556844502564877E-020
 -0.320625000000000         3.252433966183391E-019
 -0.106875000000000         1.072327890871541E-018
  0.106875000000000         3.126472029594674E-018
  0.320625000000000         8.202227865436743E-018
  0.534375000000000         1.963906694988088E-017
  0.748125000000000         4.351127691061763E-017
  0.961875000000000         9.020260241150703E-017
   1.17562500000000         1.765729132539671E-016
   1.38937500000000         3.288060022894518E-016
   1.60312500000000         5.855273552572788E-016
   1.81687500000000         1.001052161641214E-015
   2.03062500000000         1.648027488273342E-015
   2.24437500000000         2.618382455167514E-015
   2.45812500000000         4.021931012546185E-015
   2.67187500000000         5.981765350153108E-015
   2.88562500000000         8.625705623662472E-015
   3.09937500000000         1.207440412707443E-014
   3.31312500000000         1.642649212496429E-014
   3.52687500000000         2.174262867355241E-014
   3.74062500000000         2.803047507468035E-014
   3.95437500000000         3.523222835894904E-014
   4.16812500000000         4.321740120308449E-014
   4.38187500000000         5.178354009422140E-014
   4.59562500000000         6.066458965142913E-014
   4.80937500000000         6.954871186762517E-014
   5.02312500000000         7.810400555037832E-014
   5.23687500000000         8.601047813429416E-014
   5.45062500000000         9.299359372489412E-014
   5.66437500000000         9.885766211210711E-014
   5.87812500000000         1.035133983078737E-013
   6.09187500000000         1.069945133705537E-013
   6.30562500000000         1.094631855687605E-013
   6.51937500000000         1.111985621681153E-013
   6.73312500000000         1.125730345956586E-013
   6.94687500000000         1.140162679623433E-013
   7.16062500000000         1.159715288756286E-013
   7.37437500000000         1.188499648961374E-013
   7.58812500000000         1.229904195725518E-013
   7.80187500000000         1.286280755304152E-013
   8.01562500000000         1.358775230925310E-013
   8.22937500000000         1.447316063430070E-013
   8.44312500000000         1.550762729588957E-013
   8.65687500000000         1.667191728789709E-013
   8.87062500000000         1.794271599615688E-013
   9.08437500000000         1.929666946880287E-013
   9.29812500000000         2.071420224611387E-013
   9.51187500000000         2.218230398420824E-013
   9.72562500000000         2.369613477683765E-013
   9.93937500000000         2.525897898433918E-013
   10.1531250000000         2.688076231514678E-013
   10.3668750000000         2.857533160182271E-013
   10.5806250000000         3.035704482051679E-013
   10.7943750000000         3.223738342412505E-013
   11.0081250000000         3.422218848480362E-013
   11.2218750000000         3.631013522913076E-013
   11.4356250000000         3.849275016748935E-013
   11.6493750000000         4.075623810564715E-013
   11.8631250000000         4.308477120855150E-013
   12.0768750000000         4.546480802394600E-013
   12.2906250000000         4.788985889379292E-013
   12.5043750000000         5.036484183400012E-013
   12.7181250000000         5.290925444791754E-013
   12.9318750000000         5.555866887744834E-013
   13.1456250000000         5.836429355087197E-013
   13.3593750000000         6.139044366845159E-013
   13.5731250000000         6.471028200594403E-013
   13.7868750000000         6.840029975146197E-013
   14.0006250000000         7.253441172002663E-013
   14.2143750000000         7.717818632115891E-013
   14.4281250000000         8.238412205821159E-013
   14.6418750000000         8.818849800557933E-013
   14.8556250000000         9.461000446741936E-013
   15.0693750000000         1.016503558383598E-012
   15.2831250000000         1.092965858559371E-012
   15.4968750000000         1.175245610548047E-012
   15.7106250000000         1.263031369010833E-012
   15.9243750000000         1.355982629204885E-012
   16.1381250000000         1.453764488208101E-012
   16.3518750000000         1.556071578007486E-012
   16.5656250000000         1.662641301519352E-012
   16.7793750000000         1.773254240948080E-012
   16.9931250000000         1.887726869933562E-012
   17.2068750000000         2.005900870763834E-012
   17.4206250000000         2.127633321067279E-012
   17.6343750000000         2.252793373302215E-012
   17.8481250000000         2.381267099770466E-012
   18.0618750000000         2.512971912017008E-012
   18.2756250000000         2.647878732648025E-012
   18.4893750000000         2.786037985500232E-012
   18.7031250000000         2.927604065449751E-012
   18.9168750000000         3.072853175642251E-012
   19.1306250000000         3.222187512874266E-012
   19.3443750000000         3.376123915377461E-012
   19.5581250000000         3.535263789810773E-012
   19.7718750000000         3.700247020877504E-012
   19.9856250000000         3.871694913516169E-012
   20.1993750000000         4.050147700290006E-012
   20.4131250000000         4.236007190937863E-012
   20.6268750000000         4.429492434237121E-012
   20.8406250000000         4.630616564223863E-012
   21.0543750000000         4.839189379996374E-012
   21.2681250000000         5.054848111447601E-012
   21.4818750000000         5.277111685730558E-012
   21.6956250000000         5.505453066186434E-012
   21.9093750000000         5.739379366853933E-012
   22.1231250000000         5.978508004728969E-012
   22.3368750000000         6.222627280174383E-012
   22.5506250000000         6.471732538818945E-012
   22.7643750000000         6.726030380555179E-012
   22.9781250000000         6.985911235195705E-012
   23.1918750000000         7.251892659961651E-012
   23.4056250000000         7.524542339609187E-012
   23.6193750000000         7.804393035344742E-012
   23.8331250000000         8.091862559991030E-012
   24.0468750000000         8.387192359611390E-012
   24.2606250000000         8.690415525777014E-012
   24.4743750000000         9.001360376626735E-012
   24.6881250000000         9.319690610927044E-012
   24.9018750000000         9.644975950131725E-012
   25.1156250000000         9.976783981182021E-012
   25.3293750000000         1.031477863877683E-011
   25.5431250000000         1.065880922376701E-011
   25.7568750000000         1.100897655310114E-011
   25.9706250000000         1.136566325888737E-011
   26.1843750000000         1.172952408230093E-011
   26.3981250000000         1.210143539301689E-011
   26.6118750000000         1.248241257996310E-011
   26.8256250000000         1.287350752057917E-011
   27.0393750000000         1.327570195708918E-011
   27.2531250000000         1.368981428916574E-011
   27.4668750000000         1.411643487275832E-011
   27.6806250000000         1.455589943123686E-011
   27.8943750000000         1.500830524757808E-011
   28.1081250000000         1.547356657584810E-011
   28.3218750000000         1.595150002146123E-011
   28.5356250000000         1.644192355304354E-011
   28.7493750000000         1.694475323083199E-011
   28.9631250000000         1.746007845751867E-011
   29.1768750000000         1.798820313082475E-011
   29.3906250000000         1.852964343394561E-011
   29.6043750000000         1.908508072951307E-011
   29.8181250000000         1.965527694953185E-011
   30.0318750000000         2.024096555843907E-011
   30.2456250000000         2.084273596712596E-011
   30.4593750000000         2.146093221476653E-011
   30.6731250000000         2.209558396677369E-011
   30.8868750000000         2.274638330713150E-011
   31.1006250000000         2.341271450859981E-011
   31.3143750000000         2.409373439798183E-011
   31.5281250000000         2.478849393070128E-011
   31.7418750000000         2.549608322728651E-011
   31.9556250000000         2.621577934062750E-011
   32.1693750000000         2.694717450355827E-011
   32.3831250000000         2.769026496473960E-011
   32.5968750000000         2.844548778539296E-011
   32.8106250000000         2.921369794255961E-011
   33.0243750000000         2.999609093592269E-011
   33.2381250000000         3.079408190824164E-011
   33.4518750000000         3.160915822053575E-011
   33.6656250000000         3.244272942281464E-011
   33.8793750000000         3.329599449712644E-011
   34.0931250000000         3.416984592943685E-011
   34.3068750000000         3.506482247537400E-011
   34.5206250000000         3.598111470635717E-011
   34.7343750000000         3.691861929724373E-011
   34.9481250000000         3.787702910743430E-011
   35.1618750000000         3.885594188190979E-011
   35.3756250000000         3.985496748884737E-011
   35.5893750000000         4.087381421975875E-011
   35.8031250000000         4.191234041633303E-011
   36.0168750000000         4.297056241179395E-011
   36.2306250000000         4.404862008974941E-011
   36.4443750000000         4.514670835979087E-011
   36.6581250000000         4.626499019026798E-011
   36.8718750000000         4.740351113414487E-011
   37.0856250000000         4.856213467037917E-011
   37.2993750000000         4.974051674532610E-011
   37.5131250000000         5.093812976747240E-011
   37.7268750000000         5.215433849910914E-011
   37.9406250000000         5.338851850282797E-011
   38.1543750000000         5.464020085241523E-011
   38.3681250000000         5.590921883271614E-011
   38.5818750000000         5.719582879399031E-011
   38.7956250000000         5.850078025034315E-011
   39.0093750000000         5.982531410462905E-011
   39.2231250000000         6.117107958203654E-011
   39.4368750000000         6.253997468218277E-011
   39.6506250000000         6.393392508709125E-011
   39.8643750000000         6.535463294848364E-011
   40.0781250000000         6.680333416586127E-011
   40.2918750000000         6.828060743881467E-011
   40.5056250000000         6.978627535604458E-011
   40.7193750000000         7.131942779451279E-011
   40.9331250000000         7.287858185802628E-011
   41.1468750000000         7.446197062654463E-011
   41.3606250000000         7.606793148760631E-011
   41.5743750000000         7.769534000164443E-011
   41.7881250000000         7.934402195266910E-011
   42.0018750000000         8.101506626243724E-011
   42.2156250000000         8.271096463170940E-011
   42.4293750000000         8.443552000191412E-011
   42.6431250000000         8.619349527080346E-011
   42.8568750000000         8.799000896341045E-011
   43.0706250000000         8.982973070169795E-011
   43.2843750000000         9.171596963999988E-011
   43.4981250000000         9.364978609848410E-011
   43.7118750000000         9.562927851288027E-011
   43.9256250000000         9.764920044772610E-011
   44.1393750000000         9.970103731781656E-011
   44.3531250000000         1.017736294768156E-010
   44.5668750000000         1.038543578496969E-010
   44.7806250000000         1.059308241243871E-010
   44.9943750000000         1.079928657227636E-010
   45.2081250000000         1.100346637523924E-010
   45.4218750000000         1.120566393153099E-010
   45.6356250000000         1.140668041718933E-010
   45.8493750000000         1.160812510004058E-010
   46.0631250000000         1.181235338584859E-010
   46.2768750000000         1.202228099584831E-010
   46.4906250000000         1.224107730168043E-010
   46.7043750000000         1.247175944033312E-010
   46.9181250000000         1.271672778719255E-010
   47.1318750000000         1.297729980235758E-010
   47.3456250000000         1.325331027896800E-010
   47.5593750000000         1.354284928669439E-010
   47.7731250000000         1.384220209348144E-010
   47.9868750000000         1.414603829032778E-010
   48.2006250000000         1.444786945066727E-010
   48.4143750000000         1.474075957605655E-010
   48.6281250000000         1.501823291489222E-010
   48.8418750000000         1.527528520769860E-010
   49.0556250000000         1.550937244338494E-010
   49.2693750000000         1.572123157575463E-010
   49.4831250000000         1.591538583762871E-010
   49.6968750000000         1.610020581318950E-010
   49.9106250000000         1.628743797803242E-010
   50.1243750000000         1.649117307092211E-010
   50.3381250000000         1.672630073306776E-010
   50.5518750000000         1.700657820305331E-010
   50.7656250000000         1.734251755220591E-010
   50.9793750000000         1.773935642447039E-010
   51.1931250000000         1.819541110556793E-010
   51.4068750000000         1.870110756631449E-010
   51.6206250000000         1.923894102851799E-010
   51.8343750000000         1.978452676148186E-010
   52.0481250000000         2.030877948602674E-010
   52.2618750000000         2.078110804357248E-010
   52.4756250000000         2.117335198166333E-010
   52.6893750000000         2.146403943848751E-010
   52.9031250000000         2.164243299423075E-010
   53.1168750000000         2.171177365570833E-010
   53.3306250000000         2.169114900668578E-010
   53.5443750000000         2.161550979822693E-010
   53.7581250000000         2.153353779835697E-010
   53.9718750000000         2.150331533660667E-010
   54.1856250000000         2.158603889391745E-010
   54.3993750000000         2.183832301729639E-010
   54.6131250000000         2.230391571319513E-010
   54.8268750000000         2.300585090045997E-010
   55.0406250000000         2.394015933027435E-010
   55.2543750000000         2.507221681544198E-010
   55.4681250000000         2.633661479417068E-010
   55.6818750000000         2.764109591126514E-010
   55.8956250000000         2.887463320495582E-010
   56.1093750000000         2.991918993409891E-010
   56.3231250000000         3.066414062468270E-010
   56.5368750000000         3.102183496080056E-010
   56.7506250000000         3.094241950174225E-010
   56.9643750000000         3.042586487552765E-010
   57.1781250000000         2.952922745402691E-010
   57.3918750000000         2.836752734530059E-010
   57.6056250000000         2.710723789974089E-010
   57.8193750000000         2.595221000361661E-010
   58.0331250000000         2.512281589724079E-010
   58.2468750000000         2.483008312019966E-010
   58.4606250000000         2.524747412865898E-010
   58.6743750000000         2.648362206121354E-010
   58.8881250000000         2.855964423244526E-010
   59.1018750000000         3.139453798144255E-010
   59.3156250000000         3.480158107798163E-010
   59.5293750000000         3.849762721171953E-010
   59.7431250000000         4.212578526128821E-010
   59.9568750000000         4.529033225517017E-010
   60.1706250000000         4.760101595513210E-010
   60.3843750000000         4.872236271399642E-010
   60.5981250000000         4.842243381751151E-010
   60.8118750000000         4.661486096426044E-010
   61.0256250000000         4.338808177848045E-010
   61.2393750000000         3.901655988664019E-010
   61.4531250000000         3.395039312561992E-010
   61.6668750000000         2.878197049420951E-010
   61.8806250000000         2.419102680872153E-010
   62.0943750000000         2.087227730131377E-010
   62.3081250000000         1.945245755816411E-010
   62.5218750000000         2.040569990248174E-010
   62.7356250000000         2.397742452116533E-010
   62.9493750000000         3.012706416860399E-010
   63.1631250000000         3.849883445793454E-010
   63.3768750000000         4.842740393073567E-010
   63.5906250000000         5.898185882070599E-010
   63.8043750000000         6.904709421767032E-010
   64.0181250000000         7.743712348044530E-010
   64.2318750000000         8.303029984735621E-010
   64.4456250000000         8.491264435635839E-010
   64.6593750000000         8.251290380897870E-010
   64.8731250000000         7.571206557193592E-010
   65.0868750000000         6.491112109199761E-010
   65.3006250000000         5.104398938205116E-010
   65.5143750000000         3.552754198152081E-010
   65.7281250000000         2.014723229459632E-010
   65.9418750000000         6.884323062814990E-011
   66.1556250000000        -2.301644926906320E-011
   66.3693750000000        -5.714565480750193E-011
   66.5831250000000        -2.161751182662816E-011
   66.7968750000000         8.836656688941803E-011
   67.0106250000000         2.689762583640567E-010
   67.2243750000000         5.070987622273111E-010
   67.4381250000000         7.807183536851582E-010
   67.6518750000000         1.060418047778219E-009
   67.8656250000000         1.311973294932814E-009
   68.0793750000000         1.499877370175332E-009
   68.2931250000000         1.591509959507616E-009
   68.5068750000000         1.561548907067441E-009
   68.7206250000000         1.396144527418691E-009
   68.9343750000000         1.096338909943998E-009
   69.1481250000000         6.802285767990735E-010
   69.3618750000000         1.834424272791088E-010
   69.5756250000000        -3.423628167197083E-010
   69.7893750000000        -8.331074736283658E-010
   70.0031250000000        -1.217895339674820E-009
   70.2168750000000        -1.426288351445284E-009
   70.4306250000000        -1.396685990155876E-009
   70.6443750000000        -1.085045106664082E-009
   70.8581250000000        -4.730290282763452E-010
   71.0718750000000         4.253957825146771E-010
   71.2856250000000         1.559874491333298E-009
   71.4993750000000         2.842923169899509E-009
   71.7131250000000         4.153136067674250E-009
   71.9268750000000         5.342620674884920E-009
   72.1406250000000         6.248542822138519E-009
   72.3543750000000         6.708222639465122E-009
   72.5681250000000         6.576774931560387E-009
   72.7818750000000         5.745877785366469E-009
   72.9956250000000         4.161926232750497E-009
   73.2093750000000         1.841626479861615E-009
   73.4231250000000        -1.116953013170797E-009
   73.6368750000000        -4.529708860374951E-009
   73.8506250000000        -8.129696468603289E-009
   74.0643750000000        -1.157913814031743E-008
   74.2781250000000        -1.449048577293748E-008
   74.4918750000000        -1.645594649819656E-008
   74.7056250000000        -1.708398442193512E-008
   74.9193750000000        -1.604042758531470E-008
   75.1331250000000        -1.309101936904684E-008
   75.3468750000000        -8.141642984289057E-009
   75.5606250000000        -1.272096351436369E-009
   75.7743750000000         7.240730530512635E-009
   75.9881250000000         1.691407635290421E-008
   76.2018750000000         2.706798919227927E-008
   76.4156250000000         3.685341164198390E-008
   76.6293750000000         4.530016736250888E-008
   76.8431250000000         5.138365157691441E-008
   77.0568750000000         5.410720213023314E-008
   77.2706250000000         5.259531192175973E-008
   77.4843750000000         4.619119636909896E-008
   77.6981250000000         3.455091508064208E-008
   77.9118750000000         1.772542114328645E-008
   78.1256250000000        -3.778291741062689E-009
   78.3393750000000        -2.896525692244434E-008
   78.5531250000000        -5.635684351540807E-008
   78.7668750000000        -8.403628620984178E-008
   78.9806250000000        -1.097376842755336E-007
   79.1943750000000        -1.309774399719948E-007
   79.4081250000000        -1.452234842818160E-007
   79.6218750000000        -1.500939248477610E-007
   79.8356250000000        -1.435732379476396E-007
   80.0493750000000        -1.242311215839262E-007
   80.2631250000000        -9.142693297766489E-008
   80.4768750000000        -4.548152298219790E-008
   80.6906250000000         1.220153155309637E-008
   80.9043750000000         7.908167133395620E-008
   81.1181250000000         1.515073470958683E-007
   81.3318750000000         2.248310296159890E-007
   81.5456250000000         2.936162872564955E-007
   81.7593750000000         3.519333516185461E-007
   81.9731250000000         3.937324570622524E-007
   82.1868750000000         4.132770857017642E-007
   82.4006250000000         4.056126134326687E-007
   82.6143750000000         3.670402873367879E-007
   82.8281250000000         2.955624981817788E-007
   83.0418750000000         1.912634045002174E-007
   83.2556250000000         5.658947029215912E-008
   83.4693750000000        -1.035023931968128E-007
   83.6831250000000        -2.815556013388320E-007
   83.8968750000000        -4.678018049906487E-007
   84.1106250000000        -6.505336885925974E-007
   84.3243750000000        -8.166583142137375E-007
   84.5381250000000        -9.524136350311081E-007
   84.7518750000000        -1.044217657815559E-006
   84.9656250000000        -1.079607385062327E-006
   85.1793750000000        -1.048214042631397E-006
   85.3931250000000        -9.427130878658641E-007
   85.6068750000000        -7.596828814031305E-007
   85.8206250000000        -5.003053116561560E-007
   86.0343750000000        -1.708454801289869E-007
   86.2481250000000         2.171440825138120E-007
   86.4618750000000         6.469364623067532E-007
   86.6756250000000         1.097085823732095E-006
   86.8893750000000         1.542230674264670E-006
   87.1031250000000         1.954228465512480E-006
   87.3168750000000         2.303582387535669E-006
   87.5306250000000         2.561099125338159E-006
   87.7443750000000         2.699696331411379E-006
   87.9581250000000         2.696262084189416E-006
   88.1718750000000         2.533456985620124E-006
   88.3856250000000         2.201343918733252E-006
   88.5993750000000         1.698731646559014E-006
   88.8131250000000         1.034126812126494E-006
   89.0268750000000         2.262044826364947E-007
   89.2406250000000        -6.962703108651035E-007
   89.4543750000000        -1.695109501507959E-006
   89.6681250000000        -2.723964366842910E-006
   89.8818750000000        -3.730155232422018E-006
   90.0956250000000        -4.657004663090531E-006
   90.3093750000000        -5.446576214563441E-006
   90.5231250000000        -6.042690581004825E-006
   90.7368750000000        -6.394066718518577E-006
   90.9506250000000        -6.457419114683600E-006
   91.1643750000000        -6.200335275742975E-006
   91.3781250000000        -5.603760661423555E-006
   91.5918750000000        -4.663932046870098E-006
   91.8056250000000        -3.393624299340933E-006
   92.0193750000000        -1.822608811858560E-006
   92.2331250000000         2.737322517797233E-009
   92.4468750000000         2.020686111597712E-006
   92.6606250000000         4.156243270953705E-006
   92.8743750000000         6.323979860990241E-006
   93.0881250000000         8.431482915296681E-006
   93.3018750000000         1.038325806776093E-005
   93.5156250000000         1.208488720478600E-005
   93.7293750000000         1.344722532908130E-005
   93.9431250000000         1.439041463248401E-005
   94.1568750000000         1.484750096186954E-005
   94.3706250000000         1.476745828865486E-005
   94.5843750000000         1.411745944383509E-005
   94.7981250000000         1.288427440513006E-005
   95.0118750000000         1.107472823386846E-005
   95.2256250000000         8.715206191395523E-006
   95.4393750000000         5.850250075772322E-006
   95.6531250000000         2.540343723678849E-006
   95.8668750000000        -1.140966659376568E-006
   96.0806250000000        -5.110433369062140E-006
   96.2943750000000        -9.278739041012947E-006
   96.5081250000000        -1.355417687482511E-005
   96.7218750000000        -1.784615915152100E-005
   96.9356250000000        -2.206835121976586E-005
   97.1493750000000        -2.614125908104943E-005
   97.3631250000000        -2.999414129916852E-005
   97.5768750000000        -3.356616731250354E-005
   97.7906250000000        -3.680680080894606E-005
   98.0043750000000        -3.967544469039227E-005
   98.2181250000000        -4.214043921904573E-005
   98.4318750000000        -4.417755325104224E-005
   98.6456250000000        -4.576814648775831E-005
   98.8593750000000        -4.689720554159712E-005
   99.0731250000000        -4.755146632742974E-005
   99.2868750000000        -4.771782888868423E-005
   99.5006250000000        -4.738224839704478E-005
   99.7143750000000        -4.652924899796430E-005
   99.9281250000000        -4.514215773695027E-005
   100.141875000000        -4.320409723518927E-005
   100.355625000000        -4.069971204010559E-005
   100.569375000000        -3.761753906595877E-005
   100.783125000000        -3.395287183797379E-005
   100.996875000000        -2.971091579997920E-005
   101.210625000000        -2.490999174193723E-005
   101.424375000000        -1.958451973860136E-005
   101.638125000000        -1.378750920514194E-005
   101.851875000000        -7.592292988252842E-006
   102.065625000000        -1.093274810668026E-006
   102.279375000000         5.594491397023843E-006
   102.493125000000         1.233700718984065E-005
   102.706875000000         1.898436090863168E-005
   102.920625000000         2.537504150321268E-005
   103.134375000000         3.134140586443491E-005
   103.348125000000         3.671608785121771E-005
   103.561875000000         4.133906292142406E-005
   103.775625000000         4.506502157736371E-005
   103.989375000000         4.777066211551818E-005
   104.203125000000         4.936149187568782E-005
   104.416875000000         4.977772857937796E-005
   104.630625000000         4.899892033053533E-005
   104.844375000000         4.704695386288842E-005
   105.058125000000         4.398719362207853E-005
   105.271875000000         3.992758583181151E-005
   105.485625000000         3.501566713441722E-005
   105.699375000000         2.943353103718281E-005
   105.913125000000         2.339092085863563E-005
   106.126875000000         1.711672843529268E-005
   106.340625000000         1.084927685089167E-005
   106.554375000000         4.825846669206015E-006
   106.768125000000        -7.280367900063027E-007
   106.981875000000        -5.609006881370926E-006
   107.195625000000        -9.645400858726038E-006
   107.409375000000        -1.270542837476064E-005
   107.623125000000        -1.470350536867153E-005
   107.836875000000        -1.560438368793540E-005
   108.050625000000        -1.542481825575249E-005
   108.264375000000        -1.423264241118380E-005
   108.478125000000        -1.214326113019742E-005
   108.691875000000        -9.313713296186618E-006
   108.905625000000        -5.934589802180163E-006
   109.119375000000        -2.220215968098500E-006
   109.333125000000         1.602392856671213E-006
   109.546875000000         5.305220823753783E-006
   109.760625000000         8.670964036996927E-006
   109.974375000000         1.150413828495637E-005
   110.188125000000         1.364098482045449E-005
   110.401875000000         1.495764174512622E-005
   110.615625000000         1.537614417573194E-005
   110.829375000000         1.486793733864726E-005
   111.043125000000         1.345472599457189E-005
   111.256875000000         1.120663291844085E-005
   111.470625000000         8.237789691855857E-006
   111.684375000000         4.699625869888315E-006
   111.898125000000         7.722492115327258E-007
   112.111875000000        -3.345587312396286E-006
   112.325625000000        -7.447362533747166E-006
   112.539375000000        -1.132989905331286E-005
   112.753125000000        -1.480409681261086E-005
   112.966875000000        -1.770470602210891E-005
   113.180625000000        -1.989862128939943E-005
   113.394375000000        -2.129127152996570E-005
   113.608125000000        -2.183079561935071E-005
   113.821875000000        -2.150982449990759E-005
   114.035625000000        -2.036482856236106E-005
   114.249375000000        -1.847312630895572E-005
   114.463125000000        -1.594777856959291E-005
   114.676875000000        -1.293070464072431E-005
   114.890625000000        -9.584446581948454E-006
   115.104375000000        -6.083070978071882E-006
   115.318125000000        -2.602730926554500E-006
   115.531875000000         6.875861493842621E-007
   115.745625000000         3.634626198318326E-006
   115.959375000000         6.108307259701572E-006
   116.173125000000         8.007662103453981E-006
   116.386875000000         9.265013077559633E-006
   116.600625000000         9.848214790414145E-006
   116.814375000000         9.760913041476148E-006
   117.028125000000         9.040880081909350E-006
   117.241875000000         7.756590581388814E-006
   117.455625000000         6.002293993156060E-006
   117.669375000000         3.891912678539140E-006
   117.883125000000         1.552147665365947E-006
   118.096875000000        -8.847969281676846E-007
   118.310625000000        -3.288454789001238E-006
   118.524375000000        -5.536906236204315E-006
   118.738125000000        -7.522797962591181E-006
   118.951875000000        -9.158275759025943E-006
   119.165625000000        -1.037860609546667E-005
   119.379375000000        -1.114434624966641E-005
   119.593125000000        -1.144201135413971E-005
   119.806875000000        -1.128327498714715E-005
   120.020625000000        -1.070282263994967E-005
   120.234375000000        -9.755049880507210E-006
   120.448125000000        -8.509855351073467E-006
   120.661875000000        -7.047819871013979E-006
   120.875625000000        -5.455084959642141E-006
   121.089375000000        -3.818246346051547E-006
   121.303125000000        -2.219561026310708E-006
   121.516875000000        -7.327318796555231E-007
   121.730625000000         5.805154587524616E-007
   121.944375000000         1.672909205862973E-006
   122.158125000000         2.513074549858900E-006
   122.371875000000         3.085925870601531E-006
   122.585625000000         3.392057871235183E-006
   122.799375000000         3.446245997781685E-006
   123.013125000000         3.275216709716080E-006
   123.226875000000         2.914885070618127E-006
   123.440625000000         2.407278866690418E-006
   123.654375000000         1.797374263519450E-006
   123.868125000000         1.130058250795985E-006
   124.081875000000         4.474092529073674E-007
   124.295625000000        -2.135483100648301E-007
   124.509375000000        -8.225039234024369E-007
   124.723125000000        -1.356872966029156E-006
   124.936875000000        -1.802148867845441E-006
   125.150625000000        -2.151631552764649E-006
   125.364375000000        -2.405610606788957E-006
   125.578125000000        -2.570115534384798E-006
   125.791875000000        -2.655369077484485E-006
   126.005625000000        -2.674091826651407E-006
   126.219375000000        -2.639807104437322E-006
   126.433125000000        -2.565285042037926E-006
   126.646875000000        -2.461245326911464E-006
   126.860625000000        -2.335411261164481E-006
   127.074375000000        -2.191975896977187E-006
   127.288125000000        -2.031506625295722E-006
   127.501875000000        -1.851280166612664E-006
   127.715625000000        -1.646007712111039E-006
   127.929375000000        -1.408881902819908E-006
   128.143125000000        -1.132854886620858E-006
   128.356875000000        -8.120408507705835E-007
   128.570625000000        -4.431277100572230E-007
   128.784375000000        -2.668112673599077E-008
   128.998125000000         4.317705236064918E-007
   129.211875000000         9.209697965574306E-007
   129.425625000000         1.423564518116469E-006
   129.639375000000         1.916202669531870E-006
   129.853125000000         2.370121639832271E-006
   130.066875000000         2.752236874358156E-006
   130.280625000000         3.026704483981580E-006
   130.494375000000         3.156901424041090E-006
   130.708125000000         3.107736688506523E-006
   130.921875000000         2.848179002033027E-006
   131.135625000000         2.353862262548030E-006
   131.349375000000         1.609611115634241E-006
   131.563125000000         6.117171822035900E-007
   131.776875000000        -6.302068119436778E-007
   131.990625000000        -2.091961083547359E-006
   132.204375000000        -3.734229498036343E-006
   132.418125000000        -5.502906464904900E-006
   132.631875000000        -7.330359525601431E-006
   132.845625000000        -9.137657143052130E-006
   133.059375000000        -1.083773324845325E-005
   133.273125000000        -1.233939708810482E-005
   133.486875000000        -1.355203254118987E-005
   133.700625000000        -1.439076966752627E-005
   133.914375000000        -1.478185746385568E-005
   134.128125000000        -1.466792534634369E-005
   134.341875000000        -1.401279605924775E-005
   134.555625000000        -1.280550809847665E-005
   134.769375000000        -1.106322376243440E-005
   134.983125000000        -8.832740578160518E-006
   135.196875000000        -6.190388399968233E-006
   135.410625000000        -3.240179463652790E-006
   135.624375000000        -1.101798834691223E-007
   135.838125000000         3.052817273724506E-006
   136.051875000000         6.090122117741733E-006
   136.265625000000         8.839175310247328E-006
   136.479375000000         1.114236835828083E-005
   136.693125000000         1.285617415848439E-005
   136.906875000000         1.386005351589487E-005
   137.120625000000         1.406458366825110E-005
   137.334375000000         1.341827026980773E-005
   137.548125000000         1.191255571053340E-005
   137.761875000000         9.584622462818709E-006
   137.975625000000         6.517706278741292E-006
   138.189375000000         2.838774150430642E-006
   138.403125000000        -1.286422264573337E-006
   138.616875000000        -5.660745198889900E-006
   138.830625000000        -1.006519122097902E-005
   139.044375000000        -1.427006067471487E-005
   139.258125000000        -1.804718487730982E-005
   139.471875000000        -2.118253433946130E-005
   139.685625000000        -2.348848502633372E-005
   139.899375000000        -2.481501668469933E-005
   140.113125000000        -2.505915879531339E-005
   140.326875000000        -2.417208420524274E-005
   140.540625000000        -2.216337361828071E-005
   140.754375000000        -1.910212902412831E-005
   140.968125000000        -1.511479188467641E-005
   141.181875000000        -1.037971198265041E-005
   141.395625000000        -5.118703897266005E-006
   141.609375000000         4.139914599673970E-007
   141.823125000000         5.944763974975946E-006
   142.036875000000         1.119500646996662E-005
   142.250625000000         1.589601029744434E-005
   142.464375000000         1.980355015126628E-005
   142.678125000000         2.271132946565153E-005
   142.891875000000         2.446251191133798E-005
   143.105625000000         2.495866452891550E-005
   143.319375000000         2.416557859133111E-005
   143.533125000000         2.211560755008315E-005
   143.746875000000         1.890635757973399E-005
   143.960625000000         1.469577403141511E-005
   144.174375000000         9.693874468849925E-006
   144.388125000000         4.151573707593152E-006
   144.601875000000        -1.652783176256634E-006
   144.815625000000        -7.428427860243596E-006
   145.029375000000        -1.288787066187736E-005
   145.243125000000        -1.776240785990632E-005
   145.456875000000        -2.181655271029729E-005
   145.670625000000        -2.486056815319631E-005
   145.884375000000        -2.676038790730765E-005
   146.098125000000        -2.744436422915356E-005
   146.311875000000        -2.690646629884644E-005
   146.525625000000        -2.520576199529078E-005
   146.739375000000        -2.246223518615362E-005
   146.953125000000        -1.884920721108360E-005
   147.166875000000        -1.458283162488007E-005
   147.380625000000        -9.909303001331150E-006
   147.594375000000        -5.090552873951421E-006
   147.808125000000        -3.892903169381206E-007
   148.021875000000         3.945724139629300E-006
   148.235625000000         7.693306598030331E-006
   148.449375000000         1.067159288187060E-005
   148.663125000000         1.274723579816409E-005
   148.876875000000         1.384156211183408E-005
   149.090625000000         1.393339033111408E-005
   149.304375000000         1.305842220993262E-005
   149.518125000000         1.130533492032939E-005
   149.731875000000         8.808903025440050E-006
   149.945625000000         5.740656465258624E-006
   150.159375000000         2.297721335983723E-006
   150.373125000000        -1.309414507673276E-006
   150.586875000000        -4.869424651587766E-006
   150.800625000000        -8.182178281115774E-006
   151.014375000000        -1.106956713114652E-005
   151.228125000000        -1.338451256975181E-005
   151.441875000000        -1.501768306909141E-005
   151.655625000000        -1.590162170634012E-005
   151.869375000000        -1.601216663033613E-005
   152.083125000000        -1.536723134764381E-005
   152.296875000000        -1.402318322977659E-005
   152.510625000000        -1.206920606298787E-005
   152.724375000000        -9.620146076097554E-006
   152.938125000000        -6.808413766660985E-006
   153.151875000000        -3.775542282778159E-006
   153.365625000000        -6.639867923776927E-007
   153.579375000000         2.390308790113613E-006
   153.793125000000         5.264145097470298E-006
   154.006875000000         7.851788897455515E-006
   154.220625000000         1.006800898244808E-005
   154.434375000000         1.184939568814648E-005
   154.648125000000         1.315407095918937E-005
   154.861875000000         1.396001722755125E-005
   155.075625000000         1.426234954099583E-005
   155.289375000000         1.406991965872178E-005
   155.503125000000         1.340166917893238E-005
   155.716875000000         1.228314005453944E-005
   155.930625000000         1.074350689906022E-005
   156.144375000000         8.813420827386549E-006
   156.358125000000         6.523856088270431E-006
   156.571875000000         3.906037063986979E-006
   156.785625000000         9.924040532065183E-007
   156.999375000000        -2.181538343091595E-006
   157.213125000000        -5.574746843269486E-006
   157.426875000000        -9.137873547496112E-006
   157.640625000000        -1.281059143616089E-005
   157.854375000000        -1.651940922935718E-005
   158.068125000000        -2.017635306531322E-005
   158.281875000000        -2.367883756637767E-005
   158.495625000000        -2.691096320257973E-005
   158.709375000000        -2.974636651014799E-005
   158.923125000000        -3.205262274416704E-005
   159.136875000000        -3.369706642840464E-005
   159.350625000000        -3.455376423848670E-005
   159.564375000000        -3.451125694514099E-005
   159.778125000000        -3.348059223425989E-005
   159.991875000000        -3.140310614303208E-005
   160.205625000000        -2.825738358084764E-005
   160.419375000000        -2.406484138471007E-005
   160.633125000000        -1.889343120844147E-005
   160.846875000000        -1.285905195221874E-005
   161.060625000000        -6.124387273587684E-006
   161.274375000000         1.104964654503953E-006
   161.488125000000         8.587034206059750E-006
   161.701875000000         1.605248834966129E-005
   161.915625000000         2.321572941867286E-005
   162.129375000000         2.978756179246067E-005
   162.343125000000         3.548878339963743E-005
   162.556875000000         4.006397559089946E-005
   162.770625000000         4.329472475281184E-005
   162.984375000000         4.501151549673352E-005
   163.198125000000         4.510358873798770E-005
   163.411875000000         4.352615575372942E-005
   163.625625000000         4.030449573252648E-005
   163.839375000000         3.553463124197220E-005
   164.053125000000         2.938046332678777E-005
   164.266875000000         2.206744423594253E-005
   164.480625000000         1.387305920429968E-005
   164.694375000000         5.114567723333782E-006
   164.908125000000        -3.865391188558122E-006
   165.121875000000        -1.271460488638094E-005
   165.335625000000        -2.108769940076598E-005
   165.549375000000        -2.866231789863530E-005
   165.763125000000        -3.515423543750791E-005
   165.976875000000        -4.033063510381836E-005
   166.190625000000        -4.402086641195873E-005
   166.404375000000        -4.612413758401950E-005
   166.618125000000        -4.661375147249658E-005
   166.831875000000        -4.553767169851780E-005
   167.045625000000        -4.301539168673527E-005
   167.259375000000        -3.923126519701966E-005
   167.473125000000        -3.442463355160568E-005
   167.686875000000        -2.887724366790268E-005
   167.900625000000        -2.289858495642102E-005
   168.114375000000        -1.680987618833184E-005
   168.328125000000        -1.092750113259389E-005
   168.541875000000        -5.546721252642204E-006
   168.755625000000        -9.264838084193167E-007
   168.969375000000         2.723905277039053E-006
   169.183125000000         5.255560482072043E-006
   169.396875000000         6.587684009051402E-006
   169.610625000000         6.711705982081139E-006
   169.824375000000         5.691652859187404E-006
   170.038125000000         3.660685180563187E-006
   170.251875000000         8.139383021521544E-007
   170.465625000000        -2.602009951124091E-006
   170.679375000000        -6.302542067635985E-006
   170.893125000000        -9.980613565439798E-006
   171.106875000000        -1.332378691441820E-005
   171.320625000000        -1.603180711923976E-005
   171.534375000000        -1.783379229659177E-005
   171.748125000000        -1.850411346313529E-005
   171.961875000000        -1.787608855813475E-005
   172.175625000000        -1.585271567698627E-005
   172.389375000000        -1.241381594357188E-005
   172.603125000000        -7.619140898782067E-006
   172.816875000000        -1.607213576204223E-006
   173.030625000000         5.410094826244033E-006
   173.244375000000         1.315701264082134E-005
   173.458125000000         2.130687018387225E-005
   173.671875000000         2.949798033610499E-005
   173.885625000000         3.735154922094000E-005
   174.099375000000         4.449064447043248E-005
   174.313125000000         5.055917964430779E-005
   174.526875000000         5.523986533055374E-005
   174.740625000000         5.827013184788353E-005
   174.954375000000         5.945514283171567E-005
   175.168125000000         5.867718692020897E-005
   175.381875000000         5.590094628301894E-005
   175.595625000000         5.117438289939085E-005
   175.809375000000         4.462524121004463E-005
   176.023125000000         3.645342283040608E-005
   176.236875000000         2.691972918574102E-005
   176.450625000000         1.633167605765988E-005
   176.664375000000         5.027247079398136E-006
   176.878125000000        -6.642438849925451E-006
   177.091875000000        -1.833052480532539E-005
   177.305625000000        -2.971087360448838E-005
   177.519375000000        -4.049266112332079E-005
   177.733125000000        -5.043231523410287E-005
   177.946875000000        -5.934219192222823E-005
   178.160625000000        -6.709559568749643E-005
   178.374375000000        -7.362798661566481E-005
   178.588125000000        -7.893445618240141E-005
   178.801875000000        -8.306378263274212E-005
   179.015625000000        -8.610958041520719E-005
   179.229375000000        -8.819922433496426E-005
   179.443125000000        -8.948134820506826E-005
   179.656875000000        -9.011278342586912E-005
   179.870625000000        -9.024581225586312E-005
   180.084375000000        -9.001656431071534E-005
   180.298125000000        -8.953528725399410E-005
   180.511875000000        -8.887908102474618E-005
   180.725625000000        -8.808750913116663E-005
   180.939375000000        -8.716130224530324E-005
   181.153125000000        -8.606416139059193E-005
   181.366875000000        -8.472746356419787E-005
   181.580625000000        -8.305748434628605E-005
   181.794375000000        -8.094459137414735E-005
   182.008125000000        -7.827373909939666E-005
   182.221875000000        -7.493551621712578E-005
   182.435625000000        -7.083696700598738E-005
   182.649375000000        -6.591142800350276E-005
   182.863125000000        -6.012669036299812E-005
   183.076875000000        -5.349091135018688E-005
   183.290625000000        -4.605584850854156E-005
   183.504375000000        -3.791716755549905E-005
   183.718125000000        -2.921176884578831E-005
   183.931875000000        -2.011227496161835E-005
   184.145625000000        -1.081901102388627E-005
   184.359375000000        -1.549977444173432E-006
   184.573125000000         7.470548985039439E-006
   184.786875000000         1.602405467746734E-005
   185.000625000000         2.390969115823308E-005
   185.214375000000         3.095526487733848E-005
   185.428125000000         3.702659608146616E-005
   185.641875000000         4.203463191648477E-005
   185.855625000000         4.593984494958898E-005
   186.069375000000         4.875362686873915E-005
   186.283125000000         5.053658638762365E-005
   186.496875000000         5.139386685667601E-005
   186.710625000000         5.146779851183035E-005
   186.924375000000         5.092837869357742E-005
   187.138125000000         4.996221802087356E-005
   187.351875000000         4.876069091944132E-005
   187.565625000000         4.750807765208140E-005
   187.779375000000         4.637047833166009E-005
   187.993125000000         4.548621761149557E-005
   188.206875000000         4.495834624351801E-005
   188.420625000000         4.484969071831639E-005
   188.634375000000         4.518071627679746E-005
   188.848125000000         4.593026566688608E-005
   189.061875000000         4.703903143918603E-005
   189.275625000000         4.841542883817603E-005
   189.489375000000         4.994337389707584E-005
   189.703125000000         5.149134940008218E-005
   189.916875000000         5.292206890904296E-005
   190.130625000000         5.410203103877349E-005
   190.344375000000         5.491029315166185E-005
   190.558125000000         5.524588167892130E-005
   190.771875000000         5.503338723683896E-005
   190.985625000000         5.422645496768270E-005
   191.199375000000         5.280905996259613E-005
   191.413125000000         5.079463878848260E-005
   191.626875000000         4.822331565568177E-005
   191.840625000000         4.515760162708649E-005
   192.054375000000         4.167704609582952E-005
   192.268125000000         3.787237377826862E-005
   192.481875000000         3.383964421118661E-005
   192.695625000000         2.967492533173558E-005
   192.909375000000         2.546988375538023E-005
   193.123125000000         2.130857139481414E-005
   193.336875000000         1.726554367390888E-005
   193.550625000000         1.340529324508230E-005
   193.764375000000         9.782839784162622E-006
   193.978125000000         6.445195178669141E-006
   194.191875000000         3.433336072241873E-006
   194.405625000000         7.842707454262608E-007
   194.619375000000        -1.467211010619788E-006
   194.833125000000        -3.287468346542268E-006
   195.046875000000        -4.643893976224099E-006
   195.260625000000        -5.505904912785218E-006
   195.474375000000        -5.847049262280653E-006
   195.688125000000        -5.648091343914972E-006
   195.901875000000        -4.900799230685304E-006
   196.115625000000        -3.612044578717797E-006
   196.329375000000        -1.807746664436162E-006
   196.543125000000         4.638401282976575E-007
   196.756875000000         3.129978770162434E-006
   196.970625000000         6.092857974704782E-006
   197.184375000000         9.230859772614333E-006
   197.398125000000         1.240184068519928E-005
   197.611875000000         1.544840868973818E-005
   197.825625000000         1.820499776272004E-005
   198.039375000000         2.050636942946771E-005
   198.253125000000         2.219702223372151E-005
   198.466875000000         2.314087926942964E-005
   198.680625000000         2.323056162095231E-005
   198.894375000000         2.239554831593374E-005
   199.108125000000         2.060857303245505E-005
   199.321875000000         1.788971122616502E-005
   199.535625000000         1.430776082675997E-005
   199.749375000000         9.978703534072142E-006
   199.963125000000         5.061237469943338E-006
   200.176875000000        -2.504206397240649E-007
   200.390625000000        -5.736070810693645E-006
   200.604375000000        -1.116084274826382E-005
   200.818125000000        -1.628759993551750E-005
   201.031875000000        -2.088967149422958E-005
   201.245625000000        -2.476312620103521E-005
   201.459375000000        -2.773783602717233E-005
   201.673125000000        -2.968666103022965E-005
   201.886875000000        -3.053221573888574E-005
   202.100625000000        -3.025083864495249E-005
   202.314375000000        -2.887356830680927E-005
   202.528125000000        -2.648411821637700E-005
   202.741875000000        -2.321402456681227E-005
   202.955625000000        -1.923530425291854E-005
   203.169375000000        -1.475109488175504E-005
   203.383125000000        -9.984847099920724E-006
   203.596875000000        -5.168698116794174E-006
   203.810625000000        -5.316730472041238E-007
   204.024375000000         3.711660326857406E-006
   204.238125000000         7.371513035470138E-006
   204.451875000000         1.029168541512261E-005
   204.665625000000         1.235648283985275E-005
   204.879375000000         1.349546874856165E-005
   205.093125000000         1.368590754694524E-005
   205.306875000000         1.295286822798890E-005
   205.520625000000         1.136706978975322E-005
   205.734375000000         9.040647326570873E-006
   205.948125000000         6.121100039267352E-006
   206.161875000000         2.783747679041256E-006
   206.375625000000        -7.769304520267385E-007
   206.589375000000        -4.356669589171404E-006
   206.803125000000        -7.751088628303993E-006
   207.016875000000        -1.076523791999009E-005
   207.230625000000        -1.322262520086025E-005
   207.444375000000        -1.497334787911183E-005
   207.658125000000        -1.590100039521459E-005
   207.871875000000        -1.592807649662161E-005
   208.085625000000        -1.501964678331923E-005
   208.299375000000        -1.318516039177958E-005
   208.513125000000        -1.047829446388878E-005
   208.726875000000        -6.994853961927803E-006
   208.940625000000        -2.868804861846860E-006
   209.154375000000         1.733397208840957E-006
   209.368125000000         6.619946529828268E-006
   209.581875000000         1.158199257942212E-005
   209.795625000000         1.640275404266361E-005
   210.009375000000         2.086704456338810E-005
   210.223125000000         2.477079037866616E-005
   210.436875000000         2.793011584289246E-005
   210.650625000000         3.018958822002902E-005
   210.864375000000         3.142924770539854E-005
   211.078125000000         3.157010109570995E-005
   211.291875000000         3.057782554222815E-005
   211.505625000000         2.846450924210412E-005
   211.719375000000         2.528834494507586E-005
   211.933125000000         2.115128555534068E-005
   212.146875000000         1.619476448849170E-005
   212.360625000000         1.059367244763304E-005
   212.574375000000         4.548862813434490E-006
   212.788125000000        -1.721473770582771E-006
   213.001875000000        -7.991171904354728E-006
   213.215625000000        -1.403576189331546E-005
   213.429375000000        -1.964200304940547E-005
   213.643125000000        -2.461683914130595E-005
   213.856875000000        -2.879536030696691E-005
   214.070625000000        -3.204740066449637E-005
   214.284375000000        -3.428246420156505E-005
   214.498125000000        -3.545275093494611E-005
   214.711875000000        -3.555414760952623E-005
   214.925625000000        -3.462514834023149E-005
   215.139375000000        -3.274377585754871E-005
   215.353125000000        -3.002267808678121E-005
   215.566875000000        -2.660267199984293E-005
   215.780625000000        -2.264509127812470E-005
   215.994375000000        -1.832336084297009E-005
   216.208125000000        -1.381426494407133E-005
   216.421875000000        -9.289392523517682E-006
   216.635625000000        -4.907231740134138E-006
   216.849375000000        -8.063443814150870E-007
   217.063125000000         2.900018049605475E-006
   217.276875000000         6.127587890887678E-006
   217.490625000000         8.822887520715879E-006
   217.704375000000         1.096313417701463E-005
   217.918125000000         1.255433514340749E-005
   218.131875000000         1.362778449127977E-005
   218.345625000000         1.423527666780873E-005
   218.559375000000         1.444343283158730E-005
   218.773125000000         1.432758641872116E-005
   218.986875000000         1.396569067738691E-005
   219.200625000000         1.343269126012447E-005
   219.414375000000         1.279575279918946E-005
   219.628125000000         1.211064405306848E-005
   219.841875000000         1.141947870965822E-005
   220.055625000000         1.074988739034799E-005
   220.269375000000         1.011557129891176E-005
   220.483125000000         9.518070213205349E-006
   220.696875000000         8.949477485022436E-006
   220.910625000000         8.395761234223824E-006
   221.124375000000         7.840310474135079E-006
   221.338125000000         7.267320960077613E-006
   221.551875000000         6.664668216408468E-006
   221.765625000000         6.025981154093593E-006
   221.979375000000         5.351722480981680E-006
   222.193125000000         4.649192708841237E-006
   222.406875000000         3.931492227362575E-006
   222.620625000000         3.215589184700499E-006
   222.834375000000         2.519738703721639E-006
   223.048125000000         1.860571632542345E-006
   223.261875000000         1.250211313181314E-006
   223.475625000000         6.937805760308672E-007
   223.689375000000         1.876276568334259E-007
   223.903125000000        -2.814681013968449E-007
   224.116875000000        -7.359458222688076E-007
   224.330625000000        -1.205918043129899E-006
   224.544375000000        -1.726504409592145E-006
   224.758125000000        -2.334237261553015E-006
   224.971875000000        -3.062837001898700E-006
   225.185625000000        -3.938734658724217E-006
   225.399375000000        -4.976765402863203E-006
   225.613125000000        -6.176465022348315E-006
   225.826875000000        -7.519369992127839E-006
   226.040625000000        -8.967652898478660E-006
   226.254375000000        -1.046432404975085E-005
   226.468125000000        -1.193510546844016E-005
   226.681875000000        -1.329194556921572E-005
   226.895625000000        -1.443800331734334E-005
   227.109375000000        -1.527380132014307E-005
   227.323125000000        -1.570413905511397E-005
   227.536875000000        -1.564527942207788E-005
   227.750625000000        -1.503188063417665E-005
   227.964375000000        -1.382314470716285E-005
   228.178125000000        -1.200769376645882E-005
   228.391875000000        -9.606763134099196E-006
   228.605625000000        -6.675409828187457E-006
   228.819375000000        -3.301568465773234E-006
   229.033125000000         3.970663116663183E-007
   229.246875000000         4.278201656382596E-006
   229.460625000000         8.181881047515562E-006
   229.674375000000         1.193879555781199E-005
   229.888125000000         1.537947779364992E-005
   230.101875000000         1.834381922609853E-005
   230.315625000000         2.069032332073881E-005
   230.529375000000         2.230451692127133E-005
   230.743125000000         2.310598959398543E-005
   230.956875000000         2.305361153679966E-005
   231.170625000000         2.214858957032562E-005
   231.384375000000         2.043515041851386E-005
   231.598125000000         1.799878262637775E-005
   231.811875000000         1.496211419973696E-005
   232.025625000000         1.147864356347139E-005
   232.239375000000         7.724668442470601E-006
   232.453125000000         3.889863492992063E-006
   232.666875000000         1.670370382739963E-007
   232.880625000000        -3.258354180608917E-006
   233.094375000000        -6.218338194383490E-006
   233.308125000000        -8.571633745136440E-006
   233.521875000000        -1.021140531736453E-005
   233.735625000000        -1.107112474153165E-005
   233.949375000000        -1.112820295227521E-005
   234.163125000000        -1.040518058343531E-005
   234.376875000000        -8.968403215862805E-006
   234.590625000000        -6.924248653554998E-006
   234.804375000000        -4.413111729031962E-006
   235.018125000000        -1.601479124174482E-006
   235.231875000000         1.327464608161336E-006
   235.445625000000         4.184174423830038E-006
   235.659375000000         6.783445350499786E-006
   235.873125000000         8.954873909989824E-006
   236.086875000000         1.055249020317256E-005
   236.300625000000         1.146301641682415E-005
   236.514375000000         1.161228494441053E-005
   236.728125000000         1.096945401255146E-005
   236.941875000000         9.548784805702698E-006
   237.155625000000         7.408884366932597E-006
   237.369375000000         4.649464854250702E-006
   237.583125000000         1.405813400557790E-006
   237.796875000000        -2.158700752456129E-006
   238.010625000000        -5.861642046140494E-006
   238.224375000000        -9.511520649916918E-006
   238.438125000000        -1.291821889818429E-005
   238.651875000000        -1.590323026399632E-005
   238.865625000000        -1.830912555316934E-005
   239.079375000000        -2.000771311225460E-005
   239.293125000000        -2.090644428759764E-005
   239.506875000000        -2.095272681329444E-005
   239.720625000000        -2.013594012561034E-005
   239.934375000000        -1.848708934910472E-005
   240.148125000000        -1.607617963698650E-005
   240.361875000000        -1.300753026106155E-005
   240.575625000000        -9.413369380187151E-006
   240.789375000000        -5.446147889579155E-006
   241.003125000000        -1.270077910468715E-006
   241.216875000000         2.947565865183799E-006
   241.430625000000         7.044847415218936E-006
   241.644375000000         1.087277790688865E-005
   241.858125000000         1.430170784509990E-005
   242.071875000000         1.722617779029291E-005
   242.285625000000         1.956802075901226E-005
   242.499375000000         2.127763845262831E-005
   242.713125000000         2.233350389651534E-005
   242.926875000000         2.274006541211768E-005
   243.140625000000         2.252433224200467E-005
   243.354375000000         2.173150307138803E-005
   243.568125000000         2.042004948665965E-005
   243.781875000000         1.865668373909590E-005
   243.995625000000         1.651162326339340E-005
   244.209375000000         1.405451509061479E-005
   244.423125000000         1.135130594303860E-005
   244.636875000000         8.462244920964031E-006
   244.850625000000         5.441093475296812E-006
   245.064375000000         2.335501032139631E-006
   245.278125000000        -8.116062490230665E-007
   245.491875000000        -3.959872406364469E-006
   245.705625000000        -7.068916839568390E-006
   245.919375000000        -1.009566515153696E-005
   246.133125000000        -1.299198522870106E-005
   246.346875000000        -1.570298608265039E-005
   246.560625000000        -1.816628214545775E-005
   246.774375000000        -2.031244210020987E-005
   246.988125000000        -2.206673531524151E-005
   247.201875000000        -2.335216881216922E-005
   247.415625000000        -2.409368299129669E-005
   247.629375000000        -2.422325517964037E-005
   247.843125000000        -2.368555636076758E-005
   248.056875000000        -2.244372712041083E-005
   248.270625000000        -2.048479115217189E-005
   248.484375000000        -1.782421361350299E-005
   248.698125000000        -1.450913952868532E-005
   248.911875000000        -1.061991372585003E-005
   249.125625000000        -6.269584973816938E-006
   249.339375000000        -1.601226834703717E-006
   249.553125000000         3.216942270993529E-006
   249.766875000000         7.998497472158487E-006
   249.980625000000         1.254750369729563E-005
   250.194375000000         1.666852391757726E-005
   250.408125000000         2.017737243551018E-005
   250.621875000000         2.291195895665137E-005
   250.835625000000         2.474252322883243E-005
   251.049375000000         2.558056036008236E-005
   251.263125000000         2.538578537781626E-005
   251.476875000000         2.417058073454129E-005
   251.690625000000         2.200150760202242E-005
   251.904375000000         1.899763320186936E-005
   252.118125000000         1.532562179019869E-005
   252.331875000000         1.119174399055984E-005
   252.545625000000         6.831164519257155E-006
   252.759375000000         2.495058231411486E-006
   252.973125000000        -1.563734298676945E-006
   253.186875000000        -5.105679396745085E-006
   253.400625000000        -7.919247338930407E-006
   253.614375000000        -9.834414429793296E-006
   253.828125000000        -1.073409374906698E-005
   254.041875000000        -1.056271895387654E-005
   254.255625000000        -9.331359157492054E-006
   254.469375000000        -7.118940992113312E-006
   254.683125000000        -4.069384898136551E-006
   254.896875000000        -3.847123773254930E-007
   255.110625000000         3.685566302018834E-006
   255.324375000000         7.858234968844623E-006
   255.538125000000         1.183256562162242E-005
   255.751875000000         1.530799738256271E-005
   255.965625000000         1.800226221303677E-005
   256.179375000000         1.966887099435961E-005
   256.393125000000         2.011289311138682E-005
   256.606875000000         1.920404986581102E-005
   256.820625000000         1.688629221608156E-005
   257.034375000000         1.318323752934487E-005
   257.248125000000         8.199085536739981E-006
   257.461875000000         2.114904895435371E-006
   257.675625000000        -4.819538787875000E-006
   257.889375000000        -1.229797304117751E-005
   258.103125000000        -1.997314407733672E-005
   258.316875000000        -2.747479594862427E-005
   258.530625000000        -3.442907786567041E-005
   258.744375000000        -4.047827508775344E-005
   258.958125000000        -4.529974837791196E-005
   259.171875000000        -4.862302492796783E-005
   259.385625000000        -5.024410485320164E-005
   259.599375000000        -5.003622261991187E-005
   259.813125000000        -4.795651948386342E-005
   260.026875000000        -4.404832617743897E-005
   260.240625000000        -3.843900846551029E-005
   260.454375000000        -3.133357558283802E-005
   260.668125000000        -2.300447794512915E-005
   260.881875000000        -1.377821308277173E-005
   261.095625000000        -4.019507681883751E-006
   261.309375000000         5.886057352639793E-006
   261.523125000000         1.555006535780220E-005
   261.736875000000         2.459901740999078E-005
   261.950625000000         3.269096470770244E-005
   262.164375000000         3.953025673083272E-005
   262.378125000000         4.487976741187787E-005
   262.591875000000         4.857010987526248E-005
   262.805625000000         5.050551214841412E-005
   263.019375000000         5.066619272462657E-005
   263.233125000000         4.910723812547712E-005
   263.446875000000         4.595413819484568E-005
   263.660625000000         4.139527374029049E-005
   263.874375000000         3.567177167041889E-005
   264.088125000000         2.906524244580134E-005
   264.301875000000         2.188399178307592E-005
   264.515625000000         1.444835195973386E-005
   264.729375000000         7.075806851249426E-006
   264.943125000000         6.658819400437167E-008
   265.156875000000        -6.309602186243743E-006
   265.370625000000        -1.182513875370133E-005
   265.584375000000        -1.630375761849522E-005
   265.798125000000        -1.962715256314389E-005
   266.011875000000        -2.173857808561666E-005
   266.225625000000        -2.264330001247299E-005
   266.439375000000        -2.240589246496728E-005
   266.653125000000        -2.114454491479858E-005
   266.866875000000        -1.902270590882050E-005
   267.080625000000        -1.623854086703841E-005
   267.294375000000        -1.301280987459266E-005
   267.508125000000        -9.575867772793021E-006
   267.721875000000        -6.154544686916329E-006
   267.935625000000        -2.959674312767215E-006
   268.149375000000        -1.749968398488170E-007
   268.363125000000         2.051925982595505E-006
   268.576875000000         3.616279797185746E-006
   268.790625000000         4.459716285570986E-006
   269.004375000000         4.571080804735465E-006
   269.218125000000         3.984211823469267E-006
   269.431875000000         2.773072903201687E-006
   269.645625000000         1.044654881542485E-006
   269.859375000000        -1.069772174502058E-006
   270.073125000000        -3.424382003049933E-006
   270.286875000000        -5.868772866842331E-006
   270.500625000000        -8.257503005641021E-006
   270.714375000000        -1.045854652696505E-005
   270.928125000000        -1.236015156108080E-005
   271.141875000000        -1.387573512941058E-005
   271.355625000000        -1.494662425585716E-005
   271.569375000000        -1.554263459319656E-005
   271.783125000000        -1.566065020496624E-005
   271.996875000000        -1.532151638268117E-005
   272.210625000000        -1.456566940055809E-005
   272.424375000000        -1.344799459666489E-005
   272.638125000000        -1.203242328190232E-005
   272.851875000000        -1.038675060688962E-005
   273.065625000000        -8.578086049308371E-006
   273.279375000000        -6.669244825255432E-006
   273.493125000000        -4.716264250348712E-006
   273.706875000000        -2.767097320189548E-006
   273.920625000000        -8.614100446473006E-007
   274.134375000000         9.686984525435229E-007
   274.348125000000         2.697313667472599E-006
   274.561875000000         4.302967247312789E-006
   274.775625000000         5.766856934903952E-006
   274.989375000000         7.071312939675053E-006
   275.203125000000         8.198741933423635E-006
   275.416875000000         9.131200759555208E-006
   275.630625000000         9.850660350688992E-006
   275.844375000000         1.033992684786134E-005
   276.058125000000         1.058410169033687E-005
   276.271875000000         1.057239424135374E-005
   276.485625000000         1.030005579241879E-005
   276.699375000000         9.770186176056339E-006
   276.913125000000         8.995174298692939E-006
   277.126875000000         7.997569347547405E-006
   277.340625000000         6.810235406515860E-006
   277.554375000000         5.475712096374179E-006
   277.768125000000         4.044779994119686E-006
   277.981875000000         2.574304209839316E-006
   278.195625000000         1.124495510088636E-006
   278.409375000000        -2.442199707845099E-007
   278.623125000000        -1.474498018902552E-006
   278.836875000000        -2.515302997742773E-006
   279.050625000000        -3.324833009635336E-006
   279.264375000000        -3.872937478544089E-006
   279.478125000000        -4.142860492025602E-006
   279.691875000000        -4.132193034577319E-006
   279.905625000000        -3.852972788095499E-006
   280.119375000000        -3.330926986128615E-006
   280.333125000000        -2.603907948988006E-006
   280.546875000000        -1.719619267566985E-006
   280.760625000000        -7.327709386181978E-007
   280.974375000000         2.981672310561369E-007
   281.188125000000         1.314423507806582E-006
   281.401875000000         2.260391759925440E-006
   281.615625000000         3.086905468339418E-006
   281.829375000000         3.754122871893908E-006
   282.043125000000         4.233844762510491E-006
   282.256875000000         4.511112140062252E-006
   282.470625000000         4.584965252058028E-006
   282.684375000000         4.468288103694408E-006
   282.898125000000         4.186712564037825E-006
   283.111875000000         3.776612321298208E-006
   283.325625000000         3.282276940233590E-006
   283.539375000000         2.752417013239228E-006
   283.753125000000         2.236208857064067E-006
   283.966875000000         1.779136689535202E-006
   284.180625000000         1.418926702093759E-006
   284.394375000000         1.181886073961983E-006
   284.608125000000         1.079956657619928E-006
   284.821875000000         1.108765065528228E-006
   285.035625000000         1.246897365972883E-006
   285.249375000000         1.456549012338929E-006
   285.463125000000         1.685602935072090E-006
   285.676875000000         1.871077286633269E-006
   285.890625000000         1.943767576472232E-006
   286.104375000000         1.833795729155671E-006
   286.318125000000         1.476681387414813E-006
   286.531875000000         8.194785812460335E-007
   286.745625000000        -1.735177652110652E-007
   286.959375000000        -1.515990039510490E-006
   287.173125000000        -3.196191999164027E-006
   287.386875000000        -5.175284965300026E-006
   287.600625000000        -7.387661075424856E-006
   287.814375000000        -9.743349321646487E-006
   288.028125000000        -1.213243481873137E-005
   288.241875000000        -1.443125424017817E-005
   288.455625000000        -1.650997535316547E-005
   288.669375000000        -1.824104027299874E-005
   288.883125000000        -1.950786272806370E-005
   289.096875000000        -2.021312839827964E-005
   289.310625000000        -2.028605925143916E-005
   289.524375000000        -1.968806802153333E-005
   289.738125000000        -1.841634297083587E-005
   289.951875000000        -1.650505677086928E-005
   290.165625000000        -1.402407393982770E-005
   290.379375000000        -1.107522346671521E-005
   290.593125000000        -7.786390614128805E-006
   290.806875000000        -4.303848442179983E-006
   291.020625000000        -7.833812959944545E-007
   291.234375000000         2.619161447330068E-006
   291.448125000000         5.757209247547773E-006
   291.661875000000         8.502059967707013E-006
   291.875625000000         1.075013443262015E-005
   292.089375000000         1.242843002507162E-005
   292.303125000000         1.349785457859036E-005
   292.516875000000         1.395428797299354E-005
   292.730625000000         1.382738930409816E-005
   292.944375000000         1.317732799499161E-005
   293.158125000000         1.208975511142676E-005
   293.371875000000         1.066943656175954E-005
   293.585625000000         9.033036448947694E-006
   293.799375000000         7.301564139153785E-006
   294.013125000000         5.592984007756326E-006
   294.226875000000         4.015437122350909E-006
   294.440625000000         2.661446786308062E-006
   294.654375000000         1.603384044785546E-006
   294.868125000000         8.903647132826053E-007
   295.081875000000         5.466455672958945E-007
   295.295625000000         5.714920482166309E-007
   295.509375000000         9.404092289185763E-007
   295.723125000000         1.607565524597811E-006
   295.936875000000         2.509196007157434E-006
   296.150625000000         3.567748296367886E-006
   296.364375000000         4.696526282773162E-006
   296.578125000000         5.804591758303400E-006
   296.791875000000         6.801697405554569E-006
   297.005625000000         7.603042838030555E-006
   297.219375000000         8.133665629535416E-006
   297.433125000000         8.332299820955514E-006
   297.646875000000         8.154554814587756E-006
   297.860625000000         7.575288571316236E-006
   298.074375000000         6.590072144249355E-006
   298.288125000000         5.215669694760435E-006
   298.501875000000         3.489490942023496E-006
   298.715625000000         1.468012499187573E-006
   298.929375000000        -7.757893536251284E-007
   299.143125000000        -3.155900667761784E-006
   299.356875000000        -5.577479249097249E-006
   299.570625000000        -7.941612309510240E-006
   299.784375000000        -1.015037781722290E-005
   299.998125000000        -1.211193124552197E-005
   300.211875000000        -1.374532185167184E-005
   300.425625000000        -1.498474484364230E-005
   300.639375000000        -1.578295979059373E-005
   300.853125000000        -1.611365137223138E-005
   301.066875000000        -1.597257382132607E-005
   301.280625000000        -1.537740085722408E-005
   301.494375000000        -1.436629241381338E-005
   301.708125000000        -1.299528067623309E-005
   301.921875000000        -1.133466298169075E-005
   302.135625000000        -9.464660420211178E-006
   302.349375000000        -7.470651980374635E-006
   302.563125000000        -5.438320091470017E-006
   302.776875000000        -3.449041984594773E-006
   302.990625000000        -1.575832578679242E-006
   303.204375000000         1.199086712003361E-007
   303.418125000000         1.590667290099694E-006
   303.631875000000         2.804005386470539E-006
   303.845625000000         3.742671121249220E-006
   304.059375000000         4.403708275469509E-006
   304.273125000000         4.796723278029145E-006
   304.486875000000         4.941524442812574E-006
   304.700625000000         4.865383313551518E-006
   304.914375000000         4.600178746631140E-006
   305.128125000000         4.179670961025552E-006
   305.341875000000         3.637117881442851E-006
   305.555625000000         3.003394312513954E-006
   305.769375000000         2.305711855021796E-006
   305.983125000000         1.566970799426534E-006
   306.196875000000         8.057113028905777E-007
   306.410625000000         3.657606920545770E-008
   306.624375000000        -7.288446966166780E-007
   306.838125000000        -1.480940027816156E-006
   307.051875000000        -2.210937513807722E-006
   307.265625000000        -2.909846001757471E-006
   307.479375000000        -3.567607974314416E-006
   307.693125000000        -4.172552846256094E-006
   307.906875000000        -4.711201544903982E-006
   308.120625000000        -5.168430970125421E-006
   308.334375000000        -5.527968858639533E-006
   308.548125000000        -5.773158943556805E-006
   308.761875000000        -5.887915620355570E-006
   308.975625000000        -5.857777693118589E-006
   309.189375000000        -5.670971817337477E-006
   309.403125000000        -5.319406321264229E-006
   309.616875000000        -4.799532534594199E-006
   309.830625000000        -4.113030371992427E-006
   310.044375000000        -3.267294405085250E-006
   310.258125000000        -2.275713075851029E-006
   310.471875000000        -1.157744893687912E-006
   310.685625000000         6.119968765337355E-008
   310.899375000000         1.350063409161148E-006
   311.113125000000         2.672633439638899E-006
   311.326875000000         3.988226920811566E-006
   311.540625000000         5.252588061693031E-006
   311.754375000000         6.419019818954687E-006
   311.968125000000         7.439772933436262E-006
   312.181875000000         8.267706624203157E-006
   312.395625000000         8.858217530280580E-006
   312.609375000000         9.171406852660398E-006
   312.823125000000         9.174421857088616E-006
   313.036875000000         8.843870095285108E-006
   313.250625000000         8.168167139710364E-006
   313.464375000000         7.149646239110461E-006
   313.678125000000         5.806236164405514E-006
   313.891875000000         4.172506240580373E-006
   314.105625000000         2.299888703319073E-006
   314.319375000000         2.559200471724378E-007
   314.533125000000        -1.877605059905532E-006
   314.746875000000        -4.007603610294342E-006
   314.960625000000        -6.033750168300215E-006
   315.174375000000        -7.853459553908925E-006
   315.388125000000        -9.367575355568947E-006
   315.601875000000        -1.048645010785795E-005
   315.815625000000        -1.113603657825468E-005
   316.029375000000        -1.126356762737538E-005
   316.243125000000        -1.084239049776703E-005
   316.456875000000        -9.875543803978706E-006
   316.670625000000        -8.397722802115508E-006
   316.884375000000        -6.475368526571879E-006
   317.098125000000        -4.204733894024107E-006
   317.311875000000        -1.707916984250282E-006
   317.525625000000         8.730016189352355E-007
   317.739375000000         3.383435669233135E-006
   317.953125000000         5.664971198497390E-006
   318.166875000000         7.564725816431721E-006
   318.380625000000         8.944797150578661E-006
   318.594375000000         9.691176934904129E-006
   318.808125000000         9.721521066467037E-006
   319.021875000000         8.991225167338201E-006
   319.235625000000         7.497356475638812E-006
   319.449375000000         5.280129459236264E-006
   319.663125000000         2.421774673562503E-006
   319.876875000000        -9.571738264374119E-007
   320.090625000000        -4.703970876376716E-006
   320.304375000000        -8.641767142379605E-006
   320.518125000000        -1.257922682518042E-005
   320.731875000000        -1.632104931119291E-005
   320.945625000000        -1.967872809206797E-005
   321.159375000000        -2.248086788584426E-005
   321.373125000000        -2.458241659002518E-005
   321.586875000000        -2.587224938329331E-005
   321.800625000000        -2.627866144629327E-005
   322.014375000000        -2.577247400555174E-005
   322.228125000000        -2.436762424982806E-005
   322.441875000000        -2.211928051724409E-005
   322.655625000000        -1.911968727490629E-005
   322.869375000000        -1.549208796798127E-005
   323.083125000000        -1.138318776399004E-005
   323.296875000000        -6.954695077892709E-006
   323.510625000000        -2.374516135309427E-006
   323.724375000000         2.191830335432382E-006
   323.938125000000         6.589058612266701E-006
   324.151875000000         1.067878435938939E-005
   324.365625000000         1.434468795104015E-005
   324.579375000000         1.749597161629009E-005
   324.793125000000         2.006904287019454E-005
   325.006875000000         2.202748639298652E-005
   325.220625000000         2.336050246631935E-005
   325.434375000000         2.408008401314851E-005
   325.648125000000         2.421727016786132E-005
   325.861875000000         2.381784869736894E-005
   326.075625000000         2.293788186081775E-005
   326.289375000000         2.163940250228856E-005
   326.503125000000         1.998657378214026E-005
   326.716875000000         1.804253332432602E-005
   326.930625000000         1.586705828485919E-005
   327.144375000000         1.351510003497563E-005
   327.358125000000         1.103615367214220E-005
   327.571875000000         8.474355375466997E-006
   327.785625000000         5.869145177868953E-006
   327.999375000000         3.256297620493577E-006
   328.213125000000         6.691094831038142E-007
   328.426875000000        -1.860458239421207E-006
   328.640625000000        -4.300860193826348E-006
   328.854375000000        -6.620402911196608E-006
   329.068125000000        -8.787120723890195E-006
   329.281875000000        -1.076911917125966E-005
   329.495625000000        -1.253535948849663E-005
   329.709375000000        -1.405680969537516E-005
   329.923125000000        -1.530784977254603E-005
   330.136875000000        -1.626779307663654E-005
   330.350625000000        -1.692237475670427E-005
   330.564375000000        -1.726506038238980E-005
   330.778125000000        -1.729804295905791E-005
   330.991875000000        -1.703282172274506E-005
   331.205625000000        -1.649028869617180E-005
   331.419375000000        -1.570028579729183E-005
   331.633125000000        -1.470063323553241E-005
   331.846875000000        -1.353566625193722E-005
   332.060625000000        -1.225434972278492E-005
   332.274375000000        -1.090806713240915E-005
   332.488125000000        -9.548200928213945E-006
   332.701875000000        -8.223634840236306E-006
   332.915625000000        -6.978315334945161E-006
   333.129375000000        -5.849009199387824E-006
   333.343125000000        -4.863387663085667E-006
   333.556875000000        -4.038554827911421E-006
   333.770625000000        -3.380119829827878E-006
   333.984375000000        -2.881888427812464E-006
   334.198125000000        -2.526220993106401E-006
   334.411875000000        -2.285070722428726E-006
   334.625625000000        -2.121679198883420E-006
   334.839375000000        -1.992867479930256E-006
   335.053125000000        -1.851821510727448E-006
   335.266875000000        -1.651233153300766E-006
   335.480625000000        -1.346625210188212E-006
   335.694375000000        -8.996634581800457E-007
   335.908125000000        -2.812438096139459E-007
   336.121875000000         5.258591603066767E-007
   336.335625000000         1.524983095998873E-006
   336.549375000000         2.704380266897571E-006
   336.763125000000         4.036959744900743E-006
   336.976875000000         5.481040444903789E-006
   337.190625000000         6.982119004831481E-006
   337.404375000000         8.475584016610879E-006
   337.618125000000         9.890235858415332E-006
   337.831875000000         1.115240536557486E-005
   338.045625000000         1.219041079285878E-005
   338.259375000000         1.293905628440075E-005
   338.473125000000         1.334386046611181E-005
   338.686875000000         1.336471317766677E-005
   338.900625000000         1.297869208050594E-005
   339.114375000000         1.218182702937379E-005
   339.328125000000         1.098967466948499E-005
   339.541875000000         9.436652886151567E-006
   339.755625000000         7.574177327601151E-006
   339.969375000000         5.467732406841839E-006
   340.183125000000         3.193089190142233E-006
