  -1.60312500000000         3.929024546979619E-017
  -1.38937500000000         1.323260282934362E-011
  -1.17562500000000         1.050198863237944E-010
 -0.961875000000000         5.534938889056039E-010
 -0.748125000000000         2.321489887253704E-009
 -0.534375000000000         8.186961116796036E-009
 -0.320625000000000         2.492008919885840E-008
 -0.106875000000000         6.664564885075131E-008
  0.106875000000000         1.589592770321274E-007
  0.320625000000000         3.427656980977725E-007
  0.534375000000000         6.764503608830920E-007
  0.748125000000000         1.234940379400413E-006
  0.961875000000000         2.104716061987859E-006
   1.17562500000000         3.374410751086236E-006
   1.38937500000000         5.121743493177944E-006
   1.60312500000000         7.398542639718250E-006
   1.81687500000000         1.021623316077601E-005
   2.03062500000000         1.353386609532580E-005
   2.24437500000000         1.725155513712424E-005
   2.45812500000000         2.121330318796021E-005
   2.67187500000000         2.520277166182842E-005
   2.88562500000000         2.898155850522069E-005
   3.09937500000000         3.228172185092442E-005
   3.31312500000000         3.486966145072166E-005
   3.52687500000000         3.652190794825964E-005
   3.74062500000000         3.711677550298139E-005
   3.95437500000000         3.657315661196437E-005
   4.16812500000000         3.492563312273959E-005
   4.38187500000000         3.228038010453944E-005
   4.59562500000000         2.881622712421457E-005
   4.80937500000000         2.475219266830487E-005
   5.02312500000000         2.032166970242233E-005
   5.23687500000000         1.574285573619270E-005
   5.45062500000000         1.118419085193805E-005
   5.66437500000000         6.777127186220379E-006
   5.87812500000000         2.555798694427981E-006
   6.09187500000000        -1.445552412555173E-006
   6.30562500000000        -5.263483028293617E-006
   6.51937500000000        -8.882532349996390E-006
   6.73312500000000        -1.229727778959156E-005
   6.94687500000000        -1.538862612264750E-005
   7.16062500000000        -1.801204213251149E-005
   7.37437500000000        -1.990825963213705E-005
   7.58812500000000        -2.079660253231386E-005
   7.80187500000000        -2.037528731139558E-005
   8.01562500000000        -1.838214306128991E-005
   8.22937500000000        -1.464944955604471E-005
   8.44312500000000        -9.149784459661214E-006
   8.65687500000000        -2.010616326065853E-006
   8.87062500000000         6.464669659406299E-006
   9.08437500000000         1.585520600430016E-005
   9.29812500000000         2.560026187048293E-005
   9.51187500000000         3.514145970780511E-005
   9.72562500000000         4.391896813103989E-005
   9.93937500000000         5.151494352379631E-005
   10.1531250000000         5.762301057575432E-005
   10.3668750000000         6.216913094627388E-005
   10.5806250000000         6.521147904163714E-005
   10.7943750000000         6.700263892655733E-005
   11.0081250000000         6.785142761155922E-005
   11.2218750000000         6.813429555315700E-005
   11.4356250000000         6.815293058838298E-005
   11.6493750000000         6.814965741310081E-005
   11.8631250000000         6.822281340911782E-005
   12.0768750000000         6.835563881669903E-005
   12.2906250000000         6.843756446793069E-005
   12.5043750000000         6.830037908212506E-005
   12.7181250000000         6.782342230805503E-005
   12.9318750000000         6.695132564155524E-005
   13.1456250000000         6.577027685689941E-005
   13.3593750000000         6.452440366233328E-005
   13.5731250000000         6.360298275133626E-005
   13.7868750000000         6.349361370404655E-005
   14.0006250000000         6.470939252261652E-005
   14.2143750000000         6.770106545432617E-005
   14.4281250000000         7.277331104409848E-005
   14.6418750000000         8.000366154739281E-005
   14.8556250000000         8.921907138682774E-005
   15.0693750000000         1.000062879276869E-004
   15.2831250000000         1.117240640033905E-004
   15.4968750000000         1.236022705924233E-004
   15.7106250000000         1.348376697642993E-004
   15.9243750000000         1.447015032470082E-004
   16.1381250000000         1.526378292157470E-004
   16.3518750000000         1.583250733336308E-004
   16.5656250000000         1.617137181908994E-004
   16.7793750000000         1.630070120018665E-004
   16.9931250000000         1.626214884651542E-004
   17.2068750000000         1.611020826359185E-004
   17.4206250000000         1.590128937848497E-004
   17.6343750000000         1.568331390421504E-004
   17.8481250000000         1.549379579509364E-004
   18.0618750000000         1.534715038322148E-004
   18.2756250000000         1.524104368746185E-004
   18.4893750000000         1.515464264958330E-004
   18.7031250000000         1.505667735470383E-004
   18.9168750000000         1.491221316264780E-004
   19.1306250000000         1.469097132684174E-004
   19.3443750000000         1.437438168242016E-004
   19.5581250000000         1.396052199814643E-004
   19.7718750000000         1.346598846186344E-004
   19.9856250000000         1.292472008822544E-004
   20.1993750000000         1.238392453576474E-004
   20.4131250000000         1.189805821012384E-004
   20.6268750000000         1.152169030319744E-004
   20.8406250000000         1.130262850369590E-004
   21.0543750000000         1.127606453826296E-004
   21.2681250000000         1.146168208179344E-004
   21.4818750000000         1.186036938959803E-004
   21.6956250000000         1.245659162219017E-004
   21.9093750000000         1.321982515709051E-004
   22.1231250000000         1.410973726351055E-004
   22.3368750000000         1.508036732462461E-004
   22.5506250000000         1.608597509849058E-004
   22.7643750000000         1.708404214017770E-004
   22.9781250000000         1.803894358310328E-004
   23.1918750000000         1.892413977792310E-004
   23.4056250000000         1.972170157626412E-004
   23.6193750000000         2.042375512253377E-004
   23.8331250000000         2.103003758841053E-004
   24.0468750000000         2.154642792296268E-004
   24.2606250000000         2.198287235482980E-004
   24.4743750000000         2.235138143237147E-004
   24.6881250000000         2.266487402695384E-004
   24.9018750000000         2.293264960904007E-004
   25.1156250000000         2.316678135299974E-004
   25.3293750000000         2.337326425891734E-004
   25.5431250000000         2.356184301216297E-004
   25.7568750000000         2.373941906581414E-004
   25.9706250000000         2.391593983111059E-004
   26.1843750000000         2.410461169325738E-004
   26.3981250000000         2.432248798801574E-004
   26.6118750000000         2.459109401149507E-004
   26.8256250000000         2.493578831993014E-004
   27.0393750000000         2.538412999592808E-004
   27.2531250000000         2.596248197345595E-004
   27.4668750000000         2.669606067397427E-004
   27.6806250000000         2.760044781218583E-004
   27.8943750000000         2.868121308618682E-004
   28.1081250000000         2.993063802887352E-004
   28.3218750000000         3.132628213634163E-004
   28.5356250000000         3.283172824071730E-004
   28.7493750000000         3.439874523174854E-004
   28.9631250000000         3.597122337451709E-004
   29.1768750000000         3.749035306357299E-004
   29.3906250000000         3.890029538521239E-004
   29.6043750000000         4.015368391034427E-004
   29.8181250000000         4.121612253976850E-004
   30.0318750000000         4.206849013175900E-004
   30.2456250000000         4.270841471129779E-004
   30.4593750000000         4.314780523564625E-004
   30.6731250000000         4.341162479137491E-004
   30.8868750000000         4.353229363294509E-004
   31.1006250000000         4.354453063706021E-004
   31.3143750000000         4.348156249320313E-004
   31.5281250000000         4.336917036036294E-004
   31.7418750000000         4.322894397686901E-004
   31.9556250000000         4.307074114337472E-004
   32.1693750000000         4.290173321580310E-004
   32.3831250000000         4.272136466511731E-004
   32.5968750000000         4.253127941714447E-004
   32.8106250000000         4.233407348816463E-004
   33.0243750000000         4.213577704952685E-004
   33.2381250000000         4.195035210757872E-004
   33.4518750000000         4.179574146142864E-004
   33.6656250000000         4.169386087901110E-004
   33.8793750000000         4.166748073506930E-004
   34.0931250000000         4.173663767306032E-004
   34.3068750000000         4.191524801297436E-004
   34.5206250000000         4.220864895148591E-004
   34.7343750000000         4.261202546054215E-004
   34.9481250000000         4.311016521631726E-004
   35.1618750000000         4.367933329756279E-004
   35.3756250000000         4.429028489361944E-004
   35.5893750000000         4.491271305407343E-004
   35.8031250000000         4.551747407119645E-004
   36.0168750000000         4.608486763426802E-004
   36.2306250000000         4.660261121321098E-004
   36.4443750000000         4.707326973432241E-004
   36.6581250000000         4.750759391716616E-004
   36.8718750000000         4.793054451440673E-004
   37.0856250000000         4.836921837757493E-004
   37.2993750000000         4.885749347050633E-004
   37.5131250000000         4.942175414655503E-004
   37.7268750000000         5.008438703181624E-004
   37.9406250000000         5.085425788296543E-004
   38.1543750000000         5.172652331039234E-004
   38.3681250000000         5.268202538690707E-004
   38.5818750000000         5.368908219117104E-004
   38.7956250000000         5.470729891185208E-004
   39.0093750000000         5.569271395300218E-004
   39.2231250000000         5.660447383021833E-004
   39.4368750000000         5.740878499372572E-004
   39.6506250000000         5.808806210123582E-004
   39.8643750000000         5.864031963440763E-004
   40.0781250000000         5.908215842216205E-004
   40.2918750000000         5.944665995312674E-004
   40.5056250000000         5.977952880552769E-004
   40.7193750000000         6.013333261160773E-004
   40.9331250000000         6.056028757120752E-004
   41.1468750000000         6.110552945959581E-004
   41.3606250000000         6.180068936464679E-004
   41.5743750000000         6.266195238572074E-004
   41.7881250000000         6.368720111000531E-004
   42.0018750000000         6.485768943658531E-004
   42.2156250000000         6.614196656802081E-004
   42.4293750000000         6.750155809671873E-004
   42.6431250000000         6.889726121099502E-004
   42.8568750000000         7.029488086062112E-004
   43.0706250000000         7.166960443164073E-004
   43.2843750000000         7.300860259380456E-004
   43.4981250000000         7.430802547184981E-004
   43.7118750000000         7.557539075389250E-004
   43.9256250000000         7.681870432301901E-004
   44.1393750000000         7.804543101829304E-004
   44.3531250000000         7.925562366550448E-004
   44.5668750000000         8.043864205322556E-004
   44.7806250000000         8.157191631455627E-004
   44.9943750000000         8.262251419895614E-004
   45.2081250000000         8.355132425691673E-004
   45.4218750000000         8.431868593444204E-004
   45.6356250000000         8.489201067825199E-004
   45.8493750000000         8.525213835801676E-004
   46.0631250000000         8.539842123441512E-004
   46.2768750000000         8.535103494093690E-004
   46.4906250000000         8.515015511788259E-004
   46.7043750000000         8.485188797815585E-004
   46.9181250000000         8.452163265911890E-004
   47.1318750000000         8.422583972801132E-004
   47.3456250000000         8.402356647798882E-004
   47.5593750000000         8.395924997546169E-004
   47.7731250000000         8.405777227801225E-004
   47.9868750000000         8.432278372518805E-004
   48.2006250000000         8.473831842223021E-004
   48.4143750000000         8.527371288266151E-004
   48.6281250000000         8.588983415352278E-004
   48.8418750000000         8.654741970255550E-004
   49.0556250000000         8.721421040094439E-004
   49.2693750000000         8.787033960304759E-004
   49.4831250000000         8.851197822196339E-004
   49.6968750000000         8.914786054748919E-004
   49.9106250000000         8.980083820381519E-004
   50.1243750000000         9.049940278555175E-004
   50.3381250000000         9.127198937495738E-004
   50.5518750000000         9.214011013618716E-004
   50.7656250000000         9.311310230568432E-004
   50.9793750000000         9.418459137834922E-004
   51.1931250000000         9.533320962646929E-004
   51.4068750000000         9.652364708318189E-004
   51.6206250000000         9.771217223622261E-004
   51.8343750000000         9.885309240463603E-004
   52.0481250000000         9.990560045339788E-004
   52.2618750000000         1.008399567810829E-003
   52.4756250000000         1.016421445706911E-003
   52.6893750000000         1.023155024550281E-003
   52.9031250000000         1.028796175257857E-003
   53.1168750000000         1.033670900670938E-003
   53.3306250000000         1.038193703494646E-003
   53.5443750000000         1.042793244044279E-003
   53.7581250000000         1.047854788737880E-003
   53.9718750000000         1.053669157074960E-003
   54.1856250000000         1.060408762999460E-003
   54.3993750000000         1.068100150323771E-003
   54.6131250000000         1.076664049446585E-003
   54.8268750000000         1.085925898112005E-003
   55.0406250000000         1.095677082623847E-003
   55.2543750000000         1.105719286055716E-003
   55.4681250000000         1.115909214450589E-003
   55.6818750000000         1.126187665189079E-003
   55.8956250000000         1.136588640050237E-003
   56.1093750000000         1.147226391322893E-003
   56.3231250000000         1.158263070626278E-003
   56.5368750000000         1.169867279610715E-003
   56.7506250000000         1.182158700236344E-003
   56.9643750000000         1.195179595795270E-003
   57.1781250000000         1.208847006667258E-003
   57.3918750000000         1.222947234283356E-003
   57.6056250000000         1.237174441382792E-003
   57.8193750000000         1.251104105314369E-003
   58.0331250000000         1.264326822519277E-003
   58.2468750000000         1.276414527380442E-003
   58.4606250000000         1.287070262360168E-003
   58.6743750000000         1.296081381678033E-003
   58.8881250000000         1.303437931647570E-003
   59.1018750000000         1.309243929362407E-003
   59.3156250000000         1.313785188497667E-003
   59.5293750000000         1.317421673109660E-003
   59.7431250000000         1.320570221794169E-003
   59.9568750000000         1.323659227021498E-003
   60.1706250000000         1.327036887716940E-003
   60.3843750000000         1.330985009960270E-003
   60.5981250000000         1.335649585213563E-003
   60.8118750000000         1.341102292626396E-003
   61.0256250000000         1.347287706017891E-003
   61.2393750000000         1.354132627000793E-003
   61.4531250000000         1.361503268963320E-003
   61.6668750000000         1.369310079815353E-003
   61.8806250000000         1.377475050050755E-003
   62.0943750000000         1.385973891530337E-003
   62.3081250000000         1.394825578603193E-003
   62.5218750000000         1.404078500484320E-003
   62.7356250000000         1.413790227556512E-003
   62.9493750000000         1.424006066505205E-003
   63.1631250000000         1.434714478853047E-003
   63.3768750000000         1.445904627846615E-003
   63.5906250000000         1.457481731237809E-003
   63.8043750000000         1.469362855992055E-003
   64.0181250000000         1.481414266585004E-003
   64.2318750000000         1.493533491057018E-003
   64.4456250000000         1.505624128871447E-003
   64.6593750000000         1.517610304598237E-003
   64.8731250000000         1.529434547757879E-003
   65.0868750000000         1.541043716277766E-003
   65.3006250000000         1.552372865147466E-003
   65.5143750000000         1.563329903651601E-003
   65.7281250000000         1.573788348365590E-003
   65.9418750000000         1.583591319759680E-003
   66.1556250000000         1.592570491676568E-003
   66.3693750000000         1.600577824134853E-003
   66.5831250000000         1.607523131744388E-003
   66.7968750000000         1.613408760088555E-003
   67.0106250000000         1.618372437002059E-003
   67.2243750000000         1.622678051623918E-003
   67.4381250000000         1.626727312361653E-003
   67.6518750000000         1.631008920324648E-003
   67.8656250000000         1.636045881125748E-003
   68.0793750000000         1.642323044715347E-003
   68.2931250000000         1.650226859790146E-003
   68.5068750000000         1.659960395401023E-003
   68.7206250000000         1.671532195423307E-003
   68.9343750000000         1.684728583684352E-003
   69.1481250000000         1.699146769688056E-003
   69.3618750000000         1.714249877193347E-003
   69.5756250000000         1.729452853023032E-003
   69.7893750000000         1.744197611330006E-003
   70.0031250000000         1.758037130025755E-003
   70.2168750000000         1.770693491995148E-003
   70.4306250000000         1.782070745195789E-003
   70.6443750000000         1.792267679939679E-003
   70.8581250000000         1.801522007636539E-003
   71.0718750000000         1.810142353767092E-003
   71.2856250000000         1.818441394184449E-003
   71.4993750000000         1.826658933845137E-003
   71.7131250000000         1.834917038263342E-003
   71.9268750000000         1.843188520044138E-003
   72.1406250000000         1.851330818762427E-003
   72.3543750000000         1.859096419866182E-003
   72.5681250000000         1.866226032653709E-003
   72.7818750000000         1.872513392211721E-003
   72.9956250000000         1.877871788292060E-003
   73.2093750000000         1.882380751373425E-003
   73.4231250000000         1.886299849072852E-003
   73.6368750000000         1.890046748301677E-003
   73.8506250000000         1.894143308817115E-003
   74.0643750000000         1.899138661818842E-003
   74.2781250000000         1.905523505368662E-003
   74.4918750000000         1.913651279806232E-003
   74.7056250000000         1.923673483984800E-003
   74.9193750000000         1.935546850374134E-003
   75.1331250000000         1.949000572574975E-003
   75.3468750000000         1.963615941861395E-003
   75.5606250000000         1.978884559786914E-003
   75.7743750000000         1.994298718133284E-003
   75.9881250000000         2.009431520173109E-003
   76.2018750000000         2.024007862740120E-003
   76.4156250000000         2.037914894165158E-003
   76.6293750000000         2.051251484328172E-003
   76.8431250000000         2.064252271337164E-003
   77.0568750000000         2.077257923850546E-003
   77.2706250000000         2.090627211020385E-003
   77.4843750000000         2.104671284057389E-003
   77.6981250000000         2.119561124106926E-003
   77.9118750000000         2.135344999304441E-003
   78.1256250000000         2.151867141822140E-003
   78.3393750000000         2.168839023024738E-003
   78.5531250000000         2.185852797610454E-003
   78.7668750000000         2.202446466346974E-003
   78.9806250000000         2.218170936270736E-003
   79.1943750000000         2.232650864800818E-003
   79.4081250000000         2.245631730568479E-003
   79.6218750000000         2.257005555174327E-003
   79.8356250000000         2.266816004643600E-003
   80.0493750000000         2.275238960407790E-003
   80.2631250000000         2.282551009300848E-003
   80.4768750000000         2.289083012079024E-003
   80.6906250000000         2.295176381482455E-003
   80.9043750000000         2.301147429553096E-003
   81.1181250000000         2.307258649816159E-003
   81.3318750000000         2.313705802687791E-003
   81.5456250000000         2.320618061928055E-003
   81.7593750000000         2.328070210432327E-003
   81.9731250000000         2.336099940806427E-003
   82.1868750000000         2.344726880491095E-003
   82.4006250000000         2.353973700672850E-003
   82.6143750000000         2.363858633040078E-003
   82.8281250000000         2.374432598642617E-003
   83.0418750000000         2.385718172871371E-003
   83.2556250000000         2.397760440348702E-003
   83.4693750000000         2.410532985992366E-003
   83.6831250000000         2.423997069571915E-003
   83.8968750000000         2.438034885606065E-003
   84.1106250000000         2.452465110372470E-003
   84.3243750000000         2.467046974623026E-003
   84.5381250000000         2.481495709463533E-003
   84.7518750000000         2.495507081976496E-003
   84.9656250000000         2.508789184574070E-003
   85.1793750000000         2.521094782514469E-003
   85.3931250000000         2.532251791901891E-003
   85.6068750000000         2.542185744882103E-003
   85.8206250000000         2.550931446011693E-003
   86.0343750000000         2.558629749073674E-003
   86.2481250000000         2.565518403914874E-003
   86.4618750000000         2.571901075270026E-003
   86.6756250000000         2.578112557788145E-003
   86.8893750000000         2.584476038154734E-003
   87.1031250000000         2.591296540919451E-003
   87.3168750000000         2.598773707883103E-003
   87.5306250000000         2.607059148772640E-003
   87.7443750000000         2.616174455142097E-003
   87.9581250000000         2.626107657732811E-003
   88.1718750000000         2.636749591272080E-003
   88.3856250000000         2.648005464401147E-003
   88.5993750000000         2.659766391639967E-003
   88.8131250000000         2.671974679283649E-003
   89.0268750000000         2.684633760230084E-003
   89.2406250000000         2.697818109645295E-003
   89.4543750000000         2.711664267794805E-003
   89.6681250000000         2.726349705988907E-003
   89.8818750000000         2.742060600973803E-003
   90.0956250000000         2.758953614718357E-003
   90.3093750000000         2.777124898960753E-003
   90.5231250000000         2.796571127448395E-003
   90.7368750000000         2.817181380582707E-003
   90.9506250000000         2.838728649164724E-003
   91.1643750000000         2.860895596794957E-003
   91.3781250000000         2.883294956682003E-003
   91.5918750000000         2.905512771545074E-003
   91.8056250000000         2.927152072411044E-003
   92.0193750000000         2.947875134205618E-003
   92.2331250000000         2.967436772027631E-003
   92.4468750000000         2.985706739854700E-003
   92.6606250000000         3.002674737772558E-003
   92.8743750000000         3.018441576702521E-003
   93.0881250000000         3.033195534428912E-003
   93.3018750000000         3.047183254334175E-003
   93.5156250000000         3.060667346713197E-003
   93.7293750000000         3.073901115641034E-003
   93.9431250000000         3.087087144106370E-003
   94.1568750000000         3.100375705891330E-003
   94.3706250000000         3.113847492336605E-003
   94.5843750000000         3.127517253510145E-003
   94.7981250000000         3.141359357853748E-003
   95.0118750000000         3.155324722655698E-003
   95.2256250000000         3.169367328569178E-003
   95.4393750000000         3.183474205253998E-003
   95.6531250000000         3.197667649410154E-003
   95.8668750000000         3.212035433696412E-003
   96.0806250000000         3.226713184286275E-003
   96.2943750000000         3.241869515714843E-003
   96.5081250000000         3.257706680471777E-003
   96.7218750000000         3.274370895252454E-003
   96.9356250000000         3.291993555298637E-003
   97.1493750000000         3.310604408178193E-003
   97.3631250000000         3.330135193856225E-003
   97.5768750000000         3.350403832089147E-003
   97.7906250000000         3.371126227516829E-003
   98.0043750000000         3.391941192742196E-003
   98.2181250000000         3.412448444136043E-003
   98.4318750000000         3.432257999212929E-003
   98.6456250000000         3.451040732342101E-003
   98.8593750000000         3.468573756956767E-003
   99.0731250000000         3.484771449956231E-003
   99.2868750000000         3.499696345440190E-003
   99.5006250000000         3.513545379363427E-003
   99.7143750000000         3.526612786006383E-003
   99.9281250000000         3.539233086150349E-003
   100.141875000000         3.551711964501877E-003
   100.355625000000         3.564259238450862E-003
   100.569375000000         3.576928494571460E-003
   100.783125000000         3.589585836931402E-003
   100.996875000000         3.601923435836046E-003
   101.210625000000         3.613439470158821E-003
   101.424375000000         3.623576585592625E-003
   101.638125000000         3.631722137338716E-003
   101.851875000000         3.637389234172807E-003
   102.065625000000         3.640238372916929E-003
   102.279375000000         3.640189597733946E-003
   102.493125000000         3.637448545977787E-003
   102.706875000000         3.632502476927309E-003
   102.920625000000         3.626073521962488E-003
   103.134375000000         3.619035716007810E-003
   103.348125000000         3.612301162940974E-003
   103.561875000000         3.606698667082851E-003
   103.775625000000         3.602889776395842E-003
   103.989375000000         3.601255910184270E-003
   104.203125000000         3.601877921683074E-003
   104.416875000000         3.604525834432623E-003
   104.630625000000         3.608718067849237E-003
   104.844375000000         3.613793782696805E-003
   105.058125000000         3.619035254349012E-003
   105.271875000000         3.623762316815599E-003
   105.485625000000         3.627411776232905E-003
   105.699375000000         3.629638623961171E-003
   105.913125000000         3.630297632996894E-003
   106.126875000000         3.629475527585892E-003
   106.340625000000         3.627423536340409E-003
   106.554375000000         3.624495950103377E-003
   106.768125000000         3.621077352673107E-003
   106.981875000000         3.617505617749373E-003
   107.195625000000         3.614033492003073E-003
   107.409375000000         3.610770845074238E-003
   107.623125000000         3.607768700825347E-003
   107.836875000000         3.604944524296310E-003
   108.050625000000         3.602245546546949E-003
   108.264375000000         3.599585964731206E-003
   108.478125000000         3.597003470103347E-003
   108.691875000000         3.594582456455294E-003
   108.905625000000         3.592544571935129E-003
   109.119375000000         3.591163473559148E-003
   109.333125000000         3.590749221968029E-003
   109.546875000000         3.591593695356918E-003
   109.760625000000         3.593905962871603E-003
   109.974375000000         3.597773072143534E-003
   110.188125000000         3.603136045033336E-003
   110.401875000000         3.609791046131643E-003
   110.615625000000         3.617418015470439E-003
   110.829375000000         3.625628849359429E-003
   111.043125000000         3.634024936034994E-003
   111.256875000000         3.642256876575304E-003
   111.470625000000         3.650074594821097E-003
   111.684375000000         3.657356890548595E-003
   111.898125000000         3.664118132707516E-003
   112.111875000000         3.670489393947533E-003
   112.325625000000         3.676680427718292E-003
   112.539375000000         3.682929184264971E-003
   112.753125000000         3.689449248922333E-003
   112.966875000000         3.696386728481358E-003
   113.180625000000         3.703790073920968E-003
   113.394375000000         3.711603669849131E-003
   113.608125000000         3.719680134110759E-003
   113.821875000000         3.727811089767615E-003
   114.035625000000         3.735767390235543E-003
   114.249375000000         3.743341522059772E-003
   114.463125000000         3.750383121524918E-003
   114.676875000000         3.756819835982531E-003
   114.890625000000         3.762661481312029E-003
   115.104375000000         3.767987697194930E-003
   115.318125000000         3.772921366160462E-003
   115.531875000000         3.777595040404568E-003
   115.745625000000         3.782117626723961E-003
   115.959375000000         3.786549554512184E-003
   116.173125000000         3.790891397603790E-003
   116.386875000000         3.795088160545709E-003
   116.600625000000         3.799048973893674E-003
   116.814375000000         3.802670642400570E-003
   117.028125000000         3.805899751832678E-003
   117.241875000000         3.808707575135330E-003
   117.455625000000         3.811173733612603E-003
   117.669375000000         3.813424801219219E-003
   117.883125000000         3.815680923122075E-003
   118.096875000000         3.818171632034497E-003
   118.310625000000         3.821129029520231E-003
   118.524375000000         3.824727677514566E-003
   118.738125000000         3.829059513433279E-003
   118.951875000000         3.834103346882224E-003
   119.165625000000         3.839723833459128E-003
   119.379375000000         3.845690472186978E-003
   119.593125000000         3.851715263339525E-003
   119.806875000000         3.857504299151912E-003
   120.020625000000         3.862813716570857E-003
   120.234375000000         3.867504883302044E-003
   120.448125000000         3.871552502057618E-003
   120.661875000000         3.875109324586034E-003
   120.875625000000         3.878444645969473E-003
   121.089375000000         3.881932115568750E-003
   121.303125000000         3.885993616925098E-003
   121.516875000000         3.891035430607757E-003
   121.730625000000         3.897390274951314E-003
   121.944375000000         3.905267607730494E-003
   122.158125000000         3.914726873385314E-003
   122.371875000000         3.925674077569455E-003
   122.585625000000         3.937882849437192E-003
   122.799375000000         3.951034020199963E-003
   123.013125000000         3.964767364419845E-003
   123.226875000000         3.978734132424736E-003
   123.440625000000         3.992639288164236E-003
   123.654375000000         4.006270511239857E-003
   123.868125000000         4.019502280318239E-003
   124.081875000000         4.032283388913154E-003
   124.295625000000         4.044607427455761E-003
   124.509375000000         4.056475343171686E-003
   124.723125000000         4.067860028982576E-003
   124.936875000000         4.078687765063864E-003
   125.150625000000         4.088796899492757E-003
   125.364375000000         4.098017491325987E-003
   125.578125000000         4.106117987471065E-003
   125.791875000000         4.112923857861848E-003
   126.005625000000         4.118297659698813E-003
   126.219375000000         4.122224479312020E-003
   126.433125000000         4.124812272231667E-003
   126.646875000000         4.126295759525338E-003
   126.860625000000         4.127018990437916E-003
   127.074375000000         4.127395622721102E-003
   127.288125000000         4.127856810606234E-003
   127.501875000000         4.128799784544082E-003
   127.715625000000         4.130539163823533E-003
   127.929375000000         4.133296006073759E-003
   128.143125000000         4.137155422704672E-003
   128.356875000000         4.142118035096331E-003
   128.570625000000         4.148117211017689E-003
   128.784375000000         4.155062571225812E-003
   128.998125000000         4.162882127126978E-003
   129.211875000000         4.171549540501363E-003
   129.425625000000         4.181092228308426E-003
   129.639375000000         4.191576097748130E-003
   129.853125000000         4.203069125270854E-003
   130.066875000000         4.215591150866730E-003
   130.280625000000         4.229057483592783E-003
   130.494375000000         4.243265361709029E-003
   130.708125000000         4.257820633478106E-003
   130.921875000000         4.272203436183083E-003
   131.135625000000         4.285788268787584E-003
   131.349375000000         4.297923805704312E-003
   131.563125000000         4.308009738896936E-003
   131.776875000000         4.315614284826606E-003
   131.990625000000         4.320536738944147E-003
   132.204375000000         4.322866496284005E-003
   132.418125000000         4.322986485682321E-003
   132.631875000000         4.321543815031545E-003
   132.845625000000         4.319348494900952E-003
   133.059375000000         4.317339142934725E-003
   133.273125000000         4.316368057584149E-003
   133.486875000000         4.317192088070929E-003
   133.700625000000         4.320288931718233E-003
   133.914375000000         4.325885631978258E-003
   134.128125000000         4.333899919224011E-003
   134.341875000000         4.343998203316080E-003
   134.555625000000         4.355665864058785E-003
   134.769375000000         4.368302180559383E-003
   134.983125000000         4.381318650081339E-003
   135.196875000000         4.394225928966964E-003
   135.410625000000         4.406695853656510E-003
   135.624375000000         4.418572014290585E-003
   135.838125000000         4.429882749534587E-003
   136.051875000000         4.440775411678512E-003
   136.265625000000         4.451467536242986E-003
   136.479375000000         4.462172813192056E-003
   136.693125000000         4.473042538486118E-003
   136.906875000000         4.484125237587805E-003
   137.120625000000         4.495353520624462E-003
   137.334375000000         4.506564215174131E-003
   137.548125000000         4.517509515987180E-003
   137.761875000000         4.527962417667120E-003
   137.975625000000         4.537704979835505E-003
   138.189375000000         4.546628833618560E-003
   138.403125000000         4.554727821749926E-003
   138.616875000000         4.562107763586736E-003
   138.830625000000         4.568985849548039E-003
   139.044375000000         4.575591912368793E-003
   139.258125000000         4.582187036327565E-003
   139.471875000000         4.588960294494701E-003
   139.685625000000         4.596004386739657E-003
   139.899375000000         4.603288451112702E-003
   140.113125000000         4.610664205966825E-003
   140.326875000000         4.617886228876469E-003
   140.540625000000         4.624677945646755E-003
   140.754375000000         4.630731140354984E-003
   140.968125000000         4.635843993944610E-003
   141.181875000000         4.639889454758747E-003
   141.395625000000         4.642906850042618E-003
   141.609375000000         4.645085082817388E-003
   141.823125000000         4.646752413500159E-003
   142.036875000000         4.648339456709082E-003
   142.250625000000         4.650324325022761E-003
   142.464375000000         4.653171017061607E-003
   142.678125000000         4.657269106702106E-003
   142.891875000000         4.662884014143446E-003
   143.105625000000         4.670124611727691E-003
   143.319375000000         4.678932240995643E-003
   143.533125000000         4.689092324914135E-003
   143.746875000000         4.700267996635981E-003
   143.960625000000         4.712043277789910E-003
   144.174375000000         4.723981906489216E-003
   144.388125000000         4.735682528271865E-003
   144.601875000000         4.746824421942611E-003
   144.815625000000         4.757202725196947E-003
   145.029375000000         4.766745213021737E-003
   145.243125000000         4.775510428088707E-003
   145.456875000000         4.783668000785370E-003
   145.670625000000         4.791465519140803E-003
   145.884375000000         4.799187268989151E-003
   146.098125000000         4.807110505727027E-003
   146.311875000000         4.815467252145861E-003
   146.525625000000         4.824408545366343E-003
   146.739375000000         4.834006483632136E-003
   146.953125000000         4.844253156563047E-003
   147.166875000000         4.855031411147478E-003
   147.380625000000         4.866214649782069E-003
   147.594375000000         4.877617425548202E-003
   147.808125000000         4.889087704653510E-003
   148.021875000000         4.900499394643398E-003
   148.235625000000         4.911789497368519E-003
   148.449375000000         4.922962967816706E-003
   148.663125000000         4.934064396577270E-003
   148.876875000000         4.945179030614727E-003
   149.090625000000         4.956411840397692E-003
   149.304375000000         4.967854732009305E-003
   149.518125000000         4.979563677598474E-003
   149.731875000000         4.991542220094771E-003
   149.945625000000         5.003729854833615E-003
   150.159375000000         5.016021883888010E-003
   150.373125000000         5.028249854806105E-003
   150.586875000000         5.040235876171736E-003
   150.800625000000         5.051789439253867E-003
   151.014375000000         5.062736676975567E-003
   151.228125000000         5.072937903118805E-003
   151.441875000000         5.082295860697202E-003
   151.655625000000         5.090766390043659E-003
   151.869375000000         5.098354874112428E-003
   152.083125000000         5.105105048212632E-003
   152.296875000000         5.111094957228246E-003
   152.510625000000         5.116430663883251E-003
   152.724375000000         5.121242338470946E-003
   152.938125000000         5.125684234037270E-003
   153.151875000000         5.129921486495429E-003
   153.365625000000         5.134152656616973E-003
   153.579375000000         5.138584521225692E-003
   153.793125000000         5.143439842056517E-003
   154.006875000000         5.148933776871085E-003
   154.220625000000         5.155234418668882E-003
   154.434375000000         5.162469290971501E-003
   154.648125000000         5.170687329708667E-003
   154.861875000000         5.179841074756630E-003
   155.075625000000         5.189775683493950E-003
   155.289375000000         5.200250139549389E-003
   155.503125000000         5.210927165399214E-003
   155.716875000000         5.221431603552297E-003
   155.930625000000         5.231375613632242E-003
   156.144375000000         5.240414206087203E-003
   156.358125000000         5.248281453753318E-003
   156.571875000000         5.254857959489069E-003
   156.785625000000         5.260118985861518E-003
   156.999375000000         5.264224058889540E-003
   157.213125000000         5.267416561046115E-003
   157.426875000000         5.270044776275082E-003
   157.640625000000         5.272498664975058E-003
   157.854375000000         5.275162949323177E-003
   158.068125000000         5.278374418660710E-003
   158.281875000000         5.282385845108736E-003
   158.495625000000         5.287348694190439E-003
   158.709375000000         5.293308944790828E-003
   158.923125000000         5.300215197914790E-003
   159.136875000000         5.307960338995235E-003
   159.350625000000         5.316380529851573E-003
   159.564375000000         5.325313669253672E-003
   159.778125000000         5.334619225613101E-003
   159.991875000000         5.344193020412296E-003
   160.205625000000         5.353974704893002E-003
   160.419375000000         5.363957914268743E-003
   160.633125000000         5.374168450737738E-003
   160.846875000000         5.384649124433303E-003
   161.060625000000         5.395445526813746E-003
   161.274375000000         5.406589316333740E-003
   161.488125000000         5.418090207021203E-003
   161.701875000000         5.429929691281045E-003
   161.915625000000         5.442060753140856E-003
   162.129375000000         5.454415014684103E-003
   162.343125000000         5.466908436923445E-003
   162.556875000000         5.479452500128748E-003
   162.770625000000         5.491960464237924E-003
   162.984375000000         5.504353829366201E-003
   163.198125000000         5.516566196916981E-003
   163.411875000000         5.528543092990463E-003
   163.625625000000         5.540240668560088E-003
   163.839375000000         5.551622883484906E-003
   164.053125000000         5.562657529966094E-003
   164.266875000000         5.573314683831730E-003
   164.480625000000         5.583561086891448E-003
   164.694375000000         5.593360736208625E-003
   164.908125000000         5.602671951325326E-003
   165.121875000000         5.611452248981232E-003
   165.335625000000         5.619633031612321E-003
   165.549375000000         5.627166391603084E-003
   165.763125000000         5.633992054603838E-003
   165.976875000000         5.640056911990755E-003
   166.190625000000         5.645324657355268E-003
   166.404375000000         5.649787795863893E-003
   166.618125000000         5.653481876614519E-003
   166.831875000000         5.656498914071629E-003
   167.045625000000         5.658997513910261E-003
   167.259375000000         5.661209871861288E-003
   167.473125000000         5.663438045749063E-003
   167.686875000000         5.666038944510951E-003
   167.900625000000         5.669413113143949E-003
   168.114375000000         5.673969190331577E-003
   168.328125000000         5.680091119096734E-003
   168.541875000000         5.688103020350518E-003
   168.755625000000         5.698236278627864E-003
   168.969375000000         5.710601768930072E-003
   169.183125000000         5.725172909203627E-003
   169.396875000000         5.741781115273354E-003
   169.610625000000         5.760126110765504E-003
   169.824375000000         5.779797602554706E-003
   170.038125000000         5.800308738899468E-003
   170.251875000000         5.821136153332519E-003
   170.465625000000         5.841761239551367E-003
   170.679375000000         5.861712820230970E-003
   170.893125000000         5.880598990869888E-003
   171.106875000000         5.898132569540784E-003
   171.320625000000         5.914146921505068E-003
   171.534375000000         5.928586496343306E-003
   171.748125000000         5.941505941290301E-003
   171.961875000000         5.953044375837171E-003
   172.175625000000         5.963401933796026E-003
   172.389375000000         5.972812247957394E-003
   172.603125000000         5.981515281177103E-003
   172.816875000000         5.989739888957187E-003
   173.030625000000         5.997691574420363E-003
   173.244375000000         6.005542984646307E-003
   173.458125000000         6.013468856704022E-003
   173.671875000000         6.021607007449963E-003
   173.885625000000         6.030115000228499E-003
   174.099375000000         6.039161589814789E-003
   174.313125000000         6.048928363228120E-003
   174.526875000000         6.059631473370471E-003
   174.740625000000         6.071494729561398E-003
   174.954375000000         6.084735003090460E-003
   175.168125000000         6.099529920033819E-003
   175.381875000000         6.115979423955342E-003
   175.595625000000         6.134059363777147E-003
   175.809375000000         6.153647725535944E-003
   176.023125000000         6.174443117562592E-003
   176.236875000000         6.196019238452870E-003
   176.450625000000         6.217823836594958E-003
   176.664375000000         6.239224785716357E-003
   176.878125000000         6.259564672386144E-003
   177.091875000000         6.278227729760154E-003
   177.305625000000         6.294705529431244E-003
   177.519375000000         6.308652829069603E-003
   177.733125000000         6.319933161118837E-003
   177.946875000000         6.328642858946485E-003
   178.160625000000         6.335086860468011E-003
   178.374375000000         6.339789155753689E-003
   178.588125000000         6.343424096809069E-003
   178.801875000000         6.346766724526564E-003
   179.015625000000         6.350622576890108E-003
   179.229375000000         6.355782865391615E-003
   179.443125000000         6.362943900398198E-003
   179.656875000000         6.372687552907963E-003
   179.870625000000         6.385440527501363E-003
   180.084375000000         6.401470200315391E-003
   180.298125000000         6.420889851521746E-003
   180.511875000000         6.443669882164887E-003
   180.725625000000         6.469655169365947E-003
   180.939375000000         6.498587194048640E-003
   181.153125000000         6.530125917603001E-003
   181.366875000000         6.563876523970182E-003
   181.580625000000         6.599408809360163E-003
   181.794375000000         6.636279273735910E-003
   182.008125000000         6.674053621515513E-003
   182.221875000000         6.712329137331902E-003
   182.435625000000         6.750756208867341E-003
   182.649375000000         6.789058888868322E-003
   182.863125000000         6.827046144757191E-003
   183.076875000000         6.864618810079734E-003
   183.290625000000         6.901767727975744E-003
   183.504375000000         6.938558425744617E-003
   183.718125000000         6.975105891596044E-003
   183.931875000000         7.011549871564775E-003
   184.145625000000         7.048022666873239E-003
   184.359375000000         7.084621470668737E-003
   184.573125000000         7.121389071158182E-003
   184.786875000000         7.158304703656226E-003
   185.000625000000         7.195286305020266E-003
   185.214375000000         7.232204520216228E-003
   185.428125000000         7.268902734839968E-003
   185.641875000000         7.305219644535243E-003
   185.855625000000         7.341010842962236E-003
   186.069375000000         7.376161769611034E-003
   186.283125000000         7.410589759495529E-003
   186.496875000000         7.444236922261471E-003
   186.710625000000         7.477057405569032E-003
   186.924375000000         7.508999580061669E-003
   187.138125000000         7.539986078459446E-003
   187.351875000000         7.569905329766917E-003
   187.565625000000         7.598609497797768E-003
   187.779375000000         7.625925235835953E-003
   187.993125000000         7.651672870207212E-003
   188.206875000000         7.675694306098820E-003
   188.420625000000         7.697871907007023E-003
   188.634375000000         7.718149489842829E-003
   188.848125000000         7.736539665780584E-003
   189.061875000000         7.753116317690498E-003
   189.275625000000         7.767993015765588E-003
   189.489375000000         7.781291873968547E-003
   189.703125000000         7.793107874515030E-003
   189.916875000000         7.803472698533698E-003
   190.130625000000         7.812332490526442E-003
   190.344375000000         7.819538190011077E-003
   190.558125000000         7.824853673518050E-003
   190.771875000000         7.827981810261798E-003
   190.985625000000         7.828601399305109E-003
   191.199375000000         7.826411722561833E-003
   191.413125000000         7.821168353203845E-003
   191.626875000000         7.812722365855108E-003
   191.840625000000         7.801038915485848E-003
   192.054375000000         7.786168964433216E-003
   192.268125000000         7.768297713249723E-003
   192.481875000000         7.747632385314143E-003
   192.695625000000         7.724456753845749E-003
   192.909375000000         7.699034922623724E-003
   193.123125000000         7.671638645776858E-003
   193.336875000000         7.642502379437365E-003
   193.550625000000         7.611859849023892E-003
   193.764375000000         7.579913044557554E-003
   193.978125000000         7.546895084398986E-003
   194.191875000000         7.513037248432288E-003
   194.405625000000         7.478592664944270E-003
   194.619375000000         7.443822548807633E-003
   194.833125000000         7.408974299153580E-003
   195.046875000000         7.374250252699986E-003
   195.260625000000         7.339804012406712E-003
   195.474375000000         7.305659152754444E-003
   195.688125000000         7.271749643094420E-003
   195.901875000000         7.237876912060914E-003
   196.115625000000         7.203784340689059E-003
   196.329375000000         7.169140248289787E-003
   196.543125000000         7.133637670588182E-003
   196.756875000000         7.097026662234937E-003
   196.970625000000         7.059160010292585E-003
   197.184375000000         7.020033819544372E-003
   197.398125000000         6.979789683454596E-003
   197.611875000000         6.938694584299690E-003
   197.825625000000         6.897108539570044E-003
   198.039375000000         6.855409680814438E-003
   198.253125000000         6.813987151409003E-003
   198.466875000000         6.773125212591180E-003
   198.680625000000         6.733031689611778E-003
   198.894375000000         6.693789318805401E-003
   199.108125000000         6.655380133488239E-003
   199.321875000000         6.617722205941552E-003
   199.535625000000         6.580718067023420E-003
   199.749375000000         6.544304273866526E-003
   199.963125000000         6.508499685982324E-003
   200.176875000000         6.473429605068303E-003
   200.390625000000         6.439321698483775E-003
   200.604375000000         6.406487588690537E-003
   200.818125000000         6.375278497144325E-003
   201.031875000000         6.346027496481377E-003
   201.245625000000         6.318992923997102E-003
   201.459375000000         6.294307432044945E-003
   201.673125000000         6.271948261399173E-003
   201.886875000000         6.251733029149221E-003
   202.100625000000         6.233338340918449E-003
   202.314375000000         6.216340300341458E-003
   202.528125000000         6.200270970211125E-003
   202.741875000000         6.184677255924108E-003
   202.955625000000         6.169174904804278E-003
   203.169375000000         6.153489323918353E-003
   203.383125000000         6.137470680233385E-003
   203.596875000000         6.121071743239382E-003
   203.810625000000         6.104366407826995E-003
   204.024375000000         6.087478669069709E-003
   204.238125000000         6.070556112738887E-003
   204.451875000000         6.053730666832868E-003
   204.665625000000         6.037089735088571E-003
   204.879375000000         6.020666238134585E-003
   205.093125000000         6.004431514404827E-003
   205.306875000000         5.988331785000461E-003
   205.520625000000         5.972280554414087E-003
   205.734375000000         5.956204880011912E-003
   205.948125000000         5.940059024824348E-003
   206.161875000000         5.923834376143255E-003
   206.375625000000         5.907562937279365E-003
   206.589375000000         5.891307837822192E-003
   206.803125000000         5.875146584879795E-003
   207.016875000000         5.859149551583058E-003
   207.230625000000         5.843360378115234E-003
   207.444375000000         5.827782448695265E-003
   207.658125000000         5.812374772222418E-003
   207.871875000000         5.797055521664693E-003
   208.085625000000         5.781714505120988E-003
   208.299375000000         5.766234850809053E-003
   208.513125000000         5.750511259032086E-003
   208.726875000000         5.734470239732926E-003
   208.940625000000         5.718082693246055E-003
   209.154375000000         5.701369008782390E-003
   209.368125000000         5.684397252930596E-003
   209.581875000000         5.667271926400745E-003
   209.795625000000         5.650129559994554E-003
   210.009375000000         5.633097504635001E-003
   210.223125000000         5.616318493600732E-003
   210.436875000000         5.599900230567985E-003
   210.650625000000         5.583944801026003E-003
   210.864375000000         5.568532854906777E-003
   211.078125000000         5.553730238588891E-003
   211.291875000000         5.539600936944795E-003
   211.505625000000         5.526205645449607E-003
   211.719375000000         5.513603442758284E-003
   211.933125000000         5.501850669963329E-003
   212.146875000000         5.490991690591214E-003
   212.360625000000         5.481046221008964E-003
   212.574375000000         5.471996313059829E-003
   212.788125000000         5.463774353719240E-003
   213.001875000000         5.456255799250264E-003
   213.215625000000         5.449259292061616E-003
   213.429375000000         5.442555005076521E-003
   213.643125000000         5.435881873870182E-003
   213.856875000000         5.428973716321327E-003
   214.070625000000         5.421584363966927E-003
   214.284375000000         5.413518051193349E-003
   214.498125000000         5.404652740999089E-003
   214.711875000000         5.394955908073065E-003
   214.925625000000         5.384489120147739E-003
   215.139375000000         5.373400601321137E-003
   215.353125000000         5.361906380681209E-003
   215.566875000000         5.350262506405856E-003
   215.780625000000         5.338732856422554E-003
   215.994375000000         5.327556738848506E-003
   216.208125000000         5.316923386209108E-003
   216.421875000000         5.306953400310287E-003
   216.635625000000         5.297697256445440E-003
   216.849375000000         5.289119976573664E-003
   217.063125000000         5.281154548835338E-003
   217.276875000000         5.273696347840990E-003
   217.490625000000         5.266639097496229E-003
   217.704375000000         5.259894312923488E-003
   217.918125000000         5.253409003066552E-003
   218.131875000000         5.247158616374171E-003
   218.345625000000         5.241143254272172E-003
   218.559375000000         5.235379364110450E-003
   218.773125000000         5.229858252129822E-003
   218.986875000000         5.224531913078255E-003
   219.200625000000         5.219292169328558E-003
   219.414375000000         5.213967555244252E-003
   219.628125000000         5.208324226238626E-003
   219.841875000000         5.202084425625071E-003
   220.055625000000         5.194971492535657E-003
   220.269375000000         5.186749194015234E-003
   220.483125000000         5.177223572588208E-003
   220.696875000000         5.166340627237198E-003
   220.910625000000         5.154125517229941E-003
   221.124375000000         5.140766003867762E-003
   221.338125000000         5.126518655511294E-003
   221.551875000000         5.111729012386376E-003
   221.765625000000         5.096764635504738E-003
   221.979375000000         5.081975128048003E-003
   222.193125000000         5.067650313554704E-003
   222.406875000000         5.053991971435302E-003
   222.620625000000         5.041108398878259E-003
   222.834375000000         5.028992730158916E-003
   223.048125000000         5.017590727053971E-003
   223.261875000000         5.006799800221187E-003
   223.475625000000         4.996520062770305E-003
   223.689375000000         4.986678715820664E-003
   223.903125000000         4.977250911763340E-003
   224.116875000000         4.968257485585242E-003
   224.330625000000         4.959767870305186E-003
   224.544375000000         4.951845515675772E-003
   224.758125000000         4.944528393536944E-003
   224.971875000000         4.937787788261844E-003
   225.185625000000         4.931497893132588E-003
   225.399375000000         4.925449273571469E-003
   225.613125000000         4.919329607705154E-003
   225.826875000000         4.912765898822831E-003
   226.040625000000         4.905366223775088E-003
   226.254375000000         4.896771214710867E-003
   226.468125000000         4.886706774523837E-003
   226.681875000000         4.875029332627178E-003
   226.895625000000         4.861730939666744E-003
   227.109375000000         4.846971536408656E-003
   227.323125000000         4.831041830883830E-003
   227.536875000000         4.814332148441649E-003
   227.750625000000         4.797281798104554E-003
   227.964375000000         4.780331269021962E-003
   228.178125000000         4.763870832698032E-003
   228.391875000000         4.748212156572882E-003
   228.605625000000         4.733558213157392E-003
   228.819375000000         4.720031282066089E-003
   229.033125000000         4.707661949440328E-003
   229.246875000000         4.696420997093122E-003
   229.460625000000         4.686244740845231E-003
   229.674375000000         4.677061586289387E-003
   229.888125000000         4.668801061767982E-003
   230.101875000000         4.661401731521351E-003
   230.315625000000         4.654805708277918E-003
   230.529375000000         4.648932787562840E-003
   230.743125000000         4.643693284832959E-003
   230.956875000000         4.638948995686672E-003
   231.170625000000         4.634522739160613E-003
   231.384375000000         4.630206136459495E-003
   231.598125000000         4.625750960058512E-003
   231.811875000000         4.620943826953452E-003
   232.025625000000         4.615566880172357E-003
   232.239375000000         4.609493139446206E-003
   232.453125000000         4.602633804275954E-003
   232.666875000000         4.595027018382189E-003
   232.880625000000         4.586743934093668E-003
   233.094375000000         4.577965404392188E-003
   233.308125000000         4.568880744058918E-003
   233.521875000000         4.559706373958540E-003
   233.735625000000         4.550637345225678E-003
   233.949375000000         4.541834346180993E-003
   234.163125000000         4.533391705373866E-003
   234.376875000000         4.525353595901709E-003
   234.590625000000         4.517691614470697E-003
   234.804375000000         4.510341610779466E-003
   235.018125000000         4.503201092722067E-003
   235.231875000000         4.496173212012512E-003
   235.445625000000         4.489132579960794E-003
   235.659375000000         4.481989671604456E-003
   235.873125000000         4.474652964471861E-003
   236.086875000000         4.467066370573322E-003
   236.300625000000         4.459181030539447E-003
   236.514375000000         4.450975159963119E-003
   236.728125000000         4.442432575377816E-003
   236.941875000000         4.433562876246544E-003
   237.155625000000         4.424388237569739E-003
   237.369375000000         4.414947296989020E-003
   237.583125000000         4.405294225648369E-003
   237.796875000000         4.395492975796789E-003
   238.010625000000         4.385606324686699E-003
   238.224375000000         4.375691540672041E-003
   238.438125000000         4.365778234907204E-003
   238.651875000000         4.355866230758515E-003
   238.865625000000         4.345910859082652E-003
   239.079375000000         4.335821044723410E-003
   239.293125000000         4.325462331649900E-003
   239.506875000000         4.314669066297543E-003
   239.720625000000         4.303261877211613E-003
   239.934375000000         4.291070131724725E-003
   240.148125000000         4.277954801859739E-003
   240.361875000000         4.263828587812417E-003
   240.575625000000         4.248670189906566E-003
   240.789375000000         4.232530377003781E-003
   241.003125000000         4.215529918804658E-003
   241.216875000000         4.197849708884187E-003
   241.430625000000         4.179718875124189E-003
   241.644375000000         4.161390299991130E-003
   241.858125000000         4.143137912888025E-003
   242.071875000000         4.125241164277950E-003
   242.285625000000         4.107980426283148E-003
   242.499375000000         4.091643005325200E-003
   242.713125000000         4.076505089537720E-003
   242.926875000000         4.062880395025534E-003
   243.140625000000         4.051062971216632E-003
   243.354375000000         4.041365217374593E-003
   243.568125000000         4.034069437931367E-003
   243.781875000000         4.029422035705679E-003
   243.995625000000         4.027579311388342E-003
   244.209375000000         4.028598650385727E-003
   244.423125000000         4.032372660125866E-003
   244.636875000000         4.038631722046672E-003
   244.850625000000         4.046916014183092E-003
   245.064375000000         4.056594399613156E-003
   245.278125000000         4.066888257944109E-003
   245.491875000000         4.076957198143351E-003
   245.705625000000         4.085903236162370E-003
   245.919375000000         4.092882513465174E-003
   246.133125000000         4.097167872478150E-003
   246.346875000000         4.098191814375865E-003
   246.560625000000         4.095623301362459E-003
   246.774375000000         4.089371112554057E-003
   246.988125000000         4.079592944010952E-003
   247.201875000000         4.066668703023182E-003
   247.415625000000         4.051160593344899E-003
   247.629375000000         4.033762611032642E-003
   247.843125000000         4.015212229822897E-003
   248.056875000000         3.996297709376151E-003
   248.270625000000         3.977738571585856E-003
   248.484375000000         3.960185137515159E-003
   248.698125000000         3.944190830746916E-003
   248.911875000000         3.930189793616111E-003
   249.125625000000         3.918509708253028E-003
   249.339375000000         3.909372068881407E-003
   249.553125000000         3.902901430059666E-003
   249.766875000000         3.899129053093418E-003
   249.980625000000         3.897991809114086E-003
   250.194375000000         3.899325438148656E-003
   250.408125000000         3.902851899472130E-003
   250.621875000000         3.908168367409832E-003
   250.835625000000         3.914739387329424E-003
   251.049375000000         3.921898420851383E-003
   251.263125000000         3.928864432073429E-003
   251.476875000000         3.934773373435815E-003
   251.690625000000         3.938744143865537E-003
   251.904375000000         3.939922222125691E-003
   252.118125000000         3.937549013895537E-003
   252.331875000000         3.931049575025476E-003
   252.545625000000         3.920053624334154E-003
   252.759375000000         3.904475825631571E-003
   252.973125000000         3.884504651592674E-003
   253.186875000000         3.860602019250397E-003
   253.400625000000         3.833457529363851E-003
   253.614375000000         3.803939711890924E-003
   253.828125000000         3.772993682924258E-003
   254.041875000000         3.741602442301299E-003
   254.255625000000         3.710691779069327E-003
   254.469375000000         3.681072423512645E-003
   254.683125000000         3.653430045180007E-003
   254.896875000000         3.628241031638716E-003
   255.110625000000         3.605855179844762E-003
   255.324375000000         3.586456670003314E-003
   255.538125000000         3.570109538810530E-003
   255.751875000000         3.556787791037837E-003
   255.965625000000         3.546395075118437E-003
   256.179375000000         3.538785086863143E-003
   256.393125000000         3.533770049919925E-003
   256.606875000000         3.531121488899580E-003
   256.820625000000         3.530567788156229E-003
   257.034375000000         3.531792757501111E-003
   257.248125000000         3.534439064718976E-003
   257.461875000000         3.538119037298367E-003
   257.675625000000         3.542433840206880E-003
   257.889375000000         3.546998710113256E-003
   258.103125000000         3.551469543331417E-003
   258.316875000000         3.555566467587357E-003
   258.530625000000         3.559089892809205E-003
   258.744375000000         3.561922538055018E-003
   258.958125000000         3.564022771931481E-003
   259.171875000000         3.565403307947046E-003
   259.385625000000         3.566106100456984E-003
   259.599375000000         3.566174532242469E-003
   259.813125000000         3.565639050441563E-003
   260.026875000000         3.564496351179473E-003
   260.240625000000         3.562749601496358E-003
   260.454375000000         3.560379168283528E-003
   260.668125000000         3.557422466228185E-003
   260.881875000000         3.553970615685359E-003
   261.095625000000         3.550203500876864E-003
   261.309375000000         3.546397755918361E-003
   261.523125000000         3.542913181944515E-003
   261.736875000000         3.540162752215224E-003
   261.950625000000         3.538554336245635E-003
   262.164375000000         3.538431505796083E-003
   262.378125000000         3.540011182802724E-003
   262.591875000000         3.543338077811391E-003
   262.805625000000         3.548261716970418E-003
   263.019375000000         3.554447924959414E-003
   263.233125000000         3.561375839335124E-003
   263.446875000000         3.568466332890336E-003
   263.660625000000         3.575081167656194E-003
   263.874375000000         3.580683454826065E-003
   264.088125000000         3.584821448833097E-003
   264.301875000000         3.587235505084339E-003
   264.515625000000         3.587830935157251E-003
   264.729375000000         3.586654478211660E-003
   264.943125000000         3.583850259290604E-003
   265.156875000000         3.579580961555739E-003
   265.370625000000         3.573951677750746E-003
   265.584375000000         3.566957440546368E-003
   265.798125000000         3.558453560490064E-003
   266.011875000000         3.548159863603766E-003
   266.225625000000         3.535710109943711E-003
   266.439375000000         3.520727124921166E-003
   266.653125000000         3.502887010027580E-003
   266.866875000000         3.482074296646619E-003
   267.080625000000         3.458364167315475E-003
   267.294375000000         3.432133211551835E-003
   267.508125000000         3.404011848922568E-003
   267.721875000000         3.374845991262033E-003
   267.935625000000         3.345605581311915E-003
   268.149375000000         3.317277013714270E-003
   268.363125000000         3.290756192200697E-003
   268.576875000000         3.266736034611140E-003
   268.790625000000         3.245676715727935E-003
   269.004375000000         3.227743806396859E-003
   269.218125000000         3.212862690764307E-003
   269.431875000000         3.200762443327890E-003
   269.645625000000         3.191076067081577E-003
   269.859375000000         3.183428756660437E-003
   270.073125000000         3.177518165024820E-003
   270.286875000000         3.173168560971744E-003
   270.500625000000         3.170348184959594E-003
   270.714375000000         3.169148114906148E-003
   270.928125000000         3.169726373731252E-003
   271.141875000000         3.172233869460059E-003
   271.355625000000         3.176736503482982E-003
   271.569375000000         3.183148451245120E-003
   271.783125000000         3.191196147349462E-003
   271.996875000000         3.200417400711016E-003
   272.210625000000         3.210196613377187E-003
   272.424375000000         3.219833339320164E-003
   272.638125000000         3.228628672324492E-003
   272.851875000000         3.235975183680159E-003
   273.065625000000         3.241439202106059E-003
   273.279375000000         3.244782387045571E-003
   273.493125000000         3.246031423155149E-003
   273.706875000000         3.245411494723670E-003
   273.920625000000         3.243309337890565E-003
   274.134375000000         3.240206702607142E-003
   274.348125000000         3.236593364275822E-003
   274.561875000000         3.232899945978680E-003
   274.775625000000         3.229451230975142E-003
   274.989375000000         3.226432851504461E-003
   275.203125000000         3.223938976132534E-003
   275.416875000000         3.221937611907077E-003
   275.630625000000         3.220370065503173E-003
   275.844375000000         3.219187074225714E-003
   276.058125000000         3.218386869267246E-003
   276.271875000000         3.218055423860996E-003
   276.485625000000         3.218344495912123E-003
   276.699375000000         3.219470442063007E-003
   276.913125000000         3.221632063227480E-003
   277.126875000000         3.225019357720717E-003
   277.340625000000         3.229683486356138E-003
   277.554375000000         3.235562614767264E-003
   277.768125000000         3.242417534948606E-003
   277.981875000000         3.249854050247406E-003
   278.195625000000         3.257350751277608E-003
   278.409375000000         3.264314609203385E-003
   278.623125000000         3.270156502321971E-003
   278.836875000000         3.274349706582042E-003
   279.050625000000         3.276492045822174E-003
   279.264375000000         3.276349181532398E-003
   279.478125000000         3.273864653315955E-003
   279.691875000000         3.269146212137092E-003
   279.905625000000         3.262427727318298E-003
   280.119375000000         3.254014020232665E-003
   280.333125000000         3.244222284447651E-003
   280.546875000000         3.233330855941134E-003
   280.760625000000         3.221541134416793E-003
   280.974375000000         3.208961280815479E-003
   281.188125000000         3.195617335443514E-003
   281.401875000000         3.181485950860223E-003
   281.615625000000         3.166541115764383E-003
   281.829375000000         3.150805656062753E-003
   282.043125000000         3.134397379389637E-003
   282.256875000000         3.117558306658960E-003
   282.470625000000         3.100661008620604E-003
   282.684375000000         3.084186925887316E-003
   282.898125000000         3.068662784226146E-003
   283.111875000000         3.054628614279477E-003
   283.325625000000         3.042536310302209E-003
   283.539375000000         3.032695251829892E-003
   283.753125000000         3.025211118628118E-003
   283.966875000000         3.019975600385869E-003
   284.180625000000         3.016641951398584E-003
   284.394375000000         3.014678416205304E-003
   284.608125000000         3.013421960150906E-003
   284.821875000000         3.012156230345315E-003
   285.035625000000         3.010193511445259E-003
   285.249375000000         3.006954453931652E-003
   285.463125000000         3.002024461612860E-003
   285.676875000000         2.995188984853903E-003
   285.890625000000         2.986435443495328E-003
   286.104375000000         2.975937131110044E-003
   286.318125000000         2.964013130064560E-003
   286.531875000000         2.951075175359908E-003
   286.745625000000         2.937576508821116E-003
   286.959375000000         2.923963633569429E-003
   287.173125000000         2.910648579521799E-003
   287.386875000000         2.897991534013005E-003
   287.600625000000         2.886301493431504E-003
   287.814375000000         2.875848118950064E-003
   288.028125000000         2.866878104400849E-003
   288.241875000000         2.859629435668948E-003
   288.455625000000         2.854337782287901E-003
   288.669375000000         2.851231249599385E-003
   288.883125000000         2.850514559778483E-003
   289.096875000000         2.852344694064373E-003
   289.310625000000         2.856802890852180E-003
   289.524375000000         2.863871523504012E-003
   289.738125000000         2.873418120126727E-003
   289.951875000000         2.885196840076525E-003
   290.165625000000         2.898861550875914E-003
   290.379375000000         2.913994136350118E-003
   290.593125000000         2.930139723967807E-003
   290.806875000000         2.946844940258530E-003
   291.020625000000         2.963689504173619E-003
   291.234375000000         2.980307246040450E-003
   291.448125000000         2.996392939531019E-003
   291.661875000000         3.011694280452861E-003
   291.875625000000         3.025994529510784E-003
   292.089375000000         3.039087998726723E-003
   292.303125000000         3.050758685438461E-003
   292.516875000000         3.060767567131906E-003
   292.730625000000         3.068852443819720E-003
   292.944375000000         3.074742216801573E-003
   293.158125000000         3.078184664496274E-003
   293.371875000000         3.078980905956111E-003
   293.585625000000         3.077020033956388E-003
   293.799375000000         3.072307691518867E-003
   294.013125000000         3.064979794755832E-003
   294.226875000000         3.055298151668561E-003
   294.440625000000         3.043628250065470E-003
   294.654375000000         3.030402728229438E-003
   294.868125000000         3.016076641310401E-003
   295.081875000000         3.001082656081577E-003
   295.295625000000         2.985793779989838E-003
   295.509375000000         2.970501491932100E-003
   295.723125000000         2.955411045697598E-003
   295.936875000000         2.940653183799161E-003
   296.150625000000         2.926309655756516E-003
   296.364375000000         2.912441542345164E-003
   296.578125000000         2.899118649250528E-003
   296.791875000000         2.886437439840979E-003
   297.005625000000         2.874525342244747E-003
   297.219375000000         2.863528470498599E-003
   297.433125000000         2.853587057530531E-003
   297.646875000000         2.844802979576098E-003
   297.860625000000         2.837207785711803E-003
   298.074375000000         2.830740012603482E-003
   298.288125000000         2.825238003982902E-003
   298.501875000000         2.820451640632397E-003
   298.715625000000         2.816073242721273E-003
   298.929375000000         2.811782490800337E-003
   299.143125000000         2.807297923102285E-003
   299.356875000000         2.802425331411544E-003
   299.570625000000         2.797093602184905E-003
   299.784375000000         2.791371144773705E-003
   299.998125000000         2.785457527604547E-003
   300.211875000000         2.779651656510777E-003
   300.425625000000         2.774305555317992E-003
   300.639375000000         2.769762323622653E-003
   300.853125000000         2.766299442576896E-003
   301.066875000000         2.764078327933601E-003
   301.280625000000         2.763112277895011E-003
   301.494375000000         2.763273335760787E-003
   301.708125000000         2.764296549103747E-003
   301.921875000000         2.765826393974222E-003
   302.135625000000         2.767470026283048E-003
   302.349375000000         2.768856204289059E-003
   302.563125000000         2.769689128285029E-003
   302.776875000000         2.769790673055124E-003
   302.990625000000         2.769122770439726E-003
   303.204375000000         2.767788173406914E-003
   303.418125000000         2.766010410878452E-003
   303.631875000000         2.764100282410348E-003
   303.845625000000         2.762407466324026E-003
   304.059375000000         2.761271862251002E-003
   304.273125000000         2.760977859105927E-003
   304.486875000000         2.761718702509791E-003
   304.700625000000         2.763576117894437E-003
   304.914375000000         2.766516124571773E-003
   305.128125000000         2.770397883439874E-003
   305.341875000000         2.774998522228899E-003
   305.555625000000         2.780045598599273E-003
   305.769375000000         2.785259549713585E-003
   305.983125000000         2.790364931045689E-003
   306.196875000000         2.795171450943322E-003
   306.410625000000         2.799532327844080E-003
   306.624375000000         2.803409188336386E-003
   306.838125000000         2.806830276398822E-003
   307.051875000000         2.809912681861087E-003
   307.265625000000         2.812777980979729E-003
   307.479375000000         2.815594345581562E-003
   307.693125000000         2.818483944643478E-003
   307.906875000000         2.821525188861899E-003
   308.120625000000         2.824722623089511E-003
   308.334375000000         2.827996976480044E-003
   308.548125000000         2.831200267276934E-003
   308.761875000000         2.834135737414570E-003
   308.975625000000         2.836581177427391E-003
   309.189375000000         2.838336424225082E-003
   309.403125000000         2.839248216773624E-003
   309.616875000000         2.839244454927297E-003
   309.830625000000         2.838346905601791E-003
   310.044375000000         2.836675426803233E-003
   310.258125000000         2.834420291648565E-003
   310.471875000000         2.831817586034594E-003
   310.685625000000         2.829109049823773E-003
   310.899375000000         2.826494704396511E-003
   311.113125000000         2.824099369885299E-003
   311.326875000000         2.821951315892188E-003
   311.540625000000         2.819979519186357E-003
   311.754375000000         2.818028393495606E-003
   311.968125000000         2.815892756398104E-003
   312.181875000000         2.813361726683683E-003
   312.395625000000         2.810239887016480E-003
   312.609375000000         2.806443902160260E-003
   312.823125000000         2.801953035666466E-003
   313.036875000000         2.796878028467603E-003
   313.250625000000         2.791385621612762E-003
   313.464375000000         2.785721453621676E-003
   313.678125000000         2.780110894797106E-003
   313.891875000000         2.774741026337579E-003
   314.105625000000         2.769707472137711E-003
   314.319375000000         2.764988472339499E-003
   314.533125000000         2.760440748762911E-003
   314.746875000000         2.755850748064872E-003
   314.960625000000         2.750918435252009E-003
   315.174375000000         2.745347364022366E-003
   315.388125000000         2.738885992171864E-003
   315.601875000000         2.731370762817955E-003
   315.815625000000         2.722771036761221E-003
   316.029375000000         2.713190412117835E-003
   316.243125000000         2.702862530407730E-003
   316.456875000000         2.692121000168876E-003
   316.670625000000         2.681358662023665E-003
   316.884375000000         2.670983194762385E-003
   317.098125000000         2.661376691530652E-003
   317.311875000000         2.652865474871010E-003
   317.525625000000         2.645703992994264E-003
   317.739375000000         2.640074218774143E-003
   317.953125000000         2.636097319365935E-003
   318.166875000000         2.633852471790904E-003
   318.380625000000         2.633389262692940E-003
   318.594375000000         2.634737369364315E-003
   318.808125000000         2.637912416420592E-003
   319.021875000000         2.642914081966925E-003
   319.235625000000         2.649698320566035E-003
   319.449375000000         2.658157212073462E-003
   319.663125000000         2.668128565974061E-003
   319.876875000000         2.679322495059642E-003
   320.090625000000         2.691404970420159E-003
   320.304375000000         2.703953831388049E-003
   320.518125000000         2.716514270115298E-003
   320.731875000000         2.728632069278297E-003
   320.945625000000         2.739896606845701E-003
   321.159375000000         2.749978656466752E-003
   321.373125000000         2.758658062365689E-003
   321.586875000000         2.765835042684316E-003
   321.800625000000         2.771528154282953E-003
   322.014375000000         2.775855905566424E-003
   322.228125000000         2.779006970830869E-003
   322.441875000000         2.781206760265896E-003
   322.655625000000         2.782684030717683E-003
   322.869375000000         2.783643631733500E-003
   323.083125000000         2.784248804565268E-003
   323.296875000000         2.784614536902939E-003
   323.510625000000         2.784810063467215E-003
   323.724375000000         2.784869369806517E-003
   323.938125000000         2.784804433232687E-003
   324.151875000000         2.784619074133573E-003
   324.365625000000         2.784319260973223E-003
   324.579375000000         2.783918076701016E-003
   324.793125000000         2.783437227146735E-003
   325.006875000000         2.782904800231303E-003
   325.220625000000         2.782351284755834E-003
   325.434375000000         2.781804586161892E-003
   325.648125000000         2.781286489222394E-003
   325.861875000000         2.780811729413119E-003
   326.075625000000         2.780384314549951E-003
   326.289375000000         2.779996536304832E-003
   326.503125000000         2.779627095534815E-003
   326.716875000000         2.779228246093700E-003
   326.930625000000         2.778724285506964E-003
   327.144375000000         2.778003077141473E-003
   327.358125000000         2.776910002443387E-003
   327.571875000000         2.775249079868726E-003
   327.785625000000         2.772791919330426E-003
   327.999375000000         2.769297113216366E-003
   328.213125000000         2.764537279564504E-003
   328.426875000000         2.758332654117263E-003
   328.640625000000         2.750593465941226E-003
   328.854375000000         2.741321262677456E-003
   329.068125000000         2.730670477904819E-003
   329.281875000000         2.718921691391443E-003
   329.495625000000         2.706483412542986E-003
   329.709375000000         2.693851295835215E-003
   329.923125000000         2.681575468845951E-003
   330.136875000000         2.670188960678583E-003
   330.350625000000         2.660177117550622E-003
   330.564375000000         2.651915331562444E-003
   330.778125000000         2.645647348942455E-003
   330.991875000000         2.641471047635746E-003
   331.205625000000         2.639355990488207E-003
   331.419375000000         2.639167303184177E-003
   331.633125000000         2.640716656794600E-003
   331.846875000000         2.643786254418242E-003
   332.060625000000         2.648173542291007E-003
   332.274375000000         2.653718932306775E-003
   332.488125000000         2.660314104144404E-003
   332.701875000000         2.667888814633750E-003
   332.915625000000         2.676389450312073E-003
   333.129375000000         2.685744318824970E-003
   333.343125000000         2.695828039554017E-003
   333.556875000000         2.706433672213658E-003
   333.770625000000         2.717258789515424E-003
   333.984375000000         2.727910053623216E-003
   334.198125000000         2.737927366878604E-003
   334.411875000000         2.746824802524163E-003
   334.625625000000         2.754143108015136E-003
   334.839375000000         2.759502618920040E-003
   335.053125000000         2.762654353940303E-003
   335.266875000000         2.763514309652013E-003
   335.480625000000         2.762177669844340E-003
   335.694375000000         2.758913430192880E-003
   335.908125000000         2.754138976774610E-003
   336.121875000000         2.748354035383497E-003
   336.335625000000         2.742115311989610E-003
   336.549375000000         2.735964404258247E-003
   336.763125000000         2.730367720562550E-003
   336.976875000000         2.725712860208398E-003
   337.190625000000         2.722221833577922E-003
   337.404375000000         2.720025116386968E-003
   337.618125000000         2.719129759130953E-003
   337.831875000000         2.719463812088263E-003
   338.045625000000         2.720917888618602E-003
   338.259375000000         2.723382545166235E-003
   338.473125000000         2.726778873750926E-003
   338.686875000000         2.731076606133990E-003
   338.900625000000         2.736297997713018E-003
   339.114375000000         2.742501988196529E-003
   339.328125000000         2.749757536403409E-003
   339.541875000000         2.758103640562014E-003
   339.755625000000         2.767510331565449E-003
   339.969375000000         2.777843105049875E-003
   340.183125000000         2.788840345909834E-003
