  -1.60312500000000        -1.506791921505177E-018
  -1.38937500000000        -1.514243922285479E-018
  -1.17562500000000         2.252241656433385E-019
 -0.961875000000000         1.455337280961237E-017
 -0.748125000000000         9.047603822491414E-017
 -0.534375000000000         4.089251515129491E-016
 -0.320625000000000         1.530477989324904E-015
 -0.106875000000000         4.934945914941211E-015
  0.106875000000000         1.399837016688160E-014
  0.320625000000000         3.548518017489259E-014
  0.534375000000000         8.150317007788307E-014
  0.748125000000000         1.717589312945931E-013
  0.961875000000000         3.358920659228059E-013
   1.17562500000000         6.156236642735384E-013
   1.38937500000000         1.066423617523175E-012
   1.60312500000000         1.758256483090408E-012
   1.81687500000000         2.774925210918352E-012
   2.03062500000000         4.211564700143829E-012
   2.24437500000000         6.169873186935850E-012
   2.45812500000000         8.750999756795991E-012
   2.67187500000000         1.204619123447316E-011
   2.88562500000000         1.612577401836198E-011
   3.09937500000000         2.102729820146233E-011
   3.31312500000000         2.674397314279529E-011
   3.52687500000000         3.321476602575578E-011
   3.74062500000000         4.031729147954310E-011
   3.95437500000000         4.786470285592182E-011
   4.16812500000000         5.560706168675651E-011
   4.38187500000000         6.323747296938579E-011
   4.59562500000000         7.040216692979682E-011
   4.80937500000000         7.671366418081730E-011
   5.02312500000000         8.176516540871083E-011
   5.23687500000000         8.514446247758934E-011
   5.45062500000000         8.644561791316796E-011
   5.66437500000000         8.527721261914114E-011
   5.87812500000000         8.126650063846819E-011
   6.09187500000000         7.405983248463963E-011
   6.30562500000000         6.332049700372418E-011
   6.51937500000000         4.872586171976381E-011
   6.73312500000000         2.996614662372105E-011
   6.94687500000000         6.747008122887355E-012
   7.16062500000000        -2.120241766970156E-011
   7.37437500000000        -5.411529204558741E-011
   7.58812500000000        -9.216727550943072E-011
   7.80187500000000        -1.354530567741612E-010
   8.01562500000000        -1.839621561264049E-010
   8.22937500000000        -2.375578147657387E-010
   8.44312500000000        -2.959628014665558E-010
   8.65687500000000        -3.587551553661363E-010
   8.87062500000000        -4.253759622917519E-010
   9.08437500000000        -4.951492251178793E-010
   9.29812500000000        -5.673122007090316E-010
   9.51187500000000        -6.410526666611310E-010
   9.72562500000000        -7.155483229202910E-010
   9.93937500000000        -7.900033086275985E-010
   10.1531250000000        -8.636767901924544E-010
   10.3668750000000        -9.359000047029180E-010
   10.5806250000000        -1.006080198788795E-009
   10.7943750000000        -1.073691820589551E-009
   11.0081250000000        -1.138257742728524E-009
   11.2218750000000        -1.199324788636206E-009
   11.4356250000000        -1.256438891142795E-009
   11.6493750000000        -1.309124953326675E-009
   11.8631250000000        -1.356875390681076E-009
   12.0768750000000        -1.399149645093657E-009
   12.2906250000000        -1.435384318246162E-009
   12.5043750000000        -1.465011571422086E-009
   12.7181250000000        -1.487481634769007E-009
   12.9318750000000        -1.502283890079136E-009
   13.1456250000000        -1.508961536036351E-009
   13.3593750000000        -1.507115728434564E-009
   13.5731250000000        -1.496397040121891E-009
   13.7868750000000        -1.476484744438542E-009
   14.0006250000000        -1.447056503798773E-009
   14.2143750000000        -1.407753671087923E-009
   14.4281250000000        -1.358147933846965E-009
   14.6418750000000        -1.297715368242113E-009
   14.8556250000000        -1.225823053274341E-009
   15.0693750000000        -1.141731260752356E-009
   15.2831250000000        -1.044611599503197E-009
   15.4968750000000        -9.335792212587727E-010
   15.7106250000000        -8.077347489380102E-010
   15.9243750000000        -6.662102466418359E-010
   16.1381250000000        -5.082130741926570E-010
   16.3518750000000        -3.330622780403433E-010
   16.5656250000000        -1.402131649304139E-010
   16.7793750000000         7.073154443940582E-011
   16.9931250000000         3.000240124641785E-010
   17.2068750000000         5.477849154436664E-010
   17.4206250000000         8.140247804940167E-010
   17.6343750000000         1.098669183310678E-009
   17.8481250000000         1.401583966186093E-009
   18.0618750000000         1.722597427120383E-009
   18.2756250000000         2.061518028574045E-009
   18.4893750000000         2.418147123862550E-009
   18.7031250000000         2.792287540105241E-009
   18.9168750000000         3.183749621746973E-009
   19.1306250000000         3.592356166340000E-009
   19.3443750000000         4.017947889082112E-009
   19.5581250000000         4.460390008633624E-009
   19.7718750000000         4.919580011358257E-009
   19.9856250000000         5.395456293903712E-009
   20.1993750000000         5.888006492202299E-009
   20.4131250000000         6.397274988136014E-009
   20.6268750000000         6.923368889124934E-009
   20.8406250000000         7.466462534907011E-009
   21.0543750000000         8.026801038121673E-009
   21.2681250000000         8.604703570940518E-009
   21.4818750000000         9.200566989645904E-009
   21.6956250000000         9.814870319564253E-009
   21.9093750000000         1.044817956208042E-008
   22.1231250000000         1.110115171120255E-008
   22.3368750000000         1.177453610577921E-008
   22.5506250000000         1.246917104559591E-008
   22.7643750000000         1.318597374684268E-008
   22.9781250000000         1.392592246792850E-008
   23.1918750000000         1.469003101601186E-008
   23.4056250000000         1.547931737150365E-008
   23.6193750000000         1.629476964816063E-008
   23.8331250000000         1.713731366392290E-008
   24.0468750000000         1.800778703036719E-008
   24.2606250000000         1.890692404540055E-008
   24.4743750000000         1.983535454586313E-008
   24.6881250000000         2.079361785513045E-008
   24.9018750000000         2.178219065500969E-008
   25.1156250000000         2.280152530967602E-008
   25.3293750000000         2.385209354932346E-008
   25.5431250000000         2.493442935069044E-008
   25.7568750000000         2.604916507083553E-008
   25.9706250000000         2.719705612215511E-008
   26.1843750000000         2.837899154730776E-008
   26.3981250000000         2.959599031481279E-008
   26.6118750000000         3.084918555208699E-008
   26.8256250000000         3.213980119851791E-008
   27.0393750000000         3.346912643936030E-008
   27.2531250000000         3.483849316856522E-008
   27.4668750000000         3.624926085111923E-008
   27.6806250000000         3.770281108399989E-008
   27.8943750000000         3.920055155039325E-008
   28.1081250000000         4.074392667698980E-008
   28.3218750000000         4.233443069437420E-008
   28.5356250000000         4.397361742440774E-008
   28.7493750000000         4.566310155563440E-008
   28.9631250000000         4.740454740671413E-008
   29.1768750000000         4.919964363134038E-008
   29.3906250000000         5.105006479270733E-008
   29.6043750000000         5.295742365863621E-008
   29.8181250000000         5.492322006157240E-008
   30.0318750000000         5.694879376168352E-008
   30.2456250000000         5.903528825840266E-008
   30.4593750000000         6.118363183303780E-008
   30.6731250000000         6.339453940997600E-008
   30.8868750000000         6.566853611608468E-008
   31.1006250000000         6.800600023613167E-008
   31.3143750000000         7.040722045799154E-008
   31.5281250000000         7.287246039017982E-008
   31.7418750000000         7.540202220952780E-008
   31.9556250000000         7.799630169918852E-008
   32.1693750000000         8.065582822386771E-008
   32.3831250000000         8.338128551236347E-008
   32.5968750000000         8.617351183644939E-008
   32.8106250000000         8.903348088447632E-008
   33.0243750000000         9.196226728844445E-008
   33.2381250000000         9.496100246026647E-008
   33.4518750000000         9.803082711943897E-008
   33.6656250000000         1.011728470396657E-007
   33.8793750000000         1.043880974298442E-007
   34.0931250000000         1.076775198442195E-007
   34.3068750000000         1.110419532646760E-007
   34.5206250000000         1.144821390933957E-007
   34.7343750000000         1.179987379096175E-007
   34.9481250000000         1.215923542515517E-007
   35.1618750000000         1.252635651365455E-007
   35.3756250000000         1.290129478383452E-007
   35.5893750000000         1.328411031753787E-007
   35.8031250000000         1.367486716919486E-007
   36.0168750000000         1.407363414773850E-007
   36.2306250000000         1.448048481980178E-007
   36.4443750000000         1.489549691415729E-007
   36.6581250000000         1.531875143528139E-007
   36.8718750000000         1.575033181325505E-007
   37.0856250000000         1.619032343735485E-007
   37.2993750000000         1.663881383061166E-007
   37.5131250000000         1.709589361759616E-007
   37.7268750000000         1.756165825201602E-007
   37.9406250000000         1.803621034678723E-007
   38.1543750000000         1.851966229445412E-007
   38.3681250000000         1.901213877147453E-007
   38.5818750000000         1.951377870883681E-007
   38.7956250000000         2.002473633441584E-007
   39.0093750000000         2.054518102051398E-007
   39.2231250000000         2.107529582888918E-007
   39.4368750000000         2.161527482284774E-007
   39.6506250000000         2.216531941076955E-007
   39.8643750000000         2.272563412501697E-007
   40.0781250000000         2.329642231622517E-007
   40.2918750000000         2.387788225581053E-007
   40.5056250000000         2.447020406997761E-007
   40.7193750000000         2.507356779719503E-007
   40.9331250000000         2.568814268469927E-007
   41.1468750000000         2.631408767058345E-007
   41.3606250000000         2.695155287222301E-007
   41.5743750000000         2.760068176714458E-007
   41.7881250000000         2.826161378318867E-007
   42.0018750000000         2.893448704425914E-007
   42.2156250000000         2.961944108931955E-007
   42.4293750000000         3.031661950787716E-007
   42.6431250000000         3.102617256681265E-007
   42.8568750000000         3.174825986795155E-007
   43.0706250000000         3.248305310891244E-007
   43.2843750000000         3.323073885154799E-007
   43.4981250000000         3.399152105513170E-007
   43.7118750000000         3.476562291366922E-007
   43.9256250000000         3.555328736395263E-007
   44.1393750000000         3.635477555620023E-007
   44.3531250000000         3.717036263978713E-007
   44.5668750000000         3.800033044844619E-007
   44.7806250000000         3.884495711170019E-007
   44.9943750000000         3.970450414515224E-007
   45.2081250000000         4.057920222630823E-007
   45.4218750000000         4.146923742983847E-007
   45.6356250000000         4.237474012737753E-007
   45.8493750000000         4.329577890644033E-007
   46.0631250000000         4.423236162102373E-007
   46.2768750000000         4.518444506744723E-007
   46.4906250000000         4.615195374095580E-007
   46.7043750000000         4.713480678471437E-007
   46.9181250000000         4.813295080071022E-007
   47.1318750000000         4.914639476604903E-007
   47.3456250000000         5.017524224003244E-007
   47.5593750000000         5.121971551247815E-007
   47.7731250000000         5.228016653496193E-007
   47.9868750000000         5.335707055577716E-007
   48.2006250000000         5.445100018506069E-007
   48.4143750000000         5.556258021862639E-007
   48.6281250000000         5.669242645533321E-007
   48.8418750000000         5.784107471382511E-007
   49.0556250000000         5.900890880996241E-007
   49.2693750000000         6.019609788965906E-007
   49.4831250000000         6.140255394016777E-007
   49.6968750000000         6.262791910550787E-007
   49.9106250000000         6.387158968752650E-007
   50.1243750000000         6.513277951470756E-007
   50.3381250000000         6.641062003935136E-007
   50.5518750000000         6.770428883533580E-007
   50.7656250000000         6.901315275143680E-007
   50.9793750000000         7.033690775541988E-007
   51.1931250000000         7.167569521875533E-007
   51.4068750000000         7.303017472249807E-007
   51.6206250000000         7.440153668228215E-007
   51.8343750000000         7.579144415435355E-007
   52.0481250000000         7.720190171047939E-007
   52.2618750000000         7.863505921833629E-007
   52.4756250000000         8.009296866940414E-007
   52.6893750000000         8.157732127402993E-007
   52.9031250000000         8.308919855370594E-007
   53.1168750000000         8.462887373807473E-007
   53.3306250000000         8.619569753012789E-007
   53.5443750000000         8.778809500123541E-007
   53.7581250000000         8.940368829497130E-007
   53.9718750000000         9.103954415185405E-007
   54.1856250000000         9.269252771396352E-007
   54.3993750000000         9.435972698593834E-007
   54.6131250000000         9.603889811048329E-007
   54.8268750000000         9.772887267655343E-007
   55.0406250000000         9.942986655810003E-007
   55.2543750000000         1.011436363396685E-006
   55.4681250000000         1.028734443468573E-006
   55.6818750000000         1.046238154621840E-006
   55.8956250000000         1.064000960348732E-006
   56.1093750000000         1.082078539704517E-006
   56.3231250000000         1.100521856292354E-006
   56.5368750000000         1.119370154449755E-006
   56.7506250000000         1.138644845780909E-006
   56.9643750000000         1.158345228204300E-006
   57.1781250000000         1.178446823467285E-006
   57.3918750000000         1.198902833329710E-006
   57.6056250000000         1.219648826712775E-006
   57.8193750000000         1.240610323867505E-006
   58.0331250000000         1.261712496418549E-006
   58.2468750000000         1.282890817961745E-006
   58.4606250000000         1.304101242041208E-006
   58.6743750000000         1.325328402536105E-006
   58.8881250000000         1.346590459300638E-006
   59.1018750000000         1.367939552995113E-006
   59.3156250000000         1.389457362756559E-006
   59.5293750000000         1.411245923325056E-006
   59.7431250000000         1.433414572580454E-006
   59.9568750000000         1.456064568276910E-006
   60.1706250000000         1.479273430336316E-006
   60.3843750000000         1.503081338792979E-006
   60.5981250000000         1.527481877823229E-006
   60.8118750000000         1.552419030705739E-006
   61.0256250000000         1.577791613407772E-006
   61.2393750000000         1.603465350282868E-006
   61.4531250000000         1.629291655227624E-006
   61.6668750000000         1.655131034833748E-006
   61.8806250000000         1.680878044782615E-006
   62.0943750000000         1.706484074844375E-006
   62.3081250000000         1.731974052473768E-006
   62.5218750000000         1.757453532776488E-006
   62.7356250000000         1.783103605393436E-006
   62.9493750000000         1.809162538535044E-006
   63.1631250000000         1.835894953433785E-006
   63.3768750000000         1.863551358932542E-006
   63.5906250000000         1.892322804125129E-006
   63.8043750000000         1.922296927631567E-006
   64.0181250000000         1.953422514611520E-006
   64.2318750000000         1.985489589991426E-006
   64.4456250000000         2.018130950366825E-006
   64.6593750000000         2.050848864964177E-006
   64.8731250000000         2.083067603203857E-006
   65.0868750000000         2.114208764683066E-006
   65.3006250000000         2.143782517797383E-006
   65.5143750000000         2.171484305968214E-006
   65.7281250000000         2.197283901273718E-006
   65.9418750000000         2.221492382937656E-006
   66.1556250000000         2.244793095935493E-006
   66.3693750000000         2.268225127638690E-006
   66.5831250000000         2.293112319231226E-006
   66.7968750000000         2.320937031379845E-006
   67.0106250000000         2.353165265369097E-006
   67.2243750000000         2.391037521113955E-006
   67.4381250000000         2.435346998630211E-006
   67.6518750000000         2.486232389063359E-006
   67.8656250000000         2.543015571475767E-006
   68.0793750000000         2.604114220842382E-006
   68.2931250000000         2.667055133479916E-006
   68.5068750000000         2.728605888831779E-006
   68.7206250000000         2.785030671373924E-006
   68.9343750000000         2.832461556642490E-006
   69.1481250000000         2.867360669664169E-006
   69.3618750000000         2.887033071368449E-006
   69.5756250000000         2.890136952054320E-006
   69.7893750000000         2.877128661071620E-006
   70.0031250000000         2.850577012844548E-006
   70.2168750000000         2.815285470956055E-006
   70.4306250000000         2.778172854540287E-006
   70.6443750000000         2.747882942539245E-006
   70.8581250000000         2.734119669130512E-006
   71.0718750000000         2.746735496253076E-006
   71.2856250000000         2.794633202706132E-006
   71.4993750000000         2.884572337199902E-006
   71.7131250000000         3.019997246841427E-006
   71.9268750000000         3.200020295920781E-006
   72.1406250000000         3.418698501438763E-006
   72.3543750000000         3.664732092947035E-006
   72.5681250000000         3.921688463025378E-006
   72.7818750000000         4.168815125214974E-006
   72.9956250000000         4.382452799129596E-006
   73.2093750000000         4.537998370170265E-006
   73.4231250000000         4.612302415641953E-006
   73.6368750000000         4.586323487359183E-006
   73.8506250000000         4.447808160232296E-006
   74.0643750000000         4.193728659837104E-006
   74.2781250000000         3.832194540596290E-006
   74.4918750000000         3.383565794340353E-006
   74.7056250000000         2.880534237932611E-006
   74.9193750000000         2.367007819503411E-006
   75.1331250000000         1.895725549679214E-006
   75.3468750000000         1.524643239237010E-006
   75.5606250000000         1.312253685463832E-006
   75.7743750000000         1.312128949320430E-006
   75.9881250000000         1.567085223881668E-006
   76.2018750000000         2.103460565764318E-006
   76.4156250000000         2.926051338571024E-006
   76.6293750000000         4.014265446415770E-006
   76.8431250000000         5.320013163252210E-006
   77.0568750000000         6.767767297661529E-006
   77.2706250000000         8.257085730398325E-006
   77.4843750000000         9.667707865463850E-006
   77.6981250000000         1.086712360697724E-005
   77.9118750000000         1.172028441044819E-005
   78.1256250000000         1.210089900967916E-005
   78.3393750000000         1.190355146862529E-005
   78.5531250000000         1.105571618207864E-005
   78.7668750000000         9.528641624970759E-006
   78.9806250000000         7.346046939449176E-006
   79.1943750000000         4.589632850307954E-006
   79.4081250000000         1.400554737908033E-006
   79.6218750000000        -2.023762213334435E-006
   79.8356250000000        -5.437778550109949E-006
   80.0493750000000        -8.560914559319782E-006
   80.2631250000000        -1.109509172666828E-005
   80.4768750000000        -1.274588655080192E-005
   80.6906250000000        -1.324606376998143E-005
   80.9043750000000        -1.237993651872638E-005
   81.1181250000000        -1.000676992874911E-005
   81.3318750000000        -6.081328094879795E-006
   81.5456250000000        -6.696813334624697E-007
   81.7593750000000         6.041448179875541E-006
   81.9731250000000         1.374321851018155E-005
   82.1868750000000         2.201205382122235E-005
   82.4006250000000         3.032630676207152E-005
   82.6143750000000         3.809198488392891E-005
   82.8281250000000         4.467665081961115E-005
   83.0418750000000         4.944993126258620E-005
   83.2556250000000         5.182844690146038E-005
   83.4693750000000         5.132245299601916E-005
   83.6831250000000         4.758110321265573E-005
   83.8968750000000         4.043305561859611E-005
   84.1106250000000         2.991915717380522E-005
   84.3243750000000         1.631418673623473E-005
   84.5381250000000         1.351070327137612E-007
   84.7518750000000        -1.786604172232542E-005
   84.9656250000000        -3.672561022879559E-005
   85.1793750000000        -5.530817377824583E-005
   85.3931250000000        -7.236165406756574E-005
   85.6068750000000        -8.658555747729501E-005
   85.8206250000000        -9.670912054040829E-005
   86.0343750000000        -1.015752445753732E-004
   86.2481250000000        -1.002253896837570E-004
   86.4618750000000        -9.198014319937702E-005
   86.6756250000000        -7.651002613095639E-005
   86.8893750000000        -5.389128354686770E-005
   87.1031250000000        -2.464193218320774E-005
   87.3168750000000         1.026579944162768E-005
   87.5306250000000         4.941933851114552E-005
   87.7443750000000         9.100722900949639E-005
   87.9581250000000         1.328878809776110E-004
   88.1718750000000         1.726836213089165E-004
   88.3856250000000         2.078963873659622E-004
   88.5993750000000         2.360398460005740E-004
   88.8131250000000         2.547813790364222E-004
   89.0268750000000         2.620863486511046E-004
   89.2406250000000         2.563564255733641E-004
   89.4543750000000         2.365535931998788E-004
   89.6681250000000         2.023017703934672E-004
   89.8818750000000         1.539588346666318E-004
   90.0956250000000         9.265315399162362E-005
   90.3093750000000         2.028049563431157E-005
   90.5231250000000        -6.054071085317870E-005
   90.7368750000000        -1.465554348220886E-004
   90.9506250000000        -2.339966631174257E-004
   91.1643750000000        -3.187434138794903E-004
   91.3781250000000        -3.965047942615966E-004
   91.5918750000000        -4.630209208232783E-004
   91.8056250000000        -5.142701891182181E-004
   92.0193750000000        -5.466716582264663E-004
   92.2331250000000        -5.572712860301801E-004
   92.4468750000000        -5.439014488312134E-004
   92.6606250000000        -5.053045933048205E-004
   92.8743750000000        -4.412139378790125E-004
   93.0881250000000        -3.523867525818338E-004
   93.3018750000000        -2.405887439679330E-004
   93.5156250000000        -1.085312605597567E-004
   93.7293750000000         4.023380544794242E-005
   93.9431250000000         2.014536432694133E-004
   94.1568750000000         3.703384812736949E-004
   94.3706250000000         5.417379520348391E-004
   94.5843750000000         7.103170560271305E-004
   94.7981250000000         8.707189870627155E-004
   95.0118750000000         1.017703149798957E-003
   95.2256250000000         1.146248728662033E-003
   95.4393750000000         1.251617048474794E-003
   95.6531250000000         1.329369517680756E-003
   95.8668750000000         1.375341920432569E-003
   96.0806250000000         1.385579931793123E-003
   96.2943750000000         1.356244651470799E-003
   96.5081250000000         1.283500362624764E-003
   96.7218750000000         1.163399321292551E-003
   96.9356250000000         9.917799128482123E-004
   97.1493750000000         7.641947869719571E-004
   97.3631250000000         4.758845009278632E-004
   97.5768750000000         1.218097604812285E-004
   97.7906250000000        -3.032483494205228E-004
   98.0043750000000        -8.045155027041461E-004
   98.2181250000000        -1.386979507661215E-003
   98.4318750000000        -2.055080692166883E-003
   98.6456250000000        -2.812349953854216E-003
   98.8593750000000        -3.661012559740987E-003
   99.0731250000000        -4.601580334798874E-003
   99.2868750000000        -5.632458182795757E-003
   99.5006250000000        -6.749592631227843E-003
   99.7143750000000        -7.946190078046140E-003
   99.9281250000000        -9.212530548605397E-003
   100.141875000000        -1.053589907867476E-002
   100.355625000000        -1.190065148068735E-002
   100.569375000000        -1.328842450037325E-002
   100.783125000000        -1.467849260540779E-002
   100.996875000000        -1.604826532036459E-002
   101.210625000000        -1.737391063556618E-002
   101.424375000000        -1.863108209035331E-002
   101.638125000000        -1.979572016581664E-002
   101.851875000000        -2.084489307077863E-002
   102.065625000000        -2.175763824197038E-002
   102.279375000000        -2.251576417676020E-002
   102.493125000000        -2.310457272657462E-002
   102.706875000000        -2.351346472388505E-002
   102.920625000000        -2.373639668645013E-002
   103.134375000000        -2.377216310509677E-002
   103.348125000000        -2.362448712919414E-002
   103.561875000000        -2.330191187804331E-002
   103.775625000000        -2.281749461965607E-002
   103.989375000000        -2.218831612410134E-002
   104.203125000000        -2.143482706051843E-002
   104.416875000000        -2.058006182986420E-002
   104.630625000000        -1.964875722477789E-002
   104.844375000000        -1.866641837618645E-002
   105.058125000000        -1.765837727622468E-002
   105.271875000000        -1.664888956970347E-002
   105.485625000000        -1.566031322314118E-002
   105.699375000000        -1.471240818886226E-002
   105.913125000000        -1.382178949456113E-002
   106.126875000000        -1.300155764577009E-002
   106.340625000000        -1.226112028172258E-002
   106.554375000000        -1.160620821677290E-002
   106.768125000000        -1.103907793603979E-002
   106.981875000000        -1.055888193329672E-002
   107.195625000000        -1.016217861598258E-002
   107.409375000000        -9.843545451019490E-003
   107.623125000000        -9.596253103640675E-003
   107.836875000000        -9.412954936522340E-003
   108.050625000000        -9.286345654647716E-003
   108.264375000000        -9.209745205799508E-003
   108.478125000000        -9.177569203446898E-003
   108.691875000000        -9.185654873171795E-003
   108.905625000000        -9.231421407422920E-003
   109.119375000000        -9.313855064047777E-003
   109.333125000000        -9.433321656121233E-003
   109.546875000000        -9.591221465772319E-003
   109.760625000000        -9.789513250635686E-003
   109.974375000000        -1.003014409542264E-002
   110.188125000000        -1.031442966491635E-002
   110.401875000000        -1.064243433816976E-002
   110.615625000000        -1.101240232090800E-002
   110.829375000000        -1.142028892916398E-002
   111.043125000000        -1.185943583130951E-002
   111.256875000000        -1.232042538902109E-002
   111.470625000000        -1.279113784381373E-002
   111.684375000000        -1.325702165378762E-002
   111.898125000000        -1.370157265759633E-002
   112.111875000000        -1.410700289924739E-002
   112.325625000000        -1.445506590016833E-002
   112.539375000000        -1.472799289778744E-002
   112.753125000000        -1.490948496817018E-002
   112.966875000000        -1.498569973665587E-002
   113.180625000000        -1.494616906070771E-002
   113.394375000000        -1.478458589294703E-002
   113.608125000000        -1.449940447180083E-002
   113.821875000000        -1.409420773559355E-002
   114.035625000000        -1.357780884597395E-002
   114.249375000000        -1.296406914755335E-002
   114.463125000000        -1.227143182130504E-002
   114.676875000000        -1.152218784270339E-002
   114.890625000000        -1.074150753091334E-002
   115.104375000000        -9.956285911244814E-003
   115.318125000000        -9.193862357515114E-003
   115.531875000000        -8.480683752349517E-003
   115.745625000000        -7.840985139272956E-003
   115.959375000000        -7.295562230184736E-003
   116.173125000000        -6.860706132648669E-003
   116.386875000000        -6.547362496365917E-003
   116.600625000000        -6.360565417520583E-003
   116.814375000000        -6.299181567902833E-003
   117.028125000000        -6.355982986799327E-003
   117.241875000000        -6.518048758100215E-003
   117.455625000000        -6.767477422436218E-003
   117.669375000000        -7.082374474546856E-003
   117.883125000000        -7.438063644070043E-003
   118.096875000000        -7.808457721549734E-003
   118.310625000000        -8.167515188390225E-003
   118.524375000000        -8.490703372256376E-003
   118.738125000000        -8.756387600315543E-003
   118.951875000000        -8.947068959142412E-003
   119.165625000000        -9.050400660430807E-003
   119.379375000000        -9.059924301411008E-003
   119.593125000000        -8.975481936933425E-003
   119.806875000000        -8.803277104360768E-003
   120.020625000000        -8.555576873698692E-003
   120.234375000000        -8.250066639838100E-003
   120.448125000000        -7.908888680696760E-003
   120.661875000000        -7.557413419820054E-003
   120.875625000000        -7.222807851384943E-003
   121.089375000000        -6.932477812871165E-003
   121.303125000000        -6.712468988041878E-003
   121.516875000000        -6.585915157329986E-003
   121.730625000000        -6.571620993000716E-003
   121.944375000000        -6.682860597672126E-003
   122.158125000000        -6.926462258457466E-003
   122.371875000000        -7.302235056946355E-003
   122.585625000000        -7.802774806567821E-003
   122.799375000000        -8.413666260813590E-003
   123.013125000000        -9.114076780145598E-003
   123.226875000000        -9.877714883608097E-003
   123.440625000000        -1.067410658199338E-002
   123.654375000000        -1.147012427409947E-002
   123.868125000000        -1.223168833742037E-002
   124.081875000000        -1.292555121590384E-002
   124.295625000000        -1.352106840885713E-002
   124.509375000000        -1.399186062050958E-002
   124.723125000000        -1.431727645926227E-002
   124.936875000000        -1.448357519610586E-002
   125.150625000000        -1.448476363607010E-002
   125.364375000000        -1.432303931077629E-002
   125.578125000000        -1.400881295407932E-002
   125.791875000000        -1.356030543192447E-002
   126.005625000000        -1.300273675087883E-002
   126.219375000000        -1.236714625922337E-002
   126.433125000000        -1.168890254155926E-002
   126.646875000000        -1.100597778397566E-002
   126.860625000000        -1.035707372366343E-002
   127.074375000000        -9.779694085134379E-003
   127.288125000000        -9.308261280061620E-003
   127.501875000000        -8.972373000750716E-003
   127.715625000000        -8.795287315172394E-003
   127.929375000000        -8.792713363064449E-003
   128.143125000000        -8.971969364538736E-003
   128.356875000000        -9.331551176635835E-003
   128.570625000000        -9.861134006031688E-003
   128.784375000000        -1.054200814386692E-002
   128.998125000000        -1.134792781837390E-002
   129.211875000000        -1.224633154963052E-002
   129.425625000000        -1.319987377483438E-002
   129.639375000000        -1.416819192900769E-002
   129.853125000000        -1.510982140730896E-002
   130.066875000000        -1.598416350875520E-002
   130.280625000000        -1.675340895742664E-002
   130.494375000000        -1.738432206552561E-002
   130.708125000000        -1.784979793874340E-002
   130.921875000000        -1.813011696977542E-002
   131.135625000000        -1.821383662030406E-002
   131.349375000000        -1.809827933924629E-002
   131.563125000000        -1.778959641230203E-002
   131.776875000000        -1.730240946473754E-002
   131.990625000000        -1.665905305856200E-002
   132.204375000000        -1.588846214817821E-002
   132.418125000000        -1.502476596386147E-002
   132.631875000000        -1.410566419297329E-002
   132.845625000000        -1.317067133294261E-002
   133.059375000000        -1.225932025231731E-002
   133.273125000000        -1.140941605439291E-002
   133.486875000000        -1.065542633304256E-002
   133.700625000000        -1.002708418756158E-002
   133.914375000000        -9.548266553262137E-003
   134.128125000000        -9.236193385665342E-003
   134.341875000000        -9.100974080003543E-003
   134.555625000000        -9.145507410718455E-003
   134.769375000000        -9.365721481347461E-003
   134.983125000000        -9.751121893055653E-003
   135.196875000000        -1.028560066555976E-002
   135.410625000000        -1.094844628642879E-002
   135.624375000000        -1.171548728680682E-002
   135.838125000000        -1.256029831783754E-002
   136.051875000000        -1.345539889572461E-002
   136.265625000000        -1.437338054621842E-002
   136.479375000000        -1.528790747343562E-002
   136.693125000000        -1.617454831789508E-002
   136.906875000000        -1.701141108127336E-002
   137.120625000000        -1.777956879208042E-002
   137.334375000000        -1.846327884315746E-002
   137.548125000000        -1.905001307013092E-002
   137.761875000000        -1.953032760313047E-002
   137.975625000000        -1.989761054325862E-002
   138.189375000000        -2.014775105965679E-002
   138.403125000000        -2.027877531151848E-002
   138.616875000000        -2.029049269178196E-002
   138.830625000000        -2.018419055601480E-002
   139.044375000000        -1.996240737299813E-002
   139.258125000000        -1.962880383980328E-002
   139.471875000000        -1.918813980752084E-002
   139.685625000000        -1.864635279871077E-002
   139.899375000000        -1.801072240082804E-002
   140.113125000000        -1.729009476475055E-002
   140.326875000000        -1.649513357590015E-002
   140.540625000000        -1.563855878017658E-002
   140.754375000000        -1.473533241811020E-002
   140.968125000000        -1.380275230649704E-002
   141.181875000000        -1.286041893944126E-002
   141.395625000000        -1.193004857597507E-002
   141.609375000000        -1.103511556066949E-002
   141.823125000000        -1.020031884591036E-002
   142.036875000000        -9.450880685946073E-003
   142.250625000000        -8.811698711286639E-003
   142.464375000000        -8.306385194550344E-003
   142.678125000000        -7.956238429759501E-003
   142.891875000000        -7.779199975396647E-003
   143.105625000000        -7.788857375829282E-003
   143.319375000000        -7.993554345209857E-003
   143.533125000000        -8.395668928235858E-003
   143.746875000000        -8.991114713926036E-003
   143.960625000000        -9.769110877682712E-003
   144.174375000000        -1.071225401361008E-002
   144.388125000000        -1.179690898458346E-002
   144.601875000000        -1.299391817641349E-002
   144.815625000000        -1.426960959923306E-002
   145.029375000000        -1.558706537994737E-002
   145.243125000000        -1.690759455832778E-002
   145.456875000000        -1.819233896296648E-002
   145.670625000000        -1.940392944802822E-002
   145.884375000000        -2.050810289686681E-002
   146.098125000000        -2.147518887411268E-002
   146.311875000000        -2.228137904275787E-002
   146.525625000000        -2.290970249114659E-002
   146.739375000000        -2.335064556606338E-002
   146.953125000000        -2.360237490631169E-002
   147.166875000000        -2.367054596574749E-002
   147.380625000000        -2.356770494320021E-002
   147.594375000000        -2.331231801625086E-002
   147.808125000000        -2.292748631816023E-002
   148.021875000000        -2.243942643865288E-002
   148.235625000000        -2.187581276572606E-002
   148.449375000000        -2.126408840177239E-002
   148.663125000000        -2.062985476798675E-002
   148.876875000000        -1.999544592562342E-002
   149.090625000000        -1.937878219345369E-002
   149.304375000000        -1.879257947043392E-002
   149.518125000000        -1.824396692894118E-002
   149.731875000000        -1.773453800372209E-002
   149.945625000000        -1.726082975910150E-002
   150.159375000000        -1.681519584547155E-002
   150.373125000000        -1.638701045473958E-002
   150.586875000000        -1.596411692145080E-002
   150.800625000000        -1.553441658227269E-002
   151.014375000000        -1.508748248934565E-002
   151.228125000000        -1.461607936463553E-002
   151.441875000000        -1.411747602431679E-002
   151.655625000000        -1.359444907319506E-002
   151.869375000000        -1.305589611581950E-002
   152.083125000000        -1.251700173688572E-002
   152.296875000000        -1.199892839120037E-002
   152.510625000000        -1.152803519901278E-002
   152.724375000000        -1.113465845355751E-002
   152.938125000000        -1.085151644280352E-002
   153.151875000000        -1.071182616687836E-002
   153.365625000000        -1.074723918080298E-002
   153.579375000000        -1.098571696492692E-002
   153.793125000000        -1.144947220771722E-002
   154.006875000000        -1.215310091701410E-002
   154.220625000000        -1.310202154564562E-002
   154.434375000000        -1.429132193058788E-002
   154.648125000000        -1.570509376634783E-002
   154.861875000000        -1.731630881333963E-002
   155.075625000000        -1.908726253245253E-002
   155.289375000000        -2.097058090220494E-002
   155.503125000000        -2.291075640496142E-002
   155.716875000000        -2.484615109870277E-002
   155.930625000000        -2.671137972975480E-002
   156.144375000000        -2.843996521342769E-002
   156.358125000000        -2.996714350572198E-002
   156.571875000000        -3.123268563661792E-002
   156.785625000000        -3.218360191295564E-002
   156.999375000000        -3.277659716680641E-002
   157.213125000000        -3.298015626362288E-002
   157.426875000000        -3.277615544078300E-002
   157.640625000000        -3.216091669230742E-002
   157.854375000000        -3.114564836871641E-002
   158.068125000000        -2.975624422354249E-002
   158.281875000000        -2.803244393693274E-002
   158.495625000000        -2.602638918805417E-002
   158.709375000000        -2.380063907961481E-002
   158.923125000000        -2.142573560112717E-002
   159.136875000000        -1.897743240522968E-002
   159.350625000000        -1.653371718818314E-002
   159.564375000000        -1.417176838770573E-002
   159.778125000000        -1.196499003857733E-002
   159.991875000000        -9.980264142423494E-003
   160.205625000000        -8.275547920827925E-003
   160.419375000000        -6.897924380180815E-003
   160.633125000000        -5.882189703253335E-003
   160.846875000000        -5.250031467627612E-003
   161.060625000000        -5.009819266130274E-003
   161.274375000000        -5.156995883438373E-003
   161.488125000000        -5.675024784128369E-003
   161.701875000000        -6.536820279930965E-003
   161.915625000000        -7.706562191343275E-003
   162.129375000000        -9.141778627944472E-003
   162.343125000000        -1.079556979931371E-002
   162.556875000000        -1.261884315368319E-002
   162.770625000000        -1.456243569462555E-002
   162.984375000000        -1.657901255690888E-002
   163.198125000000        -1.862465081150562E-002
   163.411875000000        -2.066004253977197E-002
   163.625625000000        -2.265127964216442E-002
   163.839375000000        -2.457021258850350E-002
   164.053125000000        -2.639440427518994E-002
   164.266875000000        -2.810672632692893E-002
   164.480625000000        -2.969466680853839E-002
   164.694375000000        -3.114943401151012E-002
   164.908125000000        -3.246494983549294E-002
   165.121875000000        -3.363682791088916E-002
   165.335625000000        -3.466142616427563E-002
   165.549375000000        -3.553505169043256E-002
   165.763125000000        -3.625337869210276E-002
   165.976875000000        -3.681111936215362E-002
   166.190625000000        -3.720196462237926E-002
   166.404375000000        -3.741878840090138E-002
   166.618125000000        -3.745408738213494E-002
   166.831875000000        -3.730060948046446E-002
   167.045625000000        -3.695210996620857E-002
   167.259375000000        -3.640416513499992E-002
   167.473125000000        -3.565497016070657E-002
   167.686875000000        -3.470605036517320E-002
   167.900625000000        -3.356282320208780E-002
   168.114375000000        -3.223496102538438E-002
   168.328125000000        -3.073652111197817E-002
   168.541875000000        -2.908582811697207E-002
   168.755625000000        -2.730511370353382E-002
   168.969375000000        -2.541993702407170E-002
   169.183125000000        -2.345842661899594E-002
   169.396875000000        -2.145039789415921E-002
   169.610625000000        -1.942640963517332E-002
   169.824375000000        -1.741682732594619E-002
   170.038125000000        -1.545096002758457E-002
   170.251875000000        -1.355633129076365E-002
   170.465625000000        -1.175813344860854E-002
   170.679375000000        -1.007889945289289E-002
   170.893125000000        -8.538408267354341E-003
   171.106875000000        -7.153820051642733E-003
   171.320625000000        -5.940017444855578E-003
   171.534375000000        -4.910110729101917E-003
   171.748125000000        -4.076049006503435E-003
   171.961875000000        -3.449268078498417E-003
   172.175625000000        -3.041299527456850E-003
   172.389375000000        -2.864265263450938E-003
   172.603125000000        -2.931187784519643E-003
   172.816875000000        -3.256058413198273E-003
   173.030625000000        -3.853623150587230E-003
   173.244375000000        -4.738867425244414E-003
   173.458125000000        -5.926205424788167E-003
   173.671875000000        -7.428405122133630E-003
   173.885625000000        -9.255304631139190E-003
   174.099375000000        -1.141239722264998E-002
   174.313125000000        -1.389937941470384E-002
   174.526875000000        -1.670876751622248E-002
   174.740625000000        -1.982469175793895E-002
   174.954375000000        -2.322197310180228E-002
   175.168125000000        -2.686557596338032E-002
   175.381875000000        -3.071051097869064E-002
   175.595625000000        -3.470223672071023E-002
   175.809375000000        -3.877757952595910E-002
   176.023125000000        -4.286615830014217E-002
   176.236875000000        -4.689226853012481E-002
   176.450625000000        -5.077714899578625E-002
   176.664375000000        -5.444152800234697E-002
   176.878125000000        -5.780832522962211E-002
   177.091875000000        -6.080537200409605E-002
   177.305625000000        -6.336800791741978E-002
   177.519375000000        -6.544141563805494E-002
   177.733125000000        -6.698256828739771E-002
   177.946875000000        -6.796168409376774E-002
   178.160625000000        -6.836310989562776E-002
   178.374375000000        -6.818558671848243E-002
   178.588125000000        -6.744188508310558E-002
   178.801875000000        -6.615783274880635E-002
   179.015625000000        -6.437079108257043E-002
   179.229375000000        -6.212766613960437E-002
   179.443125000000        -5.948256507619246E-002
   179.656875000000        -5.649422629734576E-002
   179.870625000000        -5.322336182473407E-002
   180.084375000000        -4.973005230524782E-002
   180.298125000000        -4.607132892510609E-002
   180.511875000000        -4.229906279423739E-002
   180.725625000000        -3.845826210496571E-002
   180.939375000000        -3.458585189716088E-002
   181.153125000000        -3.070998220067536E-002
   181.366875000000        -2.684987946366187E-002
   181.580625000000        -2.301622535607857E-002
   181.794375000000        -1.921201804924781E-002
   182.008125000000        -1.543384554234547E-002
   182.221875000000        -1.167347991055188E-002
   182.435625000000        -7.919686535934840E-003
   182.649375000000        -4.160134119596831E-003
   182.863125000000        -3.832898215098856E-004
   183.076875000000         3.419810921216935E-003
   183.290625000000         7.254019032211722E-003
   183.504375000000         1.111883349261264E-002
   183.718125000000         1.500753212533697E-002
   183.931875000000         1.890671025343339E-002
   184.145625000000         2.279624159068545E-002
   184.359375000000         2.664965159884215E-002
   184.573125000000         3.043487113193845E-002
   184.786875000000         3.411531871672186E-002
   185.000625000000         3.765124427666391E-002
   185.214375000000         4.100125618450431E-002
   185.428125000000         4.412394758493176E-002
   185.641875000000         4.697953698984826E-002
   185.855625000000         4.953144192124221E-002
   186.069375000000         5.174771229071232E-002
   186.283125000000         5.360226146960848E-002
   186.496875000000         5.507584667925983E-002
   186.710625000000         5.615676540389640E-002
   186.924375000000         5.684124999156067E-002
   187.138125000000         5.713355752894920E-002
   187.351875000000         5.704576565988580E-002
   187.565625000000         5.659729665066389E-002
   187.779375000000         5.581420128344807E-002
   187.993125000000         5.472824089118328E-002
   188.206875000000         5.337581004797073E-002
   188.420625000000         5.179674428825720E-002
   188.634375000000         5.003305707388697E-002
   188.848125000000         4.812764847637600E-002
   189.061875000000         4.612302514685741E-002
   189.275625000000         4.406006755089065E-002
   189.489375000000         4.197687653848159E-002
   189.703125000000         3.990772740294928E-002
   189.916875000000         3.788215584989680E-002
   190.130625000000         3.592419682929605E-002
   190.344375000000         3.405179395154807E-002
   190.558125000000         3.227639409508470E-002
   190.771875000000         3.060273864031404E-002
   190.985625000000         2.902885932742935E-002
   191.199375000000         2.754628283873407E-002
   191.413125000000         2.614044369976895E-002
   191.626875000000         2.479129990276575E-002
   191.840625000000         2.347413980239408E-002
   192.054375000000         2.216056244627327E-002
   192.268125000000         2.081960681628470E-002
   192.481875000000         1.941899879939647E-002
   192.695625000000         1.792647847573998E-002
   192.909375000000         1.631116494102808E-002
   193.123125000000         1.454491180283230E-002
   193.336875000000         1.260360409750643E-002
   193.550625000000         1.046834697972828E-002
   193.764375000000         8.126498342166576E-003
   193.978125000000         5.572501597516423E-003
   194.191875000000         2.808481122618633E-003
   194.405625000000        -1.554288964402302E-004
   194.619375000000        -3.301041620963893E-003
   194.833125000000        -6.602369102968565E-003
   195.046875000000        -1.002616495740655E-002
   195.260625000000        -1.353274320872635E-002
   195.474375000000        -1.707704717418931E-002
   195.688125000000        -2.060993210440809E-002
   195.901875000000        -2.407961665571371E-002
   196.115625000000        -2.743325147849788E-002
   196.329375000000        -3.061854852054040E-002
   196.543125000000        -3.358541220157257E-002
   196.756875000000        -3.628751344487993E-002
   196.970625000000        -3.868374958943867E-002
   197.184375000000        -4.073953731120024E-002
   197.398125000000        -4.242789165648919E-002
   197.611875000000        -4.373025189596808E-002
   197.825625000000        -4.463702388003098E-002
   198.039375000000        -4.514781863394031E-002
   198.253125000000        -4.527137777686959E-002
   198.466875000000        -4.502518766998058E-002
   198.680625000000        -4.443479566017246E-002
   198.894375000000        -4.353285302751501E-002
   199.108125000000        -4.235791987676620E-002
   199.321875000000        -4.095307682320436E-002
   199.535625000000        -3.936439648285710E-002
   199.749375000000        -3.763933406500727E-002
   199.963125000000        -3.582510039074782E-002
   200.176875000000        -3.396708210026888E-002
   200.390625000000        -3.210737243806176E-002
   200.604375000000        -3.028347172645940E-002
   200.818125000000        -2.852720951995023E-002
   201.031875000000        -2.686393071588249E-002
   201.245625000000        -2.531197599723159E-002
   201.459375000000        -2.388247347582389E-002
   201.673125000000        -2.257944399398194E-002
   201.886875000000        -2.140020801549148E-002
   202.100625000000        -2.033606820534252E-002
   202.314375000000        -1.937322943812776E-002
   202.528125000000        -1.849390776702718E-002
   202.741875000000        -1.767757235926741E-002
   202.955625000000        -1.690225990115903E-002
   203.169375000000        -1.614589962687993E-002
   203.383125000000        -1.538758884821697E-002
   203.596875000000        -1.460876338144171E-002
   203.810625000000        -1.379421414805309E-002
   204.024375000000        -1.293290992466596E-002
   204.238125000000        -1.201859613704670E-002
   204.451875000000        -1.105015014047841E-002
   204.665625000000        -1.003168406256563E-002
   204.879375000000        -8.972396555364831E-003
   205.093125000000        -7.886184374103255E-003
   205.306875000000        -6.791033349278819E-003
   205.520625000000        -5.708215931281373E-003
   205.734375000000        -4.661329023165078E-003
   205.948125000000        -3.675211281664384E-003
   206.161875000000        -2.774783467576979E-003
   206.375625000000        -1.983858743813968E-003
   206.589375000000        -1.323971979261882E-003
   206.803125000000        -8.132779827672631E-004
   207.016875000000        -4.655679715018723E-004
   207.230625000000        -2.894512460375380E-004
   207.444375000000        -2.877447787479376E-004
   207.658125000000        -4.571070504234777E-004
   207.871875000000        -7.879439183449877E-004
   208.085625000000        -1.264603636386425E-003
   208.299375000000        -1.865865618973592E-003
   208.513125000000        -2.565713583495513E-003
   208.726875000000        -3.334368946106511E-003
   208.940625000000        -4.139545572029751E-003
   209.154375000000        -4.947873096731731E-003
   209.368125000000        -5.726423992430675E-003
   209.581875000000        -6.444270283640178E-003
   209.795625000000        -7.073990138556837E-003
   210.009375000000        -7.593043120776381E-003
   210.223125000000        -7.984936071618544E-003
   210.436875000000        -8.240109506443841E-003
   210.650625000000        -8.356486829012020E-003
   210.864375000000        -8.339645058195120E-003
   211.078125000000        -8.202585291122057E-003
   211.291875000000        -7.965102723224851E-003
   211.505625000000        -7.652778461457839E-003
   211.719375000000        -7.295637262450254E-003
   211.933125000000        -6.926535359046063E-003
   212.146875000000        -6.579359448227506E-003
   212.360625000000        -6.287130610236823E-003
   212.574375000000        -6.080114560941702E-003
   212.788125000000        -5.984041648898436E-003
   213.001875000000        -6.018536166512930E-003
   213.215625000000        -6.195844967697742E-003
   213.429375000000        -6.519940529057706E-003
   213.643125000000        -6.986054229794298E-003
   213.856875000000        -7.580672801777719E-003
   214.070625000000        -8.282005874968086E-003
   214.284375000000        -9.060906718649162E-003
   214.498125000000        -9.882203125783164E-003
   214.711875000000        -1.070637235855416E-002
   214.925625000000        -1.149147451822033E-002
   215.139375000000        -1.219524378948525E-002
   215.353125000000        -1.277722765127772E-002
   215.566875000000        -1.320086093945700E-002
   215.780625000000        -1.343536483140306E-002
   215.994375000000        -1.345737025512925E-002
   216.208125000000        -1.325218038249251E-002
   216.421875000000        -1.281460686639355E-002
   216.635625000000        -1.214933813657329E-002
   216.849375000000        -1.127082395175259E-002
   217.063125000000        -1.020268694414333E-002
   217.276875000000        -8.976697467788029E-003
   217.490625000000        -7.631371120631293E-003
   217.704375000000        -6.210267467966269E-003
   217.918125000000        -4.760082634872342E-003
   218.131875000000        -3.328636785193120E-003
   218.345625000000        -1.962859690334914E-003
   218.559375000000        -7.068736603694980E-004
   218.773125000000         3.997364761953275E-004
   218.986875000000         1.323391064332011E-003
   219.200625000000         2.037663794221612E-003
   219.414375000000         2.524073577094828E-003
   219.628125000000         2.772504635449454E-003
   219.841875000000         2.781260022482447E-003
   220.055625000000         2.556772575188129E-003
   220.269375000000         2.113013061868399E-003
   220.483125000000         1.470647181692500E-003
   220.696875000000         6.560006280434013E-004
   220.910625000000        -3.001054818533981E-004
   221.124375000000        -1.363587649713425E-003
   221.338125000000        -2.498345179928775E-003
   221.551875000000        -3.667468900716770E-003
   221.765625000000        -4.834374489961374E-003
   221.979375000000        -5.963832059700349E-003
   222.193125000000        -7.022874151097555E-003
   222.406875000000        -7.981573805942574E-003
   222.620625000000        -8.813692199069504E-003
   222.834375000000        -9.497200961846034E-003
   223.048125000000        -1.001468758732928E-002
   223.261875000000        -1.035365323699561E-002
   223.475625000000        -1.050671116621543E-002
   223.689375000000        -1.047169135099088E-002
   223.903125000000        -1.025165337213171E-002
   224.116875000000        -9.854805903571146E-003
   224.330625000000        -9.294327960125056E-003
   224.544375000000        -8.588085008001324E-003
   224.758125000000        -7.758232607474161E-003
   224.971875000000        -6.830701729880168E-003
   225.185625000000        -5.834563340550211E-003
   225.399375000000        -4.801275110176556E-003
   225.613125000000        -3.763819843406095E-003
   225.826875000000        -2.755752852806311E-003
   226.040625000000        -1.810183390755255E-003
   226.254375000000        -9.587226495323725E-004
   226.468125000000        -2.304370229226368E-004
   226.681875000000         3.491503666277667E-004
   226.895625000000         7.589649601800203E-004
   227.109375000000         9.831487963682997E-004
   227.323125000000         1.011650935503154E-003
   227.536875000000         8.406064509044091E-004
   227.750625000000         4.724791949871575E-004
   227.964375000000        -8.404541714013281E-005
   228.178125000000        -8.144189753567510E-004
   228.391875000000        -1.698828377528641E-003
   228.605625000000        -2.713009476420558E-003
   228.819375000000        -3.829239909460479E-003
   229.033125000000        -5.017464919419708E-003
   229.246875000000        -6.246502304753767E-003
   229.460625000000        -7.485267806990183E-003
   229.674375000000        -8.703960555289283E-003
   229.888125000000        -9.875149769709962E-003
   230.101875000000        -1.097470871814743E-002
   230.315625000000        -1.198254969975695E-002
   230.529375000000        -1.288312420906015E-002
   230.743125000000        -1.366566490845833E-002
   230.956875000000        -1.432415998622114E-002
   231.170625000000        -1.485706520779279E-002
   231.384375000000        -1.526677373531872E-002
   231.598125000000        -1.555887782549883E-002
   231.811875000000        -1.574126905677316E-002
   232.025625000000        -1.582313405716477E-002
   232.239375000000        -1.581391014668936E-002
   232.453125000000        -1.572226932058977E-002
   232.666875000000        -1.555519917128651E-002
   232.880625000000        -1.531724544668811E-002
   233.094375000000        -1.500997295272851E-002
   233.308125000000        -1.463168965165808E-002
   233.521875000000        -1.417746356383332E-002
   233.735625000000        -1.363944418433876E-002
   233.949375000000        -1.300748054716578E-002
   234.163125000000        -1.227000797308386E-002
   234.376875000000        -1.141515621717431E-002
   234.590625000000        -1.043201452990373E-002
   234.804375000000        -9.311975353299265E-003
   235.018125000000        -8.050069128935966E-003
   235.231875000000        -6.646198879014991E-003
   235.445625000000        -5.106185372682376E-003
   235.659375000000        -3.442541931692342E-003
   235.873125000000        -1.674911938985803E-003
   236.086875000000         1.698788806259246E-004
   236.300625000000         2.058180515826632E-003
   236.514375000000         3.950287037351600E-003
   236.728125000000         5.801589544743082E-003
   236.941875000000         7.564063474067852E-003
   237.155625000000         9.188018545199019E-003
   237.369375000000         1.062402264179857E-002
   237.583125000000         1.182489965437165E-002
   237.796875000000         1.274769654348436E-002
   238.010625000000         1.335551686379041E-002
   238.224375000000         1.361912648017041E-002
   238.438125000000         1.351825146682623E-002
   238.651875000000         1.304250705356655E-002
   238.865625000000         1.219191850623101E-002
   239.079375000000         1.097701835797569E-002
   239.293125000000         9.418527767915828E-003
   239.506875000000         7.546651401308781E-003
   239.720625000000         5.400033757230764E-003
   239.934375000000         3.024439295509958E-003
   240.148125000000         4.712283983175011E-004
   240.361875000000        -2.204294088186893E-003
   240.575625000000        -4.944581094630408E-003
   240.789375000000        -7.691524147892310E-003
   241.003125000000        -1.038804857371488E-002
   241.216875000000        -1.297956955024007E-002
   241.430625000000        -1.541526780781961E-002
   241.644375000000        -1.764915678958740E-002
   241.858125000000        -1.964092591852586E-002
   242.071875000000        -2.135655652794114E-002
   242.285625000000        -2.276871744907464E-002
   242.499375000000        -2.385695584305031E-002
   242.713125000000        -2.460770541873058E-002
   242.926875000000        -2.501413864458399E-002
   243.140625000000        -2.507589200602272E-002
   243.354375000000        -2.479869392362028E-002
   243.568125000000        -2.419392382571718E-002
   243.781875000000        -2.327812828403985E-002
   243.995625000000        -2.207251631526766E-002
   244.209375000000        -2.060245118606669E-002
   244.423125000000        -1.889695062024153E-002
   244.636875000000        -1.698820151437261E-002
   244.850625000000        -1.491108948220757E-002
   245.064375000000        -1.270273816568494E-002
   245.278125000000        -1.040204869471350E-002
   245.491875000000        -8.049226372184873E-003
   245.705625000000        -5.685279992885570E-003
   245.919375000000        -3.351479482648718E-003
   246.133125000000        -1.088759947822665E-003
   246.346875000000         1.062935234382175E-003
   246.560625000000         3.065373167526786E-003
   246.774375000000         4.882804885214800E-003
   246.988125000000         6.482777396803970E-003
   247.201875000000         7.836959123845248E-003
   247.415625000000         8.921945163640565E-003
   247.629375000000         9.720002132653283E-003
   247.843125000000         1.021970820206652E-002
   248.056875000000         1.041644305528312E-002
   248.270625000000         1.031268534452049E-002
   248.484375000000         9.918081959267570E-003
   248.698125000000         9.249263844579286E-003
   248.911875000000         8.329396656842009E-003
   249.125625000000         7.187470315202210E-003
   249.339375000000         5.857348321257740E-003
   249.553125000000         4.376614224229742E-003
   249.766875000000         2.785267393765083E-003
   249.980625000000         1.124331993741213E-003
   250.194375000000        -5.655493994629120E-004
   250.408125000000        -2.245463526994974E-003
   250.621875000000        -3.879444335933724E-003
   250.835625000000        -5.435497967993405E-003
   251.049375000000        -6.886384701531094E-003
   251.263125000000        -8.210124423832529E-003
   251.476875000000        -9.390211430115021E-003
   251.690625000000        -1.041554450708540E-002
   251.904375000000        -1.128009771144085E-002
   252.118125000000        -1.198237439888059E-002
   252.331875000000        -1.252470049627341E-002
   252.545625000000        -1.291242166307629E-002
   252.759375000000        -1.315307220462347E-002
   252.973125000000        -1.325558120584427E-002
   253.186875000000        -1.322957366785446E-002
   253.400625000000        -1.308481222933091E-002
   253.614375000000        -1.283080950123580E-002
   253.828125000000        -1.247662357340480E-002
   254.041875000000        -1.203083144224495E-002
   254.255625000000        -1.150165853529899E-002
   254.469375000000        -1.089722860210793E-002
   254.683125000000        -1.022588816400069E-002
   254.896875000000        -9.496554262977398E-003
   255.110625000000        -8.719033785715882E-003
   255.324375000000        -7.904267072938030E-003
   255.538125000000        -7.064457331025477E-003
   255.751875000000        -6.213059636650945E-003
   255.965625000000        -5.364617870758305E-003
   256.179375000000        -4.534453362317083E-003
   256.393125000000        -3.738223939819991E-003
   256.606875000000        -2.991385129831150E-003
   256.820625000000        -2.308595250536605E-003
   257.034375000000        -1.703112258956844E-003
   257.248125000000        -1.186231919678929E-003
   257.461875000000        -7.668140660296119E-004
   257.675625000000        -4.509367175947720E-004
   257.889375000000        -2.417072644404308E-004
   258.103125000000        -1.392467948699553E-004
   258.316875000000        -1.408491100661619E-004
   258.530625000000        -2.413013225162487E-004
   258.744375000000        -4.333394558517079E-004
   258.958125000000        -7.082013136971428E-004
   259.171875000000        -1.056231009147353E-003
   259.385625000000        -1.467485593721897E-003
   259.599375000000        -1.932294497117694E-003
   259.813125000000        -2.441726921548485E-003
   260.026875000000        -2.987930506701770E-003
   260.240625000000        -3.564315761381124E-003
   260.454375000000        -4.165573971784398E-003
   260.668125000000        -4.787530417813076E-003
   260.881875000000        -5.426848580253629E-003
   261.095625000000        -6.080613477312006E-003
   261.309375000000        -6.745832350319998E-003
   261.523125000000        -7.418897873669662E-003
   261.736875000000        -8.095062424349646E-003
   261.950625000000        -8.767971554544628E-003
   262.164375000000        -9.429300819781081E-003
   262.378125000000        -1.006853295930549E-002
   262.591875000000        -1.067290276627982E-002
   262.805625000000        -1.122752563994819E-002
   263.019375000000        -1.171571367083343E-002
   263.233125000000        -1.211947105468810E-002
   263.446875000000        -1.242014945812365E-002
   263.660625000000        -1.259923432019701E-002
   263.874375000000        -1.263922543616064E-002
   264.088125000000        -1.252456979656336E-002
   264.301875000000        -1.224260161612829E-002
   264.515625000000        -1.178444368359060E-002
   264.729375000000        -1.114582537212209E-002
   264.943125000000        -1.032777557278050E-002
   265.156875000000        -9.337153132457891E-003
   265.370625000000        -8.186982800450049E-003
   265.584375000000        -6.896570980605045E-003
   265.798125000000        -5.491382591526885E-003
   266.011875000000        -4.002667971781591E-003
   266.225625000000        -2.466837000561914E-003
   266.439375000000        -9.245864263839890E-004
   266.653125000000         5.802042267402802E-004
   266.866875000000         2.001782976251225E-003
   267.080625000000         3.294006646414277E-003
   267.294375000000         4.411947825771871E-003
   267.508125000000         5.313572848964165E-003
   267.721875000000         5.961427893026248E-003
   267.935625000000         6.324263888699463E-003
   268.149375000000         6.378527120864863E-003
   268.363125000000         6.109641794712060E-003
   268.576875000000         5.513014018063301E-003
   268.790625000000         4.594693937681842E-003
   269.004375000000         3.371644245302921E-003
   269.218125000000         1.871578703532978E-003
   269.431875000000         1.323531688368714E-004
   269.645625000000        -1.799087073246465E-003
   269.859375000000        -3.868177152991390E-003
   270.073125000000        -6.014570444361415E-003
   270.286875000000        -8.174273954748124E-003
   270.500625000000        -1.028199255152832E-002
   270.714375000000        -1.227357924569899E-002
   270.928125000000        -1.408848003866711E-002
   271.141875000000        -1.567205922189613E-002
   271.355625000000        -1.697769485318643E-002
   271.569375000000        -1.796854432770370E-002
   271.783125000000        -1.861889598166647E-002
   271.996875000000        -1.891504356763611E-002
   272.210625000000        -1.885564493806665E-002
   272.424375000000        -1.845155284025390E-002
   272.638125000000        -1.772513270583680E-002
   272.851875000000        -1.670910805380186E-002
   273.065625000000        -1.544499707978632E-002
   273.279375000000        -1.398122286828488E-002
   273.493125000000        -1.237099344734590E-002
   273.706875000000        -1.067005599274117E-002
   273.920625000000        -8.934431667653897E-003
   274.134375000000        -7.218234036281969E-003
   274.348125000000        -5.571665252703951E-003
   274.561875000000        -4.039271128311909E-003
   274.775625000000        -2.658519758599457E-003
   274.989375000000        -1.458749795128567E-003
   275.203125000000        -4.605148555539880E-004
   275.416875000000         3.246689143309806E-004
   275.630625000000         8.941834975110405E-004
   275.844375000000         1.253805745055645E-003
   276.058125000000         1.416882070663661E-003
   276.271875000000         1.403234121394180E-003
   276.485625000000         1.237856550788770E-003
   276.699375000000         9.494730679873503E-004
   276.913125000000         5.690190384911582E-004
   277.126875000000         1.281182678820178E-004
   277.340625000000        -3.423815425789194E-004
   277.554375000000        -8.137555502984320E-004
   277.768125000000        -1.260578941595231E-003
   277.981875000000        -1.661691724197443E-003
   278.195625000000        -2.000918737657295E-003
   278.409375000000        -2.267523941917858E-003
   278.623125000000        -2.456390225433753E-003
   278.836875000000        -2.567928452490923E-003
   279.050625000000        -2.607731756956244E-003
   279.264375000000        -2.586002636221199E-003
   279.478125000000        -2.516790612501352E-003
   279.691875000000        -2.417086511665580E-003
   279.905625000000        -2.305825209506936E-003
   280.119375000000        -2.202851560798323E-003
   280.333125000000        -2.127903866936375E-003
   280.546875000000        -2.099665574568311E-003
   280.760625000000        -2.134929099400159E-003
   280.974375000000        -2.247906167417578E-003
   281.188125000000        -2.449707539907445E-003
   281.401875000000        -2.748002325844583E-003
   281.615625000000        -3.146854310428520E-003
   281.829375000000        -3.646720914541634E-003
   282.043125000000        -4.244590563682587E-003
   282.256875000000        -4.934227242508481E-003
   282.470625000000        -5.706487442231321E-003
   282.684375000000        -6.549674842827584E-003
   282.898125000000        -7.449901809070221E-003
   283.111875000000        -8.391433642920007E-003
   283.325625000000        -9.357000712046147E-003
   283.539375000000        -1.032807399186243E-002
   283.753125000000        -1.128510999077088E-002
   283.966875000000        -1.220778022622394E-002
   284.180625000000        -1.307520724626686E-002
   284.394375000000        -1.386623275126834E-002
   284.608125000000        -1.455974311260334E-002
   284.821875000000        -1.513507337264139E-002
   285.035625000000        -1.557250294675301E-002
   285.249375000000        -1.585384545339453E-002
   285.463125000000        -1.596312244090942E-002
   285.676875000000        -1.588729756759694E-002
   285.890625000000        -1.561703543714804E-002
   286.104375000000        -1.514743916294093E-002
   286.318125000000        -1.447871401157303E-002
   286.531875000000        -1.361670202484171E-002
   286.745625000000        -1.257323480232355E-002
   286.959375000000        -1.136625865376537E-002
   287.173125000000        -1.001969765977255E-002
   287.386875000000        -8.563034964273492E-003
   287.600625000000        -7.030609700266146E-003
   287.814375000000        -5.460644961154018E-003
   288.028125000000        -3.894039750762924E-003
   288.241875000000        -2.372973526668284E-003
   288.455625000000        -9.393846404328175E-004
   288.669375000000         3.666071867911957E-004
   288.883125000000         1.508259743443363E-003
   289.096875000000         2.453673980361119E-003
   289.310625000000         3.177096167652937E-003
   289.524375000000         3.659994362830291E-003
   289.738125000000         3.891858099601811E-003
   289.951875000000         3.870683465578177E-003
   290.165625000000         3.603120249309401E-003
   290.379375000000         3.104272749798639E-003
   290.593125000000         2.397160418661677E-003
   290.806875000000         1.511858167508817E-003
   291.020625000000         4.843485126729000E-004
   291.234375000000        -6.448715040033618E-004
   291.448125000000        -1.832376611183031E-003
   291.661875000000        -3.033533490100714E-003
   291.875625000000        -4.204289951496481E-003
   292.089375000000        -5.302964454239469E-003
   292.303125000000        -6.291965433091548E-003
   292.516875000000        -7.139370052847047E-003
   292.730625000000        -7.820294386029247E-003
   292.944375000000        -8.317991848476220E-003
   293.158125000000        -8.624624229459582E-003
   293.371875000000        -8.741659953878461E-003
   293.585625000000        -8.679867314817695E-003
   293.799375000000        -8.458886133240924E-003
   294.013125000000        -8.106379235671011E-003
   294.226875000000        -7.656784652639879E-003
   294.440625000000        -7.149709666677433E-003
   294.654375000000        -6.628027724797271E-003
   294.868125000000        -6.135757593442136E-003
   295.081875000000        -5.715819741255304E-003
   295.295625000000        -5.407776598928766E-003
   295.509375000000        -5.245670020508856E-003
   295.723125000000        -5.256070148153507E-003
   295.936875000000        -5.456444470870446E-003
   296.150625000000        -5.853944052932859E-003
   296.364375000000        -6.444685986200150E-003
   296.578125000000        -7.213587804173843E-003
   296.791875000000        -8.134781984258335E-003
   297.005625000000        -9.172608190712276E-003
   297.219375000000        -1.028314925767094E-002
   297.433125000000        -1.141624591303810E-002
   297.646875000000        -1.251789676995181E-002
   297.860625000000        -1.353292595012975E-002
   298.074375000000        -1.440778244073342E-002
   298.288125000000        -1.509332420604497E-002
   298.501875000000        -1.554743706502632E-002
   298.715625000000        -1.573734383198721E-002
   298.929375000000        -1.564147312505717E-002
   299.143125000000        -1.525077898948010E-002
   299.356875000000        -1.456943098298634E-002
   299.570625000000        -1.361482811257152E-002
   299.784375000000        -1.241692712038241E-002
   299.998125000000        -1.101691396023332E-002
   300.211875000000        -9.465284622861008E-003
   300.425625000000        -7.819435498815879E-003
   300.639375000000        -6.140892099389330E-003
   300.853125000000        -4.492326357003574E-003
   301.066875000000        -2.934525472980612E-003
   301.280625000000        -1.523478459323353E-003
   301.494375000000        -3.077398043171285E-004
   301.708125000000         6.737866238363678E-004
   301.921875000000         1.393525315378520E-003
   302.135625000000         1.836282552310738E-003
   302.349375000000         1.999626946708328E-003
   302.563125000000         1.893588669136142E-003
   302.776875000000         1.539709361500286E-003
   302.990625000000         9.695127456547819E-004
   303.204375000000         2.224990789878754E-004
   303.418125000000        -6.562072924777641E-004
   303.631875000000        -1.618410655205241E-003
   303.845625000000        -2.615442708184243E-003
   304.059375000000        -3.600655761662430E-003
   304.273125000000        -4.531671091409195E-003
   304.486875000000        -5.372264295744140E-003
   304.700625000000        -6.093797648697006E-003
   304.914375000000        -6.676142429675409E-003
   305.128125000000        -7.108069519643245E-003
   305.341875000000        -7.387121546827132E-003
   305.555625000000        -7.519011995256590E-003
   305.769375000000        -7.516623711191765E-003
   305.983125000000        -7.398699391896408E-003
   306.196875000000        -7.188328775947606E-003
   306.410625000000        -6.911340937350840E-003
   306.624375000000        -6.594705605394813E-003
   306.838125000000        -6.265035755358357E-003
   307.051875000000        -5.947266378445099E-003
   307.265625000000        -5.663563287598036E-003
   307.479375000000        -5.432493204469598E-003
   307.693125000000        -5.268464352513463E-003
   307.906875000000        -5.181427287582677E-003
   308.120625000000        -5.176810266756645E-003
   308.334375000000        -5.255653085754102E-003
   308.548125000000        -5.414898383998831E-003
   308.761875000000        -5.647799672398762E-003
   308.975625000000        -5.944409956727096E-003
   309.189375000000        -6.292122529328478E-003
   309.403125000000        -6.676244717787183E-003
   309.616875000000        -7.080594457444788E-003
   309.830625000000        -7.488116959471492E-003
   310.044375000000        -7.881523249542763E-003
   310.258125000000        -8.243953185538104E-003
   310.471875000000        -8.559662513149132E-003
   310.685625000000        -8.814726957382193E-003
   310.899375000000        -8.997747189412819E-003
   311.113125000000        -9.100528099213303E-003
   311.326875000000        -9.118695762028839E-003
   311.540625000000        -9.052207499414997E-003
   311.754375000000        -8.905706050922089E-003
   311.968125000000        -8.688669298360218E-003
   312.181875000000        -8.415312924909941E-003
   312.395625000000        -8.104214938126516E-003
   312.609375000000        -7.777647579486064E-003
   312.823125000000        -7.460622606950483E-003
   313.036875000000        -7.179678583269927E-003
   313.250625000000        -6.961461597844403E-003
   313.464375000000        -6.831171621634526E-003
   313.678125000000        -6.810963357340549E-003
   313.891875000000        -6.918401221146810E-003
   314.105625000000        -7.165071692160821E-003
   314.319375000000        -7.555452036912940E-003
   314.533125000000        -8.086122407276884E-003
   314.746875000000        -8.745389270846763E-003
   314.960625000000        -9.513363442292772E-003
   315.174375000000        -1.036250751648200E-002
   315.388125000000        -1.125863744748777E-002
   315.601875000000        -1.216233366846285E-002
   315.815625000000        -1.303069070093344E-002
   316.029375000000        -1.381931256172949E-002
   316.243125000000        -1.448444589978552E-002
   316.456875000000        -1.498513459451521E-002
   316.670625000000        -1.528527884226616E-002
   316.884375000000        -1.535548829052779E-002
   317.098125000000        -1.517463178356566E-002
   317.311875000000        -1.473100458659921E-002
   317.525625000000        -1.402305611517380E-002
   317.739375000000        -1.305964563735964E-002
   317.953125000000        -1.185981856658950E-002
   318.166875000000        -1.045212036618550E-002
   318.380625000000        -8.873487487687870E-003
   318.594375000000        -7.167774161422316E-003
   318.808125000000        -5.383989518903066E-003
   319.021875000000        -3.574330986434535E-003
   319.235625000000        -1.792106918110008E-003
   319.449375000000        -8.964400366644098E-005
   319.663125000000         1.483726778484535E-003
   319.876875000000         2.883517734283976E-003
   320.090625000000         4.071687181921690E-003
   320.304375000000         5.017931782778889E-003
   320.518125000000         5.700618457519479E-003
   320.731875000000         6.107323473511689E-003
   320.945625000000         6.234965219626509E-003
   321.159375000000         6.089536600949637E-003
   321.373125000000         5.685461973777646E-003
   321.586875000000         5.044621144364827E-003
   321.800625000000         4.195098228419790E-003
   322.014375000000         3.169725244178241E-003
   322.228125000000         2.004498470856132E-003
   322.441875000000         7.369493467325032E-004
   322.655625000000        -5.954492143941553E-004
   322.869375000000        -1.956765648371692E-003
   323.083125000000        -3.313915829020859E-003
   323.296875000000        -4.637739502122872E-003
   323.510625000000        -5.903809536699563E-003
   323.724375000000        -7.092953146431630E-003
   323.938125000000        -8.191481009022587E-003
   324.151875000000        -9.191135930206713E-003
   324.365625000000        -1.008878636659806E-002
   324.579375000000        -1.088590098528830E-002
   324.793125000000        -1.158784804857647E-002
   325.006875000000        -1.220306764722436E-002
   325.220625000000        -1.274216585591629E-002
   325.434375000000        -1.321697820337691E-002
   325.648125000000        -1.363964607297011E-002
   325.861875000000        -1.402174449892523E-002
   326.075625000000        -1.437349400304039E-002
   326.289375000000        -1.470308322168189E-002
   326.503125000000        -1.501612351813122E-002
   326.716875000000        -1.531525175744182E-002
   326.930625000000        -1.559989291652811E-002
   327.144375000000        -1.586619000256397E-002
   327.358125000000        -1.610710452971565E-002
   327.571875000000        -1.631268619627751E-002
   327.785625000000        -1.647050510999935E-002
   327.999375000000        -1.656623377324733E-002
   328.213125000000        -1.658435911617163E-002
   328.426875000000        -1.650899745148838E-002
   328.640625000000        -1.632477784904407E-002
   328.854375000000        -1.601775280828946E-002
   329.068125000000        -1.557629006111083E-002
   329.281875000000        -1.499189667922730E-002
   329.495625000000        -1.425992707732590E-002
   329.709375000000        -1.338013044391770E-002
   329.923125000000        -1.235700071442281E-002
   330.136875000000        -1.119990315702270E-002
   330.350625000000        -9.922965307982408E-003
   330.564375000000        -8.544735352127393E-003
   330.778125000000        -7.087626813725165E-003
   330.991875000000        -5.577183183991460E-003
   331.205625000000        -4.041208460262444E-003
   331.419375000000        -2.508818279814159E-003
   331.633125000000        -1.009470490717117E-003
   331.846875000000         4.279668586316585E-004
   332.060625000000         1.776057977681135E-003
   332.274375000000         3.009510391569429E-003
   332.488125000000         4.105726454002071E-003
   332.701875000000         5.045182903781931E-003
   332.915625000000         5.811642206431069E-003
   333.129375000000         6.392214335727216E-003
   333.343125000000         6.777299797571919E-003
   333.556875000000         6.960452854928090E-003
   333.770625000000         6.938207288424371E-003
   333.984375000000         6.709905356664247E-003
   334.198125000000         6.277564188929106E-003
   334.411875000000         5.645803454660278E-003
   334.625625000000         4.821845039792770E-003
   334.839375000000         3.815581139673798E-003
   335.053125000000         2.639693291946888E-003
   335.266875000000         1.309792999973513E-003
   335.480625000000        -1.554539142766776E-004
   335.694375000000        -1.734261267074953E-003
   335.908125000000        -3.401756166001933E-003
   336.121875000000        -5.130148285511519E-003
   336.335625000000        -6.889060955751560E-003
   336.549375000000        -8.646037218574470E-003
   336.763125000000        -1.036721896942588E-002
   336.976875000000        -1.201818175686188E-002
   337.190625000000        -1.356489326327078E-002
   337.404375000000        -1.497475131818182E-002
   337.618125000000        -1.621764860662901E-002
   337.831875000000        -1.726700676459324E-002
   338.045625000000        -1.810072260667811E-002
   338.259375000000        -1.870197367342868E-002
   338.473125000000        -1.905983858073408E-002
   338.686875000000        -1.916969894144899E-002
   338.900625000000        -1.903340283349781E-002
   339.114375000000        -1.865918374037757E-002
   339.328125000000        -1.806134245192357E-002
   339.541875000000        -1.725971159110143E-002
   339.755625000000        -1.627893246118018E-002
   339.969375000000        -1.514758130380746E-002
   340.183125000000        -1.389718663741295E-002
