  -1.60312500000000         3.703811814384114E-024
  -1.38937500000000        -1.245805883421838E-022
  -1.17562500000000        -1.281363438304813E-021
 -0.961875000000000        -7.559203949657558E-021
 -0.748125000000000        -3.434156656305120E-020
 -0.534375000000000        -1.301917743165360E-019
 -0.320625000000000        -4.259247864083138E-019
 -0.106875000000000        -1.226956662823165E-018
  0.106875000000000        -3.161048437142961E-018
  0.320625000000000        -7.384176818127895E-018
  0.534375000000000        -1.583561340066297E-017
  0.748125000000000        -3.152290474890343E-017
  0.961875000000000        -5.880395112097120E-017
   1.17562500000000        -1.036224246308553E-016
   1.38937500000000        -1.736339900638843E-016
   1.60312500000000        -2.781699574942151E-016
   1.81687500000000        -4.279877852442609E-016
   2.03062500000000        -6.347837193161326E-016
   2.24437500000000        -9.104739567140057E-016
   2.45812500000000        -1.266294438492043E-015
   2.67187500000000        -1.711775530880251E-015
   2.88562500000000        -2.253745634300018E-015
   3.09937500000000        -2.895429832798383E-015
   3.31312500000000        -3.635809774798788E-015
   3.52687500000000        -4.469361505599453E-015
   3.74062500000000        -5.386166280111759E-015
   3.95437500000000        -6.372464509669897E-015
   4.16812500000000        -7.411568762328762E-015
   4.38187500000000        -8.485030609982019E-015
   4.59562500000000        -9.573875919556181E-015
   4.80937500000000        -1.065974996113107E-014
   5.02312500000000        -1.172583231781679E-014
   5.23687500000000        -1.275739447344054E-014
   5.45062500000000        -1.374199659379692E-014
   5.66437500000000        -1.466933115345947E-014
   5.87812500000000        -1.553090157276719E-014
   6.09187500000000        -1.631968817051941E-014
   6.30562500000000        -1.702996349914570E-014
   6.51937500000000        -1.765752572658941E-014
   6.73312500000000        -1.820032561869996E-014
   6.94687500000000        -1.865951596778076E-014
   7.16062500000000        -1.904075573921886E-014
   7.37437500000000        -1.935555048173428E-014
   7.58812500000000        -1.962228875402103E-014
   7.80187500000000        -1.986662022063606E-014
   8.01562500000000        -2.012094308703417E-014
   8.22937500000000        -2.042283126856890E-014
   8.44312500000000        -2.081247559154868E-014
   8.65687500000000        -2.132934168321017E-014
   8.87062500000000        -2.200849576169614E-014
   9.08437500000000        -2.287704592581977E-014
   9.29812500000000        -2.395129661676318E-014
   9.51187500000000        -2.523514298007664E-014
   9.72562500000000        -2.671994951730145E-014
   9.93937500000000        -2.838607997018172E-014
   10.1531250000000        -3.020590204308718E-014
   10.3668750000000        -3.214777860470139E-014
   10.5806250000000        -3.418050238070431E-014
   10.7943750000000        -3.627751892524849E-014
   11.0081250000000        -3.842020507014045E-014
   11.2218750000000        -4.059973463663280E-014
   11.4356250000000        -4.281730534496388E-014
   11.6493750000000        -4.508276967177034E-014
   11.8631250000000        -4.741195145354412E-014
   12.0768750000000        -4.982326771664140E-014
   12.2906250000000        -5.233433317914852E-014
   12.5043750000000        -5.495913099005090E-014
   12.7181250000000        -5.770637606587653E-014
   12.9318750000000        -6.057930858204561E-014
   13.1456250000000        -6.357688027321330E-014
   13.3593750000000        -6.669605763584440E-014
   13.5731250000000        -6.993466461668165E-014
   13.7868750000000        -7.329415800275403E-014
   14.0006250000000        -7.678164425608819E-014
   14.2143750000000        -8.041064043620783E-014
   14.4281250000000        -8.420038763472014E-014
   14.6418750000000        -8.817369547136864E-014
   14.8556250000000        -9.235368393823143E-014
   15.0693750000000        -9.676004300519031E-014
   15.2831250000000        -1.014054821607587E-013
   15.4968750000000        -1.062930081323031E-013
   15.7106250000000        -1.114146384702250E-013
   15.9243750000000        -1.167517725373669E-013
   16.1381250000000        -1.222771868285489E-013
   16.3518750000000        -1.279584307048884E-013
   16.5656250000000        -1.337619740166219E-013
   16.7793750000000        -1.396574113533605E-013
   16.9931250000000        -1.456210771230262E-013
   17.2068750000000        -1.516384598196201E-013
   17.4206250000000        -1.577050950906374E-013
   17.6343750000000        -1.638258427940478E-013
   17.8481250000000        -1.700126734480079E-013
   18.0618750000000        -1.762814649101091E-013
   18.2756250000000        -1.826483717159766E-013
   18.4893750000000        -1.891263037343057E-013
   18.7031250000000        -1.957221054938469E-013
   18.9168750000000        -2.024348373563832E-013
   19.1306250000000        -2.092553413498828E-013
   19.3443750000000        -2.161670755704230E-013
   19.5581250000000        -2.231480720288104E-013
   19.7718750000000        -2.301736758764164E-013
   19.9856250000000        -2.372196770491219E-013
   20.1993750000000        -2.442654613614029E-013
   20.4131250000000        -2.512968319824346E-013
   20.6268750000000        -2.583082295841985E-013
   20.8406250000000        -2.653041954361765E-013
   21.0543750000000        -2.722999594513554E-013
   21.2681250000000        -2.793211036889968E-013
   21.4818750000000        -2.864024270874057E-013
   21.6956250000000        -2.935860124421098E-013
   21.9093750000000        -3.009186232980753E-013
   22.1231250000000        -3.084486138864303E-013
   22.3368750000000        -3.162225768642477E-013
   22.5506250000000        -3.242819813270319E-013
   22.7643750000000        -3.326601106318376E-013
   22.9781250000000        -3.413796433161576E-013
   23.1918750000000        -3.504511177035576E-013
   23.4056250000000        -3.598725918913032E-013
   23.6193750000000        -3.696305451694730E-013
   23.8331250000000        -3.797019388052390E-013
   24.0468750000000        -3.900572925230812E-013
   24.2606250000000        -4.006643745604176E-013
   24.4743750000000        -4.114920152272906E-013
   24.6881250000000        -4.225135979095725E-013
   24.9018750000000        -4.337097052711944E-013
   25.1156250000000        -4.450696393127806E-013
   25.3293750000000        -4.565917145865155E-013
   25.5431250000000        -4.682823220489743E-013
   25.7568750000000        -4.801540918972563E-013
   25.9706250000000        -4.922236264490875E-013
   26.1843750000000        -5.045092283645584E-013
   26.3981250000000        -5.170291403822600E-013
   26.6118750000000        -5.298006634715509E-013
   26.8256250000000        -5.428402401564850E-013
   27.0393750000000        -5.561644357349211E-013
   27.2531250000000        -5.697915340764216E-013
   27.4668750000000        -5.837432453651757E-013
   27.6806250000000        -5.980459693871209E-013
   27.8943750000000        -6.127311421021860E-013
   28.1081250000000        -6.278343022502108E-013
   28.3218750000000        -6.433927389888914E-013
   28.5356250000000        -6.594418770698638E-013
   28.7493750000000        -6.760108074106756E-013
   28.9631250000000        -6.931176011691772E-013
   29.1768750000000        -7.107651985518656E-013
   29.3906250000000        -7.289385228298868E-013
   29.6043750000000        -7.476034442140096E-013
   29.8181250000000        -7.667080122382553E-013
   30.0318750000000        -7.861858952833756E-013
   30.2456250000000        -8.059617691158770E-013
   30.4593750000000        -8.259581201298223E-013
   30.6731250000000        -8.461025242529570E-013
   30.8868750000000        -8.663345713186182E-013
   31.1006250000000        -8.866114974034096E-013
   31.3143750000000        -9.069117742355043E-013
   31.5281250000000        -9.272362632990236E-013
   31.7418750000000        -9.476067280886853E-013
   31.9556250000000        -9.680619385280408E-013
   32.1693750000000        -9.886519555174461E-013
   32.3831250000000        -1.009431357348112E-012
   32.5968750000000        -1.030452297124066E-012
   32.8106250000000        -1.051758366559115E-012
   33.0243750000000        -1.073380031253194E-012
   33.2381250000000        -1.095332168588282E-012
   33.4518750000000        -1.117613971409028E-012
   33.6656250000000        -1.140211105786281E-012
   33.8793750000000        -1.163099706152895E-012
   34.0931250000000        -1.186251487582165E-012
   34.3068750000000        -1.209639199748621E-012
   34.5206250000000        -1.233241558973021E-012
   34.7343750000000        -1.257046896338450E-012
   34.9481250000000        -1.281055054934862E-012
   35.1618750000000        -1.305277308125161E-012
   35.3756250000000        -1.329734419658970E-012
   35.5893750000000        -1.354453327362757E-012
   35.8031250000000        -1.379463089852506E-012
   36.0168750000000        -1.404790888854647E-012
   36.2306250000000        -1.430458849247989E-012
   36.4443750000000        -1.456482278646165E-012
   36.6581250000000        -1.482869635599719E-012
   36.8718750000000        -1.509624176358503E-012
   37.0856250000000        -1.536746963715063E-012
   37.2993750000000        -1.564240539838408E-012
   37.5131250000000        -1.592112508562553E-012
   37.7268750000000        -1.620378175172187E-012
   37.9406250000000        -1.649061589861924E-012
   38.1543750000000        -1.678194703895345E-012
   38.3681250000000        -1.707814590477700E-012
   38.5818750000000        -1.737959192591092E-012
   38.7956250000000        -1.768662295860712E-012
   39.0093750000000        -1.799948675993659E-012
   39.2231250000000        -1.831830396660309E-012
   39.4368750000000        -1.864304948212223E-012
   39.6506250000000        -1.897355758793824E-012
   39.8643750000000        -1.930954930141747E-012
   40.0781250000000        -1.965067767338114E-012
   40.2918750000000        -1.999658291813523E-012
   40.5056250000000        -2.034694599950692E-012
   40.7193750000000        -2.070153059446072E-012
   40.9331250000000        -2.106020468414754E-012
   41.1468750000000        -2.142293896945374E-012
   41.3606250000000        -2.178978249644060E-012
   41.5743750000000        -2.216082296499093E-012
   41.7881250000000        -2.253614355811020E-012
   42.0018750000000        -2.291578806025981E-012
   42.2156250000000        -2.329974699542296E-012
   42.4293750000000        -2.368797302511882E-012
   42.6431250000000        -2.408042663469825E-012
   42.8568750000000        -2.447714516492295E-012
   43.0706250000000        -2.487832154277244E-012
   43.2843750000000        -2.528437253368980E-012
   43.4981250000000        -2.569597416619616E-012
   43.7118750000000        -2.611404425869178E-012
   43.9256250000000        -2.653965950684649E-012
   44.1393750000000        -2.697390497024771E-012
   44.3531250000000        -2.741766810497084E-012
   44.5668750000000        -2.787140412518600E-012
   44.7806250000000        -2.833491002035501E-012
   44.9943750000000        -2.880715278304158E-012
   45.2081250000000        -2.928619682016153E-012
   45.4218750000000        -2.976926721201625E-012
   45.6356250000000        -3.025296947483792E-012
   45.8493750000000        -3.073366322690153E-012
   46.0631250000000        -3.120796080129509E-012
   46.2768750000000        -3.167329547687147E-012
   46.4906250000000        -3.212848152653794E-012
   46.7043750000000        -3.257417509024609E-012
   46.9181250000000        -3.301314444781548E-012
   47.1318750000000        -3.345027105506423E-012
   47.3456250000000        -3.389223068775628E-012
   47.5593750000000        -3.434684483706500E-012
   47.7731250000000        -3.482214068632628E-012
   47.9868750000000        -3.532520896443237E-012
   48.2006250000000        -3.586099461101398E-012
   48.4143750000000        -3.643118816254935E-012
   48.6281250000000        -3.703339872921158E-012
   48.8418750000000        -3.766077847389712E-012
   49.0556250000000        -3.830223069879272E-012
   49.2693750000000        -3.894327016462554E-012
   49.4831250000000        -3.956752138527372E-012
   49.6968750000000        -4.015874496640265E-012
   49.9106250000000        -4.070319090092424E-012
   50.1243750000000        -4.119199624152783E-012
   50.3381250000000        -4.162329293354519E-012
   50.5518750000000        -4.200368132771875E-012
   50.7656250000000        -4.234875730990308E-012
   50.9793750000000        -4.268246706105603E-012
   51.1931250000000        -4.303519239785869E-012
   51.4068750000000        -4.344063229434476E-012
   51.6206250000000        -4.393172506190943E-012
   51.8343750000000        -4.453602712763415E-012
   52.0481250000000        -4.527110376805631E-012
   52.2618750000000        -4.614057037513891E-012
   52.4756250000000        -4.713142824363660E-012
   52.6893750000000        -4.821325694110887E-012
   52.9031250000000        -4.933965403798820E-012
   53.1168750000000        -5.045205951197665E-012
   53.3306250000000        -5.148579634535618E-012
   53.5443750000000        -5.237783075019981E-012
   53.7581250000000        -5.307544854060399E-012
   53.9718750000000        -5.354480472826498E-012
   54.1856250000000        -5.377817234905007E-012
   54.3993750000000        -5.379872932680603E-012
   54.6131250000000        -5.366189320960424E-012
   54.8268750000000        -5.345254415245090E-012
   55.0406250000000        -5.327794090653060E-012
   55.2543750000000        -5.325668816237717E-012
   55.4681250000000        -5.350469298565977E-012
   55.6818750000000        -5.411957620878024E-012
   55.8956250000000        -5.516540560747621E-012
   56.1093750000000        -5.665981890265148E-012
   56.3231250000000        -5.856555475958635E-012
   56.5368750000000        -6.078808237512628E-012
   56.7506250000000        -6.318042647048887E-012
   56.9643750000000        -6.555546858989608E-012
   57.1781250000000        -6.770505255730690E-012
   57.3918750000000        -6.942423913141851E-012
   57.6056250000000        -7.053817198145888E-012
   57.8193750000000        -7.092836607222942E-012
   58.0331250000000        -7.055491731508105E-012
   58.2468750000000        -6.947124870332433E-012
   58.4606250000000        -6.782858238572545E-012
   58.6743750000000        -6.586833751299873E-012
   58.8881250000000        -6.390201851856419E-012
   59.1018750000000        -6.227973540785780E-012
   59.3156250000000        -6.135010583640620E-012
   59.5293750000000        -6.141571886207102E-012
   59.7431250000000        -6.268938637831754E-012
   59.9568750000000        -6.525688949873415E-012
   60.1706250000000        -6.905172032337445E-012
   60.3843750000000        -7.384637766891999E-012
   60.5981250000000        -7.926314107960284E-012
   60.8118750000000        -8.480506087256459E-012
   61.0256250000000        -8.990538705408687E-012
   61.2393750000000        -9.399111162516190E-012
   61.4531250000000        -9.655404022630678E-012
   61.6668750000000        -9.722116499376952E-012
   61.8806250000000        -9.581535441924204E-012
   62.0943750000000        -9.239769495952363E-012
   62.3081250000000        -8.728428336927453E-012
   62.5218750000000        -8.103279828650287E-012
   62.7356250000000        -7.439755835187984E-012
   62.9493750000000        -6.825565098890214E-012
   63.1631250000000        -6.351063670331565E-012
   63.3768750000000        -6.098380417886969E-012
   63.5906250000000        -6.130547779748885E-012
   63.8043750000000        -6.482004846942511E-012
   64.0181250000000        -7.151793162093252E-012
   64.2318750000000        -8.100545700063693E-012
   64.4456250000000        -9.251988294336304E-012
   64.6593750000000        -1.049916416277122E-011
   64.8731250000000        -1.171500994483157E-011
   65.0868750000000        -1.276632346712097E-011
   65.3006250000000        -1.352964492562775E-011
   65.5143750000000        -1.390719788875934E-011
   65.7281250000000        -1.384086579671622E-011
   65.9418750000000        -1.332225514983694E-011
   66.1556250000000        -1.239723147638700E-011
   66.3693750000000        -1.116388883974788E-011
   66.5831250000000        -9.763676676701140E-012
   66.7968750000000        -8.366276735875138E-012
   67.0106250000000        -7.149694854573986E-012
   67.2243750000000        -6.277793696980562E-012
   67.4381250000000        -5.878032187423442E-012
   67.6518750000000        -6.022403548451329E-012
   67.8656250000000        -6.714415184288357E-012
   68.0793750000000        -7.884412624513464E-012
   68.2931250000000        -9.394647717238955E-012
   68.5068750000000        -1.105431005519995E-011
   68.7206250000000        -1.264340764237561E-011
   68.9343750000000        -1.394305748384554E-011
   69.1481250000000        -1.476860534526774E-011
   69.3618750000000        -1.500120698831011E-011
   69.5756250000000        -1.461321376714496E-011
   69.7893750000000        -1.368300718408779E-011
   70.0031250000000        -1.239584761805813E-011
   70.2168750000000        -1.102879241634130E-011
   70.4306250000000        -9.919669414102991E-012
   70.6443750000000        -9.422264468217440E-012
   70.8581250000000        -9.852042960213335E-012
   71.0718750000000        -1.142859528557297E-011
   71.2856250000000        -1.422230007171745E-011
   71.4993750000000        -1.811320121021924E-011
   71.7131250000000        -2.276963420582703E-011
   71.9268750000000        -2.765265334176718E-011
   72.1406250000000        -3.204986361274256E-011
   72.3543750000000        -3.513903488372614E-011
   72.5681250000000        -3.607817047010675E-011
   72.7818750000000        -3.411491086763273E-011
   72.9956250000000        -2.870472207994780E-011
   73.2093750000000        -1.962470015981392E-011
   73.4231250000000        -7.068426109047599E-012
   73.6368750000000         8.292563137625143E-012
   73.8506250000000         2.529329670175576E-011
   74.0643750000000         4.231498716587936E-011
   74.2781250000000         5.738386238502060E-011
   74.4918750000000         6.832726163498060E-011
   74.7056250000000         7.297844288912628E-011
   74.9193750000000         6.941507464161592E-011
   75.1331250000000         5.621075639121392E-011
   75.3468750000000         3.267481609343926E-011
   75.5606250000000        -9.463400915745344E-013
   75.7743750000000        -4.333248110668445E-011
   75.9881250000000        -9.204026136085749E-011
   76.2018750000000        -1.435582818044855E-010
   76.4156250000000        -1.934751247154254E-010
   76.6293750000000        -2.367590112266733E-010
   76.8431250000000        -2.681368729891747E-010
   77.0568750000000        -2.825498537723799E-010
   77.2706250000000        -2.756525867662269E-010
   77.4843750000000        -2.443160170236730E-010
   77.6981250000000        -1.870889124956952E-010
   77.9118750000000        -1.045721700386544E-010
   78.1256250000000         3.370712742874303E-013
   78.3393750000000         1.223676216991859E-010
   78.5531250000000         2.539883200445140E-010
   78.7668750000000         3.857260407072138E-010
   78.9806250000000         5.066840329363456E-010
   79.1943750000000         6.052403999750068E-010
   79.4081250000000         6.698902243874311E-010
   79.6218750000000         6.901801242856388E-010
   79.8356250000000         6.576720995360984E-010
   80.0493750000000         5.668654542798916E-010
   80.2631250000000         4.160021810439745E-010
   80.4768750000000         2.076829858548445E-010
   80.6906250000000        -5.077168884550860E-011
   80.9043750000000        -3.472688896111130E-010
   81.1181250000000        -6.652347655553482E-010
   81.3318750000000        -9.842657285034232E-010
   81.5456250000000        -1.281130580140878E-009
   81.7593750000000        -1.531089880243683E-009
   81.9731250000000        -1.709473790322219E-009
   82.1868750000000        -1.793436302230347E-009
   82.4006250000000        -1.763783772238883E-009
   82.6143750000000        -1.606760575588421E-009
   82.8281250000000        -1.315665860672844E-009
   83.0418750000000        -8.921739466058416E-010
   83.2556250000000        -3.472376609266531E-010
   83.4693750000000         2.985307825113100E-010
   83.6831250000000         1.015083047929046E-009
   83.8968750000000         1.763812316732671E-009
   84.1106250000000         2.499097603463080E-009
   84.3243750000000         3.170484450121538E-009
   84.5381250000000         3.725426745187584E-009
   84.7518750000000         4.112469829652892E-009
   84.9656250000000         4.284713836183093E-009
   85.1793750000000         4.203361450315769E-009
   85.3931250000000         3.841128961469433E-009
   85.6068750000000         3.185286226739730E-009
   85.8206250000000         2.240092080835633E-009
   86.0343750000000         1.028408101758056E-009
   86.2481250000000        -4.076941440413775E-010
   86.4618750000000        -2.007469884088793E-009
   86.6756250000000        -3.693258718654523E-009
   86.8893750000000        -5.373468519163180E-009
   87.1031250000000        -6.946713244686248E-009
   87.3168750000000        -8.306952274959397E-009
   87.5306250000000        -9.349401908995806E-009
   87.7443750000000        -9.976921112969160E-009
   87.9581250000000        -1.010651861071221E-008
   88.1718750000000        -9.675591684325075E-009
   88.3856250000000        -8.647492425297820E-009
   88.5993750000000        -7.016027309508631E-009
   88.8131250000000        -4.808532089456226E-009
   89.0268750000000        -2.087225712649764E-009
   89.2406250000000         1.051367820097915E-009
   89.4543750000000         4.479035858457213E-009
   89.6681250000000         8.040518802557437E-009
   89.8818750000000         1.156003743407960E-008
   90.0956250000000         1.484943975697060E-008
   90.3093750000000         1.771758337778426E-008
   90.5231250000000         1.998046866193505E-008
   90.7368750000000         2.147156213122266E-008
   90.9506250000000         2.205170571732006E-008
   91.1643750000000         2.161800081150961E-008
   91.3781250000000         2.011108964187756E-008
   91.5918750000000         1.752033086505806E-008
   91.8056250000000         1.388647900803695E-008
   92.0193750000000         9.301623191200540E-009
   92.2331250000000         3.906311205382545E-009
   92.4468750000000        -2.116030207427069E-009
   92.6606250000000        -8.547081737234688E-009
   92.8743750000000        -1.514355337787139E-008
   93.0881250000000        -2.164842268619309E-008
   93.3018750000000        -2.780276142309269E-008
   93.5156250000000        -3.335736349225588E-008
   93.7293750000000        -3.808338546682452E-008
   93.9431250000000        -4.178127036859972E-008
   94.1568750000000        -4.428734456723487E-008
   94.3706250000000        -4.547765051744440E-008
   94.5843750000000        -4.526879349023365E-008
   94.7981250000000        -4.361582310532295E-008
   95.0118750000000        -4.050742165007444E-008
   95.2256250000000        -3.595891025109106E-008
   95.4393750000000        -3.000379004365646E-008
   95.6531250000000        -2.268468917843786E-008
   95.8668750000000        -1.404467174900285E-008
   96.0806250000000        -4.119870388249434E-009
   96.2943750000000         7.065674552571794E-009
   96.5081250000000         1.950224757321452E-008
   96.7218750000000         3.319327502328587E-008
   96.9356250000000         4.815053057237690E-008
   97.1493750000000         6.438585973775335E-008
   97.3631250000000         8.189988984855429E-008
   97.5768750000000         1.006685088807117E-007
   97.7906250000000         1.206281672080653E-007
   98.0043750000000         1.416612554466768E-007
   98.2181250000000         1.635829190956626E-007
   98.4318750000000         1.861306732624940E-007
   98.6456250000000         2.089580732008157E-007
   98.8593750000000         2.316334822845528E-007
   99.0731250000000         2.536446707287861E-007
   99.2868750000000         2.744095961044337E-007
   99.5006250000000         2.932932871653082E-007
   99.7143750000000         3.096303067796719E-007
   99.9281250000000         3.227518408561688E-007
   100.141875000000         3.320160804585266E-007
   100.355625000000         3.368402630137290E-007
   100.569375000000         3.367325393703853E-007
   100.783125000000         3.313217529004091E-007
   100.996875000000         3.203832627673337E-007
   101.210625000000         3.038591147256275E-007
   101.424375000000         2.818711492389912E-007
   101.638125000000         2.547260200601423E-007
   101.851875000000         2.229115517376551E-007
   102.065625000000         1.870843620097339E-007
   102.279375000000         1.480491822526106E-007
   102.493125000000         1.067307932626742E-007
   102.706875000000         6.413992376595612E-008
   102.920625000000         2.133480822896691E-008
   103.134375000000        -2.061965246413357E-008
   103.348125000000        -6.069305340621817E-008
   103.561875000000        -9.792888966181768E-008
   103.775625000000        -1.314802347228161E-007
   103.989375000000        -1.606399533864794E-007
   104.203125000000        -1.848640330637337E-007
   104.416875000000        -2.037870170515226E-007
   104.630625000000        -2.172289727133543E-007
   104.844375000000        -2.251938988110514E-007
   105.058125000000        -2.278599408438718E-007
   105.271875000000        -2.255622138246444E-007
   105.485625000000        -2.187694039864953E-007
   105.699375000000        -2.080556143123698E-007
   105.913125000000        -1.940691187806096E-007
   106.126875000000        -1.774997882491269E-007
   106.340625000000        -1.590469448567129E-007
   106.554375000000        -1.393892959676787E-007
   106.768125000000        -1.191584031466845E-007
   106.981875000000        -9.891687153502356E-008
   107.195625000000        -7.914211925624561E-008
   107.409375000000        -6.021622654600722E-008
   107.623125000000        -4.242199266441110E-008
   107.836875000000        -2.594496740755312E-008
   108.050625000000        -1.088089357568509E-008
   108.264375000000         2.752285380369468E-009
   108.478125000000         1.499891830436702E-008
   108.691875000000         2.594785396557162E-008
   108.905625000000         3.571364916945626E-008
   109.119375000000         4.441805779291868E-008
   109.333125000000         5.217300260637424E-008
   109.546875000000         5.906608747839451E-008
   109.760625000000         6.514950823352708E-008
   109.974375000000         7.043297900475079E-008
   110.188125000000         7.488102189295897E-008
   110.401875000000         7.841468639922550E-008
   110.615625000000         8.091748676685903E-008
   110.829375000000         8.224508478520012E-008
   111.043125000000         8.223801628159436E-008
   111.256875000000         8.073657324155748E-008
   111.470625000000         7.759681982548423E-008
   111.684375000000         7.270664646288174E-008
   111.898125000000         6.600075573416232E-008
   112.111875000000         5.747352774204497E-008
   112.325625000000         4.718882865304911E-008
   112.539375000000         3.528599825252908E-008
   112.753125000000         2.198147173773132E-008
   112.966875000000         7.565745791417981E-009
   113.180625000000        -7.604324823205097E-009
   113.394375000000        -2.311763193615521E-008
   113.608125000000        -3.852478024833629E-008
   113.821875000000        -5.335713060238792E-008
   114.035625000000        -6.714793189637962E-008
   114.249375000000        -7.945440321690494E-008
   114.463125000000        -8.987954076835018E-008
   114.676875000000        -9.809240599543655E-008
   114.890625000000        -1.038457036801969E-007
   115.104375000000        -1.069895794192091E-007
   115.318125000000        -1.074807485870779E-007
   115.531875000000        -1.053863041351025E-007
   115.745625000000        -1.008818261211760E-007
   115.959375000000        -9.424371755564759E-008
   116.173125000000        -8.583600370885715E-008
   116.386875000000        -7.609213986018117E-008
   116.600625000000        -6.549266033301544E-008
   116.814375000000        -5.453975523069222E-008
   117.028125000000        -4.373006759342667E-008
   117.241875000000        -3.352715145222757E-008
   117.455625000000        -2.433511114535015E-008
   117.669375000000        -1.647494720874573E-008
   117.883125000000        -1.016505963196370E-008
   118.096875000000        -5.507203704925830E-009
   118.310625000000        -2.478958882964932E-009
   118.524375000000        -9.334627577717110E-010
   118.738125000000        -6.067903426304374E-010
   118.951875000000        -1.132938062352978E-009
   119.165625000000        -2.065921303214366E-009
   119.379375000000        -2.908037611611809E-009
   119.593125000000        -3.142911560812463E-009
   119.806875000000        -2.271550983960738E-009
   120.020625000000         1.506629346965603E-010
   120.234375000000         4.478329817396872E-009
   120.448125000000         1.094407739558185E-008
   120.661875000000         1.963257534400574E-008
   120.875625000000         3.046255961176895E-008
   121.089375000000         4.317853080536575E-008
   121.303125000000         5.735327312636240E-008
   121.516875000000         7.240171240525835E-008
   121.730625000000         8.760592895153978E-008
   121.944375000000         1.021504075254038E-007
   122.158125000000         1.151658922255512E-007
   122.371875000000         1.257795695410731E-007
   122.585625000000         1.331687768413700E-007
   122.799375000000         1.366150683176064E-007
   123.013125000000         1.355552978988172E-007
   123.226875000000         1.296264180425440E-007
   123.440625000000         1.187009488342192E-007
   123.654375000000         1.029105323768222E-007
   123.868125000000         8.265562708358313E-008
   124.081875000000         5.860017635444762E-008
   124.295625000000         3.165095735937543E-008
   124.509375000000         2.922223049838128E-009
   124.723125000000        -2.631286342822006E-008
   124.936875000000        -5.468169370780426E-008
   125.150625000000        -8.077958833847552E-008
   125.364375000000        -1.032415760366469E-007
   125.578125000000        -1.208147582487179E-007
   125.791875000000        -1.324273387631608E-007
   126.005625000000        -1.372505169589036E-007
   126.219375000000        -1.347497727295024E-007
   126.433125000000        -1.247225909063004E-007
   126.646875000000        -1.073203530637071E-007
   126.860625000000        -8.305292723507240E-008
   127.074375000000        -5.277536830847569E-008
   127.288125000000        -1.765705778047491E-008
   127.501875000000         2.086548547329023E-008
   127.715625000000         6.115004686759587E-008
   127.929375000000         1.014215887333410E-007
   128.143125000000         1.398531242638631E-007
   128.356875000000         1.746507221568163E-007
   128.570625000000         2.041385201350354E-007
   128.784375000000         2.268395779943805E-007
   128.998125000000         2.415485612470292E-007
   129.211875000000         2.473926090889108E-007
   129.425625000000         2.438772895217387E-007
   129.639375000000         2.309152545291596E-007
   129.853125000000         2.088360450197218E-007
   130.066875000000         1.783764173122876E-007
   130.280625000000         1.406515234842464E-007
   130.494375000000         9.710822732608568E-008
   130.708125000000         4.946272625381616E-008
   130.921875000000        -3.745695940389222E-010
   131.135625000000        -5.038331806526498E-008
   131.349375000000        -9.852265312951495E-008
   131.563125000000        -1.428214444067284E-007
   131.776875000000        -1.814651060680129E-007
   131.990625000000        -2.128748447967470E-007
   132.204375000000        -2.357756341932239E-007
   132.418125000000        -2.492497841719550E-007
   132.631875000000        -2.527737067522577E-007
   132.845625000000        -2.462363251352698E-007
   133.059375000000        -2.299384870878832E-007
   133.273125000000        -2.045736798548020E-007
   133.486875000000        -1.711912553322683E-007
   133.700625000000        -1.311442162896439E-007
   133.914375000000        -8.602434617258758E-008
   134.128125000000        -3.758805119987039E-008
   134.341875000000         1.232330423121738E-008
   134.555625000000         6.186456962789371E-008
   134.769375000000         1.092654759954218E-007
   134.983125000000         1.529029813145858E-007
   135.196875000000         1.913638694888436E-007
   135.410625000000         2.234947520796390E-007
   135.624375000000         2.484373482631239E-007
   135.838125000000         2.656477597437817E-007
   136.051875000000         2.748993688915908E-007
   136.265625000000         2.762699193058444E-007
   136.479375000000         2.701142341655046E-007
   136.693125000000         2.570248346074072E-007
   136.906875000000         2.377833866178381E-007
   137.120625000000         2.133063859176472E-007
   137.334375000000         1.845887517078805E-007
   137.548125000000         1.526490208842225E-007
   137.761875000000         1.184796090180520E-007
   137.975625000000         8.300514453010858E-008
   138.189375000000         4.705121645312684E-008
   138.403125000000         1.132504797485632E-008
   138.616875000000        -2.359132552750357E-008
   138.830625000000        -5.723576801096641E-008
   139.044375000000        -8.924997955591001E-008
   139.258125000000        -1.193548351267431E-007
   139.471875000000        -1.473199789029643E-007
   139.685625000000        -1.729309881384727E-007
   139.899375000000        -1.959576270362603E-007
   140.113125000000        -2.161266446446759E-007
   140.326875000000        -2.331022318366223E-007
   140.540625000000        -2.464766614348543E-007
   140.754375000000        -2.557728314450726E-007
   140.968125000000        -2.604594689988743E-007
   141.181875000000        -2.599786989967944E-007
   141.395625000000        -2.537846112193102E-007
   141.609375000000        -2.413904501339651E-007
   141.823125000000        -2.224211776058636E-007
   142.036875000000        -1.966674876690861E-007
   142.250625000000        -1.641369400377777E-007
   142.464375000000        -1.250977650862252E-007
   142.678125000000        -8.011109898918848E-008
   142.891875000000        -3.004793445592635E-008
   143.105625000000         2.391210047272882E-008
   143.319375000000         8.030193727663364E-008
   143.533125000000         1.374087535514988E-007
   143.746875000000         1.933352656880499E-007
   143.960625000000         2.460783084508191E-007
   144.174375000000         2.936210169290676E-007
   144.388125000000         3.340337286988391E-007
   144.601875000000         3.655777885258572E-007
   144.815625000000         3.868058468948024E-007
   145.029375000000         3.966520605636701E-007
   145.243125000000         3.945058668001213E-007
   145.456875000000         3.802637218754426E-007
   145.670625000000         3.543543450710154E-007
   145.884375000000         3.177345349093298E-007
   146.098125000000         2.718544362097440E-007
   146.311875000000         2.185931197800277E-007
   146.525625000000         1.601673563649413E-007
   146.739375000000         9.901837784546607E-008
   146.953125000000         3.768307707386694E-008
   147.166875000000        -2.134262942724415E-008
   147.380625000000        -7.573977379130362E-008
   147.594375000000        -1.234929355229638E-007
   147.808125000000        -1.629991585806535E-007
   148.021875000000        -1.931518772123378E-007
   148.235625000000        -2.133940817273735E-007
   148.449375000000        -2.237369400375462E-007
   148.663125000000        -2.247423842598308E-007
   148.876875000000        -2.174706122460457E-007
   149.090625000000        -2.033958655362794E-007
   149.304375000000        -1.842960512112363E-007
   149.518125000000        -1.621236120027152E-007
   149.731875000000        -1.388663795995139E-007
   149.945625000000        -1.164078702428797E-007
   150.159375000000        -9.639654427996477E-008
   150.373125000000        -8.013294632970360E-008
   150.586875000000        -6.848241349653799E-008
   150.800625000000        -6.181927473461711E-008
   151.014375000000        -6.000629259105164E-008
   151.228125000000        -6.241067511181854E-008
   151.441875000000        -6.795548299142757E-008
   151.655625000000        -7.520285073533498E-008
   151.869375000000        -8.246329677285161E-008
   152.083125000000        -8.792366083757991E-008
   152.296875000000        -8.978499104691518E-008
   152.510625000000        -8.640108304665883E-008
   152.724375000000        -7.640838176964448E-008
   152.938125000000        -5.883858153373329E-008
   153.151875000000        -3.320644951251004E-008
   153.365625000000         4.329385332536213E-010
   153.579375000000         4.146134206962332E-008
   153.793125000000         8.871043586789306E-008
   154.006875000000         1.405100824591742E-007
   154.220625000000         1.947688374989383E-007
   154.434375000000         2.490817389119703E-007
   154.648125000000         3.008587892089807E-007
   154.861875000000         3.474663433120835E-007
   155.075625000000         3.863729263493983E-007
   155.289375000000         4.152908572343901E-007
   155.503125000000         4.323054389629082E-007
   155.716875000000         4.359843559779874E-007
   155.930625000000         4.254612229464387E-007
   156.144375000000         4.004888634880184E-007
   156.358125000000         3.614597498333355E-007
   156.571875000000         3.093929834919682E-007
   156.785625000000         2.458891199419466E-007
   156.999375000000         1.730559210576839E-007
   157.213125000000         9.340965548559783E-008
   157.426875000000         9.757777477500354E-009
   157.640625000000        -7.493035887938517E-008
   157.854375000000        -1.576576815418026E-007
   158.068125000000        -2.355314172275712E-007
   158.281875000000        -3.058862859469744E-007
   158.495625000000        -3.663929732655705E-007
   158.709375000000        -4.151470272630043E-007
   158.923125000000        -4.507345886357047E-007
   159.136875000000        -4.722727550987630E-007
   159.350625000000        -4.794238199018568E-007
   159.564375000000        -4.723840266095678E-007
   159.778125000000        -4.518487733709425E-007
   159.991875000000        -4.189573155838065E-007
   160.205625000000        -3.752209053395764E-007
   160.419375000000        -3.224389334375258E-007
   160.633125000000        -2.626079849116485E-007
   160.846875000000        -1.978287775164222E-007
   161.060625000000        -1.302157353103995E-007
   161.274375000000        -6.181348140500977E-008
   161.488125000000         5.476147132066969E-009
   161.701875000000         6.995380479619906E-008
   161.915625000000         1.301672593740814E-007
   162.129375000000         1.849401242796906E-007
   162.343125000000         2.333848757059779E-007
   162.556875000000         2.749012274816001E-007
   162.770625000000         3.091616977401468E-007
   162.984375000000         3.360867790253803E-007
   163.198125000000         3.558124848933167E-007
   163.411875000000         3.686531759342723E-007
   163.625625000000         3.750624696721471E-007
   163.839375000000         3.755947343456911E-007
   164.053125000000         3.708691961682549E-007
   164.266875000000         3.615381077892486E-007
   164.480625000000         3.482597963865478E-007
   164.694375000000         3.316768004810177E-007
   164.908125000000         3.123987789372117E-007
   165.121875000000         2.909894868784379E-007
   165.335625000000         2.679568978587233E-007
   165.549375000000         2.437455247916970E-007
   165.763125000000         2.187301454772881E-007
   165.976875000000         1.932104405832285E-007
   166.190625000000         1.674064511966320E-007
   166.404375000000         1.414551940263032E-007
   166.618125000000         1.154091632278076E-007
   166.831875000000         8.923772964281132E-008
   167.045625000000         6.283256391157762E-008
   167.259375000000         3.601812236702099E-008
   167.473125000000         8.567932772216746E-009
   167.686875000000        -1.977308128392966E-008
   167.900625000000        -4.926064684595578E-008
   168.114375000000        -8.011869627928938E-008
   168.328125000000        -1.125042876731599E-007
   168.541875000000        -1.464723668468622E-007
   168.755625000000        -1.819432743063285E-007
   168.969375000000        -2.186760640000285E-007
   169.183125000000        -2.562505535471278E-007
   169.396875000000        -2.940605547067141E-007
   169.610625000000        -3.313199624922186E-007
   169.824375000000        -3.670823723932949E-007
   170.038125000000        -4.002737400059337E-007
   170.251875000000        -4.297364106784081E-007
   170.465625000000        -4.542817533795213E-007
   170.679375000000        -4.727477539339661E-007
   170.893125000000        -4.840573612916493E-007
   171.106875000000        -4.872732095469769E-007
   171.320625000000        -4.816445911864469E-007
   171.534375000000        -4.666432217249447E-007
   171.748125000000        -4.419853554516594E-007
   171.961875000000        -4.076390890014766E-007
   172.175625000000        -3.638170955751109E-007
   172.389375000000        -3.109564218839661E-007
   172.603125000000        -2.496882042074789E-007
   172.816875000000        -1.808010852337209E-007
   173.030625000000        -1.052026344573398E-007
   173.244375000000        -2.388312769944395E-008
   173.458125000000         6.211438946298404E-008
   173.671875000000         1.517147075620056E-007
   173.885625000000         2.438199216101764E-007
   174.099375000000         3.373074311866566E-007
   174.313125000000         4.310176990305937E-007
   174.526875000000         5.237344669693458E-007
   174.740625000000         6.141613517990409E-007
   174.954375000000         7.008995779809574E-007
   175.168125000000         7.824319437897364E-007
   175.381875000000         8.571179057385459E-007
   175.595625000000         9.232039001692110E-007
   175.809375000000         9.788517542062709E-007
   176.023125000000         1.022186375930036E-006
   176.236875000000         1.051362003108840E-006
   176.450625000000         1.064644307448080E-006
   176.664375000000         1.060503785707189E-006
   176.878125000000         1.037714303386968E-006
   177.091875000000         9.954495512934155E-007
   177.305625000000         9.333696521630476E-007
   177.519375000000         8.516902855231635E-007
   177.733125000000         7.512274983752928E-007
   177.946875000000         6.334127918494497E-007
   178.160625000000         5.002750181367595E-007
   178.374375000000         3.543879384006485E-007
   178.588125000000         1.987847965501424E-007
   178.801875000000         3.684375210536604E-008
   179.015625000000        -1.278497173209849E-007
   179.229375000000        -2.916554762416046E-007
   179.443125000000        -4.510371961599120E-007
   179.656875000000        -6.027167542763127E-007
   179.870625000000        -7.438148156624483E-007
   180.084375000000        -8.719686978788654E-007
   180.298125000000        -9.854201317076323E-007
   180.511875000000        -1.083067594458111E-006
   180.725625000000        -1.164480342346765E-006
   180.939375000000        -1.229873915029932E-006
   181.153125000000        -1.280049523913822E-006
   181.366875000000        -1.316302164937620E-006
   181.580625000000        -1.340304334246319E-006
   181.794375000000        -1.353973723727543E-006
   182.008125000000        -1.359334130396530E-006
   182.221875000000        -1.358378979434747E-006
   182.435625000000        -1.352946341169600E-006
   182.649375000000        -1.344613176810350E-006
   182.863125000000        -1.334614882897510E-006
   183.076875000000        -1.323794163848597E-006
   183.290625000000        -1.312581013624258E-006
   183.504375000000        -1.301003309185538E-006
   183.718125000000        -1.288725383028484E-006
   183.931875000000        -1.275110104098208E-006
   184.145625000000        -1.259298580102269E-006
   184.359375000000        -1.240300685245228E-006
   184.573125000000        -1.217089257560121E-006
   184.786875000000        -1.188690996330065E-006
   185.000625000000        -1.154267777336504E-006
   185.214375000000        -1.113183210290098E-006
   185.428125000000        -1.065050679512191E-006
   185.641875000000        -1.009760709064568E-006
   185.855625000000        -9.474871441334149E-007
   186.069375000000        -8.786732132906159E-007
   186.283125000000        -8.039999175246707E-007
   186.496875000000        -7.243402904175715E-007
   186.710625000000        -6.407038264799009E-007
   186.924375000000        -5.541757495562579E-007
   187.138125000000        -4.658557899771217E-007
   187.351875000000        -3.768007866584937E-007
   187.565625000000        -2.879747824970654E-007
   187.779375000000        -2.002094110502214E-007
   187.993125000000        -1.141763645256851E-007
   188.206875000000        -3.037267705236652E-008
   188.420625000000         5.088146003096226E-008
   188.634375000000         1.294335347957272E-007
   188.848125000000         2.052801080968520E-007
   189.061875000000         2.785411651304578E-007
   189.275625000000         3.494300752695052E-007
   189.489375000000         4.182218091438305E-007
   189.703125000000         4.852218299854308E-007
   189.916875000000         5.507376509182184E-007
   190.130625000000         6.150544833490624E-007
   190.344375000000         6.784157562615642E-007
   190.558125000000         7.410086291767877E-007
   190.771875000000         8.029540191471764E-007
   190.985625000000         8.643001743234111E-007
   191.199375000000         9.250185018356667E-007
   191.413125000000         9.850002286959423E-007
   191.626875000000         1.044052555105467E-006
   191.840625000000         1.101893243500715E-006
   192.054375000000         1.158143047100923E-006
   192.268125000000         1.212315973251973E-006
   192.481875000000         1.263808038970207E-006
   192.695625000000         1.311885838011806E-006
   192.909375000000         1.355676825588101E-006
   193.123125000000         1.394163666141626E-006
   193.336875000000         1.426185218469547E-006
   193.550625000000         1.450446703875170E-006
   193.764375000000         1.465541291102317E-006
   193.978125000000         1.469984735662710E-006
   194.191875000000         1.462263856529458E-006
   194.405625000000         1.440898571761393E-006
   194.619375000000         1.404516021143008E-006
   194.833125000000         1.351934070807191E-006
   195.046875000000         1.282250325113963E-006
   195.260625000000         1.194931770063203E-006
   195.474375000000         1.089899438699144E-006
   195.688125000000         9.676021051704573E-007
   195.901875000000         8.290730397248491E-007
   196.115625000000         6.759643217277553E-007
   196.329375000000         5.105541081767192E-007
   196.543125000000         3.357235529955251E-007
   196.756875000000         1.549016967455510E-007
   196.970625000000        -2.802150180461623E-008
   197.184375000000        -2.088118618659683E-007
   197.398125000000        -3.830333407715292E-007
   197.611875000000        -5.462102214203873E-007
   197.825625000000        -6.940018051663119E-007
   198.039375000000        -8.223812001295192E-007
   198.253125000000        -9.278091870775233E-007
   198.466875000000        -1.007394068365929E-006
   198.680625000000        -1.059028874547859E-006
   198.894375000000        -1.081498295518008E-006
   199.108125000000        -1.074549160469430E-006
   199.321875000000        -1.038920124705805E-006
   199.535625000000        -9.763283185983685E-007
   199.749375000000        -8.894129461438561E-007
   199.963125000000        -7.816380526981159E-007
   200.176875000000        -6.571587815710028E-007
   200.390625000000        -5.206572871392549E-007
   200.604375000000        -3.771559672039015E-007
   200.818125000000        -2.318167438537255E-007
   201.031875000000        -8.973571321451509E-008
   201.245625000000         4.425741660810717E-008
   201.459375000000         1.657860608663359E-007
   201.673125000000         2.710914498296647E-007
   201.886875000000         3.571682611663548E-007
   202.100625000000         4.218656809701137E-007
   202.314375000000         4.639500987372424E-007
   202.528125000000         4.831274798042886E-007
   202.741875000000         4.800253254868100E-007
   202.955625000000         4.561359395001980E-007
   203.169375000000         4.137243912499315E-007
   203.383125000000         3.557060357474566E-007
   203.596875000000         2.854996625846597E-007
   203.810625000000         2.068632622991406E-007
   204.024375000000         1.237199905523411E-007
   204.238125000000         3.998216455744498E-008
   204.451875000000        -4.061895996787448E-008
   204.665625000000        -1.146902998599082E-007
   204.879375000000        -1.793143388000170E-007
   205.093125000000        -2.321612048357003E-007
   205.306875000000        -2.715710714329797E-007
   205.520625000000        -2.966039452772153E-007
   205.734375000000        -3.070554471609733E-007
   205.948125000000        -3.034387852841869E-007
   206.161875000000        -2.869346872889294E-007
   206.375625000000        -2.593125203536308E-007
   206.589375000000        -2.228271117615273E-007
   206.803125000000        -1.800968165852630E-007
   207.016875000000        -1.339691076516305E-007
   207.230625000000        -8.738034593374298E-008
   207.444375000000        -4.321640822540820E-008
   207.658125000000        -4.180508453980967E-009
   207.871875000000         2.732612098072849E-008
   208.085625000000         4.930596781680483E-008
   208.299375000000         6.024582840081532E-008
   208.513125000000         5.917394258189042E-008
   208.726875000000         4.569266146262206E-008
   208.940625000000         1.998685578109094E-008
   209.154375000000        -1.719065593189737E-008
   209.368125000000        -6.455452225237201E-008
   209.581875000000        -1.203403742239546E-007
   209.795625000000        -1.823733573059378E-007
   210.009375000000        -2.481485022080650E-007
   210.223125000000        -3.149198682513714E-007
   210.436875000000        -3.797956472317676E-007
   210.650625000000        -4.398367392276187E-007
   210.864375000000        -4.921566285754284E-007
   211.078125000000        -5.340206307989723E-007
   211.291875000000        -5.629426997400158E-007
   211.505625000000        -5.767779536501021E-007
   211.719375000000        -5.738089040477077E-007
   211.933125000000        -5.528230861091376E-007
   212.146875000000        -5.131794551032855E-007
   212.360625000000        -4.548606100521438E-007
   212.574375000000        -3.785077226434290E-007
   212.788125000000        -2.854350727095289E-007
   213.001875000000        -1.776213921331361E-007
   213.215625000000        -5.767584087948214E-008
   213.429375000000         7.122260941300489E-008
   213.643125000000         2.054123588129189E-007
   213.856875000000         3.408614274210552E-007
   214.070625000000         4.733016705813950E-007
   214.284375000000         5.983802801035670E-007
   214.498125000000         7.118224661093115E-007
   214.711875000000         8.095980898674709E-007
   214.925625000000         8.880843168743548E-007
   215.139375000000         9.442161707379084E-007
   215.353125000000         9.756172365245166E-007
   215.566875000000         9.807036800653873E-007
   215.780625000000         9.587561578487750E-007
   215.994375000000         9.099559836741696E-007
   216.208125000000         8.353839493338411E-007
   216.421875000000         7.369823010709995E-007
   216.635625000000         6.174823804279470E-007
   216.849375000000         4.803021894805381E-007
   217.063125000000         3.294195081584754E-007
   217.276875000000         1.692270898552075E-007
   217.490625000000         4.376855948470783E-009
   217.704375000000        -1.603800821377285E-007
   217.918125000000        -3.203512571608970E-007
   218.131875000000        -4.710530491436571E-007
   218.345625000000        -6.083487868299063E-007
   218.559375000000        -7.285713472813792E-007
   218.773125000000        -8.286278525795276E-007
   218.986875000000        -9.060848925852862E-007
   219.200625000000        -9.592333033839436E-007
   219.414375000000        -9.871318869149469E-007
   219.628125000000        -9.896295979125053E-007
   219.841875000000        -9.673657185123658E-007
   220.055625000000        -9.217474856789095E-007
   220.269375000000        -8.549046418864275E-007
   220.483125000000        -7.696205509357275E-007
   220.696875000000        -6.692399429212369E-007
   220.910625000000        -5.575540740595339E-007
   221.124375000000        -4.386651114986890E-007
   221.338125000000        -3.168328334820204E-007
   221.551875000000        -1.963081766133221E-007
   221.765625000000        -8.115963035654633E-008
   221.979375000000         2.490018531005215E-008
   222.193125000000         1.186793874167981E-007
   222.406875000000         1.976541911758974E-007
   222.620625000000         2.600898147040190E-007
   222.834375000000         3.051266387292855E-007
   223.048125000000         3.328246751663600E-007
   223.261875000000         3.441613791087334E-007
   223.475625000000         3.409803526287323E-007
   223.689375000000         3.258913760543910E-007
   223.903125000000         3.021252619698853E-007
   224.116875000000         2.733500340163935E-007
   224.330625000000         2.434576575107628E-007
   224.544375000000         2.163327787946715E-007
   224.758125000000         1.956164862507755E-007
   224.971875000000         1.844788584676680E-007
   225.185625000000         1.854139438735161E-007
   225.399375000000         2.000698151573210E-007
   225.613125000000         2.291245180977929E-007
   225.826875000000         2.722162025024675E-007
   226.040625000000         3.279326445072629E-007
   226.254375000000         3.938619402622225E-007
   226.468125000000         4.667025861126960E-007
   226.681875000000         5.424276791066257E-007
   226.895625000000         6.164947834019681E-007
   227.109375000000         6.840902999353557E-007
   227.323125000000         7.403951031776508E-007
   227.536875000000         7.808568848503007E-007
   227.750625000000         8.014541406691383E-007
   227.964375000000         7.989370766805668E-007
   228.178125000000         7.710318745641360E-007
   228.391875000000         7.165966744883006E-007
   228.605625000000         6.357202038843063E-007
   228.819375000000         5.297570605873074E-007
   229.033125000000         4.012970814006722E-007
   229.246875000000         2.540698051241374E-007
   229.460625000000         9.278857523531318E-008
   229.674375000000        -7.705787535225499E-008
   229.888125000000        -2.494556428902215E-007
   230.101875000000        -4.181446775787401E-007
   230.315625000000        -5.769120567045601E-007
   230.529375000000        -7.198842011253640E-007
   230.743125000000        -8.418028401544238E-007
   230.956875000000        -9.382704893069471E-007
   231.170625000000        -1.005952954031919E-006
   231.384375000000        -1.042728801410614E-006
   231.598125000000        -1.047778699752842E-006
   231.811875000000        -1.021610830160607E-006
   232.025625000000        -9.660220225490592E-007
   232.239375000000        -8.839976547090974E-007
   232.453125000000        -7.795564800284815E-007
   232.666875000000        -6.575492441203453E-007
   232.880625000000        -5.234220741887456E-007
   233.094375000000        -3.829570815914603E-007
   233.308125000000        -2.420033588134354E-007
   233.521875000000        -1.062115751494938E-007
   233.735625000000         1.921527750193979E-008
   233.949375000000         1.297436879009550E-007
   234.163125000000         2.216944193695521E-007
   234.376875000000         2.923828471002664E-007
   234.590625000000         3.402097414448970E-007
   234.804375000000         3.646998602063920E-007
   235.018125000000         3.664881654993900E-007
   235.231875000000         3.472558212847524E-007
   235.445625000000         3.096202691392546E-007
   235.659375000000         2.569855525227080E-007
   235.873125000000         1.933606102327080E-007
   236.086875000000         1.231544483394348E-007
   236.300625000000         5.095789871643725E-008
   236.514375000000        -1.867793688383153E-008
   236.728125000000        -8.145648473873565E-008
   236.941875000000        -1.335341104230757E-007
   237.155625000000        -1.716933652822670E-007
   237.369375000000        -1.934835231861166E-007
   237.583125000000        -1.973224390759177E-007
   237.796875000000        -1.825556231701727E-007
   238.010625000000        -1.494704970462571E-007
   238.224375000000        -9.926598653245855E-008
   238.438125000000        -3.397980313500697E-008
   238.651875000000         4.362214707975031E-008
   238.865625000000         1.301879304083113E-007
   239.079375000000         2.219455162753919E-007
   239.293125000000         3.148835846493691E-007
   239.506875000000         4.049377603541621E-007
   239.720625000000         4.881728150855061E-007
   239.934375000000         5.609519246585740E-007
   240.148125000000         6.200851353286639E-007
   240.361875000000         6.629507040489455E-007
   240.575625000000         6.875848248040886E-007
   240.789375000000         6.927373026277388E-007
   241.003125000000         6.778928394142137E-007
   241.216875000000         6.432595990254698E-007
   241.430625000000         5.897284809788493E-007
   241.644375000000         5.188079313095382E-007
   241.858125000000         4.325400669858923E-007
   242.071875000000         3.334043367547468E-007
   242.285625000000         2.242148800621973E-007
   242.499375000000         1.080172138078110E-007
   242.713125000000        -1.201104890968097E-008
   242.926875000000        -1.326519535998327E-007
   243.140625000000        -2.507292999371089E-007
   243.354375000000        -3.631803163224777E-007
   243.568125000000        -4.671173923780358E-007
   243.781875000000        -5.598813344850489E-007
   243.995625000000        -6.390882443848849E-007
   244.209375000000        -7.026723442942342E-007
   244.423125000000        -7.489268663580053E-007
   244.636875000000        -7.765445168506798E-007
   244.850625000000        -7.846580866243757E-007
   245.064375000000        -7.728806163228645E-007
   245.278125000000        -7.413432729581085E-007
   245.491875000000        -6.907279040827028E-007
   245.705625000000        -6.222902587271725E-007
   245.919375000000        -5.378692387223393E-007
   246.133125000000        -4.398773806400363E-007
   246.346875000000        -3.312681384026817E-007
   246.560625000000        -2.154764622432484E-007
   246.774375000000        -9.633062062964328E-008
   246.988125000000         2.206489558376781E-008
   247.201875000000         1.354733448378554E-007
   247.415625000000         2.396921979176880E-007
   247.629375000000         3.307354206532493E-007
   247.843125000000         4.050228763075687E-007
   248.056875000000         4.595665730250212E-007
   248.270625000000         4.921425285515300E-007
   248.484375000000         5.014368183283984E-007
   248.698125000000         4.871549847861491E-007
   248.911875000000         4.500854233422618E-007
   249.125625000000         3.921095670588851E-007
   249.339375000000         3.161545475738840E-007
   249.553125000000         2.260873410254452E-007
   249.766875000000         1.265529990459868E-007
   249.980625000000         2.276317597549620E-008
   250.194375000000        -7.975545358643530E-008
   250.408125000000        -1.754403746635517E-007
   250.621875000000        -2.589852522946542E-007
   250.835625000000        -3.256286299806145E-007
   251.049375000000        -3.714226893982103E-007
   251.263125000000        -3.934660029855987E-007
   251.476875000000        -3.900857508499356E-007
   251.690625000000        -3.609573325240621E-007
   251.904375000000        -3.071525547456992E-007
   252.118125000000        -2.311114439246058E-007
   252.331875000000        -1.365370049036943E-007
   252.545625000000        -2.821668952498097E-008
   252.759375000000         8.822130010473798E-008
   252.973125000000         2.066047182700482E-007
   253.186875000000         3.205513767063066E-007
   253.400625000000         4.238223518237060E-007
   253.614375000000         5.106743082715713E-007
   253.828125000000         5.761903584397783E-007
   254.041875000000         6.165694841681955E-007
   254.255625000000         6.293563748056074E-007
   254.469375000000         6.135965395631256E-007
   254.683125000000         5.699056131141278E-007
   254.896875000000         5.004466988418956E-007
   255.110625000000         4.088151213795625E-007
   255.324375000000         2.998357662906782E-007
   255.538125000000         1.792839025762871E-007
   255.751875000000         5.354562289713549E-008
   255.965625000000        -7.076158969996260E-008
   256.179375000000        -1.871845043060950E-007
   256.393125000000        -2.898206813203279E-007
   256.606875000000        -3.736706494274223E-007
   256.820625000000        -4.349322946607653E-007
   257.034375000000        -4.712175915688655E-007
   257.248125000000        -4.816768886338546E-007
   257.461875000000        -4.670222396310777E-007
   257.675625000000        -4.294483074975902E-007
   257.889375000000        -3.724566340523448E-007
   258.103125000000        -3.005960043684320E-007
   258.316875000000        -2.191376837247548E-007
   258.530625000000        -1.337089709363945E-007
   258.744375000000        -4.991140245005810E-008
   258.958125000000         2.704919149767779E-008
   259.171875000000         9.269481258405536E-008
   259.385625000000         1.435468711621283E-007
   259.599375000000         1.773194427165229E-007
   259.813125000000         1.930226904969790E-007
   260.026875000000         1.909719604500366E-007
   260.240625000000         1.727052388179968E-007
   260.454375000000         1.408184103634662E-007
   260.668125000000         9.873351744259474E-008
   260.881875000000         5.041955196630532E-008
   261.095625000000         8.791182787383028E-011
   261.309375000000        -4.811461348348942E-008
   261.523125000000        -9.039355639297745E-008
   261.736875000000        -1.235561283331082E-007
   261.950625000000        -1.452071662761155E-007
   262.164375000000        -1.538814694504035E-007
   262.378125000000        -1.491075585928130E-007
   262.591875000000        -1.314030276659043E-007
   262.805625000000        -1.022062840834733E-007
   263.019375000000        -6.375326232030072E-008
   263.233125000000        -1.891043841878828E-008
   263.446875000000         2.902291265895944E-008
   263.660625000000         7.652974932480205E-008
   263.874375000000         1.200945399835134E-007
   264.088125000000         1.564148957867986E-007
   264.301875000000         1.825953150874772E-007
   264.515625000000         1.963146787963787E-007
   264.729375000000         1.959610471592910E-007
   264.943125000000         1.807290943961281E-007
   265.156875000000         1.506770975531929E-007
   265.370625000000         1.067417623771148E-007
   265.584375000000         5.071037655564526E-008
   265.798125000000        -1.484907519508045E-008
   266.011875000000        -8.669800960178661E-008
   266.225625000000        -1.610744018023195E-007
   266.439375000000        -2.338723216321992E-007
   266.653125000000        -3.008474591482401E-007
   266.866875000000        -3.578404277286725E-007
   267.080625000000        -4.010078436035463E-007
   267.294375000000        -4.270496185560739E-007
   267.508125000000        -4.334197915954783E-007
   267.721875000000        -4.185077873158223E-007
   267.935625000000        -3.817774098696155E-007
   268.149375000000        -3.238522822198173E-007
   268.363125000000        -2.465388501278141E-007
   268.576875000000        -1.527814137273219E-007
   268.790625000000        -4.654774420247562E-008
   269.004375000000         6.735158882708652E-008
   269.218125000000         1.835023619919389E-007
   269.431875000000         2.961720713037388E-007
   269.645625000000         3.996255175535904E-007
   269.859375000000         4.884518173744905E-007
   270.073125000000         5.578825561987461E-007
   270.286875000000         6.040807404239983E-007
   270.500625000000         6.243816263812874E-007
   270.714375000000         6.174693152737069E-007
   270.928125000000         5.834769980236583E-007
   271.141875000000         5.240036045210209E-007
   271.355625000000         4.420449818868078E-007
   271.569375000000         3.418431874669186E-007
   271.783125000000         2.286626315302583E-007
   271.996875000000         1.085062806304125E-007
   272.210625000000        -1.221135539024060E-008
   272.424375000000        -1.270153813316000E-007
   272.638125000000        -2.297256619649274E-007
   272.851875000000        -3.147959722611320E-007
   273.065625000000        -3.776185156143164E-007
   273.279375000000        -4.147775271660439E-007
   273.493125000000        -4.242388304137410E-007
   273.706875000000        -4.054659265174842E-007
   273.920625000000        -3.594572265677146E-007
   274.134375000000        -2.887031612486360E-007
   274.348125000000        -1.970659200230623E-007
   274.561875000000        -8.958831598612055E-008
   274.775625000000         2.775839117956305E-008
   274.989375000000         1.483750578805099E-007
   275.203125000000         2.653687187623946E-007
   275.416875000000         3.719036908723727E-007
   275.630625000000         4.615524021431802E-007
   275.844375000000         5.286285192140300E-007
   276.058125000000         5.684856242034286E-007
   276.271875000000         5.777661566887994E-007
   276.485625000000         5.545875786400587E-007
   276.699375000000         4.986556824756744E-007
   276.913125000000         4.112985469330974E-007
   277.126875000000         2.954187035556739E-007
   277.340625000000         1.553654105490781E-007
   277.554375000000        -3.266699557655560E-009
   277.768125000000        -1.739021955113825E-007
   277.981875000000        -3.492986181415350E-007
   278.195625000000        -5.218925683261409E-007
   278.409375000000        -6.841593830246628E-007
   278.623125000000        -8.289669779638730E-007
   278.836875000000        -9.499049779624981E-007
   279.050625000000        -1.041572012711848E-006
   279.264375000000        -1.099806907264160E-006
   279.478125000000        -1.121853230161358E-006
   279.691875000000        -1.106450990227394E-006
   279.905625000000        -1.053853857835951E-006
   280.119375000000        -9.657747719166510E-007
   280.333125000000        -8.452668398052027E-007
   280.546875000000        -6.965497515422563E-007
   280.760625000000        -5.247942978867761E-007
   280.974375000000        -3.358788822687723E-007
   281.188125000000        -1.361321357427163E-007
   281.401875000000         6.792503303562591E-008
   281.615625000000         2.698262197617156E-007
   281.829375000000         4.633855880117916E-007
   282.043125000000         6.428961578514990E-007
   282.256875000000         8.032957938808606E-007
   282.470625000000         9.402986906868919E-007
   282.684375000000         1.050492082157538E-006
   282.898125000000         1.131399321096730E-006
   283.111875000000         1.181511356059774E-006
   283.325625000000         1.200289021384974E-006
   283.539375000000         1.188138567566586E-006
   283.753125000000         1.146362649422385E-006
   283.966875000000         1.077088732325204E-006
   284.180625000000         9.831767332739708E-007
   284.394375000000         8.681078068270396E-007
   284.608125000000         7.358565810614377E-007
   284.821875000000         5.907498421793589E-007
   285.035625000000         4.373155854756497E-007
   285.249375000000         2.801273635066335E-007
   285.463125000000         1.236497983207478E-007
   285.676875000000        -2.790820123225960E-008
   285.890625000000        -1.707257332928450E-007
   286.104375000000        -3.014812390517737E-007
   286.318125000000        -4.174373457224263E-007
   286.531875000000        -5.164952137227222E-007
   286.745625000000        -5.972164143499083E-007
   286.959375000000        -6.588127112156610E-007
   287.173125000000        -7.011065488068763E-007
   287.386875000000        -7.244673009419637E-007
   287.600625000000        -7.297301407625855E-007
   287.814375000000        -7.181055402778137E-007
   288.028125000000        -6.910877377316730E-007
   288.241875000000        -6.503699627195284E-007
   288.455625000000        -5.977728226508245E-007
   288.669375000000        -5.351901727013518E-007
   288.883125000000        -4.645542459760280E-007
   289.096875000000        -3.878191050764825E-007
   289.310625000000        -3.069589129176084E-007
   289.524375000000        -2.239754213471600E-007
   289.738125000000        -1.409077038741629E-007
   289.951875000000        -5.983669438719218E-008
   290.165625000000         1.712238805631110E-008
   290.379375000000         8.784518973773303E-008
   290.593125000000         1.502441667160108E-007
   290.806875000000         2.023357677228176E-007
   291.020625000000         2.423263146936850E-007
   291.234375000000         2.687111931796409E-007
   291.448125000000         2.803795938668574E-007
   291.661875000000         2.767154363983461E-007
   291.875625000000         2.576844563506314E-007
   292.089375000000         2.238978346233680E-007
   292.303125000000         1.766441652444329E-007
   292.516875000000         1.178838476569183E-007
   292.730625000000         5.020291206704185E-008
   292.944375000000        -2.327346515345712E-008
   293.158125000000        -9.900425929797442E-008
   293.371875000000        -1.731863031210222E-007
   293.585625000000        -2.419296907128109E-007
   293.799375000000        -3.014446617861075E-007
   294.013125000000        -3.482291317589251E-007
   294.226875000000        -3.792462962842158E-007
   294.440625000000        -3.920827752192968E-007
   294.654375000000        -3.850793871470599E-007
   294.868125000000        -3.574286316002436E-007
   295.081875000000        -3.092350601618246E-007
   295.295625000000        -2.415367200269271E-007
   295.509375000000        -1.562875866495963E-007
   295.723125000000        -5.630227021021494E-008
   295.936875000000         5.483473105930075E-008
   296.150625000000         1.728922879884671E-007
   296.364375000000         2.931449939372842E-007
   296.578125000000         4.105507745605750E-007
   296.791875000000         5.199493801334302E-007
   297.005625000000         6.162766251654179E-007
   297.219375000000         6.947881921493672E-007
   297.433125000000         7.512855050161073E-007
   297.646875000000         7.823347148081505E-007
   297.860625000000         7.854684184160281E-007
   298.074375000000         7.593586044617089E-007
   298.288125000000         7.039487693313903E-007
   298.501875000000         6.205334380056262E-007
   298.715625000000         5.117746685785013E-007
   298.929375000000         3.816476289068829E-007
   299.143125000000         2.353109935748644E-007
   299.356875000000         7.890255994362535E-008
   299.570625000000        -8.073417902030133E-008
   299.784375000000        -2.363811660719934E-007
   299.998125000000        -3.808179243177086E-007
   300.211875000000        -5.072134690999787E-007
   300.425625000000        -6.095135047869490E-007
   300.639375000000        -6.827969429334182E-007
   300.853125000000        -7.235763466863524E-007
   301.066875000000        -7.300196339258791E-007
   301.280625000000        -7.020751585799800E-007
   301.494375000000        -6.414888239485486E-007
   301.708125000000        -5.517096608407972E-007
   301.921875000000        -4.376886760547776E-007
   302.135625000000        -3.055840055451322E-007
   302.349375000000        -1.623927398804536E-007
   302.563125000000        -1.553553848722381E-008
   302.776875000000         1.275762398183398E-007
   302.990625000000         2.599600477992967E-007
   303.204375000000         3.754389644552961E-007
   303.418125000000         4.689504700046410E-007
   303.631875000000         5.367679514360268E-007
   303.845625000000         5.766233645091873E-007
   304.059375000000         5.877279498957890E-007
   304.273125000000         5.706963879712406E-007
   304.486875000000         5.273874835157527E-007
   304.700625000000         4.606806899563355E-007
   304.914375000000         3.742119625500594E-007
   305.128125000000         2.720942332061323E-007
   305.341875000000         1.586471325409687E-007
   305.555625000000         3.815760292547132E-008
   305.769375000000        -8.531186560627553E-008
   305.983125000000        -2.080569172923500E-007
   306.196875000000        -3.268034132727423E-007
   306.410625000000        -4.387212711729456E-007
   306.624375000000        -5.413895150368859E-007
   306.838125000000        -6.327267060482329E-007
   307.051875000000        -7.109038215615874E-007
   307.265625000000        -7.742574925148575E-007
   307.479375000000        -8.212202865208347E-007
   307.693125000000        -8.502816430669817E-007
   307.906875000000        -8.599885247964412E-007
   308.120625000000        -8.489893826368783E-007
   308.334375000000        -8.161192603169798E-007
   308.548125000000        -7.605184153065090E-007
   308.761875000000        -6.817722833954159E-007
   308.975625000000        -5.800574246098487E-007
   309.189375000000        -4.562765629264825E-007
   309.403125000000        -3.121660918405439E-007
   309.616875000000        -1.503613941548515E-007
   309.830625000000         2.559122432752744E-008
   310.044375000000         2.112826436732311E-007
   310.258125000000         4.015505782778418E-007
   310.471875000000         5.906470042942286E-007
   310.685625000000         7.724547518230788E-007
   310.899375000000         9.407406343884855E-007
   311.113125000000         1.089429644596674E-006
   311.326875000000         1.212883266315073E-006
   311.540625000000         1.306164890847206E-006
   311.754375000000         1.365276588732554E-006
   311.968125000000         1.387353872126544E-006
   312.181875000000         1.370808289813813E-006
   312.395625000000         1.315411383483939E-006
   312.609375000000         1.222317347542095E-006
   312.823125000000         1.094025352901786E-006
   313.036875000000         9.342856562116759E-007
   313.250625000000         7.479561397292849E-007
   313.464375000000         5.408177240712133E-007
   313.678125000000         3.193581644244392E-007
   313.891875000000         9.053415263538243E-008
   314.105625000000        -1.384784722852190E-007
   314.319375000000        -3.605371025395058E-007
   314.533125000000        -5.687787534145797E-007
   314.746875000000        -7.568527178693372E-007
   314.960625000000        -9.191325638592861E-007
   315.174375000000        -1.050901348018298E-006
   315.388125000000        -1.148504679681484E-006
   315.601875000000        -1.209467039125410E-006
   315.815625000000        -1.232567599753440E-006
   316.029375000000        -1.217872796975050E-006
   316.243125000000        -1.166724083195512E-006
   316.456875000000        -1.081680733486492E-006
   316.670625000000        -9.664192018162514E-007
   316.884375000000        -8.255923074411877E-007
   317.098125000000        -6.646533459322648E-007
   317.311875000000        -4.896519281101273E-007
   317.525625000000        -3.070097974011791E-007
   317.739375000000        -1.232859132935742E-007
   317.953125000000         5.505940415538888E-008
   318.166875000000         2.218915686651555E-007
   318.380625000000         3.716110693006333E-007
   318.594375000000         4.993373351591636E-007
   318.808125000000         6.010611087868567E-007
   319.021875000000         6.737612991399889E-007
   319.235625000000         7.154843489064195E-007
   319.449375000000         7.253860917421824E-007
   319.663125000000         7.037377111856262E-007
   319.876875000000         6.518986082305094E-007
   320.090625000000         5.722596656447684E-007
   320.304375000000         4.681605645555146E-007
   320.518125000000         3.437845368736687E-007
   320.731875000000         2.040333639162363E-007
   320.945625000000         5.438473976701252E-008
   321.159375000000        -9.926649142354409E-008
   321.373125000000        -2.507820519915849E-007
   321.586875000000        -3.939676440841184E-007
   321.800625000000        -5.227722113897660E-007
   322.014375000000        -6.314961002483446E-007
   322.228125000000        -7.150036456516688E-007
   322.441875000000        -7.689339237063261E-007
   322.655625000000        -7.899016004521751E-007
   322.869375000000        -7.756782357858023E-007
   323.083125000000        -7.253433430841626E-007
   323.296875000000        -6.393942009862522E-007
   323.510625000000        -5.198040398749712E-007
   323.724375000000        -3.700198664917412E-007
   323.938125000000        -1.948938221719957E-007
   324.151875000000        -5.454575068657702E-010
   324.365625000000         2.058435899970588E-007
   324.579375000000         4.162966283121845E-007
   324.793125000000         6.223604383084096E-007
   325.006875000000         8.154612050275781E-007
   325.220625000000         9.872806877378044E-007
   325.434375000000         1.130133475798762E-006
   325.648125000000         1.237325463036652E-006
   325.861875000000         1.303474304985290E-006
   326.075625000000         1.324774552403699E-006
   326.289375000000         1.299193218831764E-006
   326.503125000000         1.226585483741678E-006
   326.716875000000         1.108724735750327E-006
   326.930625000000         9.492458725386276E-007
   327.144375000000         7.535053524942509E-007
   327.358125000000         5.283656344249495E-007
   327.571875000000         2.819151086878419E-007
   327.785625000000         2.313726065574763E-008
   327.999375000000        -2.384554522132522E-007
   328.213125000000        -4.932066717846161E-007
   328.426875000000        -7.317037686540340E-007
   328.640625000000        -9.451522666792820E-007
   328.854375000000        -1.125722463880524E-006
   329.068125000000        -1.266855211711896E-006
   329.281875000000        -1.363515655017828E-006
   329.495625000000        -1.412385772271668E-006
   329.709375000000        -1.411988744961602E-006
   329.923125000000        -1.362740513223424E-006
   330.136875000000        -1.266926348077617E-006
   330.350625000000        -1.128602896437280E-006
   330.564375000000        -9.534289234739409E-007
   330.778125000000        -7.484308439147190E-007
   330.991875000000        -5.217120102332933E-007
   331.205625000000        -2.821174743289956E-007
   331.419375000000        -3.886838153210251E-008
   331.633125000000         1.988179127522479E-007
   331.846875000000         4.221046996415908E-007
   332.060625000000         6.228921280039257E-007
   332.274375000000         7.941358645069006E-007
   332.488125000000         9.301130862198800E-007
   332.701875000000         1.026623509370336E-006
   332.915625000000         1.081116859152835E-006
   333.129375000000         1.092742522666532E-006
   333.343125000000         1.062321776445707E-006
   333.556875000000         9.922475694929595E-007
   333.770625000000         8.863209891976706E-007
   333.984375000000         7.495368883515083E-007
   334.198125000000         5.878334241547141E-007
   334.411875000000         4.078212756416104E-007
   334.625625000000         2.165080112907015E-007
   334.839375000000         2.103155500775550E-008
   335.053125000000        -1.715858453551177E-007
   335.266875000000        -3.546549938591252E-007
   335.480625000000        -5.220038884336017E-007
   335.694375000000        -6.681275396659861E-007
   335.908125000000        -7.883053921037933E-007
   336.121875000000        -8.786904927769479E-007
   336.335625000000        -9.363757571876526E-007
   336.549375000000        -9.594427872549258E-007
   336.763125000000        -9.469977508142410E-007
   336.976875000000        -8.991970239337355E-007
   337.190625000000        -8.172629222334019E-007
   337.404375000000        -7.034872775349994E-007
   337.618125000000        -5.612182537903712E-007
   337.831875000000        -3.948240251715337E-007
   338.045625000000        -2.096260780821903E-007
   338.259375000000        -1.179516170578227E-008
   338.473125000000         1.917956193959863E-007
   338.686875000000         3.937634643704300E-007
   338.900625000000         5.864536262951672E-007
   339.114375000000         7.622174196088219E-007
   339.328125000000         9.137212675351351E-007
   339.541875000000         1.034273431945635E-006
   339.755625000000         1.118151619570712E-006
   339.969375000000         1.160912299388754E-006
   340.183125000000         1.159661601287953E-006
