  -1.60312500000000        -1.414687166669097E-023
  -1.38937500000000        -1.106587993846924E-023
  -1.17562500000000        -1.558324258843455E-022
 -0.961875000000000        -1.416486787130244E-021
 -0.748125000000000        -8.285657907694312E-021
 -0.534375000000000        -3.773909266032196E-020
 -0.320625000000000        -1.435572991410904E-019
 -0.106875000000000        -4.715121506616513E-019
  0.106875000000000        -1.362825299351645E-018
  0.320625000000000        -3.521224134714931E-018
  0.534375000000000        -8.233739243326211E-018
  0.748125000000000        -1.763211884816953E-017
  0.961875000000000        -3.492251105757978E-017
   1.17562500000000        -6.452271705821478E-017
   1.38937500000000        -1.120604914516500E-016
   1.60312500000000        -1.841140260240650E-016
   1.81687500000000        -2.877447617272094E-016
   2.03062500000000        -4.299231883243043E-016
   2.24437500000000        -6.167900332190681E-016
   2.45812500000000        -8.531868346458996E-016
   2.67187500000000        -1.142511886486765E-015
   2.88562500000000        -1.487106031942391E-015
   3.09937500000000        -1.889173130967966E-015
   3.31312500000000        -2.352477896899288E-015
   3.52687500000000        -2.884424093208431E-015
   3.74062500000000        -3.498432177604933E-015
   3.95437500000000        -4.215961345654504E-015
   4.16812500000000        -5.068001429964273E-015
   4.38187500000000        -6.095386250131810E-015
   4.59562500000000        -7.347299066163981E-015
   4.80937500000000        -8.878106927759207E-015
   5.02312500000000        -1.074188193367095E-014
   5.23687500000000        -1.298519148893761E-014
   5.45062500000000        -1.563849465648668E-014
   5.66437500000000        -1.870738414475588E-014
   5.87812500000000        -2.216497519591091E-014
   6.09187500000000        -2.594614123495694E-014
   6.30562500000000        -2.994613579855705E-014
   6.51937500000000        -3.402325088494223E-014
   6.73312500000000        -3.800668798492634E-014
   6.94687500000000        -4.170953418116999E-014
   7.16062500000000        -4.494516357941844E-014
   7.37437500000000        -4.754603331711213E-014
   7.58812500000000        -4.938247094427664E-014
   7.80187500000000        -5.037926810575283E-014
   8.01562500000000        -5.052772149194850E-014
   8.22937500000000        -4.989141317638616E-014
   8.44312500000000        -4.860435799643302E-014
   8.65687500000000        -4.686170971656909E-014
   8.87062500000000        -4.490353495264715E-014
   9.08437500000000        -4.299360283179129E-014
   9.29812500000000        -4.139584199421770E-014
   9.51187500000000        -4.035131435106958E-014
   9.72562500000000        -4.005898659613696E-014
   9.93937500000000        -4.066262989858351E-014
   10.1531250000000        -4.224541075116101E-014
   10.3668750000000        -4.483295181289361E-014
   10.5806250000000        -4.840371132583919E-014
   10.7943750000000        -5.290480578485184E-014
   11.0081250000000        -5.827052290054583E-014
   11.2218750000000        -6.444002905266299E-014
   11.4356250000000        -7.137117690189072E-014
   11.6493750000000        -7.904822103009123E-014
   11.8631250000000        -8.748172624732586E-014
   12.0768750000000        -9.670114881065913E-014
   12.2906250000000        -1.067414252014901E-013
   12.5043750000000        -1.176261204855547E-013
   12.7181250000000        -1.293507193597998E-013
   12.9318750000000        -1.418694086065813E-013
   13.1456250000000        -1.550887729215879E-013
   13.3593750000000        -1.688701189771540E-013
   13.5731250000000        -1.830412503734268E-013
   13.7868750000000        -1.974163799994481E-013
   14.0006250000000        -2.118220899587321E-013
   14.2143750000000        -2.261250702843261E-013
   14.4281250000000        -2.402577602191698E-013
   14.6418750000000        -2.542377387269838E-013
   14.8556250000000        -2.681771801491430E-013
   15.0693750000000        -2.822807774764412E-013
   15.2831250000000        -2.968318402770285E-013
   15.4968750000000        -3.121682095951630E-013
   15.7106250000000        -3.286514275040025E-013
   15.9243750000000        -3.466332846101320E-013
   16.1381250000000        -3.664247767154828E-013
   16.3518750000000        -3.882713917950719E-013
   16.5656250000000        -4.123384190459932E-013
   16.7793750000000        -4.387072489086725E-013
   16.9931250000000        -4.673823533468318E-013
   17.2068750000000        -4.983070764369107E-013
   17.4206250000000        -5.313844855873733E-013
   17.6343750000000        -5.664992474156573E-013
   17.8481250000000        -6.035363442599813E-013
   18.0618750000000        -6.423935431074589E-013
   18.2756250000000        -6.829856686267350E-013
   18.4893750000000        -7.252408545194448E-013
   18.7031250000000        -7.690902385466188E-013
   18.9168750000000        -8.144545278150669E-013
   19.1306250000000        -8.612308604354736E-013
   19.3443750000000        -9.092847071988555E-013
   19.5581250000000        -9.584492833309891E-013
   19.7718750000000        -1.008534888785444E-012
   19.9856250000000        -1.059347790101007E-012
   20.1993750000000        -1.110716273028803E-012
   20.4131250000000        -1.162520253612025E-012
   20.6268750000000        -1.214719119937811E-012
   20.8406250000000        -1.267372467411545E-012
   21.0543750000000        -1.320649078903696E-012
   21.2681250000000        -1.374821263907161E-012
   21.4818750000000        -1.430243419561318E-012
   21.6956250000000        -1.487317100083956E-012
   21.9093750000000        -1.546446714421191E-012
   22.1231250000000        -1.607991930039620E-012
   22.3368750000000        -1.672223970840356E-012
   22.5506250000000        -1.739292743873765E-012
   22.7643750000000        -1.809210274718394E-012
   22.9781250000000        -1.881853879412003E-012
   23.1918750000000        -1.956989145608900E-012
   23.4056250000000        -2.034310113202757E-012
   23.6193750000000        -2.113490793269596E-012
   23.8331250000000        -2.194240563408586E-012
   24.0468750000000        -2.276355010991778E-012
   24.2606250000000        -2.359754149369633E-012
   24.4743750000000        -2.444501967879369E-012
   24.6881250000000        -2.530804094893352E-012
   24.9018750000000        -2.618983436357832E-012
   25.1156250000000        -2.709437375338279E-012
   25.3293750000000        -2.802583165327969E-012
   25.5431250000000        -2.898799775440907E-012
   25.7568750000000        -2.998375566404905E-012
   25.9706250000000        -3.101469921159281E-012
   26.1843750000000        -3.208095171759094E-012
   26.3981250000000        -3.318121687160656E-012
   26.6118750000000        -3.431305236902384E-012
   26.8256250000000        -3.547332657744307E-012
   27.0393750000000        -3.665878100237914E-012
   27.2531250000000        -3.786660947209928E-012
   27.4668750000000        -3.909496229715308E-012
   27.6806250000000        -4.034329513538391E-012
   27.8943750000000        -4.161250905011213E-012
   28.1081250000000        -4.290486199838630E-012
   28.3218750000000        -4.422366976255746E-012
   28.5356250000000        -4.557284804575843E-012
   28.7493750000000        -4.695637806706645E-012
   28.9631250000000        -4.837777942060392E-012
   29.1768750000000        -4.983968480186009E-012
   29.3906250000000        -5.134358209219847E-012
   29.6043750000000        -5.288976713671322E-012
   29.8181250000000        -5.447751206106529E-012
   30.0318750000000        -5.610541872597030E-012
   30.2456250000000        -5.777189157469132E-012
   30.4593750000000        -5.947564717100815E-012
   30.6731250000000        -6.121616774419991E-012
   30.8868750000000        -6.299401660244492E-012
   31.1006250000000        -6.481095602128299E-012
   31.3143750000000        -6.666984288055297E-012
   31.5281250000000        -6.857431423095595E-012
   31.7418750000000        -7.052830994902269E-012
   31.9556250000000        -7.253551202033104E-012
   32.1693750000000        -7.459879326785847E-012
   32.3831250000000        -7.671976514777833E-012
   32.5968750000000        -7.889850749202195E-012
   32.8106250000000        -8.113352354578666E-012
   33.0243750000000        -8.342193778900996E-012
   33.2381250000000        -8.575990725757312E-012
   33.4518750000000        -8.814318564142457E-012
   33.6656250000000        -9.056775342321711E-012
   33.8793750000000        -9.303041665424174E-012
   34.0931250000000        -9.552928266223064E-012
   34.3068750000000        -9.806403647381860E-012
   34.5206250000000        -1.006359789561059E-011
   34.7343750000000        -1.032478219107584E-011
   34.9481250000000        -1.059032765082099E-011
   35.1618750000000        -1.086065046310680E-011
   35.3756250000000        -1.113615229162698E-011
   35.5893750000000        -1.141716611844534E-011
   35.8031250000000        -1.170391626487544E-011
   36.0168750000000        -1.199649943783431E-011
   36.2306250000000        -1.229488981626812E-011
   36.4443750000000        -1.259896726014858E-011
   36.6581250000000        -1.290856405816651E-011
   36.8718750000000        -1.322352181393930E-011
   37.0856250000000        -1.354374877711507E-011
   37.2993750000000        -1.386926706550035E-011
   37.5131250000000        -1.420024118721372E-011
   37.7268750000000        -1.453698139470673E-011
   37.9406250000000        -1.487991976920197E-011
   38.1543750000000        -1.522956147886553E-011
   38.3681250000000        -1.558641748441847E-011
   38.5818750000000        -1.595092904160051E-011
   38.7956250000000        -1.632339543309411E-011
   39.0093750000000        -1.670391773198719E-011
   39.2231250000000        -1.709236858735536E-011
   39.4368750000000        -1.748839606850409E-011
   39.6506250000000        -1.789146370366172E-011
   39.8643750000000        -1.830092415483031E-011
   40.0781250000000        -1.871611855496900E-011
   40.2918750000000        -1.913648851780020E-011
   40.5056250000000        -1.956168509197781E-011
   40.7193750000000        -1.999165752500540E-011
   40.9331250000000        -2.042670633442996E-011
   41.1468750000000        -2.086748820300160E-011
   41.3606250000000        -2.131496657682454E-011
   41.5743750000000        -2.177030844153355E-011
   41.7881250000000        -2.223473581668073E-011
   42.0018750000000        -2.270934821705525E-011
   42.2156250000000        -2.319493822214507E-011
   42.4293750000000        -2.369182608157434E-011
   42.6431250000000        -2.419974092817054E-011
   42.8568750000000        -2.471777244177905E-011
   43.0706250000000        -2.524441172047556E-011
   43.2843750000000        -2.577768938803774E-011
   43.4981250000000        -2.631540746772711E-011
   43.7118750000000        -2.685544792166531E-011
   43.9256250000000        -2.739612729219973E-011
   44.1393750000000        -2.793655498563135E-011
   44.3531250000000        -2.847694546816451E-011
   44.5668750000000        -2.901883179125756E-011
   44.7806250000000        -2.956513232361922E-011
   44.9943750000000        -3.012003367407426E-011
   45.2081250000000        -3.068867129981050E-011
   45.4218750000000        -3.127661381615617E-011
   45.6356250000000        -3.188918425619400E-011
   45.8493750000000        -3.253068144495462E-011
   46.0631250000000        -3.320358883932634E-011
   46.2768750000000        -3.390787777503118E-011
   46.4906250000000        -3.464051905745635E-011
   46.7043750000000        -3.539531010946021E-011
   46.9181250000000        -3.616310270816999E-011
   47.1318750000000        -3.693247752362173E-011
   47.3456250000000        -3.769085928799335E-011
   47.5593750000000        -3.842600522827838E-011
   47.7731250000000        -3.912773473568590E-011
   47.9868750000000        -3.978971106232245E-011
   48.2006250000000        -4.041104138419923E-011
   48.4143750000000        -4.099744332373948E-011
   48.6281250000000        -4.156173715409158E-011
   48.8418750000000        -4.212347039375278E-011
   49.0556250000000        -4.270756385436248E-011
   49.2693750000000        -4.334198165640294E-011
   49.4831250000000        -4.405456145487023E-011
   49.6968750000000        -4.486928050857323E-011
   49.9106250000000        -4.580236062450250E-011
   50.1243750000000        -4.685870976657022E-011
   50.3381250000000        -4.802924098860585E-011
   50.5518750000000        -4.928958709820205E-011
   50.7656250000000        -5.060063145761705E-011
   50.9793750000000        -5.191110256439040E-011
   51.1931250000000        -5.316224440531587E-011
   51.4068750000000        -5.429429572092289E-011
   51.6206250000000        -5.525422183944913E-011
   51.8343750000000        -5.600387933010980E-011
   52.0481250000000        -5.652759666618840E-011
   52.2618750000000        -5.683806323410885E-011
   52.4756250000000        -5.697946083314931E-011
   52.6893750000000        -5.702696518789814E-011
   52.9031250000000        -5.708208724235874E-011
   53.1168750000000        -5.726379220097131E-011
   53.3306250000000        -5.769588510784487E-011
   53.5443750000000        -5.849172619575154E-011
   53.7581250000000        -5.973785992072767E-011
   53.9718750000000        -6.147853466626795E-011
   54.1856250000000        -6.370327984222501E-011
   54.3993750000000        -6.633964030535671E-011
   54.6131250000000        -6.925281269036796E-011
   54.8268750000000        -7.225328971739340E-011
   55.0406250000000        -7.511273937297497E-011
   55.2543750000000        -7.758730582496973E-011
   55.4681250000000        -7.944643310467652E-011
   55.6818750000000        -8.050431568974972E-011
   55.8956250000000        -8.065031535189288E-011
   56.1093750000000        -7.987428520203831E-011
   56.3231250000000        -7.828281187671598E-011
   56.5368750000000        -7.610298224776391E-011
   56.7506250000000        -7.367139660258883E-011
   56.9643750000000        -7.140771530714464E-011
   57.1781250000000        -6.977389739211494E-011
   57.3918750000000        -6.922227114322589E-011
   57.6056250000000        -7.013742704887893E-011
   57.8193750000000        -7.277839126604440E-011
   58.0331250000000        -7.722838337462203E-011
   58.2468750000000        -8.335949874693654E-011
   58.4606250000000        -9.081877420944313E-011
   58.6743750000000        -9.904028540007510E-011
   58.8881250000000        -1.072853000141475E-010
   59.1018750000000        -1.147092926389357E-010
   59.3156250000000        -1.204511469017991E-010
   59.5293750000000        -1.237365240925067E-010
   59.7431250000000        -1.239846000718926E-010
   59.9568750000000        -1.209055733189837E-010
   60.1706250000000        -1.145758677421342E-010
   60.3843750000000        -1.054790101549735E-010
   60.5981250000000        -9.450280832421044E-011
   60.8118750000000        -8.288755565783977E-011
   61.0256250000000        -7.212521614531986E-011
   61.2393750000000        -6.381539665879680E-011
   61.4531250000000        -5.948976463772375E-011
   61.6668750000000        -6.042171529781637E-011
   61.8806250000000        -6.744184397663955E-011
   62.0943750000000        -8.078154249227920E-011
   62.3081250000000        -9.996638496954385E-011
   62.5218750000000        -1.237777198005655E-010
   62.7356250000000        -1.502951425702921E-010
   62.9493750000000        -1.770246972485057E-010
   63.1631250000000        -2.011084241285576E-010
   63.3768750000000        -2.196011616172073E-010
   63.5906250000000        -2.297913685358745E-010
   63.8043750000000        -2.295352558328731E-010
   64.0181250000000        -2.175686995338357E-010
   64.2318750000000        -1.937600396664717E-010
   64.4456250000000        -1.592694227114652E-010
   64.6593750000000        -1.165868939126825E-010
   64.8731250000000        -6.943163099964607E-011
   65.0868750000000        -2.250774775456543E-011
   65.3006250000000         1.887316926330242E-011
   65.5143750000000         4.927761995265870E-011
   65.7281250000000         6.370494911429865E-011
   65.9418750000000         5.816149262461492E-011
   66.1556250000000         3.019753695565242E-011
   66.3693750000000        -2.065109980757454E-011
   66.5831250000000        -9.257099018791813E-011
   66.7968750000000        -1.813729063018686E-010
   67.0106250000000        -2.806170511727857E-010
   67.2243750000000        -3.819723923052913E-010
   67.4381250000000        -4.757994545214104E-010
   67.6518750000000        -5.519239811041412E-010
   67.8656250000000        -6.005482855205285E-010
   68.0793750000000        -6.132298255268892E-010
   68.2931250000000        -5.838442584955956E-010
   68.5068750000000        -5.094443232841100E-010
   68.7206250000000        -3.909271835761280E-010
   68.9343750000000        -2.334316433674552E-010
   69.1481250000000        -4.640259137315071E-011
   69.3618750000000         1.567177218712152E-010
   69.5756250000000         3.591847934413841E-010
   69.7893750000000         5.420162317923811E-010
   70.0031250000000         6.853767496045136E-010
   70.2168750000000         7.702047045162776E-010
   70.4306250000000         7.799738836800690E-010
   70.6443750000000         7.024623485067707E-010
   70.8581250000000         5.313855360136813E-010
   71.0718750000000         2.677450838492791E-010
   71.2856250000000        -7.925072526287989E-011
   71.4993750000000        -4.918236060248195E-010
   71.7131250000000        -9.439210647952404E-010
   71.9268750000000        -1.402235887310843E-009
   72.1406250000000        -1.827966544857009E-009
   72.3543750000000        -2.179280528545947E-009
   72.5681250000000        -2.414382268213943E-009
   72.7818750000000        -2.495025418997379E-009
   72.9956250000000        -2.390250324752397E-009
   73.2093750000000        -2.080076429693096E-009
   73.4231250000000        -1.558841701058611E-009
   73.6368750000000        -8.378620977581797E-010
   73.8506250000000         5.291139907129207E-011
   74.0643750000000         1.064528940560386E-009
   74.2781250000000         2.130200816781554E-009
   74.4918750000000         3.168118674527487E-009
   74.7056250000000         4.085961513825421E-009
   74.9193750000000         4.786971388113507E-009
   75.1331250000000         5.177333752669585E-009
   75.3468750000000         5.174446205412568E-009
   75.5606250000000         4.715520045928988E-009
   75.7743750000000         3.765845824307213E-009
   75.9881250000000         2.325980931702274E-009
   76.2018750000000         4.370969221579008E-010
   76.4156250000000        -1.816233619768938E-009
   76.6293750000000        -4.306420733387838E-009
   76.8431250000000        -6.866843067418561E-009
   77.0568750000000        -9.299627578636581E-009
   77.2706250000000        -1.138712408835575E-008
   77.4843750000000        -1.290665423396131E-008
   77.6981250000000        -1.364778497765022E-008
   77.9118750000000        -1.343106693345623E-008
   78.1256250000000        -1.212691620856053E-008
   78.3393750000000        -9.673133311394305E-009
   78.5531250000000        -6.089468683965992E-009
   78.7668750000000        -1.487680429457838E-009
   78.9806250000000         3.924303434974252E-009
   79.1943750000000         9.845207460538096E-009
   79.4081250000000         1.589088512827318E-008
   79.6218750000000         2.161259734506353E-008
   79.8356250000000         2.652265082259701E-008
   80.0493750000000         3.012633362073354E-008
   80.2631250000000         3.195848034018915E-008
   80.4768750000000         3.162245872042635E-008
   80.6906250000000         2.882894026872214E-008
   80.9043750000000         2.343154290248239E-008
   81.1181250000000         1.545634804167190E-008
   81.3318750000000         5.122421308439361E-009
   81.5456250000000        -7.149185764913728E-009
   81.7593750000000        -2.073991202435713E-008
   81.9731250000000        -3.485284310543523E-008
   82.1868750000000        -4.854683721344006E-008
   82.4006250000000        -6.078489136462585E-008
   82.6143750000000        -7.049495716599467E-008
   82.8281250000000        -7.664037785815827E-008
   83.0418750000000        -7.829617712735520E-008
   83.2556250000000        -7.472665508982605E-008
   83.4693750000000        -6.545920182419173E-008
   83.6831250000000        -5.034897758144463E-008
   83.8968750000000        -2.962917097809678E-008
   84.1106250000000        -3.941954563679504E-009
   84.3243750000000         2.565398578100024E-008
   84.5381250000000         5.770238275803271E-008
   84.7518750000000         9.039643491906955E-008
   84.9656250000000         1.216540083358075E-007
   85.1793750000000         1.492192600332543E-007
   85.3931250000000         1.707871147962750E-007
   85.6068750000000         1.841452314643214E-007
   85.8206250000000         1.873264508318967E-007
   86.0343750000000         1.787633374985356E-007
   86.2481250000000         1.574354205808733E-007
   86.4618750000000         1.229992001712825E-007
   86.6756250000000         7.589099716857606E-008
   86.8893750000000         1.739333887264533E-008
   87.1031250000000        -5.034318323912409E-008
   87.3168750000000        -1.243287835317684E-007
   87.5306250000000        -2.008178449204093E-007
   87.7443750000000        -2.754476207149774E-007
   87.9581250000000        -3.434298477304173E-007
   88.1718750000000        -3.997893761631736E-007
   88.3856250000000        -4.396404563911241E-007
   88.5993750000000        -4.584880735425657E-007
   88.8131250000000        -4.525389118597936E-007
   89.0268750000000        -4.190043831253114E-007
   89.2406250000000        -3.563768683532641E-007
   89.4543750000000        -2.646600666878131E-007
   89.6681250000000        -1.455352375363499E-007
   89.8818750000000        -2.447216080455992E-009
   90.0956250000000         1.594026400424759E-007
   90.3093750000000         3.331650518217126E-007
   90.5231250000000         5.105561762655405E-007
   90.7368750000000         6.821730057268862E-007
   90.9506250000000         8.379018395442918E-007
   91.1643750000000         9.674046404510911E-007
   91.3781250000000         1.060662305354641E-006
   91.5918750000000         1.108548932999764E-006
   91.8056250000000         1.103407435771235E-006
   92.0193750000000         1.039594642895319E-006
   92.2331250000000         9.139636220281060E-007
   92.4468750000000         7.262524485974501E-007
   92.6606250000000         4.793521018824008E-007
   92.8743750000000         1.794314606034518E-007
   93.0881250000000        -1.640957226771946E-007
   93.3018750000000        -5.387688210018051E-007
   93.5156250000000        -9.294412827048538E-007
   93.7293750000000        -1.318793252584580E-006
   93.9431250000000        -1.687975624226885E-006
   94.1568750000000        -2.017357193171376E-006
   94.3706250000000        -2.287339906090717E-006
   94.5843750000000        -2.479202412782939E-006
   94.7981250000000        -2.575929587770240E-006
   95.0118750000000        -2.562985621453552E-006
   95.2256250000000        -2.428990754327699E-006
   95.4393750000000        -2.166266641831083E-006
   95.6531250000000        -1.771222426942141E-006
   95.8668750000000        -1.244562446303810E-006
   96.0806250000000        -5.913065606775351E-007
   96.2943750000000         1.793752527570013E-007
   96.5081250000000         1.054501865094367E-006
   96.7218750000000         2.017771584197226E-006
   96.9356250000000         3.050174118228309E-006
   97.1493750000000         4.130687342122423E-006
   97.3631250000000         5.237018390593489E-006
   97.5768750000000         6.346347382244662E-006
   97.7906250000000         7.436033630496005E-006
   98.0043750000000         8.484248413423816E-006
   98.2181250000000         9.470504966110314E-006
   98.4318750000000         1.037606486804916E-005
   98.6456250000000         1.118420982879614E-005
   98.8593750000000         1.188037833302749E-005
   99.0731250000000         1.245217694526257E-005
   99.2868750000000         1.288928554765166E-005
   99.5006250000000         1.318328369515002E-005
   99.7143750000000         1.332743102450632E-005
   99.9281250000000         1.331643779257017E-005
   100.141875000000         1.314626186726815E-005
   100.355625000000         1.281396577116317E-005
   100.569375000000         1.231766181013736E-005
   100.783125000000         1.165656523855027E-005
   100.996875000000         1.083116533215492E-005
   101.210625000000         9.843512830327119E-006
   101.424375000000         8.697610252294013E-006
   101.638125000000         7.399879934842698E-006
   101.851875000000         5.959674138604367E-006
   102.065625000000         4.389783038431144E-006
   102.279375000000         2.706890563741380E-006
   102.493125000000         9.319254527170336E-007
   102.706875000000        -9.097440922863507E-007
   102.920625000000        -2.788318951804027E-006
   103.134375000000        -4.669819123427197E-006
   103.348125000000        -6.516601613246353E-006
   103.561875000000        -8.288157789157228E-006
   103.775625000000        -9.942184934163063E-006
   103.989375000000        -1.143590869094225E-005
   104.203125000000        -1.272761490554110E-005
   104.416875000000        -1.377833217009210E-005
   104.630625000000        -1.455359125086775E-005
   104.844375000000        -1.502517563042795E-005
   105.058125000000        -1.517276953163746E-005
   105.271875000000        -1.498540678588550E-005
   105.485625000000        -1.446262628174980E-005
   105.699375000000        -1.361524772848419E-005
   105.913125000000        -1.246569502601707E-005
   106.126875000000        -1.104781325873254E-005
   106.340625000000        -9.406148508628732E-006
   106.554375000000        -7.594686293768233E-006
   106.768125000000        -5.675073192335827E-006
   106.981875000000        -3.714375612107258E-006
   107.195625000000        -1.782458072065270E-006
   107.409375000000         5.091091303908199E-008
   107.623125000000         1.719095860461493E-006
   107.836875000000         3.161629214890395E-006
   108.050625000000         4.327090601648447E-006
   108.264375000000         5.175676482941195E-006
   108.478125000000         5.681314349598792E-006
   108.691875000000         5.833192239026309E-006
   108.905625000000         5.636599132435888E-006
   109.119375000000         5.113003673932645E-006
   109.333125000000         4.299336211984210E-006
   109.546875000000         3.246480510715040E-006
   109.760625000000         2.017024405896143E-006
   109.974375000000         6.823607698631214E-007
   110.188125000000        -6.807310883074283E-007
   110.401875000000        -1.993860434008351E-006
   110.615625000000        -3.180968255882374E-006
   110.829375000000        -4.172234852188413E-006
   111.043125000000        -4.907743697448873E-006
   111.256875000000        -5.340700603216927E-006
   111.470625000000        -5.440025965338427E-006
   111.684375000000        -5.192167550409675E-006
   111.898125000000        -4.602020407526207E-006
   112.111875000000        -3.692887072782788E-006
   112.325625000000        -2.505462730862979E-006
   112.539375000000        -1.095883515708409E-006
   112.753125000000         4.670714140948829E-007
   112.966875000000         2.105485086366154E-006
   113.180625000000         3.736335017122207E-006
   113.394375000000         5.275840719192299E-006
   113.608125000000         6.643894400918410E-006
   113.821875000000         7.768335582593844E-006
   114.035625000000         8.588836548256173E-006
   114.249375000000         9.060184959556055E-006
   114.463125000000         9.154781573965655E-006
   114.676875000000         8.864213090440904E-006
   114.890625000000         8.199810325603740E-006
   115.104375000000         7.192157353296190E-006
   115.318125000000         5.889574759074920E-006
   115.531875000000         4.355656486090611E-006
   115.745625000000         2.665991671236264E-006
   115.959375000000         9.042474460711699E-007
   116.173125000000        -8.421766019129587E-007
   116.386875000000        -2.486688672332027E-006
   116.600625000000        -3.947996142946659E-006
   116.814375000000        -5.154308132866930E-006
   117.028125000000        -6.047026051376468E-006
   117.241875000000        -6.583727901665020E-006
   117.455625000000        -6.740291508527789E-006
   117.669375000000        -6.512049387642221E-006
   117.883125000000        -5.913920943244847E-006
   118.096875000000        -4.979523072086567E-006
   118.310625000000        -3.759314970266068E-006
   118.524375000000        -2.317883974103201E-006
   118.738125000000        -7.305238570537862E-007
   118.951875000000         9.207072032379370E-007
   119.165625000000         2.551236604553531E-006
   119.379375000000         4.078309517216424E-006
   119.593125000000         5.425176567021640E-006
   119.806875000000         6.524921438159418E-006
   120.020625000000         7.323735318808390E-006
   120.234375000000         7.783477469349084E-006
   120.448125000000         7.883401453403404E-006
   120.661875000000         7.620972380603979E-006
   120.875625000000         7.011749266357394E-006
   121.089375000000         6.088355623727872E-006
   121.303125000000         4.898608032325209E-006
   121.516875000000         3.502914251580176E-006
   121.730625000000         1.971087369676642E-006
   121.944375000000         3.787488548300165E-007
   122.158125000000        -1.196489929338030E-006
   122.371875000000        -2.678871738068426E-006
   122.585625000000        -3.998170787975884E-006
   122.799375000000        -5.093024731631527E-006
   123.013125000000        -5.913764730726427E-006
   123.226875000000        -6.424616457040042E-006
   123.440625000000        -6.605179640263106E-006
   123.654375000000        -6.451132021595536E-006
   123.868125000000        -5.974143197163661E-006
   124.081875000000        -5.201022807335855E-006
   124.295625000000        -4.172163940323614E-006
   124.509375000000        -2.939374787006717E-006
   124.723125000000        -1.563218119576578E-006
   124.936875000000        -1.099980263028443E-007
   125.150625000000         1.351454149384362E-006
   125.364375000000         2.753037830301833E-006
   125.578125000000         4.030531008344862E-006
   125.791875000000         5.126483421005460E-006
   126.005625000000         5.992726852056048E-006
   126.219375000000         6.592395874428775E-006
   126.433125000000         6.901378160202747E-006
   126.646875000000         6.909142225508044E-006
   126.860625000000         6.618920779307068E-006
   127.074375000000         6.047258308793040E-006
   127.288125000000         5.222960800196898E-006
   127.501875000000         4.185512285980628E-006
   127.715625000000         2.983046080488738E-006
   127.929375000000         1.669977137965884E-006
   128.143125000000         3.044151660897421E-007
   128.356875000000        -1.054514583043297E-006
   128.570625000000        -2.349314821632778E-006
   128.784375000000        -3.526601097979890E-006
   128.998125000000        -4.539316080446147E-006
   129.211875000000        -5.348577615095859E-006
   129.425625000000        -5.925085715196969E-006
   129.639375000000        -6.250037838301292E-006
   129.853125000000        -6.315528125697440E-006
   130.066875000000        -6.124433303624284E-006
   130.280625000000        -5.689814195867064E-006
   130.494375000000        -5.033885812392029E-006
   130.708125000000        -4.186629405220039E-006
   130.921875000000        -3.184135563386499E-006
   131.135625000000        -2.066777473592860E-006
   131.349375000000        -8.773173672703644E-007
   131.563125000000         3.409532336201066E-007
   131.776875000000         1.545947297708309E-006
   131.990625000000         2.698311705203064E-006
   132.204375000000         3.762692009115037E-006
   132.418125000000         4.708693274724866E-006
   132.631875000000         5.511520166757202E-006
   132.845625000000         6.152301629784787E-006
   133.059375000000         6.618125810886397E-006
   133.273125000000         6.901827845132750E-006
   133.486875000000         7.001585578723205E-006
   133.700625000000         6.920385426610637E-006
   133.914375000000         6.665421974457993E-006
   134.128125000000         6.247490732665190E-006
   134.341875000000         5.680424191096640E-006
   134.555625000000         4.980607983834328E-006
   134.769375000000         4.166597867898511E-006
   134.983125000000         3.258840889188347E-006
   135.196875000000         2.279487189759264E-006
   135.410625000000         1.252263996538896E-006
   135.624375000000         2.023718369615116E-007
   135.838125000000        -8.436439341833192E-007
   136.051875000000        -1.858094921633459E-006
   136.265625000000        -2.812469611194097E-006
   136.479375000000        -3.677907148289874E-006
   136.693125000000        -4.425846984011854E-006
   136.906875000000        -5.028859161897977E-006
   137.120625000000        -5.461640661733213E-006
   137.334375000000        -5.702143349452324E-006
   137.548125000000        -5.732780388976526E-006
   137.761875000000        -5.541642078275662E-006
   137.975625000000        -5.123640418898061E-006
   138.189375000000        -4.481495461423786E-006
   138.403125000000        -3.626476353923810E-006
   138.616875000000        -2.578816385521853E-006
   138.830625000000        -1.367734032585795E-006
   139.044375000000        -3.101050218178468E-008
   139.258125000000         1.385902460691778E-006
   139.471875000000         2.831244007396755E-006
   139.685625000000         4.248745765825779E-006
   139.899375000000         5.579815735908081E-006
   140.113125000000         6.766019589231687E-006
   140.326875000000         7.751750766929032E-006
   140.540625000000         8.486962037207679E-006
   140.754375000000         8.929818733887782E-006
   140.968125000000         9.049128761192886E-006
   141.181875000000         8.826407251157664E-006
   141.395625000000         8.257444713927902E-006
   141.609375000000         7.353266404859462E-006
   141.823125000000         6.140396782586185E-006
   142.036875000000         4.660375264310621E-006
   142.250625000000         2.968506529806463E-006
   142.464375000000         1.131868588656694E-006
   142.678125000000        -7.733573402271326E-007
   142.891875000000        -2.665131586131034E-006
   143.105625000000        -4.459235956403244E-006
   143.319375000000        -6.073219233441999E-006
   143.533125000000        -7.430416258179302E-006
   143.746875000000        -8.463835680473645E-006
   143.960625000000        -9.119709186759342E-006
   144.174375000000        -9.360504104339487E-006
   144.388125000000        -9.167221798461706E-006
   144.601875000000        -8.540835622347684E-006
   144.815625000000        -7.502763073510946E-006
   145.029375000000        -6.094315330836324E-006
   145.243125000000        -4.375121011816084E-006
   145.456875000000        -2.420576874470582E-006
   145.670625000000        -3.184330930471186E-007
   145.884375000000         1.835328625488655E-006
   146.098125000000         3.941122607614834E-006
   146.311875000000         5.900658028697574E-006
   146.525625000000         7.621854126495638E-006
   146.739375000000         9.023510658170665E-006
   146.953125000000         1.003948099228011E-005
   147.166875000000         1.062211844110928E-005
   147.380625000000         1.074480320924836E-005
   147.594375000000         1.040340567293170E-005
   147.808125000000         9.616598861130821E-006
   148.021875000000         8.424995644182571E-006
   148.235625000000         6.889150536589675E-006
   148.449375000000         5.086528347939385E-006
   148.663125000000         3.107598458240112E-006
   148.876875000000         1.051260914707532E-006
   149.090625000000        -9.801538970118232E-007
   149.304375000000        -2.886048538040099E-006
   149.518125000000        -4.572614501528610E-006
   149.731875000000        -5.957518933510559E-006
   149.945625000000        -6.973982721357284E-006
   150.159375000000        -7.574045862098829E-006
   150.373125000000        -7.730861654239684E-006
   150.586875000000        -7.439914372789367E-006
   150.800625000000        -6.719112494037814E-006
   151.014375000000        -5.607767929855217E-006
   151.228125000000        -4.164527907828015E-006
   151.441875000000        -2.464377181475137E-006
   151.655625000000        -5.948717098189815E-007
   151.869375000000         1.348201095307388E-006
   152.083125000000         3.265517267746818E-006
   152.296875000000         5.059036255348735E-006
   152.510625000000         6.636715495000988E-006
   152.724375000000         7.916899585597212E-006
   152.938125000000         8.832184307108102E-006
   153.151875000000         9.332584378391116E-006
   153.365625000000         9.387869195524116E-006
   153.579375000000         8.988971000893620E-006
   153.793125000000         8.148413088282150E-006
   154.006875000000         6.899749851710456E-006
   154.220625000000         5.296053915155572E-006
   154.434375000000         3.407526543691527E-006
   154.648125000000         1.318344505527622E-006
   154.861875000000        -8.771118082337744E-007
   155.075625000000        -3.078479017344417E-006
   155.289375000000        -5.183892314808042E-006
   155.503125000000        -7.094530279668444E-006
   155.716875000000        -8.719023752836038E-006
   155.930625000000        -9.977536489026736E-006
   156.144375000000        -1.080534035805613E-005
   156.358125000000        -1.115573051229592E-005
   156.571875000000        -1.100215526069567E-005
   156.785625000000        -1.033947017825674E-005
   156.999375000000        -9.184264740207721E-006
   157.213125000000        -7.574250785854648E-006
   157.426875000000        -5.566743522176293E-006
   157.640625000000        -3.236305647044528E-006
   157.854375000000        -6.716616254380650E-007
   158.068125000000         2.027979541539658E-006
   158.281875000000         4.757030033278562E-006
   158.495625000000         7.407877467538178E-006
   158.709375000000         9.875299312305800E-006
   158.923125000000         1.206074936611410E-005
   159.136875000000         1.387633706417839E-005
   159.350625000000         1.524833710031027E-005
   159.564375000000         1.612009042859494E-005
   159.778125000000         1.645418675639034E-005
   159.991875000000         1.623385157031119E-005
   160.205625000000         1.546349584267631E-005
   160.419375000000         1.416842213348388E-005
   160.633125000000         1.239371521241918E-005
   160.846875000000         1.020237713644235E-005
   161.060625000000         7.672794734910197E-006
   161.274375000000         4.895650763242574E-006
   161.488125000000         1.970407972942752E-006
   161.701875000000        -9.984923160131454E-007
   161.915625000000        -3.905568930715606E-006
   162.129375000000        -6.648227576942055E-006
   162.343125000000        -9.130530490473160E-006
   162.556875000000        -1.126667287787902E-005
   162.770625000000        -1.298404324572142E-005
   162.984375000000        -1.422576163323360E-005
   163.198125000000        -1.495260976253872E-005
   163.411875000000        -1.514428957877959E-005
   163.625625000000        -1.479997092563769E-005
   163.839375000000        -1.393811451646553E-005
   164.053125000000        -1.259558220653416E-005
   164.266875000000        -1.082607209255600E-005
   164.480625000000        -8.697940363981238E-006
   164.694375000000        -6.291494278605375E-006
   164.908125000000        -3.695860298954298E-006
   165.121875000000        -1.005547502262280E-006
   165.335625000000         1.683161862130111E-006
   165.549375000000         4.275855950128221E-006
   165.763125000000         6.683530815682480E-006
   165.976875000000         8.825885646377019E-006
   166.190625000000         1.063424911758669E-005
   166.404375000000         1.205402497747899E-005
   166.618125000000         1.304656432250296E-005
   166.831875000000         1.359039516484545E-005
   167.045625000000         1.368176581739573E-005
   167.259375000000         1.333448617873161E-005
   167.473125000000         1.257907897338078E-005
   167.686875000000         1.146128017923341E-005
   167.900625000000         1.003995311817206E-005
   168.114375000000         8.384502998120795E-006
   168.328125000000         6.571897258566328E-006
   168.541875000000         4.683411283284090E-006
   168.755625000000         2.801228521863230E-006
   168.969375000000         1.005028638154596E-006
   169.183125000000        -6.313029972867287E-007
   169.396875000000        -2.042716150327616E-006
   169.610625000000        -3.175667970691942E-006
   169.824375000000        -3.990321105742684E-006
   170.038125000000        -4.462179095056289E-006
   170.251875000000        -4.583090488279131E-006
   170.465625000000        -4.361575716208677E-006
   170.679375000000        -3.822455336597969E-006
   170.893125000000        -3.005784261955339E-006
   171.106875000000        -1.965123272013241E-006
   171.320625000000        -7.652057406570671E-007
   171.534375000000         5.209168161244151E-007
   171.748125000000         1.815143021441640E-006
   171.961875000000         3.037875651195284E-006
   172.175625000000         4.111716633837175E-006
   172.389375000000         4.965146813514434E-006
   172.603125000000         5.536028924559866E-006
   172.816875000000         5.774773824557742E-006
   173.030625000000         5.647019060645374E-006
   173.244375000000         5.135685434887614E-006
   173.458125000000         4.242301098097838E-006
   173.671875000000         2.987513084290260E-006
   173.885625000000         1.410741885923762E-006
   174.099375000000        -4.310259717464191E-007
   174.313125000000        -2.465271346748518E-006
   174.526875000000        -4.606725332532475E-006
   174.740625000000        -6.760787241783917E-006
   174.954375000000        -8.827430671924310E-006
   175.168125000000        -1.070542483542209E-005
   175.381875000000        -1.229668113914849E-005
   175.595625000000        -1.351052744750020E-005
   175.809375000000        -1.426771505231736E-005
   176.023125000000        -1.450397595525344E-005
   176.236875000000        -1.417296988082718E-005
   176.450625000000        -1.324849015574921E-005
   176.664375000000        -1.172583342983725E-005
   176.878125000000        -9.622278073114133E-006
   177.091875000000        -6.976657696678358E-006
   177.305625000000        -3.848057345718619E-006
   177.519375000000        -3.136983893474538E-007
   177.733125000000         3.533887843685805E-006
   177.946875000000         7.590269506311094E-006
   178.160625000000         1.174295734550015E-005
   178.374375000000         1.587551829387836E-005
   178.588125000000         1.987179011282021E-005
   178.801875000000         2.362002869664947E-005
   179.015625000000         2.701682737513766E-005
   179.229375000000         2.997066116715727E-005
   179.443125000000         3.240492750864665E-005
   179.656875000000         3.426037751513203E-005
   179.870625000000         3.549685735946217E-005
   180.084375000000         3.609430690634653E-005
   180.298125000000         3.605299145797191E-005
   180.511875000000         3.539297148845071E-005
   180.725625000000         3.415284376652069E-005
   180.939375000000         3.238781447714298E-005
   181.153125000000         3.016719002862294E-005
   181.366875000000         2.757139332371248E-005
   181.580625000000         2.468863151855248E-005
   181.794375000000         2.161135484870568E-005
   182.008125000000         1.843265419490237E-005
   182.221875000000         1.524274706102818E-005
   182.435625000000         1.212569712971637E-005
   182.649375000000         9.156501426168448E-006
   182.863125000000         6.398661593129272E-006
   183.076875000000         3.902332487058704E-006
   183.290625000000         1.703113273739788E-006
   183.504375000000        -1.784851770229461E-007
   183.718125000000        -1.736895836760267E-006
   183.931875000000        -2.980706067649924E-006
   184.145625000000        -3.931285921865784E-006
   184.359375000000        -4.620923642206219E-006
   184.573125000000        -5.090578951571416E-006
   184.786875000000        -5.387379070843399E-006
   185.000625000000        -5.561989237253019E-006
   185.214375000000        -5.665988617063972E-006
   185.428125000000        -5.749374284381756E-006
   185.641875000000        -5.858301261378390E-006
   185.855625000000        -6.033146811662741E-006
   186.069375000000        -6.306963890074608E-006
   186.283125000000        -6.704363685160475E-006
   186.496875000000        -7.240842353741970E-006
   186.710625000000        -7.922543994809292E-006
   186.924375000000        -8.746432007322819E-006
   187.138125000000        -9.700825197722249E-006
   187.351875000000        -1.076624387477737E-005
   187.565625000000        -1.191650476210321E-005
   187.779375000000        -1.312000152400055E-005
   187.993125000000        -1.434110935021490E-005
   188.206875000000        -1.554165646056926E-005
   188.420625000000        -1.668241154571024E-005
   188.634375000000        -1.772454305003154E-005
   188.848125000000        -1.863101295500656E-005
   189.061875000000        -1.936787368459659E-005
   189.275625000000        -1.990544155281134E-005
   189.489375000000        -2.021932372072940E-005
   189.703125000000        -2.029127810772180E-005
   189.916875000000        -2.010988750274571E-005
   190.130625000000        -1.967103077242622E-005
   190.344375000000        -1.897813612946698E-005
   190.558125000000        -1.804220442132862E-005
   190.771875000000        -1.688159470449387E-005
   190.985625000000        -1.552157016871185E-005
   191.199375000000        -1.399360972577879E-005
   191.413125000000        -1.233449900680562E-005
   191.626875000000        -1.058522364724937E-005
   191.840625000000        -8.789696958300743E-006
   192.054375000000        -6.993362686147951E-006
   192.268125000000        -5.241720846571552E-006
   192.481875000000        -3.578829966771117E-006
   192.695625000000        -2.045841986144880E-006
   192.909375000000        -6.796262681679059E-007
   193.123125000000         4.884634257410304E-007
   193.336875000000         1.433630422311427E-006
   193.550625000000         2.138444128947254E-006
   193.764375000000         2.593385086388632E-006
   193.978125000000         2.797105459311370E-006
   194.191875000000         2.756395877550082E-006
   194.405625000000         2.485861193366719E-006
   194.619375000000         2.007318955159296E-006
   194.833125000000         1.348944767305089E-006
   195.046875000000         5.441978639202325E-007
   195.260625000000        -3.694320726022689E-007
   195.474375000000        -1.351809724650033E-006
   195.688125000000        -2.361619066201541E-006
   195.901875000000        -3.357854235317648E-006
   196.115625000000        -4.301281302393099E-006
   196.329375000000        -5.155816788749250E-006
   196.543125000000        -5.889771497051662E-006
   196.756875000000        -6.476912731744597E-006
   196.970625000000        -6.897304296185956E-006
   197.184375000000        -7.137891686165215E-006
   197.398125000000        -7.192809514235442E-006
   197.611875000000        -7.063399154205658E-006
   197.825625000000        -6.757936534726720E-006
   198.039375000000        -6.291082463298324E-006
   198.253125000000        -5.683080251930774E-006
   198.466875000000        -4.958737093465906E-006
   198.680625000000        -4.146235922629316E-006
   198.894375000000        -3.275832730753729E-006
   199.108125000000        -2.378499912182056E-006
   199.321875000000        -1.484578766893190E-006
   199.535625000000        -6.225035181414992E-007
   199.749375000000         1.823449038369633E-007
   199.963125000000         9.086043070048100E-007
   200.176875000000         1.539674862541153E-006
   200.390625000000         2.064211904647013E-006
   200.604375000000         2.476352266484043E-006
   200.818125000000         2.775672357343468E-006
   201.031875000000         2.966889654178096E-006
   201.245625000000         3.059331582630653E-006
   201.459375000000         3.066206233631630E-006
   201.673125000000         3.003717509305813E-006
   201.886875000000         2.890072824639149E-006
   202.100625000000         2.744434323565984E-006
   202.314375000000         2.585864804268010E-006
   202.528125000000         2.432317448173543E-006
   202.741875000000         2.299714377282662E-006
   202.955625000000         2.201153444851732E-006
   203.169375000000         2.146275914947210E-006
   203.383125000000         2.140820182218840E-006
   203.596875000000         2.186378725040381E-006
   203.810625000000         2.280367286737852E-006
   204.024375000000         2.416206974884559E-006
   204.238125000000         2.583711635753944E-006
   204.451875000000         2.769664559287489E-006
   204.665625000000         2.958560382860632E-006
   204.879375000000         3.133480138952799E-006
   205.093125000000         3.277059979577066E-006
   205.306875000000         3.372507569449609E-006
   205.520625000000         3.404614938482422E-006
   205.734375000000         3.360713268716144E-006
   205.948125000000         3.231514234294462E-006
   206.161875000000         3.011784645350345E-006
   206.375625000000         2.700806674103384E-006
   206.589375000000         2.302585065862615E-006
   206.803125000000         1.825775385168718E-006
   207.016875000000         1.283323118206176E-006
   207.230625000000         6.918216007264022E-007
   207.444375000000         7.061618955701816E-008
   207.658125000000        -5.592985064138359E-007
   207.871875000000        -1.176523707550577E-006
   208.085625000000        -1.760564595310772E-006
   208.299375000000        -2.293112285385586E-006
   208.513125000000        -2.759206440294702E-006
   208.726875000000        -3.148188167317816E-006
   208.940625000000        -3.454362916825966E-006
   209.154375000000        -3.677310180207376E-006
   209.368125000000        -3.821800057736477E-006
   209.581875000000        -3.897304798230103E-006
   209.795625000000        -3.917124259614139E-006
   210.009375000000        -3.897175575246907E-006
   210.223125000000        -3.854526604518364E-006
   210.436875000000        -3.805777473777126E-006
   210.650625000000        -3.765412378737718E-006
   210.864375000000        -3.744252966622980E-006
   211.078125000000        -3.748143815023636E-006
   211.291875000000        -3.776989307244083E-006
   211.505625000000        -3.824239942440798E-006
   211.719375000000        -3.876896030148868E-006
   211.933125000000        -3.916059797865919E-006
   212.146875000000        -3.918025823442763E-006
   212.360625000000        -3.855857472252604E-006
   212.574375000000        -3.701356958511071E-006
   212.788125000000        -3.427301987743264E-006
   213.001875000000        -3.009795575838859E-006
   213.215625000000        -2.430559913070649E-006
   213.429375000000        -1.679001611266941E-006
   213.643125000000        -7.538849873058852E-007
   213.856875000000         3.355281402555782E-007
   214.070625000000         1.568980645708220E-006
   214.284375000000         2.915430776003815E-006
   214.498125000000         4.333989744911939E-006
   214.711875000000         5.775554001631988E-006
   214.925625000000         7.185050366973319E-006
   215.139375000000         8.504167444006077E-006
   215.353125000000         9.674410075005127E-006
   215.566875000000         1.064028793494840E-005
   215.780625000000         1.135243664080957E-005
   215.994375000000         1.177047108828513E-005
   216.208125000000         1.186538614415738E-005
   216.421875000000         1.162134832118538E-005
   216.635625000000         1.103676166622700E-005
   216.849375000000         1.012453899053618E-005
   217.063125000000         8.911562324196073E-006
   217.276875000000         7.437370269076813E-006
   217.490625000000         5.752160848985695E-006
   217.704375000000         3.914242805072765E-006
   217.918125000000         1.987102834103866E-006
   218.131875000000         3.627852155493733E-008
   218.345625000000        -1.873764889549814E-006
   218.559375000000        -3.682561746708559E-006
   218.773125000000        -5.336204897087536E-006
   218.986875000000        -6.789395840611178E-006
   219.200625000000        -8.006887198407906E-006
   219.414375000000        -8.964266258751447E-006
   219.628125000000        -9.648078417515658E-006
   219.841875000000        -1.005533772540438E-005
   220.055625000000        -1.019251460667075E-005
   220.269375000000        -1.007412470322280E-005
   220.483125000000        -9.721065057248368E-006
   220.696875000000        -9.158852796583316E-006
   220.910625000000        -8.415916596742821E-006
   221.124375000000        -7.522073135514722E-006
   221.338125000000        -6.507291369644378E-006
   221.551875000000        -5.400809608799490E-006
   221.765625000000        -4.230627681976565E-006
   221.979375000000        -3.023353094353190E-006
   222.193125000000        -1.804340166555062E-006
   222.406875000000        -5.980286553436294E-007
   222.620625000000         5.716334603194987E-007
   222.834375000000         1.680807194056791E-006
   223.048125000000         2.705538749341784E-006
   223.261875000000         3.621794740916826E-006
   223.475625000000         4.405825424486256E-006
   223.689375000000         5.034884620708953E-006
   223.903125000000         5.488289356417669E-006
   224.116875000000         5.748755748659683E-006
   224.330625000000         5.803905094763621E-006
   224.544375000000         5.647800058995483E-006
   224.758125000000         5.282349157324241E-006
   224.971875000000         4.718411271804487E-006
   225.185625000000         3.976442143436160E-006
   225.399375000000         3.086551610729052E-006
   225.613125000000         2.087882094432044E-006
   225.826875000000         1.027272296985878E-006
   226.040625000000        -4.276913481620379E-008
   226.254375000000        -1.066692434032544E-006
   226.468125000000        -1.988991341311048E-006
   226.681875000000        -2.757546958159800E-006
   226.895625000000        -3.326998523341114E-006
   227.109375000000        -3.661891074832459E-006
   227.323125000000        -3.739352539388986E-006
   227.536875000000        -3.551076267018381E-006
   227.750625000000        -3.104428139676563E-006
   227.964375000000        -2.422557105072325E-006
   228.178125000000        -1.543459756914902E-006
   228.391875000000        -5.180276858105304E-007
   228.605625000000         5.928156239077039E-007
   228.819375000000         1.721710074596771E-006
   229.033125000000         2.798949225122110E-006
   229.246875000000         3.756787091509152E-006
   229.460625000000         4.533662998392820E-006
   229.674375000000         5.078049073380087E-006
   229.888125000000         5.351651053639741E-006
   230.101875000000         5.331740137108244E-006
   230.315625000000         5.012457882482984E-006
   230.529375000000         4.405012434361705E-006
   230.743125000000         3.536766434239127E-006
   230.956875000000         2.449298240841920E-006
   231.170625000000         1.195592014632870E-006
   231.384375000000        -1.634270113453123E-007
   231.598125000000        -1.562752815777404E-006
   231.811875000000        -2.937273185309623E-006
   232.025625000000        -4.225577679638351E-006
   232.239375000000        -5.373340071221870E-006
   232.453125000000        -6.336057838761160E-006
   232.666875000000        -7.080988314123401E-006
   232.880625000000        -7.588188583711749E-006
   233.094375000000        -7.850638430957580E-006
   233.308125000000        -7.873496460957213E-006
   233.521875000000        -7.672603353034689E-006
   233.735625000000        -7.272397998079738E-006
   233.949375000000        -6.703448320970151E-006
   234.163125000000        -5.999816543325871E-006
   234.376875000000        -5.196477788566780E-006
   234.590625000000        -4.326992156173544E-006
   234.804375000000        -3.421596053674934E-006
   235.018125000000        -2.505832247483717E-006
   235.231875000000        -1.599784215678132E-006
   235.445625000000        -7.179238472423040E-007
   235.659375000000         1.304727599740420E-007
   235.873125000000         9.404341907715802E-007
   236.086875000000         1.710057132286898E-006
   236.300625000000         2.439078034249645E-006
   236.514375000000         3.127415964959499E-006
   236.728125000000         3.773844076209661E-006
   236.941875000000         4.374927864746810E-006
   237.155625000000         4.924337714401840E-006
   237.369375000000         5.412604097379305E-006
   237.583125000000         5.827339954660480E-006
   237.796875000000         6.153910058626180E-006
   238.010625000000         6.376485394353785E-006
   238.224375000000         6.479385195439280E-006
   238.438125000000         6.448583000698666E-006
   238.651875000000         6.273237882175388E-006
   238.865625000000         5.947108797940645E-006
   239.079375000000         5.469718820391637E-006
   239.293125000000         4.847155812092637E-006
   239.506875000000         4.092425165765422E-006
   239.720625000000         3.225306031298731E-006
   239.934375000000         2.271702108105679E-006
   240.148125000000         1.262518453583721E-006
   240.361875000000         2.321337311720378E-007
   240.575625000000        -7.834299834245139E-007
   240.789375000000        -1.748512744050617E-006
   241.003125000000        -2.629855120963133E-006
   241.216875000000        -3.398522221198419E-006
   241.430625000000        -4.031572479818998E-006
   241.644375000000        -4.513347329660644E-006
   241.858125000000        -4.836284254826528E-006
   242.071875000000        -5.001189688815629E-006
   242.285625000000        -5.016947311721771E-006
   242.499375000000        -4.899678721664453E-006
   242.713125000000        -4.671414189273716E-006
   242.926875000000        -4.358368236980298E-006
   243.140625000000        -3.988945313561123E-006
   243.354375000000        -3.591622468087635E-006
   243.568125000000        -3.192866870322705E-006
   243.781875000000        -2.815245224560347E-006
   243.995625000000        -2.475869375158029E-006
   244.209375000000        -2.185298391621052E-006
   244.423125000000        -1.946983711555931E-006
   244.636875000000        -1.757302864793491E-006
   244.850625000000        -1.606181896863474E-006
   245.064375000000        -1.478260284477498E-006
   245.278125000000        -1.354508501202838E-006
   245.491875000000        -1.214170961318187E-006
   245.705625000000        -1.036878973115435E-006
   245.919375000000        -8.047620468338985E-007
   246.133125000000        -5.043830260332069E-007
   246.346875000000        -1.283336028885560E-007
   246.560625000000         3.236487263410516E-007
   246.774375000000         8.441449854455928E-007
   246.988125000000         1.418157771828150E-006
   247.201875000000         2.023859666582896E-006
   247.415625000000         2.633941285381221E-006
   247.629375000000         3.217463638216213E-006
   247.843125000000         3.742076683828904E-006
   248.056875000000         4.176433635428093E-006
   248.270625000000         4.492611514078709E-006
   248.484375000000         4.668344416782976E-006
   248.698125000000         4.688887511761541E-006
   248.911875000000         4.548356158745915E-006
   249.125625000000         4.250423811705933E-006
   249.339375000000         3.808311453907641E-006
   249.553125000000         3.244056370613836E-006
   249.766875000000         2.587104703417440E-006
   249.980625000000         1.872325924716257E-006
   250.194375000000         1.137593819372091E-006
   250.408125000000         4.211140393499507E-007
   250.621875000000        -2.413000384676580E-007
   250.835625000000        -8.187953114129465E-007
   251.049375000000        -1.287692917355602E-006
   251.263125000000        -1.633175530238605E-006
   251.476875000000        -1.850313953798915E-006
   251.690625000000        -1.944347978517356E-006
   251.904375000000        -1.930192112464268E-006
   252.118125000000        -1.831194879470040E-006
   252.331875000000        -1.677236542162353E-006
   252.545625000000        -1.502300184720216E-006
   252.759375000000        -1.341691407040845E-006
   252.973125000000        -1.229109519535280E-006
   253.186875000000        -1.193786118261254E-006
   253.400625000000        -1.257904368089250E-006
   253.614375000000        -1.434494444615141E-006
   253.828125000000        -1.725968675834748E-006
   254.041875000000        -2.123416238535388E-006
   254.255625000000        -2.606724850494374E-006
   254.469375000000        -3.145539379867555E-006
   254.683125000000        -3.701008613367368E-006
   254.896875000000        -4.228215590924182E-006
   255.110625000000        -4.679137731392806E-006
   255.324375000000        -5.005943801555990E-006
   255.538125000000        -5.164408321436950E-006
   255.751875000000        -5.117212126147625E-006
   255.965625000000        -4.836901442393230E-006
   256.179375000000        -4.308296897984038E-006
   256.393125000000        -3.530177261560305E-006
   256.606875000000        -2.516108346833060E-006
   256.820625000000        -1.294342512124615E-006
   257.034375000000         9.322502261076215E-008
   257.248125000000         1.592994243585752E-006
   257.461875000000         3.142383840857612E-006
   257.675625000000         4.673177560085485E-006
   257.889375000000         6.115287501326710E-006
   258.103125000000         7.400698537615065E-006
   258.316875000000         8.467343772179294E-006
   258.530625000000         9.262663571469515E-006
   258.744375000000         9.746620241951601E-006
   258.958125000000         9.893975700150728E-006
   259.171875000000         9.695688204431105E-006
   259.385625000000         9.159343047418193E-006
   259.599375000000         8.308596931597858E-006
   259.813125000000         7.181681946890340E-006
   260.026875000000         5.829077853870245E-006
   260.240625000000         4.310516165471723E-006
   260.454375000000         2.691522287455814E-006
   260.668125000000         1.039729580258086E-006
   260.881875000000        -5.787903570185127E-007
   261.095625000000        -2.102944285832135E-006
   261.309375000000        -3.479568457384010E-006
   261.523125000000        -4.665741540516077E-006
   261.736875000000        -5.630338076402504E-006
   261.950625000000        -6.354760311578085E-006
   262.164375000000        -6.832848286702717E-006
   262.378125000000        -7.070028031262094E-006
   262.591875000000        -7.081810900011461E-006
   262.805625000000        -6.891799371132327E-006
   263.019375000000        -6.529382861071234E-006
   263.233125000000        -6.027319378883962E-006
   263.446875000000        -5.419394610867937E-006
   263.660625000000        -4.738330179996989E-006
   263.874375000000        -4.014079575516374E-006
   264.088125000000        -3.272606922568307E-006
   264.301875000000        -2.535194492466252E-006
   264.515625000000        -1.818274200229010E-006
   264.729375000000        -1.133730867685155E-006
   264.943125000000        -4.895849176322422E-007
   265.156875000000         1.090671950252582E-007
   265.370625000000         6.589927860860711E-007
   265.584375000000         1.157783077306338E-006
   265.798125000000         1.602962012680127E-006
   266.011875000000         1.991348037662341E-006
   266.225625000000         2.318739421071967E-006
   266.439375000000         2.579953893147353E-006
   266.653125000000         2.769211498834131E-006
   266.866875000000         2.880809775748028E-006
   267.080625000000         2.910006538568759E-006
   267.294375000000         2.854000926703459E-006
   267.508125000000         2.712890259048520E-006
   267.721875000000         2.490479812797616E-006
   267.935625000000         2.194834848298286E-006
   268.149375000000         1.838487779543038E-006
   268.363125000000         1.438246011093506E-006
   268.576875000000         1.014584462270654E-006
   268.790625000000         5.906474853651202E-007
   269.004375000000         1.909238872428127E-007
   269.218125000000        -1.603076001083334E-007
   269.431875000000        -4.406399431161596E-007
   269.645625000000        -6.311698296626922E-007
   269.859375000000        -7.179613683379428E-007
   270.073125000000        -6.932131339598017E-007
   270.286875000000        -5.560221324927729E-007
   270.500625000000        -3.126697325942392E-007
   270.714375000000         2.360711910807099E-008
   270.928125000000         4.333543666326673E-007
   271.141875000000         8.921024223330415E-007
   271.355625000000         1.371946470943331E-006
   271.569375000000         1.843390237408031E-006
   271.783125000000         2.277316557619101E-006
   271.996875000000         2.646937879426243E-006
   272.210625000000         2.929581523533150E-006
   272.424375000000         3.108177859785720E-006
   272.638125000000         3.172343244594304E-006
   272.851875000000         3.118981522695981E-006
   273.065625000000         2.952365385234330E-006
   273.279375000000         2.683698769008395E-006
   273.493125000000         2.330200533105404E-006
   273.706875000000         1.913784768969430E-006
   273.920625000000         1.459441605516527E-006
   274.134375000000         9.934421954038606E-007
   274.348125000000         5.415014109063778E-007
   274.561875000000         1.270311829419680E-007
   274.775625000000        -2.303932177116843E-007
   274.989375000000        -5.162511460369176E-007
   275.203125000000        -7.219024790050589E-007
   275.416875000000        -8.449762971091701E-007
   275.630625000000        -8.893104492496145E-007
   275.844375000000        -8.644627622056979E-007
   276.058125000000        -7.848442565689551E-007
   276.271875000000        -6.685491525396299E-007
   276.485625000000        -5.359740970600254E-007
   276.699375000000        -4.083289519141261E-007
   276.913125000000        -3.061433598999121E-007
   277.126875000000        -2.478675260790624E-007
   277.340625000000        -2.486531822600603E-007
   277.554375000000        -3.193829934787395E-007
   277.768125000000        -4.659954904124976E-007
   277.981875000000        -6.891298996782543E-007
   278.195625000000        -9.840928977168853E-007
   278.409375000000        -1.341129043941816E-006
   278.623125000000        -1.745959832579112E-006
   278.836875000000        -2.180543882817613E-006
   279.050625000000        -2.624003216238417E-006
   279.264375000000        -3.053657807119814E-006
   279.478125000000        -3.446112143128854E-006
   279.691875000000        -3.778342546522977E-006
   279.905625000000        -4.028741382324773E-006
   280.119375000000        -4.178082820218120E-006
   280.333125000000        -4.210383362236259E-006
   280.546875000000        -4.113637913045898E-006
   280.760625000000        -3.880418048460350E-006
   280.974375000000        -3.508322976189268E-006
   281.188125000000        -3.000275503551302E-006
   281.401875000000        -2.364655510427984E-006
   281.615625000000        -1.615262647023901E-006
   281.829375000000        -7.710991048711507E-007
   282.043125000000         1.440367133157810E-007
   282.256875000000         1.102153096793758E-006
   282.470625000000         2.071867862809985E-006
   282.684375000000         3.019407581857433E-006
   282.898125000000         3.909789949588169E-006
   283.111875000000         4.708163975893503E-006
   283.325625000000         5.381268991902134E-006
   283.539375000000         5.898959365129037E-006
   283.753125000000         6.235728638785987E-006
   283.966875000000         6.372156052243833E-006
   284.180625000000         6.296191485755107E-006
   284.394375000000         6.004193031820493E-006
   284.608125000000         5.501635514772142E-006
   284.821875000000         4.803418793427584E-006
   285.035625000000         3.933721498800883E-006
   285.249375000000         2.925368340314307E-006
   285.463125000000         1.818706095732825E-006
   285.676875000000         6.600132660255437E-007
   285.890625000000        -5.005008283541961E-007
   286.104375000000        -1.611022158331340E-006
   286.318125000000        -2.620671780468199E-006
   286.531875000000        -3.482127069823412E-006
   286.745625000000        -4.154178634626534E-006
   286.959375000000        -4.604072184141276E-006
   287.173125000000        -4.809488988551372E-006
   287.386875000000        -4.760032475749437E-006
   287.600625000000        -4.458111526490581E-006
   287.814375000000        -3.919142114421442E-006
   288.028125000000        -3.171026486566625E-006
   288.241875000000        -2.252911011923859E-006
   288.455625000000        -1.213267697345352E-006
   288.669375000000        -1.073875110700701E-007
   288.883125000000         1.005586679430492E-006
   289.096875000000         2.065926216204648E-006
   289.310625000000         3.016695479895932E-006
   289.524375000000         3.807042677591577E-006
   289.738125000000         4.395199402041604E-006
   289.951875000000         4.750996142678777E-006
   290.165625000000         4.857724106249265E-006
   290.379375000000         4.713208881713446E-006
   290.593125000000         4.330007012775302E-006
   290.806875000000         3.734689978263924E-006
   291.020625000000         2.966238285096924E-006
   291.234375000000         2.073627671595007E-006
   291.448125000000         1.112745796539864E-006
   291.661875000000         1.428271832833255E-007
   291.875625000000        -7.773672415643349E-007
   292.089375000000        -1.593375235521233E-006
   292.303125000000        -2.258604345083347E-006
   292.516875000000        -2.737400599248126E-006
   292.730625000000        -3.007394678354215E-006
   292.944375000000        -3.060950648372175E-006
   293.158125000000        -2.905601825106732E-006
   293.371875000000        -2.563428211641593E-006
   293.585625000000        -2.069405356868283E-006
   293.799375000000        -1.468829862208790E-006
   294.013125000000        -8.139963166476993E-007
   294.226875000000        -1.603585861719747E-007
   294.440625000000         4.375497590478865E-007
   294.654375000000         9.301392672085004E-007
   294.868125000000         1.276436495698769E-006
   295.081875000000         1.447130957593202E-006
   295.295625000000         1.426768639091629E-006
   295.509375000000         1.214926315743763E-006
   295.723125000000         8.262770464769219E-007
   295.936875000000         2.895408687021903E-007
   296.150625000000        -3.546007996274238E-007
   296.364375000000        -1.056470022459097E-006
   296.578125000000        -1.761013233653377E-006
   296.791875000000        -2.411806362008208E-006
   297.005625000000        -2.955145387157068E-006
   297.219375000000        -3.343920086342364E-006
   297.433125000000        -3.540988935976368E-006
   297.646875000000        -3.521815034416000E-006
   297.860625000000        -3.276182767887895E-006
   298.074375000000        -2.808887549013119E-006
   298.288125000000        -2.139370141569593E-006
   298.501875000000        -1.300346260213568E-006
   298.715625000000        -3.355548953893746E-007
   298.929375000000         7.031904992574850E-007
   299.143125000000         1.759419644759602E-006
   299.356875000000         2.775638787700580E-006
   299.570625000000         3.696922319772502E-006
   299.784375000000         4.474220659837157E-006
   299.998125000000         5.067175258038942E-006
   300.211875000000         5.446278182547773E-006
   300.425625000000         5.594269451829603E-006
   300.639375000000         5.506724979450125E-006
   300.853125000000         5.191846633253450E-006
   301.066875000000         4.669518895213828E-006
   301.280625000000         3.969740235678654E-006
   301.494375000000         3.130569026823853E-006
   301.708125000000         2.195742343289654E-006
   301.921875000000         1.212131350614946E-006
   302.135625000000         2.271903425348946E-007
   302.349375000000        -7.134600400512916E-007
   302.563125000000        -1.568198574116823E-006
   302.776875000000        -2.301229250325178E-006
   302.990625000000        -2.884007294392211E-006
   303.204375000000        -3.296233478332136E-006
   303.418125000000        -3.526409428063988E-006
   303.631875000000        -3.571966828611135E-006
   303.845625000000        -3.438998716361377E-006
   304.059375000000        -3.141631665882792E-006
   304.273125000000        -2.701084411482416E-006
   304.486875000000        -2.144462420215724E-006
   304.700625000000        -1.503340395206597E-006
   304.914375000000        -8.121867629802710E-007
   305.128125000000        -1.066867049185708E-007
   305.341875000000         5.779763937950734E-007
   305.555625000000         1.208817213997489E-006
   305.769375000000         1.756654576127261E-006
   305.983125000000         2.197556298766279E-006
   306.196875000000         2.514050911072365E-006
   306.410625000000         2.696036849594523E-006
   306.624375000000         2.741326913602762E-006
   306.838125000000         2.655778213358921E-006
   307.051875000000         2.452975822612495E-006
   307.265625000000         2.153461404135709E-006
   307.479375000000         1.783525116402176E-006
   307.693125000000         1.373608420726024E-006
   307.906875000000         9.563947982880148E-007
   308.120625000000         5.646923702421419E-007
   308.334375000000         2.292344488179008E-007
   308.548125000000        -2.346121296691625E-008
   308.761875000000        -1.730281629413655E-007
   308.975625000000        -2.068405720402981E-007
   309.189375000000        -1.211304957032976E-007
   309.403125000000         7.846640232244857E-008
   309.616875000000         3.770009617265357E-007
   309.830625000000         7.509587877690981E-007
   310.044375000000         1.169643073594784E-006
   310.258125000000         1.597121901903906E-006
   310.471875000000         1.994626396873193E-006
   310.685625000000         2.323248927328253E-006
   310.899375000000         2.546762834962612E-006
   311.113125000000         2.634369316471696E-006
   311.326875000000         2.563174735315800E-006
   311.540625000000         2.320213415259530E-006
   311.754375000000         1.903856472738054E-006
   311.968125000000         1.324485049941760E-006
   312.181875000000         6.043540479166831E-007
   312.395625000000        -2.233730190418594E-007
   312.609375000000        -1.116379832786650E-006
   312.823125000000        -2.025648884762924E-006
   313.036875000000        -2.898462384919982E-006
   313.250625000000        -3.681763093464211E-006
   313.464375000000        -4.325654883702878E-006
   313.678125000000        -4.786806563854028E-006
   313.891875000000        -5.031522282196683E-006
   314.105625000000        -5.038258167316605E-006
   314.319375000000        -4.799397024997518E-006
   314.533125000000        -4.322139111616111E-006
   314.746875000000        -3.628424384564859E-006
   314.960625000000        -2.753866480752286E-006
   315.174375000000        -1.745746646226912E-006
   315.388125000000        -6.601822317967138E-007
   315.601875000000         4.413555554330811E-007
   315.815625000000         1.495950633785769E-006
   316.029375000000         2.443318994866007E-006
   316.243125000000         3.229777544261769E-006
   316.456875000000         3.811830621880850E-006
   316.670625000000         4.159121390774209E-006
   316.884375000000         4.256535183763242E-006
   317.098125000000         4.105297856734569E-006
   317.311875000000         3.722980512153156E-006
   317.525625000000         3.142397892156557E-006
   317.739375000000         2.409465858887540E-006
   317.953125000000         1.580157932560671E-006
   318.166875000000         7.167662247188544E-007
   318.380625000000        -1.162767631370370E-007
   318.594375000000        -8.567261675859778E-007
   318.808125000000        -1.448701489957873E-006
   319.021875000000        -1.846421223717576E-006
   319.235625000000        -2.017236478585223E-006
   319.449375000000        -1.943755861284419E-006
   319.663125000000        -1.624920460375585E-006
   319.876875000000        -1.075964685950151E-006
   320.090625000000        -3.272799688751551E-007
   320.304375000000         5.777224077812025E-007
   320.518125000000         1.585581972717033E-006
   320.731875000000         2.636368429856358E-006
   320.945625000000         3.667605545986229E-006
   321.159375000000         4.618256908989004E-006
   321.373125000000         5.432494433275561E-006
   321.586875000000         6.062995300386620E-006
   321.800625000000         6.473556631600614E-006
   322.014375000000         6.640875590472660E-006
   322.228125000000         6.555410649160475E-006
   322.441875000000         6.221311583555176E-006
   322.655625000000         5.655475392371486E-006
   322.869375000000         4.885847143346953E-006
   323.083125000000         3.949133977356115E-006
   323.296875000000         2.888133651591876E-006
   323.510625000000         1.748894112836747E-006
   323.724375000000         5.779173551388450E-007
   323.938125000000        -5.803994506354902E-007
   324.151875000000        -1.685927111015114E-006
   324.365625000000        -2.704458345427783E-006
   324.579375000000        -3.608789748275519E-006
   324.793125000000        -4.379220728234337E-006
   325.006875000000        -5.003506399902299E-006
   325.220625000000        -5.476341742171638E-006
   325.434375000000        -5.798483965218833E-006
   325.648125000000        -5.975637127220444E-006
   325.861875000000        -6.017227108610215E-006
   326.075625000000        -5.935186862399928E-006
   326.289375000000        -5.742853314656919E-006
   326.503125000000        -5.454051155596356E-006
   326.716875000000        -5.082408338925020E-006
   326.930625000000        -4.640916863685703E-006
   327.144375000000        -4.141723625103443E-006
   327.358125000000        -3.596112552647183E-006
   327.571875000000        -3.014622907759016E-006
   327.785625000000        -2.407240577598822E-006
   327.999375000000        -1.783599594691841E-006
   328.213125000000        -1.153139140664389E-006
   328.426875000000        -5.251753899786099E-007
   328.640625000000         9.113440260588704E-008
   328.854375000000         6.869385807978219E-007
   329.068125000000         1.253932843518202E-006
   329.281875000000         1.784665760069533E-006
   329.495625000000         2.272865868994955E-006
   329.709375000000         2.713743186843521E-006
   329.923125000000         3.104219176724508E-006
   330.136875000000         3.443046322136190E-006
   330.350625000000         3.730790423464594E-006
   330.564375000000         3.969664079739463E-006
   330.778125000000         4.163216710998387E-006
   330.991875000000         4.315902978926837E-006
   331.205625000000         4.432565737742976E-006
   331.419375000000         4.517880149396959E-006
   331.633125000000         4.575811230070599E-006
   331.846875000000         4.609137309461632E-006
   332.060625000000         4.619086717975688E-006
   332.274375000000         4.605125070222393E-006
   332.488125000000         4.564916867814102E-006
   332.701875000000         4.494469234425668E-006
   332.915625000000         4.388449046979177E-006
   333.129375000000         4.240649180944536E-006
   333.343125000000         4.044566533781317E-006
   333.556875000000         3.794045115424144E-006
   333.770625000000         3.483932572256074E-006
   333.984375000000         3.110698337785148E-006
   334.198125000000         2.672965986813500E-006
   334.411875000000         2.171920669162924E-006
   334.625625000000         1.611563710697796E-006
   334.839375000000         9.987993501032618E-007
   335.053125000000         3.433517898115555E-007
   335.266875000000        -3.424770086537732E-007
   335.480625000000        -1.044188157655845E-006
   335.694375000000        -1.745577329900681E-006
   335.908125000000        -2.429304843703618E-006
   336.121875000000        -3.077511494268814E-006
   336.335625000000        -3.672449391099197E-006
   336.549375000000        -4.197101395296324E-006
   336.763125000000        -4.635768396824773E-006
   336.976875000000        -4.974609631601475E-006
   337.190625000000        -5.202126557130752E-006
   337.404375000000        -5.309584702629720E-006
   337.618125000000        -5.291369884115646E-006
   337.831875000000        -5.145275075087909E-006
   338.045625000000        -4.872712271224654E-006
   338.259375000000        -4.478840453444731E-006
   338.473125000000        -3.972597084090875E-006
   338.686875000000        -3.366617475541778E-006
   338.900625000000        -2.677024882674228E-006
   339.114375000000        -1.923075197330214E-006
   339.328125000000        -1.126644302746731E-006
   339.541875000000        -3.115537323365507E-007
   339.755625000000         4.972589354406665E-007
   339.969375000000         1.274705212232710E-006
   340.183125000000         1.996611942940816E-006
