  -1.60312500000000         7.067522982009338E-020
  -1.38937500000000         2.408679602591916E-017
  -1.17562500000000         2.002499858451754E-016
 -0.961875000000000         1.089525788193243E-015
 -0.748125000000000         4.684954251279300E-015
 -0.534375000000000         1.690202589401042E-014
 -0.320625000000000         5.263462422190299E-014
 -0.106875000000000         1.440884284987838E-013
  0.106875000000000         3.517621090639945E-013
  0.320625000000000         7.758552062168964E-013
  0.534375000000000         1.564053272981399E-012
  0.748125000000000         2.911694952434116E-012
  0.961875000000000         5.051297007375795E-012
   1.17562500000000         8.230868828866764E-012
   1.38937500000000         1.268110882361434E-011
   1.60312500000000         1.858117466514052E-011
   1.81687500000000         2.602171518226934E-011
   2.03062500000000         3.497229794069212E-011
   2.24437500000000         4.526795755724539E-011
   2.45812500000000         5.660012050186549E-011
   2.67187500000000         6.853160400994844E-011
   2.88562500000000         8.052968087784884E-011
   3.09937500000000         9.200991848124505E-011
   3.31312500000000         1.023903662851563E-010
   3.52687500000000         1.111502497567452E-010
   3.74062500000000         1.178904842183999E-010
   3.95437500000000         1.223596599561354E-010
   4.16812500000000         1.244813531686831E-010
   4.38187500000000         1.243633457309541E-010
   4.59562500000000         1.222601959479413E-010
   4.80937500000000         1.185423332285783E-010
   5.02312500000000         1.136345311638401E-010
   5.23687500000000         1.079690030821270E-010
   5.45062500000000         1.019254440700963E-010
   5.66437500000000         9.579805586521385E-011
   5.87812500000000         8.980092016845731E-011
   6.09187500000000         8.405049674601013E-011
   6.30562500000000         7.862243691126491E-011
   6.51937500000000         7.359048515190103E-011
   6.73312500000000         6.908606969750983E-011
   6.94687500000000         6.531537066349214E-011
   7.16062500000000         6.261084990064730E-011
   7.37437500000000         6.141257777246853E-011
   7.58812500000000         6.223071017150032E-011
   7.80187500000000         6.557379885228542E-011
   8.01562500000000         7.188096927170593E-011
   8.22937500000000         8.142264922939965E-011
   8.44312500000000         9.422189330896969E-011
   8.65687500000000         1.100161605614238E-010
   8.87062500000000         1.282365080596431E-010
   9.08437500000000         1.480470057225275E-010
   9.29812500000000         1.684149227643342E-010
   9.51187500000000         1.882283242952035E-010
   9.72562500000000         2.064013413263994E-010
   9.93937500000000         2.220169743236100E-010
   10.1531250000000         2.344085921093708E-010
   10.3668750000000         2.432275989426596E-010
   10.5806250000000         2.484590010126145E-010
   10.7943750000000         2.503774932756954E-010
   11.0081250000000         2.494840964570643E-010
   11.2218750000000         2.463919250613419E-010
   11.4356250000000         2.417289604549790E-010
   11.6493750000000         2.360435841073306E-010
   11.8631250000000         2.297438836873525E-010
   12.0768750000000         2.230751908493772E-010
   12.2906250000000         2.161590202590700E-010
   12.5043750000000         2.090448757719757E-010
   12.7181250000000         2.018060723035804E-010
   12.9318750000000         1.946281843468170E-010
   13.1456250000000         1.878689174751822E-010
   13.3593750000000         1.820838258710787E-010
   13.5731250000000         1.780136314443760E-010
   13.7868750000000         1.764960456488782E-010
   14.0006250000000         1.783632064287828E-010
   14.2143750000000         1.842924802170876E-010
   14.4281250000000         1.946748649920801E-010
   14.6418750000000         2.095153982918925E-010
   14.8556250000000         2.283703344633967E-010
   15.0693750000000         2.503606500046934E-010
   15.2831250000000         2.742492224696933E-010
   15.4968750000000         2.985804673471438E-010
   15.7106250000000         3.218513143289152E-010
   15.9243750000000         3.426988411506270E-010
   16.1381250000000         3.600654471019049E-010
   16.3518750000000         3.733301848838606E-010
   16.5656250000000         3.823537484795927E-010
   16.7793750000000         3.874705938138463E-010
   16.9931250000000         3.893951199964451E-010
   17.2068750000000         3.890758200656631E-010
   17.4206250000000         3.875386890308949E-010
   17.6343750000000         3.856962257020617E-010
   17.8481250000000         3.842184392042780E-010
   18.0618750000000         3.834426138149971E-010
   18.2756250000000         3.833404329268024E-010
   18.4893750000000         3.835885744649375E-010
   18.7031250000000         3.836455323205661E-010
   18.9168750000000         3.829227566287578E-010
   19.1306250000000         3.809089118946316E-010
   19.3443750000000         3.773371459725397E-010
   19.5581250000000         3.722496421909806E-010
   19.7718750000000         3.660496810790810E-010
   19.9856250000000         3.594707104289778E-010
   20.1993750000000         3.534855511817213E-010
   20.4131250000000         3.491767576536560E-010
   20.6268750000000         3.475861718128936E-010
   20.8406250000000         3.495686066539680E-010
   21.0543750000000         3.556603872232037E-010
   21.2681250000000         3.660194699172672E-010
   21.4818750000000         3.803959765312495E-010
   21.6956250000000         3.981785208617997E-010
   21.9093750000000         4.184812270364399E-010
   22.1231250000000         4.402722009020315E-010
   22.3368750000000         4.625067804420405E-010
   22.5506250000000         4.842568430558059E-010
   22.7643750000000         5.048175545317589E-010
   22.9781250000000         5.237646672389311E-010
   23.1918750000000         5.409663619281067E-010
   23.4056250000000         5.565566815298963E-010
   23.6193750000000         5.708574981133755E-010
   23.8331250000000         5.842849269684698E-010
   24.0468750000000         5.972494853938624E-010
   24.2606250000000         6.100686942763043E-010
   24.4743750000000         6.228940377626346E-010
   24.6881250000000         6.356908886195673E-010
   24.9018750000000         6.482378778901192E-010
   25.1156250000000         6.601921689168238E-010
   25.3293750000000         6.711447983799644E-010
   25.5431250000000         6.807338703450813E-010
   25.7568750000000         6.887127232905436E-010
   25.9706250000000         6.950449424170707E-010
   26.1843750000000         6.999341625590819E-010
   26.3981250000000         7.038550198208053E-010
   26.6118750000000         7.075023778461084E-010
   26.8256250000000         7.117324890355566E-010
   27.0393750000000         7.174714439127777E-010
   27.2531250000000         7.255921350895731E-010
   27.4668750000000         7.368047504914151E-010
   27.6806250000000         7.515607734559492E-010
   27.8943750000000         7.699796493294787E-010
   28.1081250000000         7.918289220173542E-010
   28.3218750000000         8.165469851468131E-010
   28.5356250000000         8.432912437694341E-010
   28.7493750000000         8.710435879174749E-010
   28.9631250000000         8.987303959792874E-010
   29.1768750000000         9.253316294353465E-010
   29.3906250000000         9.499945459300164E-010
   29.6043750000000         9.721120675669007E-010
   29.8181250000000         9.913564770447314E-010
   30.0318750000000         1.007679035961743E-009
   30.2456250000000         1.021267563680662E-009
   30.4593750000000         1.032466083368269E-009
   30.6731250000000         1.041689434659856E-009
   30.8868750000000         1.049328097503015E-009
   31.1006250000000         1.055672290984329E-009
   31.3143750000000         1.060866966949683E-009
   31.5281250000000         1.064900117232297E-009
   31.7418750000000         1.067635414523955E-009
   31.9556250000000         1.068865818816312E-009
   32.1693750000000         1.068405636505023E-009
   32.3831250000000         1.066171231574816E-009
   32.5968750000000         1.062268015118251E-009
   32.8106250000000         1.057030984473550E-009
   33.0243750000000         1.051043581094784E-009
   33.2381250000000         1.045109057586036E-009
   33.4518750000000         1.040177139550822E-009
   33.6656250000000         1.037243085877943E-009
   33.8793750000000         1.037230728426600E-009
   34.0931250000000         1.040869209318677E-009
   34.3068750000000         1.048601616839755E-009
   34.5206250000000         1.060518201117581E-009
   34.7343750000000         1.076339758777960E-009
   34.9481250000000         1.095453537225055E-009
   35.1618750000000         1.116987971943683E-009
   35.3756250000000         1.139928096544849E-009
   35.5893750000000         1.163253369491371E-009
   35.8031250000000         1.186065175390898E-009
   36.0168750000000         1.207704079942185E-009
   36.2306250000000         1.227833817581204E-009
   36.4443750000000         1.246463583390741E-009
   36.6581250000000         1.263933339901598E-009
   36.8718750000000         1.280847379761629E-009
   37.0856250000000         1.297954410866113E-009
   37.2993750000000         1.316023554358822E-009
   37.5131250000000         1.335697585410896E-009
   37.7268750000000         1.357390790938121E-009
   37.9406250000000         1.381182497885055E-009
   38.1543750000000         1.406795380635424E-009
   38.3681250000000         1.433603823039366E-009
   38.5818750000000         1.460726542948001E-009
   38.7956250000000         1.487114548195319E-009
   39.0093750000000         1.511723814868134E-009
   39.2231250000000         1.533660124600497E-009
   39.4368750000000         1.552298334462360E-009
   39.6506250000000         1.567401560661636E-009
   39.8643750000000         1.579156973643862E-009
   40.0781250000000         1.588170068206130E-009
   40.2918750000000         1.595394511878293E-009
   40.5056250000000         1.602019179134912E-009
   40.7193750000000         1.609325199436148E-009
   40.9331250000000         1.618529766668383E-009
   41.1468750000000         1.630658152819238E-009
   41.3606250000000         1.646424776862117E-009
   41.5743750000000         1.666185252707448E-009
   41.7881250000000         1.689927866634998E-009
   42.0018750000000         1.717304795158756E-009
   42.2156250000000         1.747719203351960E-009
   42.4293750000000         1.780404720123319E-009
   42.6431250000000         1.814533747563766E-009
   42.8568750000000         1.849276665964398E-009
   43.0706250000000         1.883861500819454E-009
   43.2843750000000         1.917579865708857E-009
   43.4981250000000         1.949788933187550E-009
   43.7118750000000         1.979894698600898E-009
   43.9256250000000         2.007324483003043E-009
   44.1393750000000         2.031571999975302E-009
   44.3531250000000         2.052214989008105E-009
   44.5668750000000         2.069023267534361E-009
   44.7806250000000         2.082058014331855E-009
   44.9943750000000         2.091780782930224E-009
   45.2081250000000         2.099128973281310E-009
   45.4218750000000         2.105532105029894E-009
   45.6356250000000         2.112815865918647E-009
   45.8493750000000         2.123009274325720E-009
   46.0631250000000         2.138027027498756E-009
   46.2768750000000         2.159287387444284E-009
   46.4906250000000         2.187296023012442E-009
   46.7043750000000         2.221272938454094E-009
   46.9181250000000         2.258913084806049E-009
   47.1318750000000         2.296369491483330E-009
   47.3456250000000         2.328488217668051E-009
   47.5593750000000         2.349362990397329E-009
   47.7731250000000         2.353140632172708E-009
   47.9868750000000         2.335067556973864E-009
   48.2006250000000         2.292578179762763E-009
   48.4143750000000         2.226329172042770E-009
   48.6281250000000         2.140942629887655E-009
   48.8418750000000         2.045302666990620E-009
   49.0556250000000         1.952250824596578E-009
   49.2693750000000         1.877591400621606E-009
   49.4831250000000         1.838435550001836E-009
   49.6968750000000         1.850956651519597E-009
   49.9106250000000         1.927832808365862E-009
   50.1243750000000         2.075647421805222E-009
   50.3381250000000         2.292646051190764E-009
   50.5518750000000         2.567222284634423E-009
   50.7656250000000         2.877541274240594E-009
   50.9793750000000         3.192506682980016E-009
   51.1931250000000         3.474251122517317E-009
   51.4068750000000         3.682020824094513E-009
   51.6206250000000         3.777215387864870E-009
   51.8343750000000         3.729068193033991E-009
   52.0481250000000         3.520292997664106E-009
   52.2618750000000         3.151920738273776E-009
   52.4756250000000         2.646515071899131E-009
   52.6893750000000         2.049029148803083E-009
   52.9031250000000         1.424797615388146E-009
   53.1168750000000         8.544439691975403E-010
   53.3306250000000         4.257957790940263E-010
   53.5443750000000         2.234938820768561E-010
   53.7581250000000         3.172000647004557E-010
   53.9718750000000         7.497955034799593E-010
   54.1856250000000         1.527160329924505E-009
   54.3993750000000         2.611106689005197E-009
   54.6131250000000         3.916962418730068E-009
   54.8268750000000         5.316891027758844E-009
   55.0406250000000         6.649418183169621E-009
   55.2543750000000         7.734952166394308E-009
   55.4681250000000         8.396148710675150E-009
   55.6818750000000         8.481315206995444E-009
   55.8956250000000         7.888185456489918E-009
   56.1093750000000         6.585041798858458E-009
   56.3231250000000         4.626004555154862E-009
   56.5368750000000         2.157639710854252E-009
   56.7506250000000        -5.854100998980670E-010
   56.9643750000000        -3.296763317886123E-009
   57.1781250000000        -5.626396781124138E-009
   57.3918750000000        -7.218568314166204E-009
   57.6056250000000        -7.756192195653020E-009
   57.8193750000000        -7.006861337059163E-009
   58.0331250000000        -4.864882482167267E-009
   58.2468750000000        -1.383375031188465E-009
   58.4606250000000         3.209155472334800E-009
   58.6743750000000         8.512018938962442E-009
   58.8881250000000         1.397777596179984E-008
   59.1018750000000         1.895972421836587E-008
   59.3156250000000         2.277854621025910E-008
   59.5293750000000         2.480230265989618E-008
   59.7431250000000         2.453151560608812E-008
   59.9568750000000         2.167936114447064E-008
   60.1706250000000         1.623621713950064E-008
   60.3843750000000         8.508499773623136E-009
   60.5981250000000        -8.765510812813404E-010
   60.8118750000000        -1.100504832705015E-008
   61.0256250000000        -2.075048785836229E-008
   61.2393750000000        -2.888351019199677E-008
   61.4531250000000        -3.420848517080743E-008
   61.6668750000000        -3.571331372363233E-008
   61.8806250000000        -3.271594311792912E-008
   62.0943750000000        -2.498905548226760E-008
   62.3081250000000        -1.284512507185819E-008
   62.5218750000000         2.833357044444349E-009
   62.7356250000000         2.062884031671736E-008
   62.9493750000000         3.869245422376118E-008
   63.1631250000000         5.491227672579602E-008
   63.3768750000000         6.713353307399325E-008
   63.5906250000000         7.341051730172743E-008
   63.8043750000000         7.226386781281353E-008
   64.0181250000000         6.291310385322310E-008
   64.2318750000000         4.545408460395909E-008
   64.4456250000000         2.095382209901309E-008
   64.6593750000000        -8.557922125195814E-009
   64.8731250000000        -4.021129607421170E-008
   65.0868750000000        -7.053203793039436E-008
   65.3006250000000        -9.577565341414610E-008
   65.5143750000000        -1.123326131278728E-007
   65.7281250000000        -1.171658754058381E-007
   65.9418750000000        -1.082340320549477E-007
   66.1556250000000        -8.484991200193353E-008
   66.3693750000000        -4.792635977424733E-008
   66.5831250000000        -6.824890006599643E-011
   66.7968750000000         5.451733307705153E-008
   67.0106250000000         1.103035819481112E-007
   67.2243750000000         1.609098769043786E-007
   67.4381250000000         1.997204858471609E-007
   67.6518750000000         2.206053710187808E-007
   67.8656250000000         2.186757398519504E-007
   68.0793750000000         1.909957058246121E-007
   68.2931250000000         1.371673550010226E-007
   68.5068750000000         5.971104982681294E-008
   68.7206250000000        -3.582463308973643E-008
   68.9343750000000        -1.410675538448614E-007
   69.1481250000000        -2.453577892404377E-007
   69.3618750000000        -3.365987043879486E-007
   69.5756250000000        -4.023730230717323E-007
   69.7893750000000        -4.312409998672596E-007
   70.0031250000000        -4.141095506443399E-007
   70.2168750000000        -3.455409341721814E-007
   70.4306250000000        -2.248603418712249E-007
   70.6443750000000        -5.692442348207244E-008
   70.8581250000000         1.475702781380007E-007
   71.0718750000000         3.723301100629144E-007
   71.2856250000000         5.963073354261351E-007
   71.4993750000000         7.951409286365593E-007
   71.7131250000000         9.431354421969532E-007
   71.9268750000000         1.015659719127571E-006
   72.1406250000000         9.917926199150827E-007
   72.3543750000000         8.569973324768041E-007
   72.5681250000000         6.055744433341574E-007
   72.7818750000000         2.426310680146035E-007
   72.9956250000000        -2.146877222232585E-007
   73.2093750000000        -7.369263404201944E-007
   73.4231250000000        -1.283169656785714E-006
   73.6368750000000        -1.803103900190009E-006
   73.8506250000000        -2.240277276762031E-006
   74.0643750000000        -2.536441557978056E-006
   74.2781250000000        -2.636742757187221E-006
   74.4918750000000        -2.495420041103402E-006
   74.7056250000000        -2.081577612951944E-006
   74.9193750000000        -1.384523939794000E-006
   75.1331250000000        -4.181359125017152E-007
   75.3468750000000         7.762898700993749E-007
   75.5606250000000         2.129184971053716E-006
   75.7743750000000         3.544241600420933E-006
   75.9881250000000         4.902566531362754E-006
   76.2018750000000         6.069502419283201E-006
   76.4156250000000         6.903939304922458E-006
   76.6293750000000         7.269698168207728E-006
   76.8431250000000         7.048327030264057E-006
   77.0568750000000         6.152429045117838E-006
   77.2706250000000         4.538463036043845E-006
   77.4843750000000         2.217841038169706E-006
   77.6981250000000        -7.348863045271355E-007
   77.9118750000000        -4.177901864678448E-006
   78.1256250000000        -7.903028023726694E-006
   78.3393750000000        -1.164236665228517E-005
   78.5531250000000        -1.508099843563432E-005
   78.7668750000000        -1.787561048099189E-005
   78.9806250000000        -1.967841018174510E-005
   79.1943750000000        -2.016515226998974E-005
   79.4081250000000        -1.906559687091131E-005
   79.6218750000000        -1.619427357058077E-005
   79.8356250000000        -1.147909635334469E-005
   80.0493750000000        -4.985198426855770E-006
   80.2631250000000         3.068630385102305E-006
   80.4768750000000         1.230329391345644E-005
   80.6906250000000         2.218446836593596E-005
   80.9043750000000         3.204068569262974E-005
   81.1181250000000         4.109484438496762E-005
   81.3318750000000         4.850857269327024E-005
   81.5456250000000         5.343778795748741E-005
   81.7593750000000         5.509670701798616E-005
   81.9731250000000         5.282654944314610E-005
   82.1868750000000         4.616432724431959E-005
   82.4006250000000         3.490651578603137E-005
   82.6143750000000         1.916212572979244E-005
   82.8281250000000        -6.101959183800760E-007
   83.0418750000000        -2.358588237715426E-005
   83.2556250000000        -4.858287820934291E-005
   83.4693750000000        -7.409733210566829E-005
   83.6831250000000        -9.836740613921405E-005
   83.8968750000000        -1.194641090342963E-004
   84.1106250000000        -1.354059754770690E-004
   84.3243750000000        -1.442923272480530E-004
   84.5381250000000        -1.444479153149043E-004
   84.7518750000000        -1.345701113575147E-004
   84.9656250000000        -1.138686377707676E-004
   85.1793750000000        -8.218722848950128E-005
   85.3931250000000        -4.009669674229240E-005
   85.6068750000000         1.105028757142487E-005
   85.8206250000000         6.911082542548116E-005
   86.0343750000000         1.311956327329471E-004
   86.2481250000000         1.937679805977073E-004
   86.4618750000000         2.527971917873874E-004
   86.6756250000000         3.039624343691397E-004
   86.8893750000000         3.428987593977401E-004
   87.1031250000000         3.654737112372848E-004
   87.3168750000000         3.680796554075958E-004
   87.5306250000000         3.479244735951237E-004
   87.7443750000000         3.033016964558034E-004
   87.9581250000000         2.338206685464063E-004
   88.1718750000000         1.405780943320222E-004
   88.3856250000000         2.625435604850546E-005
   88.5993750000000        -1.048787018064593E-004
   88.8131250000000        -2.470473726230422E-004
   89.0268750000000        -3.931665164367098E-004
   89.2406250000000        -5.351281802610467E-004
   89.4543750000000        -6.641793618856039E-004
   89.6681250000000        -7.713735232630847E-004
   89.8818750000000        -8.480746013493491E-004
   90.0956250000000        -8.864873133126820E-004
   90.3093750000000        -8.801839027006461E-004
   90.5231250000000        -8.245954574024316E-004
   90.7368750000000        -7.174357973629004E-004
   90.9506250000000        -5.590278195948312E-004
   91.1643750000000        -3.525061129393571E-004
   91.3781250000000        -1.038754921327434E-004
   91.5918750000000         1.780874122250268E-004
   91.8056250000000         4.820936212692101E-004
   92.0193750000000         7.947569344345543E-004
   92.2331250000000         1.101149620507512E-003
   92.4468750000000         1.385474324847995E-003
   92.6606250000000         1.631819662807508E-003
   92.8743750000000         1.824960448680072E-003
   93.0881250000000         1.951159155968369E-003
   93.3018750000000         1.998923400616885E-003
   93.5156250000000         1.959675208192050E-003
   93.7293750000000         1.828291614408746E-003
   93.9431250000000         1.603482608124520E-003
   94.1568750000000         1.287981221564921E-003
   94.3706250000000         8.885311962415495E-004
   94.5843750000000         4.156694531795960E-004
   94.7981250000000        -1.166871783220294E-004
   95.0118750000000        -6.918296704116839E-004
   95.2256250000000        -1.290986967281754E-003
   95.4393750000000        -1.894157871864143E-003
   95.6531250000000        -2.480997662704132E-003
   95.8668750000000        -3.031709193320649E-003
   96.0806250000000        -3.527888198355264E-003
   96.2943750000000        -3.953275770825106E-003
   96.5081250000000        -4.294377286167246E-003
   96.7218750000000        -4.540916022902798E-003
   96.9356250000000        -4.686100762309558E-003
   97.1493750000000        -4.726698991030498E-003
   97.3631250000000        -4.662920131892851E-003
   97.5768750000000        -4.498125603916927E-003
   97.7906250000000        -4.238393602208415E-003
   98.0043750000000        -3.891975519071268E-003
   98.2181250000000        -3.468687268635404E-003
   98.4318750000000        -2.979281985445491E-003
   98.6456250000000        -2.434850419379141E-003
   98.8593750000000        -1.846291858559041E-003
   99.0731250000000        -1.223891825889699E-003
   99.2868750000000        -5.770335818258955E-004
   99.5006250000000         8.594072170343373E-005
   99.7143750000000         7.577157570967230E-004
   99.9281250000000         1.431844791737435E-003
   100.141875000000         2.102468751229113E-003
   100.355625000000         2.763944383095630E-003
   100.569375000000         3.410421637214730E-003
   100.783125000000         4.035415796766703E-003
   100.996875000000         4.631421978890560E-003
   101.210625000000         5.189618158193912E-003
   101.424375000000         5.699697866282796E-003
   101.638125000000         6.149865439359475E-003
   101.851875000000         6.527015603865272E-003
   102.065625000000         6.817105978982814E-003
   102.279375000000         7.005716566211884E-003
   102.493125000000         7.078775425148075E-003
   102.706875000000         7.023415489050976E-003
   102.920625000000         6.828914829617916E-003
   103.134375000000         6.487662546660835E-003
   103.348125000000         5.996085615364576E-003
   103.561875000000         5.355469076572621E-003
   103.775625000000         4.572603289263492E-003
   103.989375000000         3.660197715462356E-003
   104.203125000000         2.637010746132225E-003
   104.416875000000         1.527659002367686E-003
   104.630625000000         3.620867032173070E-004
   104.844375000000        -8.253048060657103E-004
   105.058125000000        -1.996846497821615E-003
   105.271875000000        -3.113068372460814E-003
   105.485625000000        -4.134382103327546E-003
   105.699375000000        -5.022901139538714E-003
   105.913125000000        -5.744306320123763E-003
   106.126875000000        -6.269656288596709E-003
   106.340625000000        -6.577038746165545E-003
   106.554375000000        -6.652961355784135E-003
   106.768125000000        -6.493390083389646E-003
   106.981875000000        -6.104357739397249E-003
   107.195625000000        -5.502085884406168E-003
   107.409375000000        -4.712588143311884E-003
   107.623125000000        -3.770751055076886E-003
   107.836875000000        -2.718918327431568E-003
   108.050625000000        -1.605034035932296E-003
   108.264375000000        -4.804280882125866E-004
   108.478125000000         6.026486250083166E-004
   108.691875000000         1.593613198300816E-003
   108.905625000000         2.446125555038248E-003
   109.119375000000         3.120506623242959E-003
   109.333125000000         3.585861340488265E-003
   109.546875000000         3.821780442319455E-003
   109.760625000000         3.819515410302775E-003
   109.974375000000         3.582548362352263E-003
   110.188125000000         3.126511594553474E-003
   110.401875000000         2.478448062134920E-003
   110.615625000000         1.675442152869438E-003
   110.829375000000         7.626873321481670E-004
   111.043125000000        -2.089087116621941E-004
   111.256875000000        -1.185452115556919E-003
   111.470625000000        -2.112973370985199E-003
   111.684375000000        -2.940356956753852E-003
   111.898125000000        -3.622123712634222E-003
   112.111875000000        -4.120906610274631E-003
   112.325625000000        -4.409477289961442E-003
   112.539375000000        -4.472206195808261E-003
   112.753125000000        -4.305871844850989E-003
   112.966875000000        -3.919772718331724E-003
   113.180625000000        -3.335136130268052E-003
   113.394375000000        -2.583859680625448E-003
   113.608125000000        -1.706659983676730E-003
   113.821875000000        -7.507378648090372E-004
   114.035625000000         2.329029691916474E-004
   114.249375000000         1.192327334211094E-003
   114.463125000000         2.077563643836102E-003
   114.676875000000         2.843356318557254E-003
   114.890625000000         3.451619165139522E-003
   115.104375000000         3.873452512303122E-003
   115.318125000000         4.090613930234866E-003
   115.531875000000         4.096365543318761E-003
   115.745625000000         3.895658174510687E-003
   115.959375000000         3.504651539096939E-003
   116.173125000000         2.949608085799724E-003
   116.386875000000         2.265233604462433E-003
   116.600625000000         1.492568352728876E-003
   116.814375000000         6.765565107132582E-004
   117.028125000000        -1.365620008807585E-004
   117.241875000000        -9.018856705670040E-004
   117.455625000000        -1.578361046832776E-003
   117.669375000000        -2.131027189123061E-003
   117.883125000000        -2.532871795891689E-003
   118.096875000000        -2.766200105474785E-003
   118.310625000000        -2.823447014019800E-003
   118.524375000000        -2.707395580308930E-003
   118.738125000000        -2.430799296135796E-003
   118.951875000000        -2.015439266925899E-003
   119.165625000000        -1.490678915778485E-003
   119.379375000000        -8.916063037045021E-004
   119.593125000000        -2.568762095654937E-004
   119.806875000000         3.736203903017012E-004
   120.020625000000         9.611236174342571E-004
   120.234375000000         1.470272420382721E-003
   120.448125000000         1.871143498180372E-003
   120.661875000000         2.140946441094554E-003
   120.875625000000         2.265280701913374E-003
   121.089375000000         2.238885762340034E-003
   121.303125000000         2.065845330823329E-003
   121.516875000000         1.759237960451268E-003
   121.730625000000         1.340258351915159E-003
   121.944375000000         8.368640267395205E-004
   122.158125000000         2.820293091145167E-004
   122.371875000000        -2.882889056633797E-004
   122.585625000000        -8.373525890322542E-004
   122.799375000000        -1.329880667189630E-003
   123.013125000000        -1.734191217366394E-003
   123.226875000000        -2.024120963305032E-003
   123.440625000000        -2.180608423858787E-003
   123.654375000000        -2.192846936265328E-003
   123.868125000000        -2.058939222209257E-003
   124.081875000000        -1.786014720485330E-003
   124.295625000000        -1.389802847877015E-003
   124.509375000000        -8.936877805774213E-004
   124.723125000000        -3.273013379514623E-004
   124.936875000000         2.752617661631812E-004
   125.150625000000         8.774993391924951E-004
   125.364375000000         1.442704495983950E-003
   125.578125000000         1.936183560822628E-003
   125.791875000000         2.327355805479854E-003
   126.005625000000         2.591608726753407E-003
   126.219375000000         2.711797145734019E-003
   126.433125000000         2.679295709506670E-003
   126.646875000000         2.494541107497114E-003
   126.860625000000         2.167030866345534E-003
   127.074375000000         1.714778118045434E-003
   127.288125000000         1.163254292055285E-003
   127.501875000000         5.438823187303430E-004
   127.715625000000        -1.078301726581611E-004
   127.929375000000        -7.544066084231088E-004
   128.143125000000        -1.358640142132860E-003
   128.356875000000        -1.885821678174243E-003
   128.570625000000        -2.305824027940589E-003
   128.784375000000        -2.594917166661340E-003
   128.998125000000        -2.737205101149879E-003
   129.211875000000        -2.725596853434784E-003
   129.425625000000        -2.562251247410827E-003
   129.639375000000        -2.258466004256520E-003
   129.853125000000        -1.834014353985323E-003
   130.066875000000        -1.315965098772832E-003
   130.280625000000        -7.370529549559086E-004
   130.494375000000        -1.336932847540098E-004
   130.708125000000         4.562425802715484E-004
   130.921875000000         9.957596409130812E-004
   131.135625000000         1.451039280027009E-003
   131.349375000000         1.793567157596354E-003
   131.563125000000         2.001957239115923E-003
   131.776875000000         2.063356346785990E-003
   131.990625000000         1.974336881712554E-003
   132.204375000000         1.741214602803288E-003
   132.418125000000         1.379762010451451E-003
   132.631875000000         9.143241117737413E-004
   132.845625000000         3.763800652930345E-004
   133.059375000000        -1.973707620685521E-004
   133.273125000000        -7.672886072073003E-004
   133.486875000000        -1.293303956241362E-003
   133.700625000000        -1.737506282989446E-003
   133.914375000000        -2.066649399833678E-003
   134.128125000000        -2.254413016411117E-003
   134.341875000000        -2.283271267527043E-003
   134.555625000000        -2.145839876117598E-003
   134.769375000000        -1.845603273487244E-003
   134.983125000000        -1.396959818776712E-003
   135.196875000000        -8.245651273045029E-004
   135.410625000000        -1.619979050305990E-004
   135.624375000000         5.501831943651908E-004
   135.838125000000         1.266882199424594E-003
   136.051875000000         1.941263389233945E-003
   136.265625000000         2.527732585966048E-003
   136.479375000000         2.984914683811278E-003
   136.693125000000         3.278435417368936E-003
   136.906875000000         3.383323254289649E-003
   137.120625000000         3.285867387078668E-003
   137.334375000000         2.984799089659537E-003
   137.548125000000         2.491704412710002E-003
   137.761875000000         1.830623855521886E-003
   137.975625000000         1.036846287729448E-003
   138.189375000000         1.549566807088900E-004
   138.403125000000        -7.637532864016205E-004
   138.616875000000        -1.664359274530468E-003
   138.830625000000        -2.491676180440600E-003
   139.044375000000        -3.193718234339666E-003
   139.258125000000        -3.725028008554883E-003
   139.471875000000        -4.049659450024734E-003
   139.685625000000        -4.143618439824627E-003
   139.899375000000        -3.996595775795679E-003
   140.113125000000        -3.612870018597881E-003
   140.326875000000        -3.011308731584862E-003
   140.540625000000        -2.224453086734596E-003
   140.754375000000        -1.296729023083144E-003
   140.968125000000        -2.818843977065884E-004
   141.181875000000         7.601977827439476E-004
   141.395625000000         1.767118239231018E-003
   141.609375000000         2.677790574917894E-003
   141.823125000000         3.436242609146442E-003
   142.036875000000         3.995150468701084E-003
   142.250625000000         4.318879877632150E-003
   142.464375000000         4.385837414554884E-003
   142.678125000000         4.189975648171033E-003
   142.891875000000         3.741347536955673E-003
   143.105625000000         3.065664129025810E-003
   143.319375000000         2.202871780341168E-003
   143.533125000000         1.204826924306730E-003
   143.746875000000         1.322039616831378E-004
   143.960625000000        -9.491785812846636E-004
   144.174375000000        -1.972390064388158E-003
   144.388125000000        -2.873529636635668E-003
   144.601875000000        -3.595720426007232E-003
   144.815625000000        -4.092705207027858E-003
   145.029375000000        -4.331815379051392E-003
   145.243125000000        -4.296122291945160E-003
   145.456875000000        -3.985629505451919E-003
   145.670625000000        -3.417423444177559E-003
   145.884375000000        -2.624764473212791E-003
   146.098125000000        -1.655166636928196E-003
   146.311875000000        -5.675779988179848E-004
   146.525625000000         5.711693568336908E-004
   146.739375000000         1.690423722862407E-003
   146.953125000000         2.720043041117566E-003
   147.166875000000         3.594721454225558E-003
   147.380625000000         4.258044243755140E-003
   147.594375000000         4.666017919816380E-003
   147.808125000000         4.789853946464559E-003
   148.021875000000         4.617830433322914E-003
   148.235625000000         4.156113241857683E-003
   148.449375000000         3.428482748118854E-003
   148.663125000000         2.474980860388368E-003
   148.876875000000         1.349560449639787E-003
   149.090625000000         1.168817852952975E-004
   149.304375000000        -1.151546132105244E-003
   149.518125000000        -2.381640713226418E-003
   149.731875000000        -3.501173214011086E-003
   149.945625000000        -4.444075535542013E-003
   150.159375000000        -5.154362068794024E-003
   150.373125000000        -5.589427617364986E-003
   150.586875000000        -5.722522838697230E-003
   150.800625000000        -5.544261427955398E-003
   151.014375000000        -5.063074945975398E-003
   151.228125000000        -4.304597712872559E-003
   151.441875000000        -3.310031202872240E-003
   151.655625000000        -2.133600532329248E-003
   151.869375000000        -8.392708666486613E-004
   152.083125000000         5.030646203512597E-004
   152.296875000000         1.821683932319908E-003
   152.510625000000         3.047167493323649E-003
   152.724375000000         4.116309125467931E-003
   152.938125000000         4.975573314978467E-003
   153.151875000000         5.583898799431604E-003
   153.365625000000         5.914694134376358E-003
   153.579375000000         5.956925442973460E-003
   153.793125000000         5.715256253875806E-003
   154.006875000000         5.209260151841076E-003
   154.220625000000         4.471784870866348E-003
   154.434375000000         3.546597696656878E-003
   154.648125000000         2.485483391545736E-003
   154.861875000000         1.344994822225072E-003
   155.075625000000         1.830714644824262E-004
   155.289375000000        -9.442586368609646E-004
   155.503125000000        -1.985891675486388E-003
   155.716875000000        -2.898200552023313E-003
   155.930625000000        -3.646989263011523E-003
   156.144375000000        -4.208756688030334E-003
   156.358125000000        -4.571227016965749E-003
   156.571875000000        -4.733154841434798E-003
   156.785625000000        -4.703461226167886E-003
   156.999375000000        -4.499799633683969E-003
   157.213125000000        -4.146684632391637E-003
   157.426875000000        -3.673339767166794E-003
   157.640625000000        -3.111432496569935E-003
   157.854375000000        -2.492863250521064E-003
   158.068125000000        -1.847762867527206E-003
   158.281875000000        -1.202829194309875E-003
   158.495625000000        -5.801014711977954E-004
   158.709375000000         3.767141278424067E-006
   158.923125000000         5.377199476933072E-004
   159.136875000000         1.016012478708594E-003
   159.350625000000         1.437494416090076E-003
   159.564375000000         1.804550895859593E-003
   159.778125000000         2.121820592414868E-003
   159.991875000000         2.394822240540435E-003
   160.205625000000         2.628624636852713E-003
   160.419375000000         2.826687567278488E-003
   160.633125000000         2.989983255783123E-003
   160.846875000000         3.116481318566755E-003
   161.060625000000         3.201046997880928E-003
   161.274375000000         3.235765299922461E-003
   161.488125000000         3.210665530282584E-003
   161.701875000000         3.114784641301933E-003
   161.915625000000         2.937476655921382E-003
   162.129375000000         2.669851712094787E-003
   162.343125000000         2.306213912387289E-003
   162.556875000000         1.845363375652288E-003
   162.770625000000         1.291635066475367E-003
   162.984375000000         6.555646682693324E-004
   163.198125000000        -4.590130800436413E-005
   163.411875000000        -7.896998246669604E-004
   163.625625000000        -1.547459847167406E-003
   163.839375000000        -2.286794386609900E-003
   164.053125000000        -2.973006199015710E-003
   164.266875000000        -3.571102563904627E-003
   164.480625000000        -4.047986970506360E-003
   164.694375000000        -4.374677257926868E-003
   164.908125000000        -4.528392284911188E-003
   165.121875000000        -4.494353240928574E-003
   165.335625000000        -4.267161095004419E-003
   165.549375000000        -3.851637411810839E-003
   165.763125000000        -3.263050080180466E-003
   165.976875000000        -2.526685998749324E-003
   166.190625000000        -1.676776595518433E-003
   166.404375000000        -7.548261289224951E-004
   166.618125000000         1.925660806000385E-004
   166.831875000000         1.116262904427043E-003
   167.045625000000         1.967372372010208E-003
   167.259375000000         2.700085520532900E-003
   167.473125000000         3.274392543665176E-003
   167.686875000000         3.658506572715161E-003
   167.900625000000         3.830841577783672E-003
   168.114375000000         3.781418061560153E-003
   168.328125000000         3.512605558168094E-003
   168.541875000000         3.039152037249915E-003
   168.755625000000         2.387494388605290E-003
   168.969375000000         1.594388308985514E-003
   169.183125000000         7.049372588700440E-004
   169.396875000000        -2.298639243392921E-004
   169.610625000000        -1.155926892423520E-003
   169.824375000000        -2.019046288637358E-003
   170.038125000000        -2.767883367669359E-003
   170.251875000000        -3.356787147091915E-003
   170.465625000000        -3.748295646607845E-003
   170.679375000000        -3.915181076018443E-003
   170.893125000000        -3.841931693045404E-003
   171.106875000000        -3.525597433795276E-003
   171.320625000000        -2.975964009612394E-003
   171.534375000000        -2.215058546356974E-003
   171.748125000000        -1.276026653975760E-003
   171.961875000000        -2.014539096093349E-004
   172.175625000000         9.587676843743856E-004
   172.389375000000         2.149906995914971E-003
   172.603125000000         3.315060538947932E-003
   172.816875000000         4.397879465654649E-003
   173.030625000000         5.345220317626208E-003
   173.244375000000         6.109592998436811E-003
   173.458125000000         6.651295398020562E-003
   173.671875000000         6.940144769144682E-003
   173.885625000000         6.956739818327632E-003
   174.099375000000         6.693212971974657E-003
   174.313125000000         6.153457920402304E-003
   174.526875000000         5.352841992020501E-003
   174.740625000000         4.317435058037640E-003
   174.954375000000         3.082805677928841E-003
   175.168125000000         1.692450518685822E-003
   175.381875000000         1.959344487631760E-004
   175.595625000000        -1.353173898667817E-003
   175.809375000000        -2.899482694337244E-003
   176.023125000000        -4.387985069648501E-003
   176.236875000000        -5.766209213640947E-003
   176.450625000000        -6.986230247694718E-003
   176.664375000000        -8.006471351221582E-003
   176.878125000000        -8.793231003266845E-003
   177.091875000000        -9.321884017391245E-003
   177.305625000000        -9.577716008050758E-003
   177.519375000000        -9.556363810532202E-003
   177.733125000000        -9.263847984627236E-003
   177.946875000000        -8.716197661490134E-003
   178.160625000000        -7.938682406678860E-003
   178.374375000000        -6.964680173656707E-003
   178.588125000000        -5.834224436255953E-003
   178.801875000000        -4.592286756802101E-003
   179.015625000000        -3.286862832479401E-003
   179.229375000000        -1.966939873951250E-003
   179.443125000000        -6.804303940170910E-004
   179.656875000000         5.278384702109803E-004
   179.870625000000         1.617990623579482E-003
   180.084375000000         2.556735910187308E-003
   180.298125000000         3.318696479621359E-003
   180.511875000000         3.887359103332703E-003
   180.725625000000         4.255604126311835E-003
   180.939375000000         4.425781342676322E-003
   181.153125000000         4.409325254221121E-003
   181.366875000000         4.225925833692056E-003
   181.580625000000         3.902294797369215E-003
   181.794375000000         3.470590096898226E-003
   182.008125000000         2.966581428510060E-003
   182.221875000000         2.427655645174449E-003
   182.435625000000         1.890771820204010E-003
   182.649375000000         1.390480385154984E-003
   182.863125000000         9.571186379686142E-004
   183.076875000000         6.152857988587399E-004
   183.290625000000         3.826849605655961E-004
   183.504375000000         2.693974969741205E-004
   183.718125000000         2.776289816019666E-004
   183.931875000000         4.019360449570463E-004
   184.145625000000         6.299127921195894E-004
   184.359375000000         9.432855095523589E-004
   184.573125000000         1.319337540806901E-003
   184.786875000000         1.732564396777153E-003
   185.000625000000         2.156444084232935E-003
   185.214375000000         2.565200539802351E-003
   185.428125000000         2.935439637521400E-003
   185.641875000000         3.247547547433048E-003
   185.855625000000         3.486759639696297E-003
   186.069375000000         3.643833385165217E-003
   186.283125000000         3.715288962464047E-003
   186.496875000000         3.703214267017612E-003
   186.710625000000         3.614664187002057E-003
   186.924375000000         3.460714755937986E-003
   187.138125000000         3.255258651958466E-003
   187.351875000000         3.013647385364697E-003
   187.565625000000         2.751295835306806E-003
   187.779375000000         2.482365683466554E-003
   187.993125000000         2.218635636946681E-003
   188.206875000000         1.968648820164226E-003
   188.420625000000         1.737202779474379E-003
   188.634375000000         1.525217257532525E-003
   188.848125000000         1.329981799068112E-003
   189.061875000000         1.145752146171202E-003
   189.275625000000         9.646340884687826E-004
   189.489375000000         7.776685484955263E-004
   189.703125000000         5.760143517401040E-004
   189.916875000000         3.521168611092883E-004
   190.130625000000         1.007521801960610E-004
   190.344375000000        -1.801521624239095E-004
   190.558125000000        -4.889991934728294E-004
   190.771875000000        -8.203593188745562E-004
   190.985625000000        -1.165182504022572E-003
   191.199375000000        -1.511372697856829E-003
   191.413125000000        -1.844678723357724E-003
   191.626875000000        -2.149826998481227E-003
   191.840625000000        -2.411798924989709E-003
   192.054375000000        -2.617141572477806E-003
   192.268125000000        -2.755195665588980E-003
   192.481875000000        -2.819130303395687E-003
   192.695625000000        -2.806688889426525E-003
   192.909375000000        -2.720574189915344E-003
   193.123125000000        -2.568430305788370E-003
   193.336875000000        -2.362413127464998E-003
   193.550625000000        -2.118375688649954E-003
   193.764375000000        -1.854727798371471E-003
   193.978125000000        -1.591057616791693E-003
   194.191875000000        -1.346624047894036E-003
   194.405625000000        -1.138841141488204E-003
   194.619375000000        -9.818780629187200E-004
   194.833125000000        -8.854903662810813E-004
   195.046875000000        -8.541809097866292E-004
   195.260625000000        -8.867631871471298E-004
   195.474375000000        -9.763681972933102E-004
   195.688125000000        -1.110900814480582E-003
   195.901875000000        -1.273915810921684E-003
   196.115625000000        -1.445850127667342E-003
   196.329375000000        -1.605519392050896E-003
   196.543125000000        -1.731765330584985E-003
   196.756875000000        -1.805128311105221E-003
   196.970625000000        -1.809416718898362E-003
   197.184375000000        -1.733052375872942E-003
   197.398125000000        -1.570088088558720E-003
   197.611875000000        -1.320818256802439E-003
   197.825625000000        -9.919342686745059E-004
   198.039375000000        -5.962106816838252E-004
   198.253125000000        -1.517432451595877E-004
   198.466875000000         3.192070624344165E-004
   198.680625000000         7.916811319357434E-004
   198.894375000000         1.239694979729223E-003
   199.108125000000         1.638000143560820E-003
   199.321875000000         1.963807116974980E-003
   199.535625000000         2.198351748559221E-003
   199.749375000000         2.328197113529112E-003
   199.963125000000         2.346183312069469E-003
   200.176875000000         2.251963258050184E-003
   200.390625000000         2.052091736398355E-003
   200.604375000000         1.759665595377356E-003
   200.818125000000         1.393542682273774E-003
   201.031875000000         9.771939918078504E-004
   201.245625000000         5.372657741252524E-004
   201.459375000000         1.019447820682329E-004
   201.673125000000        -3.007703307402217E-004
   201.886875000000        -6.447854552082256E-004
   202.100625000000        -9.075128980238860E-004
   202.314375000000        -1.071265758758242E-003
   202.528125000000        -1.124366297870650E-003
   202.741875000000        -1.061907886918717E-003
   202.955625000000        -8.861306350038085E-004
   203.169375000000        -6.063923992684286E-004
   203.383125000000        -2.387384260017261E-004
   203.596875000000         1.949066845172331E-004
   203.810625000000         6.678824625455444E-004
   204.024375000000         1.150213269211715E-003
   204.238125000000         1.610234931143499E-003
   204.451875000000         2.016346217771718E-003
   204.665625000000         2.338797672854501E-003
   204.879375000000         2.551427434642873E-003
   205.093125000000         2.633254396629551E-003
   205.306875000000         2.569843423478789E-003
   205.520625000000         2.354365371486482E-003
   205.734375000000         1.988286342528745E-003
   205.948125000000         1.481635804962933E-003
   206.161875000000         8.528216817733646E-004
   206.375625000000         1.279817783979187E-004
   206.589375000000        -6.601156889798717E-004
   206.803125000000        -1.473585140809020E-003
   207.016875000000        -2.271288383076459E-003
   207.230625000000        -3.010966036335848E-003
   207.444375000000        -3.651530402193282E-003
   207.658125000000        -4.155398777745909E-003
   207.871875000000        -4.490736407583070E-003
   208.085625000000        -4.633475582471631E-003
   208.299375000000        -4.568982698768841E-003
   208.513125000000        -4.293258740286157E-003
   208.726875000000        -3.813580417306746E-003
   208.940625000000        -3.148518263935970E-003
   209.154375000000        -2.327302912396904E-003
   209.368125000000        -1.388549547131843E-003
   209.581875000000        -3.783907782053247E-004
   209.795625000000         6.518928160041545E-004
   210.009375000000         1.648620192797815E-003
   210.223125000000         2.558682661677055E-003
   210.436875000000         3.332569667198143E-003
   210.650625000000         3.927266127427236E-003
   210.864375000000         4.308842410216060E-003
   211.078125000000         4.454572290401267E-003
   211.291875000000         4.354439629040494E-003
   211.505625000000         4.011929607583613E-003
   211.719375000000         3.444042970897293E-003
   211.933125000000         2.680519146528741E-003
   212.146875000000         1.762303202474032E-003
   212.360625000000         7.393391180166368E-004
   212.574375000000        -3.321854045880533E-004
   212.788125000000        -1.392982230653867E-003
   213.001875000000        -2.384008671756174E-003
   213.215625000000        -3.249816924047700E-003
   213.429375000000        -3.941707049773306E-003
   213.643125000000        -4.420495069780694E-003
   213.856875000000        -4.658731108592016E-003
   214.070625000000        -4.642236152498220E-003
   214.284375000000        -4.370867655313370E-003
   214.498125000000        -3.858471277438045E-003
   214.711875000000        -3.132025485361339E-003
   214.925625000000        -2.230034474882923E-003
   215.139375000000        -1.200269900349394E-003
   215.353125000000        -9.700045062579285E-005
   215.566875000000         1.022121902868902E-003
   215.780625000000         2.099330903988872E-003
   215.994375000000         3.079974544181354E-003
   216.208125000000         3.915511805034548E-003
   216.421875000000         4.566102355066343E-003
   216.635625000000         5.002640658717469E-003
   216.849375000000         5.208121639369357E-003
   217.063125000000         5.178267475798392E-003
   217.276875000000         4.921391666179797E-003
   217.490625000000         4.457524264015409E-003
   217.704375000000         3.816868171142942E-003
   217.918125000000         3.037697640293038E-003
   218.131875000000         2.163844023845320E-003
   218.345625000000         1.241938069648110E-003
   218.559375000000         3.185910559282783E-004
   218.773125000000        -5.623021664119794E-004
   218.986875000000        -1.361966736980207E-003
   219.200625000000        -2.048709709718046E-003
   219.414375000000        -2.599325476736280E-003
   219.628125000000        -2.999871086743437E-003
   219.841875000000        -3.245784090173178E-003
   220.055625000000        -3.341363441128343E-003
   220.269375000000        -3.298680017500477E-003
   220.483125000000        -3.136024012946274E-003
   220.696875000000        -2.876028658121442E-003
   220.910625000000        -2.543630876773224E-003
   221.124375000000        -2.164037815388007E-003
   221.338125000000        -1.760862926627960E-003
   221.551875000000        -1.354576739496555E-003
   221.765625000000        -9.613870135202987E-004
   221.979375000000        -5.926230684456871E-004
   222.193125000000        -2.546529737348102E-004
   222.406875000000         5.068615781752871E-005
   222.620625000000         3.252111438573861E-004
   222.834375000000         5.731760442405956E-004
   223.048125000000         7.998539953096972E-004
   223.261875000000         1.010074371716853E-003
   223.475625000000         1.206876340570836E-003
   223.689375000000         1.390429144257596E-003
   223.903125000000         1.557344433715609E-003
   224.116875000000         1.700468680794125E-003
   224.330625000000         1.809197294172484E-003
   224.544375000000         1.870300617702715E-003
   224.758125000000         1.869200131209098E-003
   224.971875000000         1.791585677206565E-003
   225.185625000000         1.625225898248355E-003
   225.399375000000         1.361798081307858E-003
   225.613125000000         9.985530011365929E-004
   225.826875000000         5.396365281239646E-004
   226.040625000000        -3.087376772558679E-006
   226.254375000000        -6.098297283028397E-004
   226.468125000000        -1.253353097681247E-003
   226.681875000000        -1.900141258260751E-003
   226.895625000000        -2.512210587155096E-003
   227.109375000000        -3.049453409279208E-003
   227.323125000000        -3.472352520503429E-003
   227.536875000000        -3.744867352032194E-003
   227.750625000000        -3.837269262023621E-003
   227.964375000000        -3.728698556303363E-003
   228.178125000000        -3.409229798822420E-003
   228.391875000000        -2.881263905945787E-003
   228.605625000000        -2.160113008543650E-003
   228.819375000000        -1.273703351092969E-003
   229.033125000000        -2.613877977155898E-004
   229.246875000000         8.280725496812308E-004
   229.460625000000         1.939234069103918E-003
   229.674375000000         3.013225146860949E-003
   229.888125000000         3.991309507535897E-003
   230.101875000000         4.818513617493058E-003
   230.315625000000         5.447067355448753E-003
   230.529375000000         5.839420045580283E-003
   230.743125000000         5.970624632204464E-003
   230.956875000000         5.829928631802157E-003
   231.170625000000         5.421467759028743E-003
   231.384375000000         4.764022192730963E-003
   231.598125000000         3.889861306198392E-003
   231.811875000000         2.842765305888896E-003
   232.025625000000         1.675366981693195E-003
   232.239375000000         4.459998063975569E-004
   232.453125000000        -7.847328866886368E-004
   232.666875000000        -1.957440563399580E-003
   232.880625000000        -3.017256970408881E-003
   233.094375000000        -3.916776942217801E-003
   233.308125000000        -4.618447897296367E-003
   233.521875000000        -5.096288578268317E-003
   233.735625000000        -5.336857477197673E-003
   233.949375000000        -5.339446030025625E-003
   234.163125000000        -5.115523148028730E-003
   234.376875000000        -4.687504385009260E-003
   234.590625000000        -4.086958007642590E-003
   234.804375000000        -3.352389206784192E-003
   235.018125000000        -2.526761317818809E-003
   235.231875000000        -1.654918796856399E-003
   235.445625000000        -7.810713062483335E-004
   235.659375000000         5.351714065227705E-005
   235.873125000000         8.125135558854712E-004
   236.086875000000         1.466084807068276E-003
   236.300625000000         1.991991493426935E-003
   236.514375000000         2.376181915978794E-003
   236.728125000000         2.612893126493140E-003
   236.941875000000         2.704294488618944E-003
   237.155625000000         2.659732641388474E-003
   237.369375000000         2.494654236994551E-003
   237.583125000000         2.229293884122388E-003
   237.796875000000         1.887219419401448E-003
   238.010625000000         1.493825437171169E-003
   238.224375000000         1.074859749689819E-003
   238.438125000000         6.550571670017308E-004
   238.651875000000         2.569418258264925E-004
   238.865625000000        -1.001555868813754E-004
   239.079375000000        -4.008349088427332E-004
   239.293125000000        -6.341023402900957E-004
   239.506875000000        -7.935837760778141E-004
   239.720625000000        -8.774870837080771E-004
   239.934375000000        -8.883355996793166E-004
   240.148125000000        -8.325038439144740E-004
   240.361875000000        -7.195930178641051E-004
   240.575625000000        -5.616882761365098E-004
   240.789375000000        -3.725421166377920E-004
   241.003125000000        -1.667286214047758E-004
   241.216875000000         4.118818387317013E-005
   241.430625000000         2.374317710215494E-004
   241.644375000000         4.097010289710723E-004
   241.858125000000         5.477394830093995E-004
   242.071875000000         6.437639227260223E-004
   242.285625000000         6.927386752820441E-004
   242.499375000000         6.924903539692838E-004
   242.713125000000         6.436665355243983E-004
   242.926875000000         5.495499969208528E-004
   243.140625000000         4.157473894058897E-004
   243.354375000000         2.497770931361307E-004
   243.568125000000         6.058510830226054E-005
   243.781875000000        -1.419800520260822E-004
   243.995625000000        -3.477024907278654E-004
   244.209375000000        -5.465151064918850E-004
   244.423125000000        -7.289716225670526E-004
   244.636875000000        -8.866543839103351E-004
   244.850625000000        -1.012503793573333E-003
   245.064375000000        -1.101061458423064E-003
   245.278125000000        -1.148624987249151E-003
   245.491875000000        -1.153317429325623E-003
   245.705625000000        -1.115078189493344E-003
   245.919375000000        -1.035584712951536E-003
   246.133125000000        -9.181153001163606E-004
   246.346875000000        -7.673632804544480E-004
   246.560625000000        -5.892117943726851E-004
   246.774375000000        -3.904770555855851E-004
   246.988125000000        -1.786266788662346E-004
   247.201875000000         3.852110168839329E-005
   247.415625000000         2.531114112951998E-004
   247.629375000000         4.575729216546768E-004
   247.843125000000         6.449352673863686E-004
   248.056875000000         8.091320966700775E-004
   248.270625000000         9.452753991387321E-004
   248.484375000000         1.049884453429859E-003
   248.698125000000         1.121051547155053E-003
   248.911875000000         1.158527136592592E-003
   249.125625000000         1.163709767831463E-003
   249.339375000000         1.139531064933614E-003
   249.553125000000         1.090233285108924E-003
   249.766875000000         1.021045894278618E-003
   249.980625000000         9.377775606624378E-004
   250.194375000000         8.463498789809824E-004
   250.408125000000         7.523078529296483E-004
   250.621875000000         6.603484914266706E-004
   250.835625000000         5.739117563670187E-004
   251.049375000000         4.948767580630479E-004
   251.263125000000         4.234001478911976E-004
   251.476875000000         3.579232180873291E-004
   251.690625000000         2.953599185371559E-004
   251.904375000000         2.314609748933952E-004
   252.118125000000         1.613310900876885E-004
   252.331875000000         8.005865654238406E-005
   252.545625000000        -1.659758495755607E-005
   252.759375000000        -1.315311286312003E-004
   252.973125000000        -2.656904958580932E-004
   253.186875000000        -4.176311580131227E-004
   253.400625000000        -5.832763181820586E-004
   253.614375000000        -7.559303359778543E-004
   253.828125000000        -9.265670131501409E-004
   254.041875000000        -1.084389552031980E-003
   254.255625000000        -1.217632040995159E-003
   254.469375000000        -1.314546395333043E-003
   254.683125000000        -1.364496415322978E-003
   254.896875000000        -1.359064420946709E-003
   255.110625000000        -1.293067713754885E-003
   255.324375000000        -1.165383137204958E-003
   255.538125000000        -9.794886511784512E-004
   255.751875000000        -7.436505830154573E-004
   255.965625000000        -4.707126500613017E-004
   256.179375000000        -1.774757637443005E-004
   256.393125000000         1.163067762313428E-004
   256.606875000000         3.892589522944657E-004
   256.820625000000         6.199453398154850E-004
   257.034375000000         7.885519651513903E-004
   257.248125000000         8.785527812449195E-004
   257.461875000000         8.782246913632662E-004
   257.675625000000         7.818803510383406E-004
   257.889375000000         5.907054610685396E-004
   258.103125000000         3.131146947492518E-004
   258.316875000000        -3.542433008250335E-005
   258.530625000000        -4.331093171420409E-004
   258.744375000000        -8.530319722120805E-004
   258.958125000000        -1.264844766998467E-003
   259.171875000000        -1.636757813150196E-003
   259.385625000000        -1.937729958018269E-003
   259.599375000000        -2.139700249713185E-003
   259.813125000000        -2.219699323177713E-003
   260.026875000000        -2.161685544312316E-003
   260.240625000000        -1.957967508163169E-003
   260.454375000000        -1.610101446314841E-003
   260.668125000000        -1.129187248635511E-003
   260.881875000000        -5.355275724268961E-004
   261.095625000000         1.423420241891956E-004
   261.309375000000         8.692008756205181E-004
   261.523125000000         1.605178071119035E-003
   261.736875000000         2.308149679137498E-003
   261.950625000000         2.936347933834902E-003
   262.164375000000         3.451016060314052E-003
   262.378125000000         3.818937216725213E-003
   262.591875000000         4.014671825096122E-003
   262.805625000000         4.022353942461231E-003
   263.019375000000         3.836923256840719E-003
   263.233125000000         3.464703201548386E-003
   263.446875000000         2.923275540578760E-003
   263.660625000000         2.240645232686358E-003
   263.874375000000         1.453733868090895E-003
   264.088125000000         6.062828498308943E-004
   264.301875000000        -2.537138263742473E-004
   264.515625000000        -1.076895256576464E-003
   264.729375000000        -1.815562446001058E-003
   264.943125000000        -2.426661881253895E-003
   265.156875000000        -2.874533893507258E-003
   265.370625000000        -3.133246204794272E-003
   265.584375000000        -3.188355123414433E-003
   265.798125000000        -3.037969686226500E-003
   266.011875000000        -2.693035945460628E-003
   266.225625000000        -2.176807198707040E-003
   266.439375000000        -1.523518327728742E-003
   266.653125000000        -7.763351946700051E-004
   266.866875000000         1.530031531733790E-005
   267.080625000000         7.987660473551284E-004
   267.294375000000         1.521599511344874E-003
   267.508125000000         2.134864927755171E-003
   267.721875000000         2.596324361007313E-003
   267.935625000000         2.873199382052179E-003
   268.149375000000         2.944334390334054E-003
   268.363125000000         2.801611284864798E-003
   268.576875000000         2.450515143879433E-003
   268.790625000000         1.909808530859538E-003
   269.004375000000         1.210333841552036E-003
   269.218125000000         3.930241795088681E-004
   269.431875000000        -4.937410240477605E-004
   269.645625000000        -1.397253339262734E-003
   269.859375000000        -2.263850459715915E-003
   270.073125000000        -3.042316949079618E-003
   270.286875000000        -3.687078620700366E-003
   270.500625000000        -4.160975899617761E-003
   270.714375000000        -4.437434610404058E-003
   270.928125000000        -4.501898790227305E-003
   271.141875000000        -4.352445604836076E-003
   271.355625000000        -3.999562775152002E-003
   271.569375000000        -3.465129292133837E-003
   271.783125000000        -2.780695870388916E-003
   271.996875000000        -1.985208312409616E-003
   272.210625000000        -1.122351311495936E-003
   272.424375000000        -2.377099171320421E-004
   272.638125000000         6.240500856734541E-004
   272.851875000000         1.421792942954763E-003
   273.065625000000         2.120149964978490E-003
   273.279375000000         2.691254092122387E-003
   273.493125000000         3.115887031495087E-003
   273.706875000000         3.384001487269016E-003
   273.920625000000         3.494628204446874E-003
   274.134375000000         3.455220721092957E-003
   274.348125000000         3.280526724870284E-003
   274.561875000000         2.991101402365553E-003
   274.775625000000         2.611593788979536E-003
   274.989375000000         2.168941524917200E-003
   275.203125000000         1.690603218950144E-003
   275.416875000000         1.202942269191754E-003
   275.630625000000         7.298535737192345E-004
   275.844375000000         2.916975594491752E-004
   276.058125000000        -9.542302557739067E-005
   276.271875000000        -4.200365696997781E-004
   276.485625000000        -6.753450637971268E-004
   276.699375000000        -8.589756482829019E-004
   276.913125000000        -9.724970380254458E-004
   277.126875000000        -1.020766194833375E-003
   277.340625000000        -1.011174040506981E-003
   277.554375000000        -9.528567706556920E-004
   277.768125000000        -8.559323180186608E-004
   277.981875000000        -7.308108603353386E-004
   278.195625000000        -5.876152405254017E-004
   278.409375000000        -4.357330514655454E-004
   278.623125000000        -2.835081383547569E-004
   278.836875000000        -1.380664405303267E-004
   279.050625000000        -5.260282159233328E-006
   279.264375000000         1.102929478665578E-004
   279.478125000000         2.051069215594721E-004
   279.691875000000         2.766884385222585E-004
   279.905625000000         3.233953734129876E-004
   280.119375000000         3.443163730268846E-004
   280.333125000000         3.391916737581172E-004
   280.546875000000         3.083860979951548E-004
   280.760625000000         2.529159156892636E-004
   280.974375000000         1.745216826677580E-004
   281.188125000000         7.577030813826908E-005
   281.401875000000        -3.983762529280814E-005
   281.615625000000        -1.677840224985432E-004
   281.829375000000        -3.025032488984670E-004
   282.043125000000        -4.374342361859745E-004
   282.256875000000        -5.651772829321773E-004
   282.470625000000        -6.777688347498199E-004
   282.684375000000        -7.670753518368367E-004
   282.898125000000        -8.252932943927112E-004
   283.111875000000        -8.455276000748258E-004
   283.325625000000        -8.224073328770746E-004
   283.539375000000        -7.526860723242222E-004
   283.753125000000        -6.357676187600064E-004
   283.966875000000        -4.740959819541338E-004
   284.180625000000        -2.733532256325977E-004
   284.394375000000        -4.241981019354843E-005
   284.608125000000         2.069308088760418E-004
   284.821875000000         4.606095219695202E-004
   285.035625000000         7.030418182766072E-004
   285.249375000000         9.182057992955856E-004
   285.463125000000         1.090808367677794E-003
   285.676875000000         1.207509922456700E-003
   285.890625000000         1.258094605017439E-003
   286.104375000000         1.236478606551961E-003
   286.318125000000         1.141454481505003E-003
   286.531875000000         9.770851011400359E-004
   286.745625000000         7.526860882780273E-004
   286.959375000000         4.823685372367061E-004
   287.173125000000         1.841518722917339E-004
   287.386875000000        -1.213035277718824E-004
   287.600625000000        -4.122565615023338E-004
   287.814375000000        -6.676191637977981E-004
   288.028125000000        -8.687215277208774E-004
   288.241875000000        -1.000955899229665E-003
   288.455625000000        -1.055148803305476E-003
   288.669375000000        -1.028528298917929E-003
   288.883125000000        -9.251826672670960E-004
   289.096875000000        -7.559475836678427E-004
   289.310625000000        -5.377069497591703E-004
   289.524375000000        -2.921439679328019E-004
   289.738125000000        -4.402906885256022E-005
   289.951875000000         1.808247143983399E-004
   290.165625000000         3.577746254313672E-004
   290.379375000000         4.655449577083025E-004
   290.593125000000         4.882191200524955E-004
   290.806875000000         4.168507057843634E-004
   291.020625000000         2.505453602149579E-004
   291.234375000000        -3.093156287312923E-006
   291.448125000000        -3.282077100722319E-004
   291.661875000000        -7.016212031744896E-004
   291.875625000000        -1.094398829873021E-003
   292.089375000000        -1.473926191421426E-003
   292.303125000000        -1.806346268666999E-003
   292.516875000000        -2.059167212921313E-003
   292.730625000000        -2.203837478196037E-003
   292.944375000000        -2.218086206647984E-003
   293.158125000000        -2.087844718737149E-003
   293.371875000000        -1.808597729781854E-003
   293.585625000000        -1.386057538275787E-003
   293.799375000000        -8.361069759713237E-004
   294.013125000000        -1.840128707561793E-004
   294.226875000000         5.370335039002361E-004
   294.440625000000         1.287943415886367E-003
   294.654375000000         2.026179768414693E-003
   294.868125000000         2.708455350799902E-003
   295.081875000000         3.293493439910795E-003
   295.295625000000         3.744664264611821E-003
   295.509375000000         4.032324564332800E-003
   295.723125000000         4.135712784107941E-003
   295.936875000000         4.044286746251541E-003
   296.150625000000         3.758430810800499E-003
   296.364375000000         3.289502279649695E-003
   296.578125000000         2.659228921879424E-003
   296.791875000000         1.898508183706419E-003
   297.005625000000         1.045691651586105E-003
   297.219375000000         1.444641056810251E-004
   297.433125000000        -7.585557973247690E-004
   297.646875000000        -1.616356691436477E-003
   297.860625000000        -2.384079315384641E-003
   298.074375000000        -3.021432044901900E-003
   298.288125000000        -3.494855350570819E-003
   298.501875000000        -3.779329196810508E-003
   298.715625000000        -3.859736734321792E-003
   298.929375000000        -3.731719493613692E-003
   299.143125000000        -3.401982829792385E-003
   299.356875000000        -2.888034935716171E-003
   299.570625000000        -2.217367786796784E-003
   299.784375000000        -1.426113400938769E-003
   299.998125000000        -5.572332356640137E-004
   300.211875000000         3.416782809272185E-004
   300.425625000000         1.220874038987746E-003
   300.639375000000         2.031098431031313E-003
   300.853125000000         2.726261992317762E-003
   301.066875000000         3.266005155789742E-003
   301.280625000000         3.618008662318308E-003
   301.494375000000         3.759914778195487E-003
   301.708125000000         3.680738363793307E-003
   301.921875000000         3.381670025660435E-003
   302.135625000000         2.876204444264794E-003
   302.349375000000         2.189564185729413E-003
   302.563125000000         1.357430897014490E-003
   302.776875000000         4.240391985257463E-004
   302.990625000000        -5.602691273619988E-004
   303.204375000000        -1.541895026578421E-003
   303.418125000000        -2.467069788196112E-003
   303.631875000000        -3.284993272554126E-003
   303.845625000000        -3.950826904503686E-003
   304.059375000000        -4.428350072632566E-003
   304.273125000000        -4.692106503488791E-003
   304.486875000000        -4.728897703454292E-003
   304.700625000000        -4.538521810020914E-003
   304.914375000000        -4.133705395585643E-003
   305.128125000000        -3.539229452303185E-003
   305.341875000000        -2.790305067863164E-003
   305.555625000000        -1.930305183562910E-003
   305.769375000000        -1.008002534401336E-003
   305.983125000000        -7.449716059759301E-005
   306.196875000000         8.199627005609725E-004
   306.410625000000         1.629056450526821E-003
   306.624375000000         2.313162424627362E-003
   306.838125000000         2.841645967110608E-003
   307.051875000000         3.194520385584863E-003
   307.265625000000         3.363381199530530E-003
   307.479375000000         3.351564644687365E-003
   307.693125000000         3.173534487773847E-003
   307.906875000000         2.853553063504280E-003
   308.120625000000         2.423739481792565E-003
   308.334375000000         1.921657028090294E-003
   308.548125000000         1.387600415483384E-003
   308.761875000000         8.617700742820219E-004
   308.975625000000         3.815243045234863E-004
   309.189375000000        -2.110900421265607E-005
   309.403125000000        -3.215002872330876E-004
   309.616875000000        -5.039360255131270E-004
   309.830625000000        -5.624951703259078E-004
   310.044375000000        -5.012369288698811E-004
   310.258125000000        -3.336984262909249E-004
   310.471875000000        -8.174575941692440E-005
   310.685625000000         2.261366965911073E-004
   310.899375000000         5.569986523576033E-004
   311.113125000000         8.758708043065540E-004
   311.326875000000         1.148341714189894E-003
   311.540625000000         1.343093201529029E-003
   311.754375000000         1.434226625342878E-003
   311.968125000000         1.403226645420546E-003
   312.181875000000         1.240432670859376E-003
   312.395625000000         9.459197344531955E-004
   312.609375000000         5.297280538690092E-004
   312.823125000000         1.142180270121460E-005
   313.036875000000        -5.809998411921042E-004
   313.250625000000        -1.212775011975627E-003
   313.464375000000        -1.844532920685519E-003
   313.678125000000        -2.434795613830503E-003
   313.891875000000        -2.942670719980872E-003
   314.105625000000        -3.330564146414036E-003
   314.319375000000        -3.566738174753001E-003
   314.533125000000        -3.627547802074435E-003
   314.746875000000        -3.499206227069257E-003
   314.960625000000        -3.178958175115266E-003
   315.174375000000        -2.675575751976095E-003
   315.388125000000        -2.009133614054206E-003
   315.601875000000        -1.210065894940896E-003
   315.815625000000        -3.175536760380086E-004
   316.029375000000         6.226641619654677E-004
   316.243125000000         1.560925064357402E-003
   316.456875000000         2.446559392734752E-003
   316.670625000000         3.230906289407501E-003
   316.884375000000         3.870236770656995E-003
   317.098125000000         4.328395854024232E-003
   317.311875000000         4.578992107395119E-003
   317.525625000000         4.606991458183067E-003
   317.739375000000         4.409610688985289E-003
   317.953125000000         3.996452264567355E-003
   318.166875000000         3.388872854407723E-003
   318.380625000000         2.618629592599770E-003
   318.594375000000         1.725897049651560E-003
   318.808125000000         7.567904915642516E-004
   319.021875000000        -2.394359184402434E-004
   319.235625000000        -1.213326293316099E-003
   319.449375000000        -2.118098568249181E-003
   319.663125000000        -2.912268426153561E-003
   319.876875000000        -3.561852462825644E-003
   320.090625000000        -4.042014570864163E-003
   320.304375000000        -4.338062342471785E-003
   320.518125000000        -4.445749457457934E-003
   320.731875000000        -4.370891653764139E-003
   320.945625000000        -4.128353885378231E-003
   321.159375000000        -3.740510704275663E-003
   321.373125000000        -3.235317278669721E-003
   321.586875000000        -2.644152070970351E-003
   321.800625000000        -1.999602341949402E-003
   322.014375000000        -1.333359774188475E-003
   322.228125000000        -6.743762636752413E-004
   322.441875000000        -4.740109525774861E-005
   322.655625000000         5.280169570495570E-004
   322.869375000000         1.038022119059244E-003
   323.083125000000         1.474442786757739E-003
   323.296875000000         1.834327669767877E-003
   323.510625000000         2.119109426681341E-003
   323.724375000000         2.333505597793687E-003
   323.938125000000         2.484282901091935E-003
   324.151875000000         2.579015157146851E-003
   324.365625000000         2.624957332221553E-003
   324.579375000000         2.628139602491737E-003
   324.793125000000         2.592758054099677E-003
   325.006875000000         2.520905472490959E-003
   325.220625000000         2.412649903878690E-003
   325.434375000000         2.266433676345467E-003
   325.648125000000         2.079734534978115E-003
   325.861875000000         1.849906178244523E-003
   326.075625000000         1.575099770322338E-003
   326.289375000000         1.255162066457468E-003
   326.503125000000         8.924098086075465E-004
   326.716875000000         4.921932988676554E-004
   326.930625000000         6.318300415598958E-005
   327.144375000000        -3.826604728538030E-004
   327.358125000000        -8.304432667287337E-004
   327.571875000000        -1.263002459151733E-003
   327.785625000000        -1.661830748448877E-003
   327.999375000000        -2.008191957911941E-003
   328.213125000000        -2.284341412512346E-003
   328.426875000000        -2.474756386369102E-003
   328.640625000000        -2.567280950538318E-003
   328.854375000000        -2.554096373109111E-003
   329.068125000000        -2.432441861248787E-003
   329.281875000000        -2.205029502859861E-003
   329.495625000000        -1.880120029005364E-003
   329.709375000000        -1.471250560263689E-003
   329.923125000000        -9.966298943233417E-004
   330.136875000000        -4.782393569907873E-004
   330.350625000000         5.930373387465373E-005
   330.564375000000         5.900484946537710E-004
   330.778125000000         1.088098154387747E-003
   330.991875000000         1.528998807824449E-003
   331.205625000000         1.891047018800059E-003
   331.419375000000         2.156441030333368E-003
   331.633125000000         2.312211600117718E-003
   331.846875000000         2.350883075451731E-003
   332.060625000000         2.270832185979340E-003
   332.274375000000         2.076330062694158E-003
   332.488125000000         1.777271112714284E-003
   332.701875000000         1.388609600220949E-003
   332.915625000000         9.295402342775308E-004
   333.129375000000         4.224720224808951E-004
   333.343125000000        -1.081454431113360E-004
   333.556875000000        -6.370776340362266E-004
   333.770625000000        -1.139574222973614E-003
   333.984375000000        -1.592584159618339E-003
   334.198125000000        -1.975853609784887E-003
   334.411875000000        -2.272851458502009E-003
   334.625625000000        -2.471477714717928E-003
   334.839375000000        -2.564523071376837E-003
   335.053125000000        -2.549862362988680E-003
   335.266875000000        -2.430379918030835E-003
   335.480625000000        -2.213639957225199E-003
   335.694375000000        -1.911329353894800E-003
   335.908125000000        -1.538512396319317E-003
   336.121875000000        -1.112746910783665E-003
   336.335625000000        -6.531176005634610E-004
   336.549375000000        -1.792453113179247E-004
   336.763125000000         2.896700346421214E-004
   336.976875000000         7.357198013554962E-004
   337.190625000000         1.143025363061116E-003
   337.404375000000         1.498311133803249E-003
   337.618125000000         1.791290692313209E-003
   337.831875000000         2.014858623226970E-003
   338.045625000000         2.165094454592494E-003
   338.259375000000         2.241097704127125E-003
   338.473125000000         2.244683587733543E-003
   338.686875000000         2.179976605054199E-003
   338.900625000000         2.052943453216273E-003
   339.114375000000         1.870907280347368E-003
   339.328125000000         1.642082243882694E-003
   339.541875000000         1.375161066921943E-003
   339.755625000000         1.078979455525564E-003
   339.969375000000         7.622707379255300E-004
   340.183125000000         4.335129456324080E-004
