  -1.60312500000000        -6.593216171684230E-025
  -1.38937500000000         1.017022115810249E-022
  -1.17562500000000         1.120275314015879E-021
 -0.961875000000000         7.203972014017284E-021
 -0.748125000000000         3.519442119850132E-020
 -0.534375000000000         1.423031406225897E-019
 -0.320625000000000         4.950320587558127E-019
 -0.106875000000000         1.514750466458069E-018
  0.106875000000000         4.139488796483975E-018
  0.320625000000000         1.022856581896851E-017
  0.534375000000000         2.309994477794764E-017
  0.748125000000000         4.813924023793209E-017
  0.961875000000000         9.337293371033222E-017
   1.17562500000000         1.698733874742961E-016
   1.38937500000000         2.918581996932743E-016
   1.60312500000000         4.764037445225317E-016
   1.81687500000000         7.427316791141448E-016
   2.03062500000000         1.111065232633756E-015
   2.24437500000000         1.601169878013838E-015
   2.45812500000000         2.230702512549232E-015
   2.67187500000000         3.013516315309722E-015
   2.88562500000000         3.958176640583107E-015
   3.09937500000000         5.066845517408664E-015
   3.31312500000000         6.334687773322311E-015
   3.52687500000000         7.749923402985835E-015
   3.74062500000000         9.294566062987720E-015
   3.95437500000000         1.094572399424594E-014
   4.16812500000000         1.267729170340535E-014
   4.38187500000000         1.446195929344512E-014
   4.59562500000000         1.627316788789478E-014
   4.80937500000000         1.808677912120684E-014
   5.02312500000000         1.988231230485581E-014
   5.23687500000000         2.164360987042405E-014
   5.45062500000000         2.335891600362971E-014
   5.66437500000000         2.502039888613139E-014
   5.87812500000000         2.662347408472482E-014
   6.09187500000000         2.816598973340921E-014
   6.30562500000000         2.964754735504063E-014
   6.51937500000000         3.106931374821019E-014
   6.73312500000000         3.243431683185022E-014
   6.94687500000000         3.374814734713807E-014
   7.16062500000000         3.502002477459633E-014
   7.37437500000000         3.626405113461680E-014
   7.58812500000000         3.750015613995637E-014
   7.80187500000000         3.875441641822007E-014
   8.01562500000000         4.005858174277919E-014
   8.22937500000000         4.144863380417937E-014
   8.44312500000000         4.296231057721059E-014
   8.65687500000000         4.463592814880661E-014
   8.87062500000000         4.650085245229479E-014
   9.08437500000000         4.858004595618174E-014
   9.29812500000000         5.088524880706554E-014
   9.51187500000000         5.341527665243523E-014
   9.72562500000000         5.615565178796895E-014
   9.93937500000000         5.907975636981411E-014
   10.1531250000000         6.215137462890509E-014
   10.3668750000000         6.532818684758373E-014
   10.5806250000000         6.856582961246318E-014
   10.7943750000000         7.182186187255459E-014
   11.0081250000000         7.505910710750039E-014
   11.2218750000000         7.824792669165769E-014
   11.4356250000000         8.136719081773136E-014
   11.6493750000000         8.440401086480433E-014
   11.8631250000000         8.735241402745087E-014
   12.0768750000000         9.021139139723362E-014
   12.2906250000000         9.298290934761841E-014
   12.5043750000000         9.567033786265776E-014
   12.7181250000000         9.827769799033683E-014
   12.9318750000000         1.008099798920739E-013
   13.1456250000000         1.032743846566204E-013
   13.3593750000000         1.056821705863211E-013
   13.5731250000000         1.080506978501771E-013
   13.7868750000000         1.104050341291824E-013
   14.0006250000000         1.127785822409886E-013
   14.2143750000000         1.152123513740238E-013
   14.4281250000000         1.177526802548204E-013
   14.6418750000000         1.204476495976785E-013
   14.8556250000000         1.233425601637049E-013
   15.0693750000000         1.264751129471608E-013
   15.2831250000000         1.298710882272501E-013
   15.4968750000000         1.335412402740737E-013
   15.7106250000000         1.374799777706379E-013
   15.9243750000000         1.416660937749975E-013
   16.1381250000000         1.460655160003013E-013
   16.3518750000000         1.506357666829420E-013
   16.5656250000000         1.553314006846796E-013
   16.7793750000000         1.601095948073265E-013
   16.9931250000000         1.649350550752064E-013
   17.2068750000000         1.697834232839004E-013
   17.4206250000000         1.746427975099512E-013
   17.6343750000000         1.795130940685694E-013
   17.8481250000000         1.844034129630899E-013
   18.0618750000000         1.893280374404201E-013
   18.2756250000000         1.943016887503919E-013
   18.4893750000000         1.993350126961166E-013
   18.7031250000000         2.044310236561513E-013
   18.9168750000000         2.095831783279861E-013
   19.1306250000000         2.147754049484484E-013
   19.3443750000000         2.199840981670894E-013
   19.5581250000000         2.251817695613995E-013
   19.7718750000000         2.303416367220554E-013
   19.9856250000000         2.354425400493723E-013
   20.1993750000000         2.404732771918816E-013
   20.4131250000000         2.454356642550841E-013
   20.6268750000000         2.503458717440391E-013
   20.8406250000000         2.552338323460133E-013
   21.0543750000000         2.601407511908730E-013
   21.2681250000000         2.651151687614971E-013
   21.4818750000000         2.702081890353960E-013
   21.6956250000000         2.754685039030706E-013
   21.9093750000000         2.809379706005006E-013
   22.1231250000000         2.866483185398660E-013
   22.3368750000000         2.926193644021525E-013
   22.5506250000000         2.988588361674760E-013
   22.7643750000000         3.053637361861452E-013
   22.9781250000000         3.121228824559370E-013
   23.1918750000000         3.191200696564560E-013
   23.4056250000000         3.263373737830533E-013
   23.6193750000000         3.337580134908777E-013
   23.8331250000000         3.413682962244071E-013
   24.0468750000000         3.491584761215696E-013
   24.2606250000000         3.571224858848193E-013
   24.4743750000000         3.652566469440133E-013
   24.6881250000000         3.735577524253220E-013
   24.9018750000000         3.820209293633549E-013
   25.1156250000000         3.906378163678263E-013
   25.3293750000000         3.993954448275076E-013
   25.5431250000000         4.082761224479686E-013
   25.7568750000000         4.172584467677077E-013
   25.9706250000000         4.263193775709164E-013
   26.1843750000000         4.354371150924656E-013
   26.3981250000000         4.445944097988535E-013
   26.6118750000000         4.537817925052983E-013
   26.8256250000000         4.630001265815954E-013
   27.0393750000000         4.722622003547144E-013
   27.2531250000000         4.815929475818409E-013
   27.4668750000000         4.910281421385279E-013
   27.6806250000000         5.006117157470636E-013
   27.8943750000000         5.103919427184120E-013
   28.1081250000000         5.204169503714469E-013
   28.3218750000000         5.307301613206791E-013
   28.5356250000000         5.413661393191576E-013
   28.7493750000000         5.523473678210345E-013
   28.9631250000000         5.636824269045494E-013
   29.1768750000000         5.753656633585159E-013
   29.3906250000000         5.873783213614087E-013
   29.6043750000000         5.996909794519217E-013
   29.8181250000000         6.122668526358843E-013
   30.0318750000000         6.250654574903517E-013
   30.2456250000000         6.380461797167922E-013
   30.4593750000000         6.511712577768666E-013
   30.6731250000000         6.644078389619185E-013
   30.8868750000000         6.777289801549981E-013
   31.1006250000000         6.911135627716242E-013
   31.3143750000000         7.045453265727336E-013
   31.5281250000000         7.180113623724365E-013
   31.7418750000000         7.315004433112927E-013
   31.9556250000000         7.450015634385748E-013
   32.1693750000000         7.585030663811734E-013
   32.3831250000000         7.719925712000897E-013
   32.5968750000000         7.854577568989242E-013
   32.8106250000000         7.988879098761848E-013
   33.0243750000000         8.122759526663336E-013
   33.2381250000000         8.256206656429455E-013
   33.4518750000000         8.389286569076219E-013
   33.6656250000000         8.522156866790374E-013
   33.8793750000000         8.655070699436347E-013
   34.0931250000000         8.788369353705941E-013
   34.3068750000000         8.922463769164317E-013
   34.5206250000000         9.057806542129083E-013
   34.7343750000000         9.194857215667038E-013
   34.9481250000000         9.334045683518043E-013
   35.1618750000000         9.475738182315637E-013
   35.3756250000000         9.620210425718278E-013
   35.5893750000000         9.767632290666976E-013
   35.8031250000000         9.918065986021250E-013
   36.0168750000000         1.007147810604493E-012
   36.2306250000000         1.022776466572143E-012
   36.4443750000000         1.038678505214197E-012
   36.6581250000000         1.054839999339716E-012
   36.8718750000000         1.071250833438415E-012
   37.0856250000000         1.087907600369816E-012
   37.2993750000000         1.104815229805981E-012
   37.5131250000000         1.121987050481978E-012
   37.7268750000000         1.139443226660247E-012
   37.9406250000000         1.157207669844919E-012
   38.1543750000000         1.175303868010734E-012
   38.3681250000000         1.193750288934505E-012
   38.5818750000000         1.212556148918818E-012
   38.7956250000000         1.231718174259060E-012
   39.0093750000000         1.251219018367599E-012
   39.2231250000000         1.271027858727917E-012
   39.4368750000000         1.291102973021946E-012
   39.6506250000000         1.311396203162904E-012
   39.8643750000000         1.331858700258109E-012
   40.0781250000000         1.352447068207798E-012
   40.2918750000000         1.373129050785825E-012
   40.5056250000000         1.393887842556115E-012
   40.7193750000000         1.414724387937152E-012
   40.9331250000000         1.435657260494257E-012
   41.1468750000000         1.456720231134041E-012
   41.3606250000000         1.477957858960345E-012
   41.5743750000000         1.499419866198414E-012
   41.7881250000000         1.521155313862803E-012
   42.0018750000000         1.543207403497065E-012
   42.2156250000000         1.565609813242153E-012
   42.4293750000000         1.588385023925624E-012
   42.6431250000000         1.611544746560506E-012
   42.8568750000000         1.635092083400743E-012
   43.0706250000000         1.659024709490653E-012
   43.2843750000000         1.683338173750643E-012
   43.4981250000000         1.708028335726781E-012
   43.7118750000000         1.733092241597991E-012
   43.9256250000000         1.758526922228442E-012
   44.1393750000000         1.784326376939842E-012
   44.3531250000000         1.810477311117798E-012
   44.5668750000000         1.836954667726190E-012
   44.7806250000000         1.863718356037182E-012
   44.9943750000000         1.890712351707564E-012
   45.2081250000000         1.917867166911640E-012
   45.4218750000000         1.945106102774710E-012
   45.6356250000000         1.972354856982836E-012
   45.8493750000000         1.999553288286914E-012
   46.0631250000000         2.026667432701153E-012
   46.2768750000000         2.053699416966850E-012
   46.4906250000000         2.080692897805085E-012
   46.7043750000000         2.107731932492580E-012
   46.9181250000000         2.134932123361297E-012
   47.1318750000000         2.162424164069741E-012
   47.3456250000000         2.190331205076750E-012
   47.5593750000000         2.218742947969400E-012
   47.7731250000000         2.247690446313188E-012
   47.9868750000000         2.277126337853671E-012
   48.2006250000000         2.306915110891177E-012
   48.4143750000000         2.336837130707564E-012
   48.6281250000000         2.366608649881253E-012
   48.8418750000000         2.395917630384976E-012
   49.0556250000000         2.424472700034439E-012
   49.2693750000000         2.452059821062899E-012
   49.4831250000000         2.478599097962682E-012
   49.6968750000000         2.504192559544946E-012
   49.9106250000000         2.529153600045217E-012
   50.1243750000000         2.554009868831565E-012
   50.3381250000000         2.579473797608949E-012
   50.5518750000000         2.606378828131394E-012
   50.7656250000000         2.635584225686710E-012
   50.9793750000000         2.667856528587229E-012
   51.1931250000000         2.703740562314691E-012
   51.4068750000000         2.743436824457469E-012
   51.6206250000000         2.786704133739259E-012
   51.8343750000000         2.832806331981528E-012
   52.0481250000000         2.880518786181628E-012
   52.2618750000000         2.928204813715398E-012
   52.4756250000000         2.973964066982515E-012
   52.6893750000000         3.015845090617060E-012
   52.9031250000000         3.052103991485312E-012
   53.1168750000000         3.081481664922769E-012
   53.3306250000000         3.103464349406499E-012
   53.5443750000000         3.118488715100449E-012
   53.7581250000000         3.128053694100979E-012
   53.9718750000000         3.134707342988168E-012
   54.1856250000000         3.141889085049741E-012
   54.3993750000000         3.153623956555502E-012
   54.6131250000000         3.174084993446848E-012
   54.8268750000000         3.207060740187801E-012
   55.0406250000000         3.255383737657391E-012
   55.2543750000000         3.320390417247129E-012
   55.4681250000000         3.401489985123839E-012
   55.6818750000000         3.495917957516795E-012
   55.8956250000000         3.598737523599868E-012
   56.1093750000000         3.703128546488551E-012
   56.3231250000000         3.800972036363982E-012
   56.5368750000000         3.883699979835867E-012
   56.7506250000000         3.943340175545881E-012
   56.9643750000000         3.973649003136443E-012
   57.1781250000000         3.971197117544568E-012
   57.3918750000000         3.936258539861767E-012
   57.6056250000000         3.873356930167007E-012
   57.8193750000000         3.791345956704780E-012
   58.0331250000000         3.702943361469725E-012
   58.2468750000000         3.623697529138393E-012
   58.4606250000000         3.570436324216239E-012
   58.6743750000000         3.559322141462355E-012
   58.8881250000000         3.603705708938719E-012
   59.1018750000000         3.712024373646984E-012
   59.3156250000000         3.886019283587758E-012
   59.5293750000000         4.119543260646308E-012
   59.7431250000000         4.398192932406706E-012
   59.9568750000000         4.699925673487447E-012
   60.1706250000000         4.996718428327257E-012
   60.3843750000000         5.257201467613472E-012
   60.5981250000000         5.450068105052343E-012
   60.8118750000000         5.547937825920216E-012
   61.0256250000000         5.531251692910180E-012
   61.2393750000000         5.391720621928886E-012
   61.4531250000000         5.134841598454592E-012
   61.6668750000000         4.781051938753202E-012
   61.8806250000000         4.365206309027638E-012
   62.0943750000000         3.934229014755663E-012
   62.3081250000000         3.543001163713960E-012
   62.5218750000000         3.248765664665383E-012
   62.7356250000000         3.104548821656865E-012
   62.9493750000000         3.152277165709534E-012
   63.1631250000000         3.416386040023276E-012
   63.3768750000000         3.898750923442745E-012
   63.5906250000000         4.575710047377507E-012
   63.8043750000000         5.397784514806547E-012
   64.0181250000000         6.292447501196052E-012
   64.2318750000000         7.169969196816546E-012
   64.4456250000000         7.931998888293348E-012
   64.6593750000000         8.482179991144960E-012
   64.8731250000000         8.737771777740418E-012
   65.0868750000000         8.641014723020607E-012
   65.3006250000000         8.168863765734004E-012
   65.5143750000000         7.339750869573629E-012
   65.7281250000000         6.216236596432213E-012
   65.9418750000000         4.902764786895374E-012
   66.1556250000000         3.538220011781976E-012
   66.3693750000000         2.283561196199057E-012
   66.5831250000000         1.305410657554387E-012
   66.7968750000000         7.570488621380762E-013
   67.0106250000000         7.587319015458293E-013
   67.2243750000000         1.379547305541470E-012
   67.4381250000000         2.623101674957128E-012
   67.6518750000000         4.419158150402538E-012
   67.8656250000000         6.622905862019565E-012
   68.0793750000000         9.022867790493327E-012
   68.2931250000000         1.135758666936735E-011
   68.5068750000000         1.334024804410637E-011
   68.7206250000000         1.468939994126066E-011
   68.9343750000000         1.516301805000104E-011
   69.1481250000000         1.459245484721848E-011
   69.3618750000000         1.291239823898571E-011
   69.5756250000000         1.018292993922371E-011
   69.7893750000000         6.600160842883382E-012
   70.0031250000000         2.492735844377801E-012
   70.2168750000000        -1.697292863888942E-012
   70.4306250000000        -5.449212757918678E-012
   70.6443750000000        -8.212311465848923E-012
   70.8581250000000        -9.465021412182739E-012
   71.0718750000000        -8.779546384358122E-012
   71.2856250000000        -5.885722321574167E-012
   71.4993750000000        -7.271126839076132E-013
   71.7131250000000         6.497786321282561E-012
   71.9268750000000         1.531576747989744E-011
   72.1406250000000         2.498577250570466E-011
   72.3543750000000         3.453558225759928E-011
   72.5681250000000         4.282893270289214E-011
   72.7818750000000         4.866066254596356E-011
   72.9956250000000         5.087435744105952E-011
   73.2093750000000         4.849394551261519E-011
   73.4231250000000         4.085812108565868E-011
   73.6368750000000         2.774462237646189E-011
   73.8506250000000         9.470525863879508E-012
   74.0643750000000        -1.304495414575390E-011
   74.2781250000000        -3.826704248983896E-011
   74.4918750000000        -6.409028943247120E-011
   74.7056250000000        -8.794653222102038E-011
   74.9193750000000        -1.069755327675374E-010
   75.1331250000000        -1.182520590688671E-010
   75.3468750000000        -1.190571035342565E-010
   75.5606250000000        -1.071751138404798E-010
   75.7743750000000        -8.119408815302473E-011
   75.9881250000000        -4.078169114892389E-011
   76.2018750000000         1.309132940447877E-011
   76.4156250000000         7.800880183932248E-011
   76.6293750000000         1.500734091018944E-010
   76.8431250000000         2.239977087699140E-010
   77.0568750000000         2.933341047589624E-010
   77.2706250000000         3.508458935377371E-010
   77.4843750000000         3.890097776882342E-010
   77.6981250000000         4.006276034594291E-010
   77.9118750000000         3.795124494998011E-010
   78.1256250000000         3.212026070855033E-010
   78.3393750000000         2.236475440778458E-010
   78.5531250000000         8.780371381553094E-011
   78.7668750000000        -8.192397399846464E-011
   78.9806250000000        -2.774562904272094E-010
   79.1943750000000        -4.870823524770820E-010
   79.4081250000000        -6.958098401868422E-010
   79.6218750000000        -8.860426691181687E-010
   79.8356250000000        -1.038582466950565E-009
   80.0493750000000        -1.133923474860372E-009
   80.2631250000000        -1.153782287146780E-009
   80.4768750000000        -1.082776211462041E-009
   80.6906250000000        -9.101392728876978E-010
   80.9043750000000        -6.313453836061903E-010
   81.1181250000000        -2.494962502854357E-010
   81.3318750000000         2.236708048900232E-010
   81.5456250000000         7.672912654828065E-010
   81.7593750000000         1.351513680415675E-009
   81.9731250000000         1.938354912628414E-009
   82.1868750000000         2.483310147900093E-009
   82.4006250000000         2.937705062804760E-009
   82.6143750000000         3.251719077044514E-009
   82.8281250000000         3.377947778052718E-009
   83.0418750000000         3.275313787450260E-009
   83.2556250000000         2.913083297221163E-009
   83.4693750000000         2.274705046074419E-009
   83.6831250000000         1.361164114087819E-009
   83.8968750000000         1.935383619696300E-010
   84.1106250000000        -1.185536669646807E-009
   84.3243750000000        -2.711746755625112E-009
   84.5381250000000        -4.300508899021606E-009
   84.7518750000000        -5.850012478286233E-009
   84.9656250000000        -7.245887799720845E-009
   85.1793750000000        -8.367382263634549E-009
   85.3931250000000        -9.094803642405103E-009
   85.6068750000000        -9.317872634987320E-009
   85.8206250000000        -8.944521599703641E-009
   86.0343750000000        -7.909591861623286E-009
   86.2481250000000        -6.182826298086768E-009
   86.4618750000000        -3.775533818282110E-009
   86.6756250000000        -7.453228108208032E-010
   86.8893750000000         2.801635782944598E-009
   87.1031250000000         6.711248569222842E-009
   87.3168750000000         1.078532940676064E-008
   87.5306250000000         1.478872509028782E-008
   87.7443750000000         1.845963861194192E-008
   87.9581250000000         2.152283353521542E-008
   88.1718750000000         2.370518497152206E-008
   88.3856250000000         2.475283907207358E-008
   88.5993750000000         2.444906853544943E-008
   88.8131250000000         2.263178036084947E-008
   89.0268750000000         1.920955621227090E-008
   89.2406250000000         1.417509488093712E-008
   89.4543750000000         7.614986487530795E-009
   89.6681250000000        -2.851189148649452E-010
   89.8818750000000        -9.240682635160296E-009
   90.0956250000000        -1.887425744729150E-008
   90.3093750000000        -2.872743003990251E-008
   90.5231250000000        -3.827853055614784E-008
   90.7368750000000        -4.696555170600242E-008
   90.9506250000000        -5.421336644408405E-008
   91.1643750000000        -5.946401166610190E-008
   91.3781250000000        -6.220853839474920E-008
   91.5918750000000        -6.201873695591503E-008
   91.8056250000000        -5.857694546314952E-008
   92.0193750000000        -5.170215324414198E-008
   92.2331250000000        -4.137072319466642E-008
   92.4468750000000        -2.773027706434664E-008
   92.6606250000000        -1.110560678901663E-008
   92.8743750000000         8.004122382926217E-009
   93.0881250000000         2.893714690730652E-008
   93.3018750000000         5.088962894677020E-008
   93.5156250000000         7.294419665371539E-008
   93.7293750000000         9.410529181297487E-008
   93.9431250000000         1.133396981357253E-007
   94.1568750000000         1.296202923398828E-007
   94.3706250000000         1.419708388833408E-007
   94.5843750000000         1.495095543570921E-007
   94.7981250000000         1.514892075410455E-007
   95.0118750000000         1.473316955559765E-007
   95.2256250000000         1.366553359498735E-007
   95.4393750000000         1.192935209305327E-007
   95.6531250000000         9.530386786827440E-008
   95.8668750000000         6.496753847143343E-008
   96.0806250000000         2.877895290472002E-008
   96.2943750000000        -1.257334140166775E-008
   96.5081250000000        -5.823340805622752E-008
   96.7218750000000        -1.072106363744113E-007
   96.9356250000000        -1.584165199083835E-007
   97.1493750000000        -2.107034325667503E-007
   97.3631250000000        -2.629033185456060E-007
   97.5768750000000        -3.138643298569672E-007
   97.7906250000000        -3.624836873542956E-007
   98.0043750000000        -4.077353887586363E-007
   98.2181250000000        -4.486918140907131E-007
   98.4318750000000        -4.845387536824261E-007
   98.6456250000000        -5.145838721511016E-007
   98.8593750000000        -5.382590883924286E-007
   99.0731250000000        -5.551177636905448E-007
   99.2868750000000        -5.648279185392951E-007
   99.5006250000000        -5.671629209471314E-007
   99.7143750000000        -5.619911897685347E-007
   99.9281250000000        -5.492664295424580E-007
   100.141875000000        -5.290197610653682E-007
   100.355625000000        -5.013548459832711E-007
   100.569375000000        -4.664467436167970E-007
   100.783125000000        -4.245448103503887E-007
   100.996875000000        -3.759794875404335E-007
   101.210625000000        -3.211723573012021E-007
   101.424375000000        -2.606484116899577E-007
   101.638125000000        -1.950491131425627E-007
   101.851875000000        -1.251445521483686E-007
   102.065625000000        -5.184285600175310E-008
   102.279375000000         2.380501343848596E-008
   102.493125000000         1.006068067536059E-007
   102.706875000000         1.772383413250117E-007
   102.920625000000         2.522617223401288E-007
   103.134375000000         3.241529741167748E-007
   103.348125000000         3.913390254008315E-007
   103.561875000000         4.522433424602811E-007
   103.775625000000         5.053388435520872E-007
   103.989375000000         5.492060996869042E-007
   104.203125000000         5.825942717624768E-007
   104.416875000000         6.044817929543098E-007
   104.630625000000         6.141335128101422E-007
   104.844375000000         6.111509037534761E-007
   105.058125000000         5.955120105157755E-007
   105.271875000000         5.675981065710034E-007
   105.485625000000         5.282045054300762E-007
   105.699375000000         4.785336430506204E-007
   105.913125000000         4.201693731637722E-007
   106.126875000000         3.550323616664684E-007
   106.340625000000         2.853174817663425E-007
   106.554375000000         2.134151436907526E-007
   106.768125000000         1.418194826778270E-007
   106.981875000000         7.302721685050308E-008
   107.195625000000         9.431715096050681E-009
   107.409375000000        -4.678266711683507E-008
   107.623125000000        -9.374066091828740E-008
   107.836875000000        -1.299652602204221E-007
   108.050625000000        -1.544510087765669E-007
   108.264375000000        -1.667170145549668E-007
   108.478125000000        -1.668361914809231E-007
   108.691875000000        -1.554383502478777E-007
   108.905625000000        -1.336860664346956E-007
   109.119375000000        -1.032236786713209E-007
   109.333125000000        -6.610123471873449E-008
   109.546875000000        -2.467662549834984E-008
   109.760625000000         1.849955861092970E-008
   109.974375000000         6.081082956709237E-008
   110.188125000000         9.970683749930775E-008
   110.401875000000         1.328337509069169E-007
   110.615625000000         1.581560042288724E-007
   110.829375000000         1.740627446363895E-007
   111.043125000000         1.794530091110571E-007
   111.256875000000         1.737947224310114E-007
   111.470625000000         1.571539734283019E-007
   111.684375000000         1.301926271047656E-007
   111.898125000000         9.413407377117053E-008
   112.111875000000         5.069870207043255E-008
   112.325625000000         2.012404450113667E-009
   112.539375000000        -4.950702290245244E-008
   112.753125000000        -1.012794341248283E-007
   112.966875000000        -1.507007453614799E-007
   113.180625000000        -1.952825679374257E-007
   113.394375000000        -2.327853282091571E-007
   113.608125000000        -2.613374905830919E-007
   113.821875000000        -2.795342826477626E-007
   114.035625000000        -2.865104894318715E-007
   114.249375000000        -2.819833680845317E-007
   114.463125000000        -2.662634459547336E-007
   114.676875000000        -2.402328015551361E-007
   114.890625000000        -2.052922794504501E-007
   115.104375000000        -1.632808466700023E-007
   115.318125000000        -1.163718563809592E-007
   115.531875000000        -6.695225381427319E-008
   115.745625000000        -1.749166773914467E-008
   115.959375000000         2.959117139323249E-008
   116.173125000000         7.205718250760016E-008
   116.386875000000         1.079637199625953E-007
   116.600625000000         1.357630357883240E-007
   116.814375000000         1.543771892004849E-007
   117.028125000000         1.632455881051034E-007
   117.241875000000         1.623429584836293E-007
   117.455625000000         1.521672502265374E-007
   117.669375000000         1.336987020036825E-007
   117.883125000000         1.083329047393944E-007
   118.096875000000         7.779213220767304E-008
   118.310625000000         4.402036960669424E-008
   118.524375000000         9.068304756406796E-009
   118.738125000000        -2.502499040236802E-008
   118.951875000000        -5.634688848611923E-008
   119.165625000000        -8.321606332340767E-008
   119.379375000000        -1.042715748814328E-007
   119.593125000000        -1.185413861934056E-007
   119.806875000000        -1.254867786807714E-007
   120.020625000000        -1.250205786651500E-007
   120.234375000000        -1.174986531021517E-007
   120.448125000000        -1.036856871721674E-007
   120.661875000000        -8.469773133041682E-008
   120.875625000000        -6.192531718369680E-008
   121.089375000000        -3.694201662447142E-008
   121.303125000000        -1.140409763962926E-008
   121.516875000000         1.305262887344419E-008
   121.730625000000         3.491259644002026E-008
   121.944375000000         5.287101103279245E-008
   122.158125000000         6.590985025585850E-008
   122.371875000000         7.335499158564473E-008
   122.585625000000         7.491130207695489E-008
   122.799375000000         7.067387300167851E-008
   123.013125000000         6.111502995992036E-008
   123.226875000000         4.704820623185782E-008
   123.440625000000         2.957114835355988E-008
   123.654375000000         9.992146660564727E-009
   123.868125000000        -1.025602208508831E-008
   124.081875000000        -2.970904606853301E-008
   124.295625000000        -4.696515164175330E-008
   124.509375000000        -6.077449791136391E-008
   124.723125000000        -7.011841424038287E-008
   124.936875000000        -7.427365404904282E-008
   125.150625000000        -7.285777966945353E-008
   125.364375000000        -6.585296627587271E-008
   125.578125000000        -5.360684655119107E-008
   125.791875000000        -3.681043065360846E-008
   126.005625000000        -1.645454242841041E-008
   126.219375000000         6.232472594102567E-009
   126.433125000000         2.986186862851052E-008
   126.646875000000         5.297164884457266E-008
   126.860625000000         7.411833254444323E-008
   127.074375000000         9.196765334055087E-008
   127.288125000000         1.053785713792729E-007
   127.501875000000         1.134753949080101E-007
   127.715625000000         1.157035353606754E-007
   127.929375000000         1.118654209819911E-007
   128.143125000000         1.021343059405344E-007
   128.356875000000         8.704506154996037E-008
   128.570625000000         6.746244231664312E-008
   128.784375000000         4.452869769636917E-008
   128.998125000000         1.959366828526183E-008
   129.211875000000        -5.868412884714262E-009
   129.425625000000        -3.035036163412423E-008
   129.639375000000        -5.240614246831414E-008
   129.853125000000        -7.074184318687344E-008
   130.066875000000        -8.429788566527414E-008
   130.280625000000        -9.231731734920734E-008
   130.494375000000        -9.439582292935492E-008
   130.708125000000        -9.051015838938951E-008
   130.921875000000        -8.102298079843753E-008
   131.135625000000        -6.666345533173155E-008
   131.349375000000        -4.848448612894103E-008
   131.563125000000        -2.779885560013197E-008
   131.776875000000        -6.097883718501182E-009
   131.990625000000         1.504264461150912E-008
   132.204375000000         3.406366022119176E-008
   132.418125000000         4.952491688450188E-008
   132.631875000000         6.020164520747160E-008
   132.845625000000         6.516955606227677E-008
   133.059375000000         6.387256089130071E-008
   133.273125000000         5.616850092795986E-008
   133.486875000000         4.234941887927535E-008
   133.700625000000         2.313440079163399E-008
   133.914375000000        -3.653193865549959E-010
   134.128125000000        -2.670756076021975E-008
   134.341875000000        -5.420356160017283E-008
   134.555625000000        -8.102080060496647E-008
   134.769375000000        -1.052982372535206E-007
   134.983125000000        -1.252669469364355E-007
   135.196875000000        -1.393685531115012E-007
   135.410625000000        -1.463637538640670E-007
   135.624375000000        -1.454236295889901E-007
   135.838125000000        -1.361972962366467E-007
   136.051875000000        -1.188507961332657E-007
   136.265625000000        -9.407382544034961E-008
   136.479375000000        -6.305288494560155E-008
   136.693125000000        -2.741158709172716E-008
   136.906875000000         1.087898067087914E-008
   137.120625000000         4.961489228574682E-008
   137.334375000000         8.649229598197635E-008
   137.548125000000         1.192504934881432E-007
   137.761875000000         1.458161861870472E-007
   137.975625000000         1.644395716825467E-007
   138.189375000000         1.738132664568426E-007
   138.403125000000         1.731659283458755E-007
   138.616875000000         1.623239112965758E-007
   138.830625000000         1.417362196222522E-007
   139.044375000000         1.124603205943388E-007
   139.258125000000         7.610887667654844E-008
   139.471875000000         3.476000877177179E-008
   139.685625000000        -9.163869943948303E-009
   139.899375000000        -5.304146775610545E-008
   140.113125000000        -9.421338488695479E-008
   140.326875000000        -1.301481945448129E-007
   140.540625000000        -1.586032715782162E-007
   140.754375000000        -1.777699708342587E-007
   140.968125000000        -1.863936027615714E-007
   141.181875000000        -1.838601330267451E-007
   141.395625000000        -1.702435570330211E-007
   141.609375000000        -1.463103436446135E-007
   141.823125000000        -1.134800508777216E-007
   142.036875000000        -7.374401686476163E-008
   142.250625000000        -2.954674155742612E-008
   142.464375000000         1.636297789069872E-008
   142.678125000000         6.110207300012380E-008
   142.891875000000         1.018338438410914E-007
   143.105625000000         1.359478630118649E-007
   143.319375000000         1.612277088088989E-007
   143.533125000000         1.759957377669451E-007
   143.746875000000         1.792254476956340E-007
   143.960625000000         1.706139400096708E-007
   144.174375000000         1.506094452124773E-007
   144.388125000000         1.203916756166406E-007
   144.601875000000         8.180573909220129E-008
   144.815625000000         3.725329874379609E-008
   145.029375000000        -1.045259262022747E-008
   145.243125000000        -5.826019447258345E-008
   145.456875000000        -1.030687062599697E-007
   145.670625000000        -1.419230465975552E-007
   145.884375000000        -1.722015841984766E-007
   146.098125000000        -1.917849657531994E-007
   146.311875000000        -1.991952849067625E-007
   146.525625000000        -1.936966242440267E-007
   146.739375000000        -1.753503689798658E-007
   146.953125000000        -1.450214891892889E-007
   147.166875000000        -1.043350407040441E-007
   147.380625000000        -5.558524979212579E-008
   147.594375000000        -1.602525196397879E-009
   147.808125000000         5.441360711334012E-008
   148.021875000000         1.090854957132242E-007
   148.235625000000         1.590606103648313E-007
   148.449375000000         2.012145830254072E-007
   148.663125000000         2.328415765102436E-007
   148.876875000000         2.518202907241580E-007
   149.090625000000         2.567454257870815E-007
   149.304375000000         2.470165664248868E-007
   149.518125000000         2.228790948766729E-007
   149.731875000000         1.854147108437747E-007
   149.945625000000         1.364822466987648E-007
   150.159375000000         7.861251620848298E-008
   150.373125000000         1.486373215478664E-008
   150.586875000000        -5.135360337579425E-008
   150.800625000000        -1.164716396469467E-007
   151.014375000000        -1.769681444106860E-007
   151.228125000000        -2.295653331513609E-007
   151.441875000000        -2.714127989040985E-007
   151.655625000000        -3.002439117279593E-007
   151.869375000000        -3.144968334201075E-007
   152.083125000000        -3.133935925626023E-007
   152.296875000000        -2.969733321528212E-007
   152.510625000000        -2.660786997872682E-007
   152.724375000000        -2.222972118975965E-007
   152.938125000000        -1.678621051138799E-007
   153.151875000000        -1.055195209947285E-007
   153.365625000000        -3.837071308177082E-008
   153.579375000000         3.030078894180261E-008
   153.793125000000         9.720653858277182E-008
   154.006875000000         1.592246311551957E-007
   154.220625000000         2.135555852101678E-007
   154.434375000000         2.578543003098456E-007
   154.648125000000         2.903315496990997E-007
   154.861875000000         3.098206106425460E-007
   155.075625000000         3.158069644798756E-007
   155.289375000000         3.084213516929394E-007
   155.503125000000         2.883986878401837E-007
   155.716875000000         2.570072927521920E-007
   155.930625000000         2.159544411908131E-007
   156.144375000000         1.672753234387371E-007
   156.358125000000         1.132130607651021E-007
   156.571875000000         5.609744360091329E-008
   156.785625000000        -1.770422795670660E-009
   156.999375000000        -5.822130794178363E-008
   157.213125000000        -1.113039064314822E-007
   157.426875000000        -1.593503025854145E-007
   157.640625000000        -2.010190557712535E-007
   157.854375000000        -2.353157664088808E-007
   158.068125000000        -2.615925204647079E-007
   158.281875000000        -2.795289296998671E-007
   158.495625000000        -2.890985046833053E-007
   158.709375000000        -2.905247620276550E-007
   158.923125000000        -2.842317493832935E-007
   159.136875000000        -2.707935734842238E-007
   159.350625000000        -2.508870677020243E-007
   159.564375000000        -2.252509902410736E-007
   159.778125000000        -1.946541759555299E-007
   159.991875000000        -1.598739610025681E-007
   160.205625000000        -1.216850542277735E-007
   160.419375000000        -8.085793623956842E-008
   160.633125000000        -3.816491359438164E-008
   160.846875000000         5.608784653596845E-009
   161.060625000000         4.965195182124782E-008
   161.274375000000         9.311564182097716E-008
   161.488125000000         1.351058084361347E-007
   161.701875000000         1.746830119409974E-007
   161.915625000000         2.108711595206575E-007
   162.129375000000         2.426763469123020E-007
   162.343125000000         2.691158457297966E-007
   162.556875000000         2.892562196239091E-007
   162.770625000000         3.022585420792180E-007
   162.984375000000         3.074278153567499E-007
   163.198125000000         3.042630299427625E-007
   163.411875000000         2.925039167922730E-007
   163.625625000000         2.721703694860235E-007
   163.839375000000         2.435907645039475E-007
   164.053125000000         2.074159735925228E-007
   164.266875000000         1.646167058278505E-007
   164.480625000000         1.164628790365590E-007
   164.694375000000         6.448492333958351E-008
   164.908125000000         1.041817447213500E-008
   165.121875000000        -4.386727278880545E-008
   165.335625000000        -9.644780148201108E-008
   165.549375000000        -1.454342852226179E-007
   165.763125000000        -1.890619768132261E-007
   165.976875000000        -2.257771092313224E-007
   166.190625000000        -2.543151229497626E-007
   166.404375000000        -2.737658449239562E-007
   166.618125000000        -2.836216586791912E-007
   166.831875000000        -2.838056694116766E-007
   167.045625000000        -2.746780142506527E-007
   167.259375000000        -2.570197168921321E-007
   167.473125000000        -2.319947550158736E-007
   167.686875000000        -2.010922182301036E-007
   167.900625000000        -1.660515122145081E-007
   168.114375000000        -1.287744528028263E-007
   168.328125000000        -9.122874972857387E-008
   168.541875000000        -5.534777907889815E-008
   168.755625000000        -2.293167906695371E-008
   168.969375000000         4.445315722191966E-009
   169.183125000000         2.551673911247425E-008
   169.396875000000         3.939094901831832E-008
   169.610625000000         4.560008448937274E-008
   169.824375000000         4.412847725789360E-008
   170.038125000000         3.541899775123660E-008
   170.251875000000         2.035678870832288E-008
   170.465625000000         2.308244465710369E-010
   170.679375000000        -2.332530085143713E-008
   170.893125000000        -4.841103530666930E-008
   171.106875000000        -7.295181930090825E-008
   171.320625000000        -9.480341960581688E-008
   171.534375000000        -1.118631306262272E-007
   171.748125000000        -1.221828664682162E-007
   171.961875000000        -1.240788890725211E-007
   172.175625000000        -1.162328449803299E-007
   172.389375000000        -9.777893778433463E-008
   172.603125000000        -6.837245992013726E-008
   172.816875000000        -2.823555172459567E-008
   173.030625000000         2.182305907881790E-008
   173.244375000000         8.041647937827667E-008
   173.458125000000         1.456170885915139E-007
   173.671875000000         2.150224299844504E-007
   173.885625000000         2.858475139439232E-007
   174.099375000000         3.550400297812974E-007
   174.313125000000         4.194136034938948E-007
   174.526875000000         4.757930698008743E-007
   174.740625000000         5.211648299083181E-007
   174.954375000000         5.528248125199873E-007
   175.168125000000         5.685163976024033E-007
   175.381875000000         5.665509305199037E-007
   175.595625000000         5.459041520831782E-007
   175.809375000000         5.062829732780207E-007
   176.023125000000         4.481584795920430E-007
   176.236875000000         3.727627813103285E-007
   176.450625000000         2.820492346625969E-007
   176.664375000000         1.786175317776376E-007
   176.878125000000         6.560707588523137E-008
   177.091875000000        -5.343619546276745E-008
   177.305625000000        -1.747129099677899E-007
   177.519375000000        -2.943355577111942E-007
   177.733125000000        -4.084976017259656E-007
   177.946875000000        -5.136378350235889E-007
   178.160625000000        -6.065917184871749E-007
   178.374375000000        -6.847221974106682E-007
   178.588125000000        -7.460236689016767E-007
   178.801875000000        -7.891942824065212E-007
   179.015625000000        -8.136735068444170E-007
   179.229375000000        -8.196437836118945E-007
   179.443125000000        -8.079969934536900E-007
   179.656875000000        -7.802682876282476E-007
   179.870625000000        -7.385414697084048E-007
   180.084375000000        -6.853314783145265E-007
   180.298125000000        -6.234505468290920E-007
   180.511875000000        -5.558652595112558E-007
   180.725625000000        -4.855519636071607E-007
   180.939375000000        -4.153578363705519E-007
   181.153125000000        -3.478743682800979E-007
   181.366875000000        -2.853291519916713E-007
   181.580625000000        -2.295007189815075E-007
   181.794375000000        -1.816598122162871E-007
   182.008125000000        -1.425390006714291E-007
   182.221875000000        -1.123310104741512E-007
   182.435625000000        -9.071464754049190E-008
   182.649375000000        -7.690579319887116E-008
   182.863125000000        -6.972973539709875E-008
   183.076875000000        -6.771011145364194E-008
   183.290625000000        -6.916902926880622E-008
   183.504375000000        -7.233253352834738E-008
   183.718125000000        -7.543550718477224E-008
   183.931875000000        -7.682034545895379E-008
   184.145625000000        -7.502429221163181E-008
   184.359375000000        -6.885115306189189E-008
   184.573125000000        -5.742414738917448E-008
   184.786875000000        -4.021787073194227E-008
   185.000625000000        -1.706863843243527E-008
   185.214375000000         1.183620733191223E-008
   185.428125000000         4.598820170782757E-008
   185.641875000000         8.460394887070458E-008
   185.855625000000         1.266837935212754E-007
   186.069375000000         1.710785505773327E-007
   186.283125000000         2.165595667622593E-007
   186.496875000000         2.618874104439118E-007
   186.710625000000         3.058748315560463E-007
   186.924375000000         3.474402740229579E-007
   187.138125000000         3.856491092315898E-007
   187.351875000000         4.197408224592230E-007
   187.565625000000         4.491415425425327E-007
   187.779375000000         4.734624684531797E-007
   187.993125000000         4.924858240469966E-007
   188.206875000000         5.061408798756506E-007
   188.420625000000         5.144732479890055E-007
   188.634375000000         5.176110311736046E-007
   188.848125000000         5.157314653278783E-007
   189.061875000000         5.090314326672360E-007
   189.275625000000         4.977046711775850E-007
   189.489375000000         4.819277140774629E-007
   189.703125000000         4.618556344410840E-007
   189.916875000000         4.376276313345814E-007
   190.130625000000         4.093814683394913E-007
   190.344375000000         3.772748552078385E-007
   190.558125000000         3.415111309810334E-007
   190.771875000000         3.023661275792960E-007
   190.985625000000         2.602129091651327E-007
   191.199375000000         2.155412104271165E-007
   191.413125000000         1.689688242626931E-007
   191.626875000000         1.212428772991933E-007
   191.840625000000         7.322981820990684E-008
   192.054375000000         2.589394927580701E-008
   192.268125000000        -1.973463373632204E-008
   192.481875000000        -6.260085655798727E-008
   192.695625000000        -1.016715764540186E-007
   192.909375000000        -1.359853254550467E-007
   193.123125000000        -1.647012960389292E-007
   193.336875000000        -1.871439505827913E-007
   193.550625000000        -2.028399102415643E-007
   193.764375000000        -2.115443305566616E-007
   193.978125000000        -2.132547514695325E-007
   194.191875000000        -2.082113509408311E-007
   194.405625000000        -1.968835537521316E-007
   194.619375000000        -1.799439644773598E-007
   194.833125000000        -1.582315222558836E-007
   195.046875000000        -1.327065402483798E-007
   195.260625000000        -1.044008352024512E-007
   195.474375000000        -7.436643304767009E-008
   195.688125000000        -4.362633825584909E-008
   195.901875000000        -1.313058466297058E-008
   196.115625000000         1.627972748711877E-008
   196.329375000000         4.389841139941933E-008
   196.543125000000         6.916903412216705E-008
   196.756875000000         9.168836323507036E-008
   196.970625000000         1.111990557084193E-007
   197.184375000000         1.275730328413087E-007
   197.398125000000         1.407876500685114E-007
   197.611875000000         1.508972446495926E-007
   197.825625000000         1.580028970650229E-007
   198.039375000000         1.622232610402208E-007
   198.253125000000         1.636691087813410E-007
   198.466875000000         1.624238257679275E-007
   198.680625000000         1.585315114872410E-007
   198.894375000000         1.519936480463578E-007
   199.108125000000         1.427745437333538E-007
   199.321875000000         1.308150017444124E-007
   199.535625000000         1.160529618480282E-007
   199.749375000000         9.844926512998797E-008
   199.963125000000         7.801624029099242E-008
   200.176875000000         5.484653370352996E-008
   200.390625000000         2.913952088915263E-008
   200.604375000000         1.222746962533184E-009
   200.818125000000        -2.843386251193847E-008
   201.031875000000        -5.921282314064287E-008
   201.245625000000        -9.035416337319193E-008
   201.459375000000        -1.209712883581868E-007
   201.673125000000        -1.500774567151667E-007
   201.886875000000        -1.766219695628368E-007
   202.100625000000        -1.995344946939169E-007
   202.314375000000        -2.177753586102369E-007
   202.528125000000        -2.303891706911307E-007
   202.741875000000        -2.365588248456147E-007
   202.955625000000        -2.356567733787109E-007
   203.169375000000        -2.272904944955404E-007
   203.383125000000        -2.113392778943445E-007
   203.596875000000        -1.879798216085793E-007
   203.810625000000        -1.576986481470681E-007
   204.024375000000        -1.212899819620350E-007
   204.238125000000        -7.983845029326305E-008
   204.451875000000        -3.468673835305368E-008
   204.665625000000         1.261089156994193E-008
   204.879375000000         6.034755841165497E-008
   205.093125000000         1.067328570450846E-007
   205.306875000000         1.499691664407719E-007
   205.520625000000         1.883317950864582E-007
   205.734375000000         2.202492851270404E-007
   205.948125000000         2.443800603453869E-007
   206.161875000000         2.596816405872041E-007
   206.375625000000         2.654688570496025E-007
   206.589375000000         2.614578825213014E-007
   206.803125000000         2.477934252402064E-007
   207.016875000000         2.250571057683972E-007
   207.230625000000         1.942558193238266E-007
   207.444375000000         1.567897531043291E-007
   207.658125000000         1.144006473167208E-007
   207.871875000000         6.910182482044162E-008
   208.085625000000         2.309243001466809E-008
   208.299375000000        -2.134082635427534E-008
   208.513125000000        -6.193036340898065E-008
   208.726875000000        -9.653819725765780E-008
   208.940625000000        -1.232650689637913E-007
   209.154375000000        -1.405528947359233E-007
   209.368125000000        -1.472752108919604E-007
   209.581875000000        -1.428105574155209E-007
   209.795625000000        -1.270942849912763E-007
   210.009375000000        -1.006450781414599E-007
   210.223125000000        -6.456354357394712E-008
   210.436875000000        -2.050148419644800E-008
   210.650625000000         2.939808469560119E-008
   210.864375000000         8.258858526715094E-008
   211.078125000000         1.362320453027969E-007
   211.291875000000         1.873311484499529E-007
   211.505625000000         2.328752019825589E-007
   211.719375000000         2.699929808611220E-007
   211.933125000000         2.961046656174355E-007
   212.146875000000         3.090647550077727E-007
   212.360625000000         3.072879508691754E-007
   212.574375000000         2.898506043706666E-007
   212.788125000000         2.565613719859987E-007
   213.001875000000         2.079962161955123E-007
   213.215625000000         1.454947288690493E-007
   213.429375000000         7.111685474545852E-008
   213.643125000000        -1.243867435117846E-008
   213.856875000000        -1.019506550793278E-007
   214.070625000000        -1.938208582230452E-007
   214.284375000000        -2.842411930561329E-007
   214.498125000000        -3.693738012066055E-007
   214.711875000000        -4.455344272558188E-007
   214.925625000000        -5.093691316277972E-007
   215.139375000000        -5.580147399979856E-007
   215.353125000000        -5.892343487214636E-007
   215.566875000000        -6.015206717251002E-007
   215.780625000000        -5.941619262467775E-007
   215.994375000000        -5.672671858517508E-007
   216.208125000000        -5.217505294404042E-007
   216.421875000000        -4.592757227828669E-007
   216.635625000000        -3.821654231222734E-007
   216.849375000000        -2.932808487848527E-007
   217.063125000000        -1.958793794731014E-007
   217.276875000000        -9.345855694563086E-008
   217.490625000000         1.040461242553697E-008
   217.704375000000         1.122103019084406E-007
   217.918125000000         2.086804034475014E-007
   218.131875000000         2.968840860339090E-007
   218.345625000000         3.743390477691341E-007
   218.559375000000         4.390849318284727E-007
   218.773125000000         4.897272788273687E-007
   218.986875000000         5.254522562248796E-007
   219.200625000000         5.460141087928134E-007
   219.414375000000         5.516987021137859E-007
   219.628125000000         5.432676004763600E-007
   219.841875000000         5.218877812035619E-007
   220.055625000000         4.890523243286194E-007
   220.269375000000         4.464972490403950E-007
   220.483125000000         3.961191468942476E-007
   220.696875000000         3.398974620362618E-007
   220.910625000000         2.798242838128546E-007
   221.124375000000         2.178434492373540E-007
   221.338125000000         1.557997038823201E-007
   221.551875000000         9.539773322992630E-008
   221.765625000000         3.817012956393759E-008
   221.979375000000        -1.454714268799807E-008
   222.193125000000        -6.163344838104900E-008
   222.406875000000        -1.021979674447760E-007
   222.620625000000        -1.355912845028786E-007
   222.834375000000        -1.614149025419110E-007
   223.048125000000        -1.795288693392820E-007
   223.261875000000        -1.900570236091785E-007
   223.475625000000        -1.933887237084266E-007
   223.689375000000        -1.901754010990272E-007
   223.903125000000        -1.813199595290325E-007
   224.116875000000        -1.679569778685017E-007
   224.330625000000        -1.514219053082620E-007
   224.544375000000        -1.332079701898952E-007
   224.758125000000        -1.149103362134605E-007
   224.971875000000        -9.815808057124741E-008
   225.185625000000        -8.453575906166875E-008
   225.399375000000        -7.549756301877250E-008
   225.613125000000        -7.227824719826393E-008
   225.826875000000        -7.580599681561760E-008
   226.040625000000        -8.662309139982088E-008
   226.254375000000        -1.048205149101734E-007
   226.468125000000        -1.299924840190145E-007
   226.681875000000        -1.612161830497323E-007
   226.895625000000        -1.970608095271063E-007
   227.109375000000        -2.356283976205755E-007
   227.323125000000        -2.746268903043691E-007
   227.536875000000        -3.114737057388169E-007
   227.750625000000        -3.434257499801335E-007
   227.964375000000        -3.677296453013705E-007
   228.178125000000        -3.817840532392882E-007
   228.391875000000        -3.833045438297655E-007
   228.605625000000        -3.704806394969533E-007
   228.819375000000        -3.421145442805662E-007
   229.033125000000        -2.977317046702034E-007
   229.246875000000        -2.376547263742055E-007
   229.460625000000        -1.630342203303928E-007
   229.674375000000        -7.583274270930209E-008
   229.888125000000         2.123904881870066E-008
   230.101875000000         1.248317874888193E-007
   230.315625000000         2.311070636961469E-007
   230.529375000000         3.359193505423551E-007
   230.743125000000         4.350199411170316E-007
   230.956875000000         5.242710927079535E-007
   231.170625000000         5.998578088158272E-007
   231.384375000000         6.584847741663465E-007
   231.598125000000         6.975468809067127E-007
   231.811875000000         7.152634717903299E-007
   232.025625000000         7.107687473567008E-007
   232.239375000000         6.841535627904183E-007
   232.453125000000         6.364568705745302E-007
   232.666875000000         5.696081294302410E-007
   232.880625000000         4.863248863394076E-007
   233.094375000000         3.899722570318622E-007
   233.308125000000         2.843930277447229E-007
   233.521875000000         1.737184700516064E-007
   233.735625000000         6.217064541647415E-008
   233.949375000000        -4.613302659797202E-008
   234.163125000000        -1.473628078291143E-007
   234.376875000000        -2.381383619821861E-007
   234.590625000000        -3.156618711871306E-007
   234.804375000000        -3.778172100086601E-007
   235.018125000000        -4.232319464412273E-007
   235.231875000000        -4.513010713347458E-007
   235.445625000000        -4.621733888311182E-007
   235.659375000000        -4.567033268008020E-007
   235.873125000000        -4.363724687877477E-007
   236.086875000000        -4.031863147107121E-007
   236.300625000000        -3.595526190334941E-007
   236.514375000000        -3.081481274804059E-007
   236.728125000000        -2.517806505666571E-007
   236.941875000000        -1.932532025124549E-007
   237.155625000000        -1.352364358239092E-007
   237.369375000000        -8.015485956307077E-008
   237.583125000000        -3.009139113740336E-008
   237.796875000000         1.328629313595687E-008
   238.010625000000         4.877532441727302E-008
   238.224375000000         7.566206786427521E-008
   238.438125000000         9.372157671422728E-008
   238.651875000000         1.031934132311425E-007
   238.865625000000         1.047362473148705E-007
   239.079375000000         9.936456904091037E-008
   239.293125000000         8.837158940424299E-008
   239.506875000000         7.324291919278961E-008
   239.720625000000         5.556588357117026E-008
   239.934375000000         3.693933585262171E-008
   240.148125000000         1.888857842461982E-008
   240.361875000000         2.789497748429196E-009
   240.575625000000        -1.019469455840114E-008
   240.789375000000        -1.916160496717792E-008
   241.003125000000        -2.350116743647310E-008
   241.216875000000        -2.291003441051595E-008
   241.430625000000        -1.738937055838341E-008
   241.644375000000        -7.227480270914816E-009
   241.858125000000         7.030545963355104E-009
   242.071875000000         2.462342963014270E-008
   242.285625000000         4.462149042568823E-008
   242.499375000000         6.597848600000447E-008
   242.713125000000         8.758452175762138E-008
   242.926875000000         1.083173966140862E-007
   243.140625000000         1.270902500031936E-007
   243.354375000000         1.428939649829595E-007
   243.568125000000         1.548333964152628E-007
   243.781875000000         1.621570673934549E-007
   243.995625000000         1.642804546706795E-007
   244.209375000000         1.608033218892470E-007
   244.423125000000         1.515217333563499E-007
   244.636875000000         1.364353873271044E-007
   244.850625000000         1.157507638878078E-007
   245.064375000000         8.988032544640571E-008
   245.278125000000         5.943768934843851E-008
   245.491875000000         2.522837293838086E-008
   245.705625000000        -1.176454619557905E-008
   245.919375000000        -5.040065170607058E-008
   246.133125000000        -8.940906720729025E-008
   246.346875000000        -1.274225612268473E-007
   246.560625000000        -1.630190546783436E-007
   246.774375000000        -1.947701514739788E-007
   246.988125000000        -2.212956403952455E-007
   247.201875000000        -2.413221919326444E-007
   247.415625000000        -2.537437747469445E-007
   247.629375000000        -2.576807241405721E-007
   247.843125000000        -2.525339861292346E-007
   248.056875000000        -2.380308984697345E-007
   248.270625000000        -2.142589962297398E-007
   248.484375000000        -1.816847593122626E-007
   248.698125000000        -1.411549383208554E-007
   248.911875000000        -9.387905956062646E-008
   249.125625000000        -4.139285034200701E-008
   249.339375000000         1.449644680003032E-008
   249.553125000000         7.178068759820699E-008
   249.766875000000         1.283340826319500E-007
   249.980625000000         1.820049165112479E-007
   250.194375000000         2.307109325905346E-007
   250.408125000000         2.725332975293250E-007
   250.621875000000         3.058041185542244E-007
   250.835625000000         3.291828803532528E-007
   251.049375000000         3.417178578694596E-007
   251.263125000000         3.428894819892276E-007
   251.476875000000         3.326337072184815E-007
   251.690625000000         3.113445665833100E-007
   251.904375000000         2.798562137304749E-007
   252.118125000000         2.394057703767719E-007
   252.331875000000         1.915791606392868E-007
   252.545625000000         1.382427852395521E-007
   252.759375000000         8.146435333944089E-008
   252.973125000000         2.342645378554904E-008
   253.186875000000        -3.366346666468373E-008
   253.400625000000        -8.766310984687579E-008
   253.614375000000        -1.365818765606393E-007
   253.828125000000        -1.786607613998763E-007
   254.041875000000        -2.124426822990782E-007
   254.255625000000        -2.368306588605475E-007
   254.469375000000        -2.511316101587455E-007
   254.683125000000        -2.550839419764586E-007
   254.896875000000        -2.488675522913608E-007
   255.110625000000        -2.330954208273187E-007
   255.324375000000        -2.087865772891543E-007
   255.538125000000        -1.773209662391054E-007
   255.751875000000        -1.403775314736987E-007
   255.965625000000        -9.985769802896668E-008
   256.179375000000        -5.779728646802707E-008
   256.393125000000        -1.627068815948703E-008
   256.606875000000         2.270821046623851E-008
   256.820625000000         5.728341495553747E-008
   257.034375000000         8.584740129336162E-008
   257.248125000000         1.071199037213785E-007
   257.461875000000         1.202104066752173E-007
   257.675625000000         1.246606422427610E-007
   257.889375000000         1.204644898464752E-007
   258.103125000000         1.080639878801427E-007
   258.316875000000         8.832160289411527E-008
   258.530625000000         6.247035070823509E-008
   258.744375000000         3.204471161775499E-008
   258.958125000000        -1.203577508442255E-009
   259.171875000000        -3.539992525863141E-008
   259.385625000000        -6.864606058151173E-008
   259.599375000000        -9.911844674333899E-008
   259.813125000000        -1.251606580203430E-007
   260.026875000000        -1.453650275798588E-007
   260.240625000000        -1.586397172976338E-007
   260.454375000000        -1.642583725265365E-007
   260.668125000000        -1.618906126626405E-007
   260.881875000000        -1.516126817129002E-007
   261.095625000000        -1.338985663299670E-007
   261.309375000000        -1.095927282644386E-007
   261.523125000000        -7.986626620977056E-008
   261.736875000000        -4.615881700975522E-008
   261.950625000000        -1.010884896958055E-008
   262.164375000000         2.652477319750454E-008
   262.378125000000         6.194691880753503E-008
   262.591875000000         9.441286463817836E-008
   262.805625000000         1.223142465265222E-007
   263.019375000000         1.442609106303148E-007
   263.233125000000         1.591551849014206E-007
   263.446875000000         1.662550384958630E-007
   263.660625000000         1.652226442426767E-007
   263.874375000000         1.561550674505787E-007
   264.088125000000         1.395942315450599E-007
   264.301875000000         1.165140017402444E-007
   264.515625000000         8.828320186559970E-008
   264.729375000000         5.660462310013692E-008
   264.943125000000         2.343154539327012E-008
   265.156875000000        -9.135116226922144E-009
   265.370625000000        -3.896432880346077E-008
   265.584375000000        -6.402094647912536E-008
   265.798125000000        -8.249285111141624E-008
   266.011875000000        -9.291113001655486E-008
   266.225625000000        -9.425499477034920E-008
   266.439375000000        -8.603357312024730E-008
   266.653125000000        -6.833778428904033E-008
   266.866875000000        -4.185720081518101E-008
   267.080625000000        -7.859011419688022E-009
   267.294375000000         3.187122205177920E-008
   267.508125000000         7.512456946617185E-008
   267.721875000000         1.193943525723018E-007
   267.935625000000         1.620248084100145E-007
   268.149375000000         2.003732878140463E-007
   268.363125000000         2.319752118619540E-007
   268.576875000000         2.547005316486063E-007
   268.790625000000         2.668908097719431E-007
   269.004375000000         2.674672523498314E-007
   269.218125000000         2.560019836967127E-007
   269.431875000000         2.327474230924361E-007
   269.645625000000         1.986215943634795E-007
   269.859375000000         1.551503409225144E-007
   270.073125000000         1.043704853809757E-007
   270.286875000000         4.870072635364535E-008
   270.500625000000        -9.210703272680867E-009
   270.714375000000        -6.665104590107122E-008
   270.928125000000        -1.210093702330059E-007
   271.141875000000        -1.699330133080790E-007
   271.355625000000        -2.114637460572100E-007
   271.569375000000        -2.441448989767180E-007
   271.783125000000        -2.670928726570194E-007
   271.996875000000        -2.800290544122109E-007
   272.210625000000        -2.832709685500266E-007
   272.424375000000        -2.776842984788252E-007
   272.638125000000        -2.646000371883055E-007
   272.851875000000        -2.457032744249040E-007
   273.065625000000        -2.229018732764406E-007
   273.279375000000        -1.981844261248970E-007
   273.493125000000        -1.734773555062364E-007
   273.706875000000        -1.505108308408102E-007
   273.920625000000        -1.307023425596361E-007
   274.134375000000        -1.150653851761459E-007
   274.348125000000        -1.041488570438679E-007
   274.561875000000        -9.801061802235470E-008
   274.775625000000        -9.622630388010149E-008
   274.989375000000        -9.793213153523420E-008
   275.203125000000        -1.018981935080996E-007
   275.416875000000        -1.066267738506378E-007
   275.630625000000        -1.104686433758731E-007
   275.844375000000        -1.117492057925367E-007
   276.058125000000        -1.088958336943202E-007
   276.271875000000        -1.005577841642022E-007
   276.485625000000        -8.571071010272636E-008
   276.699375000000        -6.373893925642536E-008
   276.913125000000        -3.449029632085383E-008
   277.126875000000         1.699818911594298E-009
   277.340625000000         4.401625019107225E-008
   277.554375000000         9.120277486224447E-008
   277.768125000000         1.416285744047035E-007
   277.981875000000         1.933775905365270E-007
   278.195625000000         2.443544588011221E-007
   278.409375000000         2.923997882077402E-007
   278.623125000000         3.354071819512448E-007
   278.836875000000         3.714345859916634E-007
   279.050625000000         3.988032785508237E-007
   279.264375000000         4.161789997171070E-007
   279.478125000000         4.226312542851738E-007
   279.691875000000         4.176685633958571E-007
   279.905625000000         4.012492378398215E-007
   280.119375000000         3.737689444952488E-007
   280.333125000000         3.360277983573235E-007
   280.546875000000         2.891808247962373E-007
   280.760625000000         2.346763269054604E-007
   280.974375000000         1.741869323276656E-007
   281.188125000000         1.095379001149571E-007
   281.401875000000         4.263670122087419E-008
   281.615625000000        -2.459295852111724E-008
   281.829375000000        -9.027050762650386E-008
   282.043125000000        -1.526101387708402E-007
   282.256875000000        -2.099645078059527E-007
   282.470625000000        -2.608610529625979E-007
   282.684375000000        -3.040319559340716E-007
   282.898125000000        -3.384389303970930E-007
   283.111875000000        -3.632938870964765E-007
   283.325625000000        -3.780761344315896E-007
   283.539375000000        -3.825462094816634E-007
   283.753125000000        -3.767557994085053E-007
   283.966875000000        -3.610526195903798E-007
   284.180625000000        -3.360786702813297E-007
   284.394375000000        -3.027600870514712E-007
   284.608125000000        -2.622868905529717E-007
   284.821875000000        -2.160813489521417E-007
   285.035625000000        -1.657543708618677E-007
   285.249375000000        -1.130502871379740E-007
   285.463125000000        -5.978146239455514E-008
   285.676875000000        -7.755284553726235E-009
   285.890625000000         4.130291342498813E-008
   286.104375000000         8.582666293090408E-008
   286.318125000000         1.244801067685147E-007
   286.531875000000         1.562198310017518E-007
   286.745625000000         1.803422982140814E-007
   286.959375000000         1.965131852691645E-007
   287.173125000000         2.047760767870625E-007
   287.386875000000         2.055393824655375E-007
   287.600625000000         1.995419109959301E-007
   287.814375000000         1.877991088183374E-007
   288.028125000000         1.715334196543826E-007
   288.241875000000         1.520934139511671E-007
   288.455625000000         1.308671735868172E-007
   288.669375000000         1.091958275321940E-007
   288.883125000000         8.829308893068445E-008
   289.096875000000         6.917615415045812E-008
   289.310625000000         5.261243857644813E-008
   289.524375000000         3.908542262253441E-008
   289.738125000000         2.878146763605704E-008
   289.951875000000         2.159795008290785E-008
   290.165625000000         1.717156993665698E-008
   290.379375000000         1.492432314544182E-008
   290.593125000000         1.412347920062615E-008
   290.806875000000         1.395104152355525E-008
   291.020625000000         1.357763364472298E-008
   291.234375000000         1.223556546825931E-008
   291.448125000000         9.285985305350580E-009
   291.661875000000         4.275488998094193E-009
   291.875625000000        -3.021703813462431E-009
   292.089375000000        -1.257893626957914E-008
   292.303125000000        -2.411147097558850E-008
   292.516875000000        -3.709060039331397E-008
   292.730625000000        -5.077683297107869E-008
   292.944375000000        -6.427024051564477E-008
   293.158125000000        -7.657490299618903E-008
   293.371875000000        -8.667338568050928E-008
   293.585625000000        -9.360638868870001E-008
   293.799375000000        -9.655217499957135E-008
   294.013125000000        -9.490015693676536E-008
   294.226875000000        -8.831313957104021E-008
   294.440625000000        -7.677320315961655E-008
   294.654375000000        -6.060705624337191E-008
   294.868125000000        -4.048788232980420E-008
   295.081875000000        -1.741218482601371E-008
   295.295625000000         7.348172322868733E-009
   295.509375000000         3.231673217365163E-008
   295.723125000000         5.590224553821231E-008
   295.936875000000         7.650210875622093E-008
   296.150625000000         9.261271769431835E-008
   296.364375000000         1.029391168270277E-007
   296.578125000000         1.064959493655004E-007
   296.791875000000         1.026919357605383E-007
   297.005625000000         9.139094431164614E-008
   297.219375000000         7.294413805706291E-008
   297.433125000000         4.818960272846045E-008
   297.646875000000         1.841814876490340E-008
   297.860625000000        -1.469353569937998E-008
   298.074375000000        -4.917872165818694E-008
   298.288125000000        -8.289953153666578E-008
   298.501875000000        -1.136810796343939E-007
   298.715625000000        -1.394517481170025E-007
   298.929375000000        -1.583798684511555E-007
   299.143125000000        -1.689972103168236E-007
   299.356875000000        -1.703005587374730E-007
   299.570625000000        -1.618242167132348E-007
   299.784375000000        -1.436783765113802E-007
   299.998125000000        -1.165507815035288E-007
   300.211875000000        -8.167174427996037E-008
   300.425625000000        -4.074517639610452E-008
   300.639375000000         4.149389605722659E-009
   300.853125000000         5.067692560985453E-008
   301.066875000000         9.638102256850495E-008
   301.280625000000         1.388231993371705E-007
   301.494375000000         1.757186521154483E-007
   301.708125000000         2.050603666507980E-007
   301.921875000000         2.252247275591036E-007
   302.135625000000         2.350533685700338E-007
   302.349375000000         2.339078499618441E-007
   302.563125000000         2.216956536913311E-007
   302.776875000000         1.988677924174438E-007
   302.990625000000         1.663899019103270E-007
   303.204375000000         1.256899315478140E-007
   303.418125000000         7.858641381255919E-008
   303.631875000000         2.720177575492668E-008
   303.845625000000        -2.613471058362708E-008
   304.059375000000        -7.898988746516545E-008
   304.273125000000        -1.289314664391712E-007
   304.486875000000        -1.736309000725359E-007
   304.700625000000        -2.109611385682866E-007
   304.914375000000        -2.390864325147600E-007
   305.128125000000        -2.565416442373484E-007
   305.341875000000        -2.622987336680615E-007
   305.555625000000        -2.558182153582060E-007
   305.769375000000        -2.370834916758949E-007
   305.983125000000        -2.066161198145556E-007
   306.196875000000        -1.654703376476252E-007
   306.410625000000        -1.152056178750241E-007
   306.624375000000        -5.783668320564123E-008
   306.838125000000         4.238690217410067E-009
   307.051875000000         6.833265121552866E-008
   307.265625000000         1.315783519161659E-007
   307.479375000000         1.910551342979414E-007
   307.693125000000         2.439225806701390E-007
   307.906875000000         2.875571158557663E-007
   308.120625000000         3.196840905771649E-007
   308.334375000000         3.384979352890257E-007
   308.548125000000         3.427631294755459E-007
   308.761875000000         3.318894202019862E-007
   308.975625000000         3.059759347823607E-007
   309.189375000000         2.658205057096174E-007
   309.403125000000         2.128925555410724E-007
   309.616875000000         1.492701318539759E-007
   309.830625000000         7.754396937282975E-008
   310.044375000000         6.936099622208160E-010
   310.258125000000        -7.805753977384649E-008
   310.471875000000        -1.553999374677115E-007
   310.685625000000        -2.280993135763875E-007
   310.899375000000        -2.931524517363172E-007
   311.113125000000        -3.479284754867629E-007
   311.326875000000        -3.902878219813523E-007
   311.540625000000        -4.186726446966115E-007
   311.754375000000        -4.321643360987872E-007
   311.968125000000        -4.305060425554330E-007
   312.181875000000        -4.140902892073588E-007
   312.395625000000        -3.839139756095204E-007
   312.609375000000        -3.415048931140373E-007
   312.823125000000        -2.888254292851748E-007
   313.036875000000        -2.281601764768283E-007
   313.250625000000        -1.619947055110174E-007
   313.464375000000        -9.289279745906293E-008
   313.678125000000        -2.337898196919586E-008
   313.891875000000         4.416762279826678E-008
   314.105625000000         1.076033437433106E-007
   314.319375000000         1.650904153864597E-007
   314.533125000000         2.151459060975407E-007
   314.746875000000         2.566686136284402E-007
   314.960625000000         2.889448029445449E-007
   315.174375000000         3.116348449024662E-007
   315.388125000000         3.247437601628900E-007
   315.601875000000         3.285793422910373E-007
   315.815625000000         3.237019112757636E-007
   316.029375000000         3.108698361552042E-007
   316.243125000000         2.909847811645695E-007
   316.456875000000         2.650402044604533E-007
   316.670625000000         2.340760123300000E-007
   316.884375000000         1.991414923806957E-007
   317.098125000000         1.612677692988522E-007
   317.311875000000         1.214501028211442E-007
   317.525625000000         8.063943828572188E-008
   317.739375000000         3.974178483428102E-008
   317.953125000000        -3.767071510038821E-010
   318.166875000000        -3.888161593247260E-008
   318.380625000000        -7.496199924004660E-008
   318.594375000000        -1.078249817755996E-007
   318.808125000000        -1.366958746438699E-007
   319.021875000000        -1.608259812211249E-007
   319.235625000000        -1.795094484113336E-007
   319.449375000000        -1.921095215601131E-007
   319.663125000000        -1.980934285788796E-007
   319.876875000000        -1.970739470324938E-007
   320.090625000000        -1.888546037499947E-007
   320.304375000000        -1.734745318369133E-007
   320.518125000000        -1.512483716580782E-007
   320.731875000000        -1.227963411461182E-007
   320.945625000000        -8.905978051820191E-008
   321.159375000000        -5.129812496154190E-008
   321.373125000000        -1.106436150106288E-008
   321.586875000000         2.984247642098148E-008
   321.800625000000         6.944743369862569E-008
   322.014375000000         1.056900922206775E-007
   322.228125000000         1.365311472136417E-007
   322.441875000000         1.600691420375762E-007
   322.655625000000         1.746600179750311E-007
   322.869375000000         1.790312590193744E-007
   323.083125000000         1.723821538884506E-007
   323.296875000000         1.544621188980726E-007
   323.510625000000         1.256201274444843E-007
   323.724375000000         8.682001451500738E-008
   323.938125000000         3.961864935618732E-008
   324.151875000000        -1.389347148517630E-008
   324.365625000000        -7.118696753716725E-008
   324.579375000000        -1.294188072325107E-007
   324.793125000000        -1.855808824771916E-007
   325.006875000000        -2.366629718059769E-007
   325.220625000000        -2.798199798435727E-007
   325.434375000000        -3.125329236860750E-007
   325.648125000000        -3.327534936466029E-007
   325.861875000000        -3.390231123777511E-007
   326.075625000000        -3.305591565246812E-007
   326.289375000000        -3.073032406688911E-007
   326.503125000000        -2.699290091512098E-007
   326.716875000000        -2.198095329623345E-007
   326.930625000000        -1.589469617284082E-007
   327.144375000000        -8.986934859824393E-008
   327.358125000000        -1.550139612658929E-008
   327.571875000000         6.098284304495704E-008
   327.785625000000         1.363165912022377E-007
   327.999375000000         2.072974939834622E-007
   328.213125000000         2.709369649098795E-007
   328.426875000000         3.245943469608937E-007
   328.640625000000         3.660898216703976E-007
   328.854375000000         3.937915409617492E-007
   329.068125000000         4.066741098925819E-007
   329.281875000000         4.043471933624960E-007
   329.495625000000         3.870545598709883E-007
   329.709375000000         3.556452386183766E-007
   329.923125000000         3.115196069929711E-007
   330.136875000000         2.565541226475000E-007
   330.350625000000         1.930090667545542E-007
   330.564375000000         1.234240852459656E-007
   330.778125000000         5.050652266765432E-008
   330.991875000000        -2.298244021118860E-008
   331.205625000000        -9.433899059907362E-008
   331.419375000000        -1.610206920371608E-007
   331.633125000000        -2.207392275479877E-007
   331.846875000000        -2.715384215108861E-007
   332.060625000000        -3.118548339870362E-007
   332.274375000000        -3.405590924276357E-007
   332.488125000000        -3.569770925697109E-007
   332.701875000000        -3.608912237662872E-007
   332.915625000000        -3.525228011979902E-007
   333.129375000000        -3.324978541155131E-007
   333.343125000000        -3.017992547086764E-007
   333.556875000000        -2.617088062880690E-007
   333.770625000000        -2.137432812556187E-007
   333.984375000000        -1.595884657408601E-007
   334.198125000000        -1.010350111590576E-007
   334.411875000000        -3.991932640820572E-008
   334.625625000000         2.192808624510614E-008
   334.839375000000         8.272546683721816E-008
   335.053125000000         1.407735249122936E-007
   335.266875000000         1.944808531113150E-007
   335.480625000000         2.423827478755038E-007
   335.694375000000         2.831558264085672E-007
   335.908125000000         3.156311553760682E-007
   336.121875000000         3.388085415140205E-007
   336.335625000000         3.518741705977499E-007
   336.549375000000         3.542229582237126E-007
   336.763125000000         3.454858765688636E-007
   336.976875000000         3.255612653050836E-007
   337.190625000000         2.946478665588221E-007
   337.404375000000         2.532761973007929E-007
   337.618125000000         2.023340347654524E-007
   337.831875000000         1.430813645814831E-007
   338.045625000000         7.715021202018235E-008
   338.259375000000         6.525379740117096E-009
   338.473125000000        -6.649676872100306E-008
   338.686875000000        -1.393727859769601E-007
   338.900625000000        -2.093993149264467E-007
   339.114375000000        -2.738203730621917E-007
   339.328125000000        -3.299501668520262E-007
   339.541875000000        -3.753050823974533E-007
   339.755625000000        -4.077371201096280E-007
   339.969375000000        -4.255602030400109E-007
   340.183125000000        -4.276605910940513E-007
