  -1.60312500000000         2.203691947394186E-020
  -1.38937500000000         6.471083037459147E-019
  -1.17562500000000         5.018586130830715E-018
 -0.961875000000000         2.535372628382873E-017
 -0.748125000000000         1.005254997502062E-016
 -0.534375000000000         3.294657123777688E-016
 -0.320625000000000         9.044967005706137E-016
 -0.106875000000000         2.071213780930741E-015
  0.106875000000000         3.863599620056988E-015
  0.320625000000000         5.407505331837413E-015
  0.534375000000000         3.637338194105294E-015
  0.748125000000000        -8.581457814669565E-015
  0.961875000000000        -4.476284863467714E-014
   1.17562500000000        -1.272698340074829E-013
   1.38937500000000        -2.896179741958270E-013
   1.60312500000000        -5.783682648449949E-013
   1.81687500000000        -1.054220294074532E-012
   2.03062500000000        -1.792047659092978E-012
   2.24437500000000        -2.879582370716565E-012
   2.45812500000000        -4.414657950448425E-012
   2.67187500000000        -6.500836029688551E-012
   2.88562500000000        -9.241944800853062E-012
   3.09937500000000        -1.273552850766108E-011
   3.31312500000000        -1.706600013104291E-011
   3.52687500000000        -2.229841284485519E-011
   3.74062500000000        -2.847296212492511E-011
   3.95437500000000        -3.560137883213927E-011
   4.16812500000000        -4.366541944911536E-011
   4.38187500000000        -5.261784362944845E-011
   4.59562500000000        -6.238550481687357E-011
   4.80937500000000        -7.287428526055471E-011
   5.02312500000000        -8.397556562408998E-011
   5.23687500000000        -9.557313393502289E-011
   5.45062500000000        -1.075500351950253E-010
   5.66437500000000        -1.197943983215835E-010
   5.87812500000000        -1.322042511682367E-010
   6.09187500000000        -1.446908195887806E-010
   6.30562500000000        -1.571801573333200E-010
   6.51937500000000        -1.696141012908936E-010
   6.73312500000000        -1.819500824037070E-010
   6.94687500000000        -1.941606609867284E-010
   7.16062500000000        -2.062328372267236E-010
   7.37437500000000        -2.181675371426084E-010
   7.58812500000000        -2.299790660718853E-010
   7.80187500000000        -2.416939489801358E-010
   8.01562500000000        -2.533491264159253E-010
   8.22937500000000        -2.649890058238837E-010
   8.44312500000000        -2.766612073588856E-010
   8.65687500000000        -2.884109670548810E-010
   8.87062500000000        -3.002749602416500E-010
   9.08437500000000        -3.122745613985068E-010
   9.29812500000000        -3.244098520830429E-010
   9.51187500000000        -3.366555355092689E-010
   9.72562500000000        -3.489592829255628E-010
   9.93937500000000        -3.612435864272193E-010
   10.1531250000000        -3.734110516858579E-010
   10.3668750000000        -3.853525694149675E-010
   10.5806250000000        -3.969578350423191E-010
   10.7943750000000        -4.081271481060874E-010
   11.0081250000000        -4.187824184232524E-010
   11.2218750000000        -4.288761011863281E-010
   11.4356250000000        -4.383970372273422E-010
   11.6493750000000        -4.473722683236904E-010
   11.8631250000000        -4.558644306073418E-010
   12.0768750000000        -4.639655205205016E-010
   12.2906250000000        -4.717879894841062E-010
   12.5043750000000        -4.794541741195044E-010
   12.7181250000000        -4.870859867780568E-010
   12.9318750000000        -4.947959460220850E-010
   13.1456250000000        -5.026805931769827E-010
   13.3593750000000        -5.108167908326766E-010
   13.5731250000000        -5.192607006790715E-010
   13.7868750000000        -5.280491256925055E-010
   14.0006250000000        -5.372022088911927E-010
   14.2143750000000        -5.467265422715042E-010
   14.4281250000000        -5.566179902105621E-010
   14.6418750000000        -5.668635161347004E-010
   14.8556250000000        -5.774420226166088E-010
   15.0693750000000        -5.883245937897832E-010
   15.2831250000000        -5.994748069806895E-010
   15.4968750000000        -6.108496929810897E-010
   15.7106250000000        -6.224025561916296E-010
   15.9243750000000        -6.340876867774986E-010
   16.1381250000000        -6.458670173031161E-010
   16.3518750000000        -6.577186596785674E-010
   16.5656250000000        -6.696457511398265E-010
   16.7793750000000        -6.816842130420843E-010
   16.9931250000000        -6.939078484774786E-010
   17.2068750000000        -7.064294148795336E-010
   17.4206250000000        -7.193967810084452E-010
   17.6343750000000        -7.329836249974693E-010
   17.8481250000000        -7.473749099531507E-010
   18.0618750000000        -7.627488222666296E-010
   18.2756250000000        -7.792571923075834E-010
   18.4893750000000        -7.970064559042439E-010
   18.7031250000000        -8.160418163670096E-010
   18.9168750000000        -8.363371948760704E-010
   19.1306250000000        -8.577923712227030E-010
   19.3443750000000        -8.802379752889685E-010
   19.5581250000000        -9.034486723289993E-010
   19.7718750000000        -9.271626983755166E-010
   19.9856250000000        -9.511058687214048E-010
   20.1993750000000        -9.750173326795686E-010
   20.4131250000000        -9.986738829370658E-010
   20.6268750000000        -1.021910162871221E-009
   20.8406250000000        -1.044632416368121E-009
   21.0543750000000        -1.066824238943188E-009
   21.2681250000000        -1.088543862420429E-009
   21.4818750000000        -1.109914136572926E-009
   21.6956250000000        -1.131106274883710E-009
   21.9093750000000        -1.152319897033936E-009
   22.1231250000000        -1.173762054775595E-009
   22.3368750000000        -1.195627901273553E-009
   22.5506250000000        -1.218085029556951E-009
   22.7643750000000        -1.241263059383821E-009
   22.9781250000000        -1.265249161491778E-009
   23.1918750000000        -1.290088680593718E-009
   23.4056250000000        -1.315790480981545E-009
   23.6193750000000        -1.342334997030748E-009
   23.8331250000000        -1.369682761470114E-009
   24.0468750000000        -1.397782276829998E-009
   24.2606250000000        -1.426575720514748E-009
   24.4743750000000        -1.456001595332999E-009
   24.6881250000000        -1.485994886037859E-009
   24.9018750000000        -1.516484947883941E-009
   25.1156250000000        -1.547392598115477E-009
   25.3293750000000        -1.578628142981641E-009
   25.5431250000000        -1.610091118387025E-009
   25.7568750000000        -1.641672957180666E-009
   25.9706250000000        -1.673263179130689E-009
   26.1843750000000        -1.704758187843340E-009
   26.3981250000000        -1.736072166036574E-009
   26.6118750000000        -1.767148574918429E-009
   26.8256250000000        -1.797969990850000E-009
   27.0393750000000        -1.828565034713350E-009
   27.2531250000000        -1.859011102105441E-009
   27.4668750000000        -1.889431719821552E-009
   27.6806250000000        -1.919988551286584E-009
   27.8943750000000        -1.950869026558128E-009
   28.1081250000000        -1.982270494450206E-009
   28.3218750000000        -2.014382606051328E-009
   28.5356250000000        -2.047370035948195E-009
   28.7493750000000        -2.081357166045551E-009
   28.9631250000000        -2.116416271267938E-009
   29.1768750000000        -2.152560788188146E-009
   29.3906250000000        -2.189743704626933E-009
   29.6043750000000        -2.227861357208120E-009
   29.8181250000000        -2.266762555309282E-009
   30.0318750000000        -2.306261518571720E-009
   30.2456250000000        -2.346153688495487E-009
   30.4593750000000        -2.386233374504698E-009
   30.6731250000000        -2.426310940438261E-009
   30.8868750000000        -2.466228546355225E-009
   31.1006250000000        -2.505872709882011E-009
   31.3143750000000        -2.545182222689926E-009
   31.5281250000000        -2.584151192985931E-009
   31.7418750000000        -2.622826272631272E-009
   31.9556250000000        -2.661298319470637E-009
   32.1693750000000        -2.699689718636783E-009
   32.3831250000000        -2.738138605851595E-009
   32.5968750000000        -2.776781872122340E-009
   32.8106250000000        -2.815739559736271E-009
   33.0243750000000        -2.855102560758860E-009
   33.2381250000000        -2.894925508468748E-009
   33.4518750000000        -2.935226106664372E-009
   33.6656250000000        -2.975990927705713E-009
   33.8793750000000        -3.017186881594545E-009
   34.0931250000000        -3.058776248328874E-009
   34.3068750000000        -3.100733093021008E-009
   34.5206250000000        -3.143057848399969E-009
   34.7343750000000        -3.185787352818014E-009
   34.9481250000000        -3.228998691277038E-009
   35.1618750000000        -3.272805747758949E-009
   35.3756250000000        -3.317348908719940E-009
   35.5893750000000        -3.362779946249184E-009
   35.8031250000000        -3.409244756535611E-009
   36.0168750000000        -3.456867171433537E-009
   36.2306250000000        -3.505736951868525E-009
   36.4443750000000        -3.555904331877277E-009
   36.6581250000000        -3.607382155002849E-009
   36.8718750000000        -3.660154840880804E-009
   37.0856250000000        -3.714192357696257E-009
   37.2993750000000        -3.769465559100307E-009
   37.5131250000000        -3.825959697855686E-009
   37.7268750000000        -3.883682342307994E-009
   37.9406250000000        -3.942663184774660E-009
   38.1543750000000        -4.002945796950760E-009
   38.3681250000000        -4.064571944226387E-009
   38.5818750000000        -4.127561969391791E-009
   38.7956250000000        -4.191895300417513E-009
   39.0093750000000        -4.257495833585869E-009
   39.2231250000000        -4.324226688097942E-009
   39.4368750000000        -4.391896254679901E-009
   39.6506250000000        -4.460276569408909E-009
   39.8643750000000        -4.529130834526569E-009
   40.0781250000000        -4.598245878217290E-009
   40.2918750000000        -4.667463732694383E-009
   40.5056250000000        -4.736705299147288E-009
   40.7193750000000        -4.805981086646444E-009
   40.9331250000000        -4.875385406111972E-009
   41.1468750000000        -4.945074586069411E-009
   41.3606250000000        -5.015231953115807E-009
   41.5743750000000        -5.086026406525431E-009
   41.7881250000000        -5.157573298073282E-009
   42.0018750000000        -5.229905893317988E-009
   42.2156250000000        -5.302965543591770E-009
   42.4293750000000        -5.376614614794243E-009
   42.6431250000000        -5.450672077565231E-009
   42.8568750000000        -5.524966340467685E-009
   43.0706250000000        -5.599395899885943E-009
   43.2843750000000        -5.673984952242552E-009
   43.4981250000000        -5.748919877282982E-009
   43.7118750000000        -5.824554526676587E-009
   43.9256250000000        -5.901376810970748E-009
   44.1393750000000        -5.979935023674882E-009
   44.3531250000000        -6.060730678234359E-009
   44.5668750000000        -6.144092524479102E-009
   44.7806250000000        -6.230051917059252E-009
   44.9943750000000        -6.318244172002554E-009
   45.2081250000000        -6.407859703663926E-009
   45.4218750000000        -6.497664312886439E-009
   45.6356250000000        -6.586099368957100E-009
   45.8493750000000        -6.671460715379139E-009
   46.0631250000000        -6.752141680028527E-009
   46.2768750000000        -6.826912367341405E-009
   46.4906250000000        -6.895196595694994E-009
   46.7043750000000        -6.957301293876927E-009
   46.9181250000000        -7.014553601665631E-009
   47.1318750000000        -7.069307340747283E-009
   47.3456250000000        -7.124794095093967E-009
   47.5593750000000        -7.184814399214914E-009
   47.7731250000000        -7.253287161688522E-009
   47.9868750000000        -7.333700254574507E-009
   48.2006250000000        -7.428526686668283E-009
   48.4143750000000        -7.538686299934203E-009
   48.6281250000000        -7.663139626188520E-009
   48.8418750000000        -7.798695242499843E-009
   49.0556250000000        -7.940094877238430E-009
   49.2693750000000        -8.080410715003297E-009
   49.4831250000000        -8.211750936479531E-009
   49.6968750000000        -8.326224297635959E-009
   49.9106250000000        -8.417071263247730E-009
   50.1243750000000        -8.479829511225907E-009
   50.3381250000000        -8.513375119728916E-009
   50.5518750000000        -8.520673604278505E-009
   50.7656250000000        -8.509086608380327E-009
   50.9793750000000        -8.490118143633590E-009
   51.1931250000000        -8.478542655987563E-009
   51.4068750000000        -8.490933065976963E-009
   51.6206250000000        -8.543693356068777E-009
   51.8343750000000        -8.650784875059669E-009
   52.0481250000000        -8.821408360440012E-009
   52.2618750000000        -9.057952208193415E-009
   52.4756250000000        -9.354529924596623E-009
   52.6893750000000        -9.696401067778589E-009
   52.9031250000000        -1.006049669835200E-008
   53.1168750000000        -1.041715380589844E-008
   53.3306250000000        -1.073301616312283E-008
   53.5443750000000        -1.097489419977979E-008
   53.7581250000000        -1.111421440389965E-008
   53.9718750000000        -1.113155241369788E-008
   54.1856250000000        -1.102065453272214E-008
   54.3993750000000        -1.079133117539635E-008
   54.6131250000000        -1.047066344691830E-008
   54.8268750000000        -1.010210592035055E-008
   55.0406250000000        -9.742287288995592E-009
   55.2543750000000        -9.455587987370173E-009
   55.4681250000000        -9.306881609693849E-009
   55.6818750000000        -9.353126740571624E-009
   55.8956250000000        -9.634747992236545E-009
   56.1093750000000        -1.016790818067896E-008
   56.3231250000000        -1.093881411635630E-008
   56.5368750000000        -1.190109307592044E-008
   56.7506250000000        -1.297702151767669E-008
   56.9643750000000        -1.406299220358330E-008
   57.1781250000000        -1.503910728434386E-008
   57.3918750000000        -1.578223196736428E-008
   57.6056250000000        -1.618130199729895E-008
   57.8193750000000        -1.615322363509182E-008
   58.0331250000000        -1.565740200730104E-008
   58.2468750000000        -1.470684741638894E-008
   58.4606250000000        -1.337397574750684E-008
   58.6743750000000        -1.178964933709727E-008
   58.8881250000000        -1.013467773495004E-008
   59.1018750000000        -8.623856711194001E-009
   59.3156250000000        -7.483582297478932E-009
   59.5293750000000        -6.925024166593082E-009
   59.7431250000000        -7.115657776377180E-009
   59.9568750000000        -8.152516202953764E-009
   60.1706250000000        -1.004072987358501E-008
   60.3843750000000        -1.268070667053343E-008
   60.5981250000000        -1.586664227631014E-008
   60.8118750000000        -1.929797231184693E-008
   61.0256250000000        -2.260396830360514E-008
   61.2393750000000        -2.538007922395918E-008
   61.4531250000000        -2.723300305452797E-008
   61.6668750000000        -2.783003949168082E-008
   61.8806250000000        -2.694722239462840E-008
   62.0943750000000        -2.451023080437961E-008
   62.3081250000000        -2.062225589061783E-008
   62.5218750000000        -1.557390715629642E-008
   62.7356250000000        -9.831846547734010E-009
   62.9493750000000        -4.005023692620878E-009
   63.1631250000000         1.210054879661146E-009
   63.3768750000000         5.100922157476126E-009
   63.5906250000000         7.021049429967192E-009
   63.8043750000000         6.473541121457905E-009
   64.0181250000000         3.186982697193409E-009
   64.2318750000000        -2.826313727449907E-009
   64.4456250000000        -1.123839279700788E-008
   64.6593750000000        -2.140663446174566E-008
   64.8731250000000        -3.241104650775239E-008
   65.0868750000000        -4.312742788067838E-008
   65.3006250000000        -5.233177069217283E-008
   65.5143750000000        -5.882721260927686E-008
   65.7281250000000        -6.158140966069814E-008
   65.9418750000000        -5.985983247644871E-008
   66.1556250000000        -5.333956572789962E-008
   66.3693750000000        -4.218894356061897E-008
   66.5831250000000        -2.710084601808090E-008
   66.7968750000000        -9.271569643416739E-009
   67.0106250000000         9.677460695535581E-009
   67.2243750000000         2.783175920526187E-008
   67.4381250000000         4.316001190229377E-008
   67.6518750000000         5.371919446900923E-008
   67.8656250000000         5.786888328853673E-008
   68.0793750000000         5.447249405387203E-008
   68.2931250000000         4.306286817475678E-008
   68.5068750000000         2.395176353101255E-008
   68.7206250000000        -1.732684243143479E-009
   68.9343750000000        -3.208992232890438E-008
   69.1481250000000        -6.457377996004314E-008
   69.3618750000000        -9.619490239243112E-008
   69.5756250000000        -1.237832534970794E-007
   69.7893750000000        -1.442879371872816E-007
   70.0031250000000        -1.550864194477553E-007
   70.2168750000000        -1.542727259970579E-007
   70.4306250000000        -1.408947278550680E-007
   70.6443750000000        -1.151142709498735E-007
   70.8581250000000        -7.827038073265404E-008
   71.0718750000000        -3.283448758356854E-008
   71.2856250000000         1.774327400646830E-008
   71.4993750000000         6.928715289009062E-008
   71.7131250000000         1.172289183899948E-007
   71.9268750000000         1.569936074423794E-007
   72.1406250000000         1.844048566771477E-007
   72.3543750000000         1.960742846014689E-007
   72.5681250000000         1.897401828542071E-007
   72.7818750000000         1.645247515659668E-007
   72.9956250000000         1.210858281931064E-007
   73.2093750000000         6.164780113805392E-008
   73.4231250000000        -1.009370923702956E-008
   73.6368750000000        -8.918872126726117E-008
   73.8506250000000        -1.697572186111845E-007
   74.0643750000000        -2.453988499430242E-007
   74.2781250000000        -3.096598824854725E-007
   74.4918750000000        -3.565254754891622E-007
   74.7056250000000        -3.809037675314466E-007
   74.9193750000000        -3.790687610352649E-007
   75.1331250000000        -3.490312172696453E-007
   75.3468750000000        -2.908103821392945E-007
   75.5606250000000        -2.065840211659616E-007
   75.7743750000000        -1.006997178586876E-007
   75.9881250000000         2.046339870421203E-008
   76.2018750000000         1.487863491308195E-007
   76.4156250000000         2.748514052317939E-007
   76.6293750000000         3.885197125564715E-007
   76.8431250000000         4.796226888860964E-007
   77.0568750000000         5.387338244886354E-007
   77.2706250000000         5.579766527376005E-007
   77.4843750000000         5.318144584910302E-007
   77.6981250000000         4.577589581581494E-007
   77.9118750000000         3.369301727521969E-007
   78.1256250000000         1.743995434683756E-007
   78.3393750000000        -2.074562541230513E-008
   78.5531250000000        -2.356650988994327E-007
   78.7668750000000        -4.543840168414763E-007
   78.9806250000000        -6.587669193062324E-007
   79.1943750000000        -8.298147617983147E-007
   79.4081250000000        -9.492162006786255E-007
   79.6218750000000        -1.001048904320872E-006
   79.8356250000000        -9.734955524818398E-007
   80.0493750000000        -8.604166931827844E-007
   80.2631250000000        -6.626126299689390E-007
   80.4768750000000        -3.886121036988676E-007
   80.6906250000000        -5.484851680882494E-008
   80.9043750000000         3.148750639049268E-007
   81.1181250000000         6.906747236521492E-007
   81.3318750000000         1.038602895379238E-006
   81.5456250000000         1.323294181757422E-006
   81.7593750000000         1.511066428420740E-006
   81.9731250000000         1.573238449769283E-006
   82.1868750000000         1.489376653780970E-006
   82.4006250000000         1.250156519271470E-006
   82.6143750000000         8.595265370923486E-007
   82.8281250000000         3.358945086291511E-007
   83.0418750000000        -2.878812166018786E-007
   83.2556250000000        -9.658232287022089E-007
   83.4693750000000        -1.641506466353711E-006
   83.6831250000000        -2.251964472844558E-006
   83.8968750000000        -2.732602115532521E-006
   84.1106250000000        -3.022773657426882E-006
   84.3243750000000        -3.071594313098695E-006
   84.5381250000000        -2.843494651286511E-006
   84.7518750000000        -2.323008021207184E-006
   84.9656250000000        -1.518305923346807E-006
   85.1793750000000        -4.630654497167544E-007
   85.3931250000000         7.836368881269732E-007
   85.6068750000000         2.139566742198562E-006
   85.8206250000000         3.503703740083789E-006
   86.0343750000000         4.762561290790806E-006
   86.2481250000000         5.798099409348709E-006
   86.4618750000000         6.496721695206795E-006
   86.6756250000000         6.758726024706563E-006
   86.8893750000000         6.507500510335797E-006
   87.1031250000000         5.697729935505644E-006
   87.3168750000000         4.321907448223912E-006
   87.5306250000000         2.414531810259995E-006
   87.7443750000000         5.350768199501618E-008
   87.9581250000000        -2.641553003902792E-006
   88.1718750000000        -5.514218328764771E-006
   88.3856250000000        -8.379172701698241E-006
   88.5993750000000        -1.103283214657330E-005
   88.8131250000000        -1.326605379672141E-005
   89.0268750000000        -1.487817204634684E-005
   89.2406250000000        -1.569145748134359E-005
   89.4543750000000        -1.556501664297187E-005
   89.6681250000000        -1.440713900272322E-005
   89.8818750000000        -1.218515599040036E-005
   90.0956250000000        -8.932004393283563E-006
   90.3093750000000        -4.748876757257916E-006
   90.5231250000000         1.964164884750517E-007
   90.7368750000000         5.675470024603727E-006
   90.9506250000000         1.140949269430610E-005
   91.1643750000000         1.708321131973001E-005
   91.3781250000000         2.236171123311578E-005
   91.5918750000000         2.690923502689219E-005
   91.8056250000000         3.040880493617399E-005
   92.0193750000000         3.258145612897367E-005
   92.2331250000000         3.320387574247802E-005
   92.4468750000000         3.212333666452679E-005
   92.6606250000000         2.926898948236362E-005
   92.8743750000000         2.465881736630049E-005
   93.0881250000000         1.840184755210272E-005
   93.3018750000000         1.069552575210951E-005
   93.5156250000000         1.818470206189010E-006
   93.7293750000000        -7.880895617790203E-006
   93.9431250000000        -1.799910141295880E-005
   94.1568750000000        -2.809488676290821E-005
   94.3706250000000        -3.770798027248867E-005
   94.5843750000000        -4.637842343704961E-005
   94.7981250000000        -5.366553482141041E-005
   95.0118750000000        -5.916574385625111E-005
   95.2256250000000        -6.252869704486875E-005
   95.4393750000000        -6.347122805699010E-005
   95.6531250000000        -6.178896173908408E-005
   95.8668750000000        -5.736546762054172E-005
   96.0806250000000        -5.017897367859441E-005
   96.2943750000000        -4.030668652767685E-005
   96.5081250000000        -2.792673990738824E-005
   96.7218750000000        -1.331771929299349E-005
   96.9356250000000         3.144394476630244E-006
   97.1493750000000         2.099212979423732E-005
   97.3631250000000         3.967563041304488E-005
   97.5768750000000         5.857534940739955E-005
   97.7906250000000         7.701867253031072E-005
   98.0043750000000         9.430067367554933E-005
   98.2181250000000         1.097089670979846E-004
   98.4318750000000         1.225522919669926E-004
   98.6456250000000         1.321920665906752E-004
   98.8593750000000         1.380757165995478E-004
   99.0731250000000         1.397701575694718E-004
   99.2868750000000         1.369934476321774E-004
   99.5006250000000         1.296423696772353E-004
   99.7143750000000         1.178136008689696E-004
   99.9281250000000         1.018162140480308E-004
   100.141875000000         8.217355077277033E-005
   100.355625000000         5.961301046723995E-005
   100.569375000000         3.504299544000809E-005
   100.783125000000         9.517098547279397E-006
   100.996875000000        -1.581343766793092E-005
   101.210625000000        -3.975699491644193E-005
   101.424375000000        -6.114567845820723E-005
   101.638125000000        -7.890255690158263E-005
   101.851875000000        -9.210779152240330E-005
   102.065625000000        -1.000591130203231E-004
   102.279375000000        -1.023221337582440E-004
   102.493125000000        -9.876635835119943E-005
   102.706875000000        -8.958347251243918E-005
   102.920625000000        -7.528551963807757E-005
   103.134375000000        -5.668186054775222E-005
   103.348125000000        -3.483527427172397E-005
   103.561875000000        -1.099909800052494E-005
   103.775625000000         1.346118912327041E-005
   103.989375000000         3.715717725161455E-005
   104.203125000000         5.877167780949191E-005
   104.416875000000         7.715123312279854E-005
   104.630625000000         9.139011707168243E-005
   104.844375000000         1.008991748584741E-004
   105.058125000000         1.054535821312748E-004
   105.271875000000         1.052148346134506E-004
   105.485625000000         1.007239509399297E-004
   105.699375000000         9.286488727400168E-005
   105.913125000000         8.279939221406954E-005
   106.126875000000         7.187681753166478E-005
   106.340625000000         6.152457075171897E-005
   106.554375000000         5.312677141508211E-005
   106.768125000000         4.790008533125728E-005
   106.981875000000         4.677651519326923E-005
   107.195625000000         5.030301393042205E-005
   107.409375000000         5.856710070465147E-005
   107.623125000000         7.115619813840841E-005
   107.836875000000         8.715623553867720E-005
   108.050625000000         1.051923013270435E-004
   108.264375000000         1.235109601798630E-004
   108.478125000000         1.401005039258638E-004
   108.691875000000         1.528421374867618E-004
   108.905625000000         1.596821800334123E-004
   109.119375000000         1.588130436893272E-004
   109.333125000000         1.488492605502645E-004
   109.546875000000         1.289843320811611E-004
   109.760625000000         9.911476995312998E-005
   109.974375000000         5.991939715211227E-005
   110.188125000000         1.288470656969111E-005
   110.401875000000        -3.972933209754495E-005
   110.615625000000        -9.498440843481255E-005
   110.829375000000        -1.494168014117909E-004
   111.043125000000        -1.992404321626157E-004
   111.256875000000        -2.405882157300814E-004
   111.470625000000        -2.697764412047865E-004
   111.684375000000        -2.835744595343233E-004
   111.898125000000        -2.794607269170370E-004
   112.111875000000        -2.558463726517726E-004
   112.325625000000        -2.122489660093309E-004
   112.539375000000        -1.494019740283220E-004
   112.753125000000        -6.928935663423863E-005
   112.966875000000         2.490042643817848E-005
   113.180625000000         1.289013539373631E-004
   113.394375000000         2.375725524338925E-004
   113.608125000000         3.451663025000261E-004
   113.821875000000         4.456461789367756E-004
   114.035625000000         5.330364235360825E-004
   114.249375000000         6.017811315976408E-004
   114.463125000000         6.470907227528101E-004
   114.676875000000         6.652535484005383E-004
   114.890625000000         6.538923433201127E-004
   115.104375000000         6.121484365359554E-004
   115.318125000000         5.407809823790546E-004
   115.531875000000         4.421736665484627E-004
   115.745625000000         3.202470382523054E-004
   115.959375000000         1.802804420992383E-004
   116.173125000000         2.865309195022208E-005
   116.386875000000        -1.274812152339346E-004
   116.600625000000        -2.805672174979292E-004
   116.814375000000        -4.230477530452106E-004
   117.028125000000        -5.477668702455057E-004
   117.241875000000        -6.483534786943513E-004
   117.455625000000        -7.195638344621209E-004
   117.669375000000        -7.575637412009438E-004
   117.883125000000        -7.601350415443402E-004
   118.096875000000        -7.267955171156531E-004
   118.310625000000        -6.588264102370276E-004
   118.524375000000        -5.592071000971037E-004
   118.738125000000        -4.324616812772495E-004
   118.951875000000        -2.844269921433960E-004
   119.165625000000        -1.219557517990431E-004
   119.379375000000         4.742833143598743E-005
   119.593125000000         2.159044720843076E-004
   119.806875000000         3.757377261671415E-004
   120.020625000000         5.196510413335325E-004
   120.234375000000         6.411677830791632E-004
   120.448125000000         7.349082573888553E-004
   120.661875000000         7.968267081677255E-004
   120.875625000000         8.243788005138034E-004
   121.089375000000         8.166134824117627E-004
   121.303125000000         7.741871193593322E-004
   121.516875000000         6.993017018315423E-004
   121.730625000000         5.955725406039347E-004
   121.944375000000         4.678340279450909E-004
   122.158125000000         3.218946290233120E-004
   122.371875000000         1.642541925734440E-004
   122.585625000000         1.797886961937595E-006
   122.799375000000        -1.585184324552456E-004
   123.013125000000        -3.099768140595850E-004
   123.226875000000        -4.463859890894502E-004
   123.440625000000        -5.623379847425135E-004
   123.654375000000        -6.534221180574958E-004
   123.868125000000        -7.163882032158607E-004
   124.081875000000        -7.492533649718327E-004
   124.295625000000        -7.513495689622975E-004
   124.509375000000        -7.233117367372821E-004
   124.723125000000        -6.670089911647145E-004
   124.936875000000        -5.854240623320126E-004
   125.150625000000        -4.824880694868658E-004
   125.364375000000        -3.628796880794774E-004
   125.578125000000        -2.317990372377283E-004
   125.791875000000        -9.472742852895599E-005
   126.005625000000         4.281562640432129E-005
   126.219375000000         1.755070440626188E-004
   126.433125000000         2.984361411126306E-004
   126.646875000000         4.072929371013485E-004
   126.860625000000         4.985214404853995E-004
   127.074375000000         5.694325256613683E-004
   127.288125000000         6.182731435201267E-004
   127.501875000000         6.442508082427003E-004
   127.715625000000         6.475144565731878E-004
   127.929375000000         6.290947795071540E-004
   128.143125000000         5.908088912313930E-004
   128.356875000000         5.351356549721687E-004
   128.570625000000         4.650690783458210E-004
   128.784375000000         3.839578896218752E-004
   128.998125000000         2.953396971213055E-004
   129.211875000000         2.027780192951389E-004
   129.425625000000         1.097099696283539E-004
   129.639375000000         1.931151762049198E-005
   129.853125000000        -6.561393470408774E-005
   130.066875000000        -1.427193703608595E-004
   130.280625000000        -2.101677319648827E-004
   130.494375000000        -2.666543989704197E-004
   130.708125000000        -3.113995388847453E-004
   130.921875000000        -3.441130750044917E-004
   131.135625000000        -3.649366253136606E-004
   131.349375000000        -3.743681128499510E-004
   131.563125000000        -3.731757247482296E-004
   131.776875000000        -3.623084170612207E-004
   131.990625000000        -3.428101613224361E-004
   132.204375000000        -3.157445767655040E-004
   132.418125000000        -2.821355016141135E-004
   132.631875000000        -2.429274878045298E-004
   132.845625000000        -1.989682638735546E-004
   133.059375000000        -1.510130519773959E-004
   133.273125000000        -9.974843185476157E-005
   133.486875000000        -4.583141984186188E-005
   133.700625000000         1.006222336457057E-005
   133.914375000000         6.718754684932821E-005
   134.128125000000         1.246853335606817E-004
   134.341875000000         1.815495566380984E-004
   134.555625000000         2.366134187785563E-004
   134.769375000000         2.885582244147031E-004
   134.983125000000         3.359469962322371E-004
   135.196875000000         3.772820887599337E-004
   135.410625000000         4.110833339574784E-004
   135.624375000000         4.359807576205927E-004
   135.838125000000         4.508139017416011E-004
   136.051875000000         4.547285079120466E-004
   136.265625000000         4.472609256443653E-004
   136.479375000000         4.284011860038418E-004
   136.693125000000         3.986272061282288E-004
   136.906875000000         3.589049457543246E-004
   137.120625000000         3.106523145942266E-004
   137.334375000000         2.556679506405964E-004
   137.548125000000         1.960293324210955E-004
   137.761875000000         1.339677204092943E-004
   137.975625000000         7.172983524037706E-005
   138.189375000000         1.143771961760356E-005
   138.403125000000        -4.504127453272173E-005
   138.616875000000        -9.620305307221198E-005
   138.830625000000        -1.409842796908041E-004
   139.044375000000        -1.788018234231810E-004
   139.258125000000        -2.095505059265466E-004
   139.471875000000        -2.335592381336317E-004
   139.685625000000        -2.515094302751320E-004
   139.899375000000        -2.643230612556450E-004
   140.113125000000        -2.730306793603690E-004
   140.326875000000        -2.786316082566335E-004
   140.540625000000        -2.819595617880712E-004
   140.754375000000        -2.835666353401237E-004
   140.968125000000        -2.836372504892136E-004
   141.181875000000        -2.819411936031038E-004
   141.395625000000        -2.778316079608187E-004
   141.609375000000        -2.702899440755800E-004
   141.823125000000        -2.580157632591468E-004
   142.036875000000        -2.395552650610103E-004
   142.250625000000        -2.134588034024390E-004
   142.464375000000        -1.784547694195814E-004
   142.678125000000        -1.336252956322577E-004
   142.891875000000        -7.856844616844192E-005
   143.105625000000        -1.353198473923683E-005
   143.319375000000         6.049455355314708E-005
   143.533125000000         1.417400202124991E-004
   143.746875000000         2.276709151759881E-004
   143.960625000000         3.150723061483706E-004
   144.174375000000         4.001882906481096E-004
   144.388125000000         4.789152141148700E-004
   144.601875000000         5.470365345523641E-004
   144.815625000000         6.004845847842337E-004
   145.029375000000         6.356118192669320E-004
   145.243125000000         6.494526700882466E-004
   145.456875000000         6.399570191591901E-004
   145.670625000000         6.061775669748731E-004
   145.884375000000         5.483959862503396E-004
   146.098125000000         4.681765335317993E-004
   146.311875000000         3.683405038332965E-004
   146.525625000000         2.528602274193057E-004
   146.739375000000         1.266768468127810E-004
   146.953125000000        -4.548525595346703E-006
   147.166875000000        -1.347358786708399E-004
   147.380625000000        -2.577213518844731E-004
   147.594375000000        -3.676053762146275E-004
   147.808125000000        -4.590918120635146E-004
   148.021875000000        -5.277963094791821E-004
   148.235625000000        -5.705039495652361E-004
   148.449375000000        -5.853594469083324E-004
   148.663125000000        -5.719775722216531E-004
   148.876875000000        -5.314666787128127E-004
   149.090625000000        -4.663639114104465E-004
   149.304375000000        -3.804864410882609E-004
   149.518125000000        -2.787084882882576E-004
   149.731875000000        -1.666786126454751E-004
   149.945625000000        -5.049541932203381E-005
   150.159375000000         6.363776227330954E-005
   150.373125000000         1.697576878836940E-004
   150.586875000000         2.624644338283716E-004
   150.800625000000         3.372038752819775E-004
   151.014375000000         3.904933471505865E-004
   151.228125000000         4.200785528459050E-004
   151.441875000000         4.250146075539329E-004
   151.655625000000         4.056692694698276E-004
   151.869375000000         3.636515562175631E-004
   152.083125000000         3.016737026813089E-004
   152.296875000000         2.233584612136556E-004
   152.510625000000         1.330068010784632E-004
   152.724375000000         3.534293086679505E-005
   152.938125000000        -6.474586554068476E-005
   153.151875000000        -1.624578350485423E-004
   153.365625000000        -2.532990307667512E-004
   153.579375000000        -3.332674984857522E-004
   153.793125000000        -3.989914069199700E-004
   154.006875000000        -4.478173920934800E-004
   154.220625000000        -4.778497021006530E-004
   154.434375000000        -4.879447454879074E-004
   154.648125000000        -4.776690113315793E-004
   154.861875000000        -4.472307441041302E-004
   155.075625000000        -3.973970085776055E-004
   155.289375000000        -3.294077635088394E-004
   155.503125000000        -2.448972930025328E-004
   155.716875000000        -1.458309606909673E-004
   155.930625000000        -3.446200874334315E-005
   156.144375000000         8.669063007585428E-005
   156.358125000000         2.148463922598768E-004
   156.571875000000         3.469554186295251E-004
   156.785625000000         4.796883383031598E-004
   156.999375000000         6.094343496466688E-004
   157.213125000000         7.323187811605746E-004
   157.426875000000         8.442502017421136E-004
   157.640625000000         9.410046309795511E-004
   157.854375000000         1.018350673251163E-003
   158.068125000000         1.072214801376629E-003
   158.281875000000         1.098880993639457E-003
   158.495625000000         1.095213997338073E-003
   158.709375000000         1.058891184814850E-003
   158.923125000000         9.886247789424245E-004
   159.136875000000         8.843545595115642E-004
   159.350625000000         7.473912911260725E-004
   159.564375000000         5.804931426226807E-004
   159.778125000000         3.878612219214701E-004
   159.991875000000         1.750457737576486E-004
   160.205625000000        -5.123883283170150E-005
   160.419375000000        -2.833850019335253E-004
   160.633125000000        -5.132361620993800E-004
   160.846875000000        -7.324852591394382E-004
   161.060625000000        -9.331030143858469E-004
   161.274375000000        -1.107767829344898E-003
   161.488125000000        -1.250267661300150E-003
   161.701875000000        -1.355844922614767E-003
   161.915625000000        -1.421458481262482E-003
   162.129375000000        -1.445941986603154E-003
   162.343125000000        -1.430044665102936E-003
   162.556875000000        -1.376348933328230E-003
   162.770625000000        -1.289068061615540E-003
   162.984375000000        -1.173736032182300E-003
   163.198125000000        -1.036809999157694E-003
   163.411875000000        -8.852127409166768E-004
   163.625625000000        -7.258476448726470E-004
   163.839375000000        -5.651216499722180E-004
   164.053125000000        -4.085119126465285E-004
   164.266875000000        -2.602096511510866E-004
   164.480625000000        -1.228697386333275E-004
   164.694375000000         2.512580751491255E-006
   164.908125000000         1.165855491662049E-004
   165.121875000000         2.214833784223555E-004
   165.335625000000         3.205363426935866E-004
   165.549375000000         4.178681797506615E-004
   165.763125000000         5.179101816503957E-004
   165.976875000000         6.248692121607506E-004
   166.190625000000         7.421922150826830E-004
   166.404375000000         8.720720181231297E-004
   166.618125000000         1.015038036008977E-003
   166.831875000000         1.169670725578863E-003
   167.045625000000         1.332470512222671E-003
   167.259375000000         1.497900844736676E-003
   167.473125000000         1.658611770329210E-003
   167.686875000000         1.805835913051360E-003
   167.900625000000         1.929934118317769E-003
   168.114375000000         2.021054511162399E-003
   168.328125000000         2.069857510947961E-003
   168.541875000000         2.068251533870922E-003
   168.755625000000         2.010080553389878E-003
   168.969375000000         1.891705914052622E-003
   169.183125000000         1.712430951696202E-003
   169.396875000000         1.474727778496107E-003
   169.610625000000         1.184240330027283E-003
   169.824375000000         8.495553379652093E-004
   170.038125000000         4.817518702759970E-004
   170.251875000000         9.375885867058060E-005
   170.465625000000        -3.004330574066269E-004
   170.679375000000        -6.866455712286846E-004
   170.893125000000        -1.051404127803283E-003
   171.106875000000        -1.382775212053007E-003
   171.320625000000        -1.671081150420133E-003
   171.534375000000        -1.909433287140175E-003
   171.748125000000        -2.094039024241942E-003
   171.961875000000        -2.224257084365955E-003
   172.175625000000        -2.302396876539290E-003
   172.389375000000        -2.333280140276153E-003
   172.603125000000        -2.323604118616047E-003
   172.816875000000        -2.281163438263918E-003
   173.030625000000        -2.214000975437229E-003
   173.244375000000        -2.129564990166240E-003
   173.458125000000        -2.033949986619768E-003
   173.671875000000        -1.931291982790874E-003
   173.885625000000        -1.823375663149000E-003
   174.099375000000        -1.709492349941398E-003
   174.313125000000        -1.586565467682243E-003
   174.526875000000        -1.449536149970953E-003
   174.740625000000        -1.291977983254869E-003
   174.954375000000        -1.106888714659453E-003
   175.168125000000        -8.875899739235566E-004
   175.381875000000        -6.286551892084862E-004
   175.595625000000        -3.267819045018171E-004
   175.809375000000         1.847199016630566E-005
   176.023125000000         4.041582942378467E-004
   176.236875000000         8.236685468490362E-004
   176.450625000000         1.266756713975516E-003
   176.664375000000         1.719863135872596E-003
   176.878125000000         2.166723548633909E-003
   177.091875000000         2.589223485407274E-003
   177.305625000000         2.968438131213502E-003
   177.519375000000         3.285782417863344E-003
   177.733125000000         3.524187021355703E-003
   177.946875000000         3.669213637223793E-003
   178.160625000000         3.710027541893062E-003
   178.374375000000         3.640156498527241E-003
   178.588125000000         3.457981507280693E-003
   178.801875000000         3.166925283805182E-003
   179.015625000000         2.775326942958453E-003
   179.229375000000         2.296014305917147E-003
   179.443125000000         1.745606711934630E-003
   179.656875000000         1.143599561983546E-003
   179.870625000000         5.112957294640119E-004
   180.084375000000        -1.293424631347113E-004
   180.298125000000        -7.568442178137345E-004
   180.511875000000        -1.351310644402983E-003
   180.725625000000        -1.895359177856806E-003
   180.939375000000        -2.374879142792156E-003
   181.153125000000        -2.779561200833730E-003
   181.366875000000        -3.103180801595156E-003
   181.580625000000        -3.343633480660827E-003
   181.794375000000        -3.502736546923821E-003
   182.008125000000        -3.585826188239285E-003
   182.221875000000        -3.601190367010234E-003
   182.435625000000        -3.559385459490433E-003
   182.649375000000        -3.472488139808033E-003
   182.863125000000        -3.353333586019146E-003
   183.076875000000        -3.214787061796982E-003
   183.290625000000        -3.069088926668072E-003
   183.504375000000        -2.927303953841645E-003
   183.718125000000        -2.798895391836225E-003
   183.931875000000        -2.691433416935766E-003
   184.145625000000        -2.610437352736294E-003
   184.359375000000        -2.559342022652696E-003
   184.573125000000        -2.539571421514003E-003
   184.786875000000        -2.550697911441626E-003
   185.000625000000        -2.590662519981773E-003
   185.214375000000        -2.656031593846278E-003
   185.428125000000        -2.742266805714486E-003
   185.641875000000        -2.843988943461545E-003
   185.855625000000        -2.955220547181380E-003
   186.069375000000        -3.069597761222119E-003
   186.283125000000        -3.180547191606405E-003
   186.496875000000        -3.281428597234597E-003
   186.710625000000        -3.365648465539736E-003
   186.924375000000        -3.426752603680456E-003
   187.138125000000        -3.458507611940127E-003
   187.351875000000        -3.454981424896513E-003
   187.565625000000        -3.410632065132699E-003
   187.779375000000        -3.320411528119194E-003
   187.993125000000        -3.179888577656595E-003
   188.206875000000        -2.985390523506380E-003
   188.420625000000        -2.734160163703734E-003
   188.634375000000        -2.424520401275978E-003
   188.848125000000        -2.056035964898931E-003
   189.061875000000        -1.629659499850929E-003
   189.275625000000        -1.147848295634862E-003
   189.489375000000        -6.146382267391542E-004
   189.703125000000        -3.566313689080947E-005
   189.916875000000         5.818891904137103E-004
   190.130625000000         1.229389362184666E-003
   190.344375000000         1.896947170131883E-003
   190.558125000000         2.573655919371176E-003
   190.771875000000         3.247890338552180E-003
   190.985625000000         3.907643617353298E-003
   191.199375000000         4.540885570406630E-003
   191.413125000000         5.135921703030507E-003
   191.626875000000         5.681732323697708E-003
   191.840625000000         6.168271951451354E-003
   192.054375000000         6.586712093566774E-003
   192.268125000000         6.929614850779794E-003
   192.481875000000         7.191030422170841E-003
   192.695625000000         7.366517974112544E-003
   192.909375000000         7.453095953650573E-003
   193.123125000000         7.449134159663587E-003
   193.336875000000         7.354205129948041E-003
   193.550625000000         7.168916112861039E-003
   193.764375000000         6.894744636958449E-003
   193.978125000000         6.533900202756555E-003
   194.191875000000         6.089231827227802E-003
   194.405625000000         5.564196220466527E-003
   194.619375000000         4.962894626630314E-003
   194.833125000000         4.290178371553603E-003
   195.046875000000         3.551814630748501E-003
   195.260625000000         2.754695657428975E-003
   195.474375000000         1.907067503211441E-003
   195.688125000000         1.018748879122546E-003
   195.901875000000         1.013078642199128E-004
   196.115625000000        -8.318359008778198E-004
   196.329375000000        -1.765412918054285E-003
   196.543125000000        -2.682432878116173E-003
   196.756875000000        -3.564455965920530E-003
   196.970625000000        -4.392010837955706E-003
   197.184375000000        -5.145152026401888E-003
   197.398125000000        -5.804137655112627E-003
   197.611875000000        -6.350197271679714E-003
   197.825625000000        -6.766350260528329E-003
   198.039375000000        -7.038228531548174E-003
   198.253125000000        -7.154853600303548E-003
   198.466875000000        -7.109318152239791E-003
   198.680625000000        -6.899325784450372E-003
   198.894375000000        -6.527549616275692E-003
   199.108125000000        -6.001780350367768E-003
   199.321875000000        -5.334846416919141E-003
   199.535625000000        -4.544302153163824E-003
   199.749375000000        -3.651893585887051E-003
   199.963125000000        -2.682824329894903E-003
   200.176875000000        -1.664855510342449E-003
   200.390625000000        -6.272827378418049E-004
   200.604375000000         4.001605039603024E-004
   200.818125000000         1.388420438448305E-003
   201.031875000000         2.310208773864161E-003
   201.245625000000         3.141006686296359E-003
   201.459375000000         3.859942351657430E-003
   201.673125000000         4.450504763554484E-003
   201.886875000000         4.901065444496976E-003
   202.100625000000         5.205189407252734E-003
   202.314375000000         5.361726783639726E-003
   202.528125000000         5.374686411167525E-003
   202.741875000000         5.252901947677444E-003
   202.955625000000         5.009509464051667E-003
   203.169375000000         4.661262731084479E-003
   203.383125000000         4.227718428765266E-003
   203.596875000000         3.730328174429774E-003
   203.810625000000         3.191477525582968E-003
   204.024375000000         2.633513904160126E-003
   204.238125000000         2.077805646761841E-003
   204.451875000000         1.543873040928602E-003
   204.665625000000         1.048629200673586E-003
   204.879375000000         6.057639373634217E-004
   205.093125000000         2.252974286227536E-004
   205.306875000000        -8.667739530618043E-005
   205.520625000000        -3.280539971260937E-004
   205.734375000000        -5.005732373625689E-004
   205.948125000000        -6.094970463267672E-004
   206.161875000000        -6.631158365853337E-004
   206.375625000000        -6.721200921663100E-004
   206.589375000000        -6.488743271964378E-004
   206.803125000000        -6.066371049512758E-004
   207.016875000000        -5.587735193184648E-004
   207.230625000000        -5.180061247905762E-004
   207.444375000000        -4.957466615702524E-004
   207.658125000000        -5.015442376328456E-004
   207.871875000000        -5.426763586129482E-004
   208.085625000000        -6.238980538684291E-004
   208.299375000000        -7.473522491686249E-004
   208.513125000000        -9.126325208677024E-004
   208.726875000000        -1.116978494420745E-003
   208.940625000000        -1.355575400343800E-003
   209.154375000000        -1.621923466440962E-003
   209.368125000000        -1.908240426371333E-003
   209.581875000000        -2.205861646153627E-003
   209.795625000000        -2.505607032979524E-003
   210.009375000000        -2.798091461672676E-003
   210.223125000000        -3.073965094461467E-003
   210.436875000000        -3.324080617525183E-003
   210.650625000000        -3.539594897077454E-003
   210.864375000000        -3.712021702548317E-003
   211.078125000000        -3.833258924198841E-003
   211.291875000000        -3.895617345511935E-003
   211.505625000000        -3.891878072124859E-003
   211.719375000000        -3.815402113826737E-003
   211.933125000000        -3.660308709921361E-003
   212.146875000000        -3.421729494930849E-003
   212.360625000000        -3.096134530183844E-003
   212.574375000000        -2.681714775457196E-003
   212.788125000000        -2.178795003575312E-003
   213.001875000000        -1.590242656960665E-003
   213.215625000000        -9.218326957997506E-004
   213.429375000000        -1.825267743348011E-004
   213.643125000000         6.153725916021456E-004
   213.856875000000         1.456225941968266E-003
   214.070625000000         2.321242257875753E-003
   214.284375000000         3.188856914900144E-003
   214.498125000000         4.035299522684587E-003
   214.711875000000         4.835334913570149E-003
   214.925625000000         5.563147442852267E-003
   215.139375000000         6.193327728420440E-003
   215.353125000000         6.701912870360795E-003
   215.566875000000         7.067426627641377E-003
   215.780625000000         7.271865216941149E-003
   215.994375000000         7.301577215588622E-003
   216.208125000000         7.147992061009153E-003
   216.421875000000         6.808160164473723E-003
   216.635625000000         6.285077868184989E-003
   216.849375000000         5.587781495086197E-003
   217.063125000000         4.731205745709542E-003
   217.276875000000         3.735811997859002E-003
   217.490625000000         2.627001170029707E-003
   217.704375000000         1.434333447102768E-003
   217.918125000000         1.905832806041665E-004
   218.131875000000        -1.069337214125448E-003
   218.345625000000        -2.309549800211909E-003
   218.559375000000        -3.494437290604038E-003
   218.773125000000        -4.589885049202423E-003
   218.986875000000        -5.564494057994846E-003
   219.200625000000        -6.390721860895178E-003
   219.414375000000        -7.045907486041553E-003
   219.628125000000        -7.513137279886577E-003
   219.841875000000        -7.781910880784732E-003
   220.055625000000        -7.848570764799966E-003
   220.269375000000        -7.716465297704918E-003
   220.483125000000        -7.395824257628618E-003
   220.696875000000        -6.903337353545316E-003
   220.910625000000        -6.261440068846084E-003
   221.124375000000        -5.497326609129053E-003
   221.338125000000        -4.641725937790438E-003
   221.551875000000        -3.727492713754259E-003
   221.765625000000        -2.788079130344336E-003
   221.979375000000        -1.855964895898123E-003
   222.193125000000        -9.611297071339087E-004
   222.406875000000        -1.296545984502330E-004
   222.620625000000         6.174650863497101E-004
   222.834375000000         1.265221808518759E-003
   223.048125000000         1.805154682552961E-003
   223.261875000000         2.235526314198435E-003
   223.475625000000         2.561101921556517E-003
   223.689375000000         2.792539927046361E-003
   223.903125000000         2.945428188413719E-003
   224.116875000000         3.039023282870716E-003
   224.330625000000         3.094770056138845E-003
   224.544375000000         3.134693536012088E-003
   224.758125000000         3.179764198776830E-003
   224.971875000000         3.248339833854073E-003
   225.185625000000         3.354782743042270E-003
   225.399375000000         3.508340096407696E-003
   225.613125000000         3.712358757666380E-003
   225.826875000000         3.963884967853882E-003
   226.040625000000         4.253675381537944E-003
   226.254375000000         4.566620674909951E-003
   226.468125000000         4.882557905583982E-003
   226.681875000000         5.177424530302647E-003
   226.895625000000         5.424686830505472E-003
   227.109375000000         5.596959558392617E-003
   227.323125000000         5.667722703029724E-003
   227.536875000000         5.613035873949682E-003
   227.750625000000         5.413151075370361E-003
   227.964375000000         5.053930459336146E-003
   228.178125000000         4.527986584293470E-003
   228.391875000000         3.835478106158845E-003
   228.605625000000         2.984512825462277E-003
   228.819375000000         1.991131575714851E-003
   229.033125000000         8.788694128955754E-004
   229.246875000000        -3.220862720024434E-004
   229.460625000000        -1.576098994583860E-003
   229.674375000000        -2.843586224857983E-003
   229.888125000000        -4.082744262545504E-003
   230.101875000000        -5.251404883261170E-003
   230.315625000000        -6.308926707623959E-003
   230.529375000000        -7.218022791666924E-003
   230.743125000000        -7.946430143211227E-003
   230.956875000000        -8.468336501735107E-003
   231.170625000000        -8.765494187156664E-003
   231.384375000000        -8.827969202200331E-003
   231.598125000000        -8.654494863460040E-003
   231.811875000000        -8.252421644017323E-003
   232.025625000000        -7.637277152170851E-003
   232.239375000000        -6.831970790490183E-003
   232.453125000000        -5.865695326691584E-003
   232.666875000000        -4.772591305725262E-003
   232.880625000000        -3.590249222732822E-003
   233.094375000000        -2.358128333385655E-003
   233.308125000000        -1.115969983758835E-003
   233.521875000000         9.772213799506520E-005
   233.735625000000         1.247071604248535E-003
   233.949375000000         2.300037341610416E-003
   234.163125000000         3.229402262962373E-003
   234.376875000000         4.013518314297437E-003
   234.590625000000         4.636797043897621E-003
   234.804375000000         5.089946622506000E-003
   235.018125000000         5.369966109506911E-003
   235.231875000000         5.479915419157666E-003
   235.445625000000         5.428484919922707E-003
   235.659375000000         5.229392159467475E-003
   235.873125000000         4.900635268398480E-003
   236.086875000000         4.463633649297854E-003
   236.300625000000         3.942287075988852E-003
   236.514375000000         3.361984682284466E-003
   236.728125000000         2.748595720033502E-003
   236.941875000000         2.127474432281942E-003
   237.155625000000         1.522511749558317E-003
   237.369375000000         9.552664526842551E-004
   237.583125000000         4.442075387432257E-004
   237.796875000000         4.097348997874218E-006
   238.010625000000        -3.544587892190756E-004
   238.224375000000        -6.252762990644820E-004
   238.438125000000        -8.066558436826481E-004
   238.651875000000        -9.012450215344284E-004
   238.865625000000        -9.157039132902326E-004
   239.079375000000        -8.601917453441590E-004
   239.293125000000        -7.477021519081218E-004
   239.506875000000        -5.932834503726038E-004
   239.720625000000        -4.131871588248948E-004
   239.934375000000        -2.239919933333108E-004
   240.148125000000        -4.175133326164791E-005
   240.361875000000         1.187905199964328E-004
   240.575625000000         2.448738700793901E-004
   240.789375000000         3.262601720049356E-004
   241.003125000000         3.556094669652466E-004
   241.216875000000         3.286902240239751E-004
   241.430625000000         2.444247036280920E-004
   241.644375000000         1.047834499844605E-004
   241.858125000000        -8.544901597069875E-005
   242.071875000000        -3.190094887024673E-004
   242.285625000000        -5.865619114083433E-004
   242.499375000000        -8.771438355836967E-004
   242.713125000000        -1.178626976545961E-003
   242.926875000000        -1.478170960323481E-003
   243.140625000000        -1.762656368930893E-003
   243.354375000000        -2.019090592524910E-003
   243.568125000000        -2.234986767037586E-003
   243.781875000000        -2.398721287792198E-003
   243.995625000000        -2.499878320789435E-003
   244.209375000000        -2.529589953418474E-003
   244.423125000000        -2.480878052780431E-003
   244.636875000000        -2.348998815046108E-003
   244.850625000000        -2.131784016640099E-003
   245.064375000000        -1.829965018685785E-003
   245.278125000000        -1.447457713124176E-003
   245.491875000000        -9.915799785021897E-004
   245.705625000000        -4.731689160047355E-004
   245.919375000000         9.343594927142384E-005
   246.133125000000         6.905746018914501E-004
   246.346875000000         1.297637980463862E-003
   246.560625000000         1.891642788310870E-003
   246.774375000000         2.448009842080110E-003
   246.988125000000         2.941530290572238E-003
   247.201875000000         3.347487338484776E-003
   247.415625000000         3.642885023907458E-003
   247.629375000000         3.807721629435230E-003
   247.843125000000         3.826234851424541E-003
   248.056875000000         3.688040062743821E-003
   248.270625000000         3.389082675663769E-003
   248.484375000000         2.932331098555459E-003
   248.698125000000         2.328147959332791E-003
   248.911875000000         1.594293543075612E-003
   249.125625000000         7.555357395039649E-004
   249.339375000000        -1.571361407609289E-004
   249.553125000000        -1.107672123590107E-003
   249.766875000000        -2.056451678663586E-003
   249.980625000000        -2.962036439173875E-003
   250.194375000000        -3.783100881125514E-003
   250.408125000000        -4.480443161179390E-003
   250.621875000000        -5.018970747768002E-003
   250.835625000000        -5.369553927206703E-003
   251.049375000000        -5.510644759182953E-003
   251.263125000000        -5.429569265139260E-003
   251.476875000000        -5.123415919984860E-003
   251.690625000000        -4.599463003941701E-003
   251.904375000000        -3.875110014732581E-003
   252.118125000000        -2.977303006062002E-003
   252.331875000000        -1.941469240190760E-003
   252.545625000000        -8.100017679052827E-004
   252.759375000000         3.696416312600687E-004
   252.973125000000         1.547139353104097E-003
   253.186875000000         2.671703000671724E-003
   253.400625000000         3.694553258809829E-003
   253.614375000000         4.571348932127220E-003
   253.828125000000         5.264440953942641E-003
   254.041875000000         5.744827087094492E-003
   254.255625000000         5.993693701786949E-003
   254.469375000000         6.003448463024681E-003
   254.683125000000         5.778171656937791E-003
   254.896875000000         5.333443469289743E-003
   255.110625000000         4.695538571971949E-003
   255.324375000000         3.900016178777460E-003
   255.538125000000         2.989771186098620E-003
   255.751875000000         2.012647687070917E-003
   255.965625000000         1.018747447938631E-003
   256.179375000000         5.759031115846634E-005
   256.393125000000        -8.247013427757775E-004
   256.606875000000        -1.588017763447224E-003
   256.820625000000        -2.200508185071912E-003
   257.034375000000        -2.640310006490999E-003
   257.248125000000        -2.896643907995323E-003
   257.461875000000        -2.970199050415886E-003
   257.675625000000        -2.872780353689800E-003
   257.889375000000        -2.626241048637331E-003
   258.103125000000        -2.260774307968322E-003
   258.316875000000        -1.812683742123500E-003
   258.530625000000        -1.321790092685654E-003
   258.744375000000        -8.286573819367925E-004
   258.958125000000        -3.718338211816251E-004
   259.171875000000         1.470015273932464E-005
   259.385625000000         3.037020563190971E-004
   259.599375000000         4.763120978738909E-004
   259.813125000000         5.230704491344709E-004
   260.026875000000         4.442537014462423E-004
   260.240625000000         2.495287247202995E-004
   260.454375000000        -4.302773915722637E-005
   260.668125000000        -4.084508644551151E-004
   260.881875000000        -8.168225244253625E-004
   261.095625000000        -1.235466780126490E-003
   261.309375000000        -1.631242887067267E-003
   261.523125000000        -1.972774896892052E-003
   261.736875000000        -2.232471327750485E-003
   261.950625000000        -2.388212840012123E-003
   262.164375000000        -2.424617554985100E-003
   262.378125000000        -2.333829334005963E-003
   262.591875000000        -2.115810663857383E-003
   262.805625000000        -1.778155715929783E-003
   263.019375000000        -1.335468168352256E-003
   263.233125000000        -8.083707775438460E-004
   263.446875000000        -2.222286003639112E-004
   263.660625000000         3.943248012114474E-004
   263.874375000000         1.010968151229772E-003
   264.088125000000         1.597294981185768E-003
   264.301875000000         2.124361212916105E-003
   264.515625000000         2.566111912769182E-003
   264.729375000000         2.900632810756495E-003
   264.943125000000         3.111183256624406E-003
   265.156875000000         3.186977321194242E-003
   265.370625000000         3.123688608250898E-003
   265.584375000000         2.923662320357539E-003
   265.798125000000         2.595825829374348E-003
   266.011875000000         2.155297176648033E-003
   266.225625000000         1.622700239550124E-003
   266.439375000000         1.023206171593799E-003
   266.653125000000         3.853331844615479E-004
   266.866875000000        -2.604496414292325E-004
   267.080625000000        -8.832549519711558E-004
   267.294375000000        -1.453373692108360E-003
   267.508125000000        -1.943852893432762E-003
   267.721875000000        -2.331965649165618E-003
   267.935625000000        -2.600483410993378E-003
   268.149375000000        -2.738666289235613E-003
   268.363125000000        -2.742899358951311E-003
   268.576875000000        -2.616921781750074E-003
   268.790625000000        -2.371619853930139E-003
   269.004375000000        -2.024383249079457E-003
   269.218125000000        -1.598053596470517E-003
   269.431875000000        -1.119523686562172E-003
   269.645625000000        -6.180715317727751E-004
   269.859375000000        -1.235339515116745E-004
   270.073125000000         3.355625423084206E-004
   270.286875000000         7.337912112848240E-004
   270.500625000000         1.050416969469007E-003
   270.714375000000         1.270685779015333E-003
   270.928125000000         1.386727247014981E-003
   271.141875000000         1.398012510616007E-003
   271.355625000000         1.311339568508370E-003
   271.569375000000         1.140349586422642E-003
   271.783125000000         9.046080166058439E-004
   271.996875000000         6.283114969742232E-004
   272.210625000000         3.387037041489418E-004
   272.424375000000         6.429940922648785E-005
   272.638125000000        -1.669747261687270E-004
   272.851875000000        -3.296116741652714E-004
   273.065625000000        -4.022210487398576E-004
   273.279375000000        -3.689946108219044E-004
   273.493125000000        -2.208578739669848E-004
   273.706875000000         4.375638198234749E-005
   273.920625000000         4.185562028015278E-004
   274.134375000000         8.894815868579424E-004
   274.348125000000         1.435237546981425E-003
   274.561875000000         2.028245873882462E-003
   274.775625000000         2.635971378272321E-003
   274.989375000000         3.222559234221713E-003
   275.203125000000         3.750703402574922E-003
   275.416875000000         4.183652669266742E-003
   275.630625000000         4.487251294192050E-003
   275.844375000000         4.631906324822094E-003
   276.058125000000         4.594373905808131E-003
   276.271875000000         4.359262874166497E-003
   276.485625000000         3.920165775096356E-003
   276.699375000000         3.280345019103309E-003
   276.913125000000         2.452924653065834E-003
   277.126875000000         1.460565099816538E-003
   277.340625000000         3.346277495776926E-004
   277.554375000000        -8.861333942116196E-004
   277.768125000000        -2.157286802609748E-003
   277.981875000000        -3.430753498703474E-003
   278.195625000000        -4.657040359716565E-003
   278.409375000000        -5.787552054064938E-003
   278.623125000000        -6.776852549109350E-003
   278.836875000000        -7.584751475025692E-003
   279.050625000000        -8.178103522541428E-003
   279.264375000000        -8.532229450566149E-003
   279.478125000000        -8.631893476157046E-003
   279.691875000000        -8.471801595213867E-003
   279.905625000000        -8.056616228713604E-003
   280.119375000000        -7.400511962240387E-003
   280.333125000000        -6.526322728630667E-003
   280.546875000000        -5.464350719751678E-003
   280.760625000000        -4.250920393158200E-003
   280.974375000000        -2.926766702181000E-003
   281.188125000000        -1.535345430313451E-003
   281.401875000000        -1.211462518248757E-004
   281.615625000000         1.271922592623786E-003
   281.829375000000         2.602023464909664E-003
   282.043125000000         3.830712833451626E-003
   282.256875000000         4.924073559394575E-003
   282.470625000000         5.853641929652141E-003
   282.684375000000         6.597123664825976E-003
   282.898125000000         7.138897949955999E-003
   283.111875000000         7.470310336435130E-003
   283.325625000000         7.589755080945422E-003
   283.539375000000         7.502546398529999E-003
   283.753125000000         7.220577606993937E-003
   283.966875000000         6.761768503536332E-003
   284.180625000000         6.149305474011827E-003
   284.394375000000         5.410686205930586E-003
   284.608125000000         4.576591256774544E-003
   284.821875000000         3.679617290828671E-003
   285.035625000000         2.752920168107317E-003
   285.249375000000         1.828828499984450E-003
   285.463125000000         9.374978858839233E-004
   285.676875000000         1.056810437445062E-004
   285.890625000000        -6.443119403985132E-004
   286.104375000000        -1.295396764149390E-003
   286.318125000000        -1.836189491746187E-003
   286.531875000000        -2.261141047755401E-003
   286.745625000000        -2.570324881909310E-003
   286.959375000000        -2.768897933410522E-003
   287.173125000000        -2.866281334645586E-003
   287.386875000000        -2.875130307050463E-003
   287.600625000000        -2.810179898382556E-003
   287.814375000000        -2.687062607963781E-003
   288.028125000000        -2.521194351148899E-003
   288.241875000000        -2.326816389359921E-003
   288.455625000000        -2.116263572818728E-003
   288.669375000000        -1.899505232487004E-003
   288.883125000000        -1.683976806302700E-003
   289.096875000000        -1.474690776029510E-003
   289.310625000000        -1.274587863423408E-003
   289.524375000000        -1.085066621399722E-003
   289.738125000000        -9.066139470526323E-004
   289.951875000000        -7.394522085856981E-004
   290.165625000000        -5.841211885136718E-004
   290.379375000000        -4.419244130887683E-004
   290.593125000000        -3.151881824883232E-004
   290.806875000000        -2.073054496050091E-004
   291.020625000000        -1.225628007189010E-004
   291.234375000000        -6.577416399503261E-005
   291.448125000000        -4.176667645385793E-005
   291.661875000000        -5.478004307015501E-005
   291.875625000000        -1.078491553177599E-004
   292.089375000000        -2.022400647016004E-004
   292.303125000000        -3.370019721501264E-004
   292.516875000000        -5.086839423501455E-004
   292.730625000000        -7.112465459780347E-004
   292.944375000000        -9.361779807544002E-004
   293.158125000000        -1.172803958299713E-003
   293.371875000000        -1.408763100858957E-003
   293.585625000000        -1.630606611658289E-003
   293.799375000000        -1.824473698371870E-003
   294.013125000000        -1.976792950338748E-003
   294.226875000000        -2.074964080965743E-003
   294.440625000000        -2.107982917689697E-003
   294.654375000000        -2.066983517223669E-003
   294.868125000000        -1.945682835192239E-003
   295.081875000000        -1.740723586739699E-003
   295.295625000000        -1.451918253102410E-003
   295.509375000000        -1.082400659307430E-003
   295.723125000000        -6.386909403150176E-004
   295.936875000000        -1.306755612892850E-004
   296.150625000000         4.285024196046398E-004
   296.364375000000         1.022654743330651E-003
   296.578125000000         1.632878638162206E-003
   296.791875000000         2.238026971587969E-003
   297.005625000000         2.815335854574140E-003
   297.219375000000         3.341219967865400E-003
   297.433125000000         3.792232626228466E-003
   297.646875000000         4.146169725959450E-003
   297.860625000000         4.383276011405172E-003
   298.074375000000         4.487491007065334E-003
   298.288125000000         4.447653349241723E-003
   298.501875000000         4.258569010193193E-003
   298.715625000000         3.921843585169550E-003
   298.929375000000         3.446383240766149E-003
   299.143125000000         2.848483922322407E-003
   299.356875000000         2.151453611216696E-003
   299.570625000000         1.384746188095277E-003
   299.784375000000         5.826250344668088E-004
   299.998125000000        -2.175837564989316E-004
   300.211875000000        -9.775489550348424E-004
   300.425625000000        -1.660169453250206E-003
   300.639375000000        -2.231830662216657E-003
   300.853125000000        -2.664515069087867E-003
   301.066875000000        -2.937604269730575E-003
   301.280625000000        -3.039229059055067E-003
   301.494375000000        -2.967057090916464E-003
   301.708125000000        -2.728451441370634E-003
   301.921875000000        -2.339984151416169E-003
   302.135625000000        -1.826341715185353E-003
   302.349375000000        -1.218709439135530E-003
   302.563125000000        -5.527637823717926E-004
   302.776875000000         1.335678954372125E-004
   302.990625000000         8.024052050250997E-004
   303.204375000000         1.418095862178770E-003
   303.418125000000         1.949122256745007E-003
   303.631875000000         2.369606179651794E-003
   303.845625000000         2.660325716962348E-003
   304.059375000000         2.809205989847616E-003
   304.273125000000         2.811294545880604E-003
   304.486875000000         2.668277813922470E-003
   304.700625000000         2.387632627694261E-003
   304.914375000000         1.981532859765205E-003
   305.128125000000         1.465643457263274E-003
   305.341875000000         8.579319232575334E-004
   305.555625000000         1.776113944985799E-004
   305.769375000000        -5.556977920444335E-004
   305.983125000000        -1.322536347574686E-003
   306.196875000000        -2.103891360908064E-003
   306.410625000000        -2.881224259506314E-003
   306.624375000000        -3.636300330983392E-003
   306.838125000000        -4.350903644969007E-003
   307.051875000000        -5.006535128913424E-003
   307.265625000000        -5.584193209748752E-003
   307.479375000000        -6.064325944606235E-003
   307.693125000000        -6.427022345863169E-003
   307.906875000000        -6.652481189535603E-003
   308.120625000000        -6.721761316263012E-003
   308.334375000000        -6.617782046296527E-003
   308.548125000000        -6.326509597588764E-003
   308.761875000000        -5.838238695748168E-003
   308.975625000000        -5.148860549769136E-003
   309.189375000000        -4.261000725906363E-003
   309.403125000000        -3.184913777948049E-003
   309.616875000000        -1.939035280030026E-003
   309.830625000000        -5.501146630583242E-004
   310.044375000000         9.471182999499909E-004
   310.258125000000         2.510767166451240E-003
   310.471875000000         4.093042195735240E-003
   310.685625000000         5.641940655345444E-003
   310.899375000000         7.103253459629640E-003
   311.113125000000         8.422796084786197E-003
   311.326875000000         9.548747850011410E-003
   311.540625000000         1.043397785937356E-002
   311.754375000000         1.103823791933992E-002
   311.968125000000         1.133011174468397E-002
   312.181875000000         1.128862447191689E-002
   312.395625000000         1.090443540101918E-002
   312.609375000000         1.018055841069949E-002
   312.823125000000         9.132577169807704E-003
   313.036875000000         7.788344850483108E-003
   313.250625000000         6.187179580225086E-003
   313.464375000000         4.378586697752263E-003
   313.678125000000         2.420556618308104E-003
   313.891875000000         3.775025835396530E-004
   314.105625000000        -1.682084307516049E-003
   314.319375000000        -3.688174677582390E-003
   314.533125000000        -5.571838769996755E-003
   314.746875000000        -7.267880952836502E-003
   314.960625000000        -8.717366787252325E-003
   315.174375000000        -9.869939807935905E-003
   315.388125000000        -1.068583029537469E-002
   315.601875000000        -1.113746773551393E-002
   315.815625000000        -1.121062251477372E-002
   316.029375000000        -1.090502055436273E-002
   316.243125000000        -1.023439656006656E-002
   316.456875000000        -9.225976479887293E-003
   316.670625000000        -7.919406383719381E-003
   316.884375000000        -6.365171772443386E-003
   317.098125000000        -4.622576575258883E-003
   317.311875000000        -2.757373063856432E-003
   317.525625000000        -8.391510038833331E-004
   317.739375000000         1.061394706353992E-003
   317.953125000000         2.875194720682199E-003
   318.166875000000         4.537414383799124E-003
   318.380625000000         5.989831698031143E-003
   318.594375000000         7.182890740449903E-003
   318.808125000000         8.077357987212024E-003
   319.021875000000         8.645532647157818E-003
   319.235625000000         8.871986613108947E-003
   319.449375000000         8.753833087578381E-003
   319.663125000000         8.300543640760017E-003
   319.876875000000         7.533350126815412E-003
   320.090625000000         6.484279760855681E-003
   320.304375000000         5.194878571984364E-003
   320.518125000000         3.714680801191155E-003
   320.731875000000         2.099480504183317E-003
   320.945625000000         4.094578971528907E-004
   321.159375000000        -1.292791736634165E-003
   321.373125000000        -2.944283101545128E-003
   321.586875000000        -4.483679243728635E-003
   321.800625000000        -5.853303090070377E-003
   322.014375000000        -7.001080100936178E-003
   322.228125000000        -7.882365823119183E-003
   322.441875000000        -8.461606637348049E-003
   322.655625000000        -8.713776404079105E-003
   322.869375000000        -8.625527522539801E-003
   323.083125000000        -8.195993676748703E-003
   323.296875000000        -7.437184620823965E-003
   323.510625000000        -6.373921748163574E-003
   323.724375000000        -5.043277344967014E-003
   323.938125000000        -3.493500149961976E-003
   324.151875000000        -1.782434254505002E-003
   324.365625000000         2.453401829032790E-005
   324.579375000000         1.856937814569014E-003
   324.793125000000         3.642008890117007E-003
   325.006875000000         5.307658826357402E-003
   325.220625000000         6.785528417531773E-003
   325.434375000000         8.013960272442696E-003
   325.648125000000         8.940747328613713E-003
   325.861875000000         9.525516841362550E-003
   326.075625000000         9.741625222860140E-003
   326.289375000000         9.577462867903050E-003
   326.503125000000         9.037098182404026E-003
   326.716875000000         8.140224328450215E-003
   326.930625000000         6.921408354880200E-003
   327.144375000000         5.428677992113054E-003
   327.358125000000         3.721514221740197E-003
   327.571875000000         1.868345900768651E-003
   327.785625000000        -5.633518083222283E-005
   327.999375000000        -1.975105267394803E-003
   328.213125000000        -3.810844177366822E-003
   328.426875000000        -5.489933127978205E-003
   328.640625000000        -6.945278219272179E-003
   328.854375000000        -8.119034256819344E-003
   329.068125000000        -8.964919534667794E-003
   329.281875000000        -9.450031739312309E-003
   329.495625000000        -9.556097283112332E-003
   329.709375000000        -9.280110245025678E-003
   329.923125000000        -8.634341913928261E-003
   330.136875000000        -7.645727010433768E-003
   330.350625000000        -6.354657363929784E-003
   330.564375000000        -4.813237484625307E-003
   330.778125000000        -3.083078374015927E-003
   330.991875000000        -1.232725248985543E-003
   331.205625000000         6.651692814424581E-004
   331.419375000000         2.536803586807275E-003
   331.633125000000         4.310187767337955E-003
   331.846875000000         5.917977489769277E-003
   332.060625000000         7.300057977922769E-003
   332.274375000000         8.405768176322458E-003
   332.488125000000         9.195674232503698E-003
   332.701875000000         9.642825834175315E-003
   332.915625000000         9.733457170262218E-003
   333.129375000000         9.467124514793288E-003
   333.343125000000         8.856302529818356E-003
   333.556875000000         7.925489122916313E-003
   333.770625000000         6.709891974472230E-003
   333.984375000000         5.253786913742177E-003
   334.198125000000         3.608647959867678E-003
   334.411875000000         1.831150537858479E-003
   334.625625000000        -1.885661436481188E-005
   334.839375000000        -1.880327993215572E-003
   335.053125000000        -3.692881116019516E-003
   335.266875000000        -5.398494768367971E-003
   335.480625000000        -6.943021732327029E-003
   335.694375000000        -8.277510764708437E-003
   335.908125000000        -9.359347184849556E-003
   336.121875000000        -1.015323030599964E-002
   336.335625000000        -1.063200828948925E-002
   336.549375000000        -1.077738685070106E-002
   336.763125000000        -1.058051848978485E-002
   336.976875000000        -1.004246520743016E-002
   337.190625000000        -9.174512219097300E-003
   337.404375000000        -7.998295536476139E-003
   337.618125000000        -6.545694992782045E-003
   337.831875000000        -4.858438604520418E-003
   338.045625000000        -2.987365768085590E-003
   338.259375000000        -9.913065734785075E-004
   338.473125000000         1.064447557551340E-003
   338.686875000000         3.110081628795901E-003
   338.900625000000         5.073572596122743E-003
   339.114375000000         6.883319001546859E-003
   339.328125000000         8.470988370527805E-003
   339.541875000000         9.774456898319059E-003
   339.755625000000         1.074069341189464E-002
   339.969375000000         1.132842621703369E-002
   340.183125000000         1.151042907405922E-002
