  -1.60312500000000        -1.791060065365700E-024
  -1.38937500000000        -1.382451654333991E-022
  -1.17562500000000        -1.607170150837131E-021
 -0.961875000000000        -1.096652622040815E-020
 -0.748125000000000        -5.597770274327235E-020
 -0.534375000000000        -2.343752501903149E-019
 -0.320625000000000        -8.403543544045944E-019
 -0.106875000000000        -2.642230160067555E-018
  0.106875000000000        -7.398765628959520E-018
  0.320625000000000        -1.867806539236858E-017
  0.534375000000000        -4.296209074449407E-017
  0.748125000000000        -9.090226462702356E-017
  0.961875000000000        -1.784884367848556E-016
   1.17562500000000        -3.278413262704056E-016
   1.38937500000000        -5.673433865291891E-016
   1.60312500000000        -9.309575510083724E-016
   1.81687500000000        -1.456677915579794E-015
   2.03062500000000        -2.184127339934158E-015
   2.24437500000000        -3.151582075154000E-015
   2.45812500000000        -4.392686734035941E-015
   2.67187500000000        -5.933174722568064E-015
   2.88562500000000        -7.788088558435294E-015
   3.09937500000000        -9.959832014264056E-015
   3.31312500000000        -1.243728180189579E-014
   3.52687500000000        -1.519616153867609E-014
   3.74062500000000        -1.820078214908948E-014
   3.95437500000000        -2.140677486639459E-014
   4.16812500000000        -2.476446637983804E-014
   4.38187500000000        -2.822281127004927E-014
   4.59562500000000        -3.173312639103262E-014
   4.80937500000000        -3.525219526350458E-014
   5.02312500000000        -3.874450701766639E-014
   5.23687500000000        -4.218339991274828E-014
   5.45062500000000        -4.555107501274813E-014
   5.66437500000000        -4.883754883617516E-014
   5.87812500000000        -5.203926277597178E-014
   6.09187500000000        -5.515735933529929E-014
   6.30562500000000        -5.819615830033437E-014
   6.51937500000000        -6.116247067639309E-014
   6.73312500000000        -6.406575533066633E-014
   6.94687500000000        -6.691889664421421E-014
   7.16062500000000        -6.973965486857057E-014
   7.37437500000000        -7.255255177574752E-014
   7.58812500000000        -7.539026800690873E-014
   7.80187500000000        -7.829408899977533E-014
   8.01562500000000        -8.131319809610987E-014
   8.22937500000000        -8.450253874402781E-014
   8.44312500000000        -8.791900976708564E-014
   8.65687500000000        -9.161663396803359E-014
   8.87062500000000        -9.564116107487084E-014
   9.08437500000000        -1.000247505979233E-013
   9.29812500000000        -1.047815764979410E-013
   9.51187500000000        -1.099050685230444E-013
   9.72562500000000        -1.153671041789446E-013
   9.93937500000000        -1.211194675109660E-013
   10.1531250000000        -1.270974062555993E-013
   10.3668750000000        -1.332246491831526E-013
   10.5806250000000        -1.394194253151132E-013
   10.7943750000000        -1.456004444899311E-013
   11.0081250000000        -1.516921971493202E-013
   11.2218750000000        -1.576288973207068E-013
   11.4356250000000        -1.633566954187517E-013
   11.6493750000000        -1.688342806504930E-013
   11.8631250000000        -1.740320628542813E-013
   12.0768750000000        -1.789304351902077E-013
   12.2906250000000        -1.835179613172379E-013
   12.5043750000000        -1.877900778303908E-013
   12.7181250000000        -1.917487345846180E-013
   12.9318750000000        -1.954033801341486E-013
   13.1456250000000        -1.987729604595130E-013
   13.3593750000000        -2.018883900625584E-013
   13.5731250000000        -2.047950175934259E-013
   13.7868750000000        -2.075540581950767E-013
   14.0006250000000        -2.102422886331782E-013
   14.2143750000000        -2.129495223162077E-013
   14.4281250000000        -2.157735635559159E-013
   14.6418750000000        -2.188132533754172E-013
   14.8556250000000        -2.221602062780342E-013
   15.0693750000000        -2.258902510075242E-013
   15.2831250000000        -2.300559401990260E-013
   15.4968750000000        -2.346813257557687E-013
   15.7106250000000        -2.397598589238957E-013
   15.9243750000000        -2.452558679860133E-013
   16.1381250000000        -2.511095713267237E-013
   16.3518750000000        -2.572450580795898E-013
   16.5656250000000        -2.635800127070722E-013
   16.7793750000000        -2.700357644513620E-013
   16.9931250000000        -2.765461811661968E-013
   17.2068750000000        -2.830639316434343E-013
   17.4206250000000        -2.895634520250908E-013
   17.6343750000000        -2.960400241028923E-013
   17.8481250000000        -3.025052535947445E-013
   18.0618750000000        -3.089800576454357E-013
   18.2756250000000        -3.154861898963532E-013
   18.4893750000000        -3.220382426544405E-013
   18.7031250000000        -3.286373886960189E-013
   18.9168750000000        -3.352681683455016E-013
   19.1306250000000        -3.418989652594246E-013
   19.3443750000000        -3.484862112452095E-013
   19.5581250000000        -3.549816810093809E-013
   19.7718750000000        -3.613414044771589E-013
   19.9856250000000        -3.675350329373804E-013
   20.1993750000000        -3.735537336230470E-013
   20.4131250000000        -3.794152122596366E-013
   20.6268750000000        -3.851649874486415E-013
   20.8406250000000        -3.908735549738841E-013
   21.0543750000000        -3.966296279845286E-013
   21.2681250000000        -4.025306225722879E-013
   21.4818750000000        -4.086718009930259E-013
   21.6956250000000        -4.151356466280420E-013
   21.9093750000000        -4.219832409785152E-013
   22.1231250000000        -4.292489113780765E-013
   22.3368750000000        -4.369388864881324E-013
   22.5506250000000        -4.450339765943688E-013
   22.7643750000000        -4.534958170350220E-013
   22.9781250000000        -4.622754556222841E-013
   23.1918750000000        -4.713226669757901E-013
   23.4056250000000        -4.805945161043397E-013
   23.6193750000000        -4.900616636802363E-013
   23.8331250000000        -4.997113112685858E-013
   24.0468750000000        -5.095464879976895E-013
   24.2606250000000        -5.195819574231477E-013
   24.4743750000000        -5.298374596965513E-013
   24.6881250000000        -5.403296876018183E-013
   24.9018750000000        -5.510644954700849E-013
   25.1156250000000        -5.620309403628825E-013
   25.3293750000000        -5.731982175831623E-013
   25.5431250000000        -5.845162386221529E-013
   25.7568750000000        -5.959198654691775E-013
   25.9706250000000        -6.073361867850915E-013
   26.1843750000000        -6.186938095888401E-013
   26.3981250000000        -6.299327535007848E-013
   26.6118750000000        -6.410133310917694E-013
   26.8256250000000        -6.519224406637020E-013
   27.0393750000000        -6.626766303066033E-013
   27.2531250000000        -6.733211674810125E-013
   27.4668750000000        -6.839251964965795E-013
   27.6806250000000        -6.945738716120993E-013
   27.8943750000000        -7.053585128914348E-013
   28.1081250000000        -7.163662666537642E-013
   28.3218750000000        -7.276709124973286E-013
   28.5356250000000        -7.393258489695955E-013
   28.7493750000000        -7.513602001938725E-013
   28.9631250000000        -7.637786135704301E-013
   29.1768750000000        -7.765642510092890E-013
   29.3906250000000        -7.896842888424706E-013
   29.6043750000000        -8.030969616948657E-013
   29.8181250000000        -8.167586607727200E-013
   30.0318750000000        -8.306298902143998E-013
   30.2456250000000        -8.446791715204795E-013
   30.4593750000000        -8.588841779077364E-013
   30.6731250000000        -8.732301121776426E-013
   30.8868750000000        -8.877057795879386E-013
   31.1006250000000        -9.022981494496833E-013
   31.3143750000000        -9.169866130840931E-013
   31.5281250000000        -9.317381508818212E-013
   31.7418750000000        -9.465045477399520E-013
   31.9556250000000        -9.612223600949277E-013
   32.1693750000000        -9.758160443740130E-013
   32.3831250000000        -9.902040569764644E-013
   32.5968750000000        -1.004307254182490E-012
   32.8106250000000        -1.018058448092140E-012
   33.0243750000000        -1.031411705685534E-012
   33.2381250000000        -1.044350178533613E-012
   33.4518750000000        -1.056891108850230E-012
   33.6656250000000        -1.069087132924053E-012
   33.8793750000000        -1.081023579117019E-012
   34.0931250000000        -1.092811874624948E-012
   34.3068750000000        -1.104579871444708E-012
   34.5206250000000        -1.116460282455546E-012
   34.7343750000000        -1.128578633095702E-012
   34.9481250000000        -1.141042366879793E-012
   35.1618750000000        -1.153932433177170E-012
   35.3756250000000        -1.167298381684122E-012
   35.5893750000000        -1.181157617359595E-012
   35.8031250000000        -1.195498704273545E-012
   36.0168750000000        -1.210288083401513E-012
   36.2306250000000        -1.225479271834035E-012
   36.4443750000000        -1.241022970208768E-012
   36.6581250000000        -1.256876568936258E-012
   36.8718750000000        -1.273011799148510E-012
   37.0856250000000        -1.289419170766659E-012
   37.2993750000000        -1.306108629030812E-012
   37.5131250000000        -1.323106385958093E-012
   37.7268750000000        -1.340448568497393E-012
   37.9406250000000        -1.358172542224591E-012
   38.1543750000000        -1.376307284421338E-012
   38.3681250000000        -1.394864489851763E-012
   38.5818750000000        -1.413831955321815E-012
   38.7956250000000        -1.433170161117710E-012
   39.0093750000000        -1.452812822846279E-012
   39.2231250000000        -1.472671816484324E-012
   39.4368750000000        -1.492645335215441E-012
   39.6506250000000        -1.512628557039313E-012
   39.8643750000000        -1.532525445245435E-012
   40.0781250000000        -1.552259879285383E-012
   40.2918750000000        -1.571784733881325E-012
   40.5056250000000        -1.591087666605618E-012
   40.7193750000000        -1.610192962458954E-012
   40.9331250000000        -1.629159229215619E-012
   41.1468750000000        -1.648073474855159E-012
   41.3606250000000        -1.667042364356621E-012
   41.5743750000000        -1.686181862833753E-012
   41.7881250000000        -1.705606704182621E-012
   42.0018750000000        -1.725420653234477E-012
   42.2156250000000        -1.745708647098976E-012
   42.4293750000000        -1.766531188478907E-012
   42.6431250000000        -1.787921173557434E-012
   42.8568750000000        -1.809882880549996E-012
   43.0706250000000        -1.832392605358333E-012
   43.2843750000000        -1.855400567855992E-012
   43.4981250000000        -1.878833706854308E-012
   43.7118750000000        -1.902599487837371E-012
   43.9256250000000        -1.926590596249262E-012
   44.1393750000000        -1.950691374988280E-012
   44.3531250000000        -1.974786297016187E-012
   44.5668750000000        -1.998770583884292E-012
   44.7806250000000        -2.022563009280644E-012
   44.9943750000000        -2.046119591197370E-012
   45.2081250000000        -2.069446492502547E-012
   45.4218750000000        -2.092609756853061E-012
   45.6356250000000        -2.115738897289203E-012
   45.8493750000000        -2.139021587940599E-012
   46.0631250000000        -2.162687390459573E-012
   46.2768750000000        -2.186979772509528E-012
   46.4906250000000        -2.212117718240853E-012
   46.7043750000000        -2.238250146115236E-012
   46.9181250000000        -2.265408728384799E-012
   47.1318750000000        -2.293466727806252E-012
   47.3456250000000        -2.322112089573516E-012
   47.5593750000000        -2.350842965259520E-012
   47.7731250000000        -2.378992040176266E-012
   47.9868750000000        -2.405783171448639E-012
   48.2006250000000        -2.430419304776652E-012
   48.4143750000000        -2.452195389512223E-012
   48.6281250000000        -2.470625060114350E-012
   48.8418750000000        -2.485564888773099E-012
   49.0556250000000        -2.497317268835713E-012
   49.2693750000000        -2.506692028057987E-012
   49.4831250000000        -2.515009193351792E-012
   49.6968750000000        -2.524030232072752E-012
   49.9106250000000        -2.535813178315460E-012
   50.1243750000000        -2.552497371481953E-012
   50.3381250000000        -2.576034314198918E-012
   50.5518750000000        -2.607891778479412E-012
   50.7656250000000        -2.648767317036343E-012
   50.9793750000000        -2.698352241187487E-012
   51.1931250000000        -2.755187339178365E-012
   51.4068750000000        -2.816646194762257E-012
   51.6206250000000        -2.879070577719179E-012
   51.8343750000000        -2.938066207706843E-012
   52.0481250000000        -2.988946664939057E-012
   52.2618750000000        -3.027291461979830E-012
   52.4756250000000        -3.049563605024033E-012
   52.6893750000000        -3.053715057035904E-012
   52.9031250000000        -3.039698767796682E-012
   53.1168750000000        -3.009805750956392E-012
   53.3306250000000        -2.968754915364704E-012
   53.5443750000000        -2.923484897659898E-012
   53.7581250000000        -2.882628122915206E-012
   53.9718750000000        -2.855684719538283E-012
   54.1856250000000        -2.851956168825536E-012
   54.3993750000000        -2.879338008097718E-012
   54.6131250000000        -2.943103737308452E-012
   54.8268750000000        -3.044833437513465E-012
   55.0406250000000        -3.181644631166791E-012
   55.2543750000000        -3.345867914480991E-012
   55.4681250000000        -3.525273994623918E-012
   55.6818750000000        -3.703904961299642E-012
   55.8956250000000        -3.863494257900619E-012
   56.1093750000000        -3.985382827831002E-012
   56.3231250000000        -4.052763728013111E-012
   56.5368750000000        -4.053023177231914E-012
   56.7506250000000        -3.979900680635475E-012
   56.9643750000000        -3.835174921339204E-012
   57.1781250000000        -3.629600817100713E-012
   57.3918750000000        -3.382878090142166E-012
   57.6056250000000        -3.122521893751951E-012
   57.8193750000000        -2.881624175067941E-012
   58.0331250000000        -2.695629964582655E-012
   58.2468750000000        -2.598389761468584E-012
   58.4606250000000        -2.617873007128408E-012
   58.6743750000000        -2.772019036310812E-012
   58.8881250000000        -3.065246462044298E-012
   59.1018750000000        -3.486128392292725E-012
   59.3156250000000        -4.006663247492073E-012
   59.5293750000000        -4.583431714440176E-012
   59.7431250000000        -5.160737895388530E-012
   59.9568750000000        -5.675605810324374E-012
   60.1706250000000        -6.064263328366574E-012
   60.3843750000000        -6.269523452915939E-012
   60.5981250000000        -6.248294999766344E-012
   60.8118750000000        -5.978349159369029E-012
   61.0256250000000        -5.463455724870336E-012
   61.2393750000000        -4.736093775213559E-012
   61.4531250000000        -3.857137386834212E-012
   61.6668750000000        -2.912206856777306E-012
   61.8806250000000        -2.004732128830233E-012
   62.0943750000000        -1.246164332182453E-012
   62.3081250000000        -7.441523628843916E-013
   62.5218750000000        -5.898242115871345E-013
   62.7356250000000        -8.455378492213286E-013
   62.9493750000000        -1.534555729831822E-012
   63.1631250000000        -2.634027379747341E-012
   63.3768750000000        -4.072428561826584E-012
   63.5906250000000        -5.732215270866192E-012
   63.8043750000000        -7.457937120252176E-012
   64.0181250000000        -9.069462482772564E-012
   64.2318750000000        -1.037936083108847E-011
   64.4456250000000        -1.121292976830142E-011
   64.6593750000000        -1.142891369288310E-011
   64.8731250000000        -1.093869743586899E-011
   65.0868750000000        -9.721712891210043E-012
   65.3006250000000        -7.834996687796180E-012
   65.5143750000000        -5.415277733559653E-012
   65.7281250000000        -2.672626886568222E-012
   65.9418750000000         1.244845519369061E-013
   66.1556250000000         2.671969631461749E-012
   66.3693750000000         4.659107161422472E-012
   66.5831250000000         5.801268935006616E-012
   66.7968750000000         5.873322942640714E-012
   67.0106250000000         4.740286991589756E-012
   67.2243750000000         2.381768298525563E-012
   67.4381250000000        -1.092969036721706E-012
   67.6518750000000        -5.441818951853948E-012
   67.8656250000000        -1.030009106237935E-011
   68.0793750000000        -1.520458682174231E-011
   68.2931250000000        -1.963054350652818E-011
   68.5068750000000        -2.303914405933098E-011
   68.7206250000000        -2.493203258213568E-011
   68.9343750000000        -2.490823234797806E-011
   69.1481250000000        -2.271814903118111E-011
   69.3618750000000        -1.830904157761400E-011
   69.5756250000000        -1.185652344741790E-011
   69.7893750000000        -3.777343021900950E-012
   70.0031250000000         5.280127594006338E-012
   70.2168750000000         1.446963711958140E-011
   70.4306250000000         2.280499197449367E-011
   70.6443750000000         2.923992847979834E-011
   70.8581250000000         3.276536936834601E-011
   71.0718750000000         3.251732299063250E-011
   71.2856250000000         2.788678472535463E-011
   71.4993750000000         1.862158943060956E-011
   71.7131250000000         4.909424216605137E-012
   71.9268750000000        -1.256869880110762E-011
   72.1406250000000        -3.262417254535882E-011
   72.3543750000000        -5.359334477342416E-011
   72.5681250000000        -7.342146163741972E-011
   72.7818750000000        -8.979863537177031E-011
   72.9956250000000        -1.003438105904789E-010
   73.2093750000000        -1.028276194973067E-010
   73.4231250000000        -9.541987896206325E-011
   73.6368750000000        -7.694274000308010E-011
   73.8506250000000        -4.710665259215875E-011
   74.0643750000000        -6.703868151317430E-012
   74.2781250000000         4.226635416647651E-011
   74.4918750000000         9.656494230184641E-011
   74.7056250000000         1.517924389687489E-010
   74.9193750000000         2.025936087283702E-010
   75.1331250000000         2.429908350052785E-010
   75.3468750000000         2.668385566754638E-010
   75.5606250000000         2.683783044133873E-010
   75.7743750000000         2.428608297832952E-010
   75.9881250000000         1.871895334006109E-010
   76.2018750000000         1.005291839977007E-010
   76.4156250000000        -1.518289550503355E-011
   76.6293750000000        -1.548881830562404E-010
   76.8431250000000        -3.102824050040706E-010
   77.0568750000000        -4.699668781647809E-010
   77.2706250000000        -6.199113438428613E-010
   77.4843750000000        -7.442416440250882E-010
   77.6981250000000        -8.263383434272392E-010
   77.9118750000000        -8.502018412491901E-010
   78.1256250000000        -8.020079002702213E-010
   78.3393750000000        -6.717475596753018E-010
   78.5531250000000        -4.548200759650514E-010
   78.7668750000000        -1.534298683735306E-010
   78.9806250000000         2.223687923396615E-010
   79.1943750000000         6.541301717048757E-010
   79.4081250000000         1.115109797869298E-009
   79.6218750000000         1.571088725253334E-009
   79.8356250000000         1.981978809045877E-009
   80.0493750000000         2.304199243608262E-009
   80.2631250000000         2.493747370729261E-009
   80.4768750000000         2.509816133988311E-009
   80.6906250000000         2.318742099064580E-009
   80.9043750000000         1.898007782792711E-009
   81.1181250000000         1.239976335970066E-009
   81.3318750000000         3.550111761506676E-010
   81.5456250000000        -7.263672243277631E-010
   81.7593750000000        -1.952607206687793E-009
   81.9731250000000        -3.251796514844529E-009
   82.1868750000000        -4.534053040384485E-009
   82.4006250000000        -5.695698989216445E-009
   82.6143750000000        -6.625149806133474E-009
   82.8281250000000        -7.210305547100449E-009
   83.0418750000000        -7.347086915315127E-009
   83.2556250000000        -6.948622019330728E-009
   83.4693750000000        -5.954474733676226E-009
   83.6831250000000        -4.339222654211353E-009
   83.8968750000000        -2.119652097971979E-009
   84.1106250000000         6.401526980662406E-010
   84.3243750000000         3.826484149057659E-009
   84.5381250000000         7.276986283992663E-009
   84.7518750000000         1.078529167486845E-008
   84.9656250000000         1.410946021362381E-008
   85.1793750000000         1.698410243511726E-008
   85.3931250000000         1.913579229650844E-008
   85.6068750000000         2.030109375778179E-008
   85.8206250000000         2.024626193642923E-008
   86.0343750000000         1.878745349539502E-008
   86.2481250000000         1.581011202821633E-008
   86.4618750000000         1.128610011551473E-008
   86.6756250000000         5.287144431042031E-009
   86.8893750000000        -2.006747131452065E-009
   87.1031250000000        -1.030504372149779E-008
   87.3168750000000        -1.921148150305826E-008
   87.5306250000000        -2.823636364261276E-008
   87.7443750000000        -3.681640114363104E-008
   87.9581250000000        -4.434163210889505E-008
   88.1718750000000        -5.018844686819919E-008
   88.3856250000000        -5.375725186869724E-008
   88.5993750000000        -5.451286050435590E-008
   88.8131250000000        -5.202533790610995E-008
   89.0268750000000        -4.600878009788231E-008
   89.2406250000000        -3.635540171388181E-008
   89.4543750000000        -2.316235929312944E-008
   89.6681250000000        -6.748958599636980E-009
   89.8818750000000         1.233771637059223E-008
   90.0956250000000         3.333016998690319E-008
   90.3093750000000         5.526159667978483E-008
   90.5231250000000         7.700068019083464E-008
   90.7368750000000         9.729921896480263E-008
   90.9506250000000         1.148508646792818E-007
   91.1643750000000         1.283584645636474E-007
   91.3781250000000         1.366068006249603E-007
   91.5918750000000         1.385369707645294E-007
   91.8056250000000         1.333183021041151E-007
   92.0193750000000         1.204135598367076E-007
   92.2331250000000         9.963333700339912E-008
   92.4468750000000         7.117588829707086E-008
   92.6606250000000         3.564929461977833E-008
   92.8743750000000        -5.926311431338422E-009
   93.0881250000000        -5.213770733864474E-008
   93.3018750000000        -1.012188332391193E-007
   93.5156250000000        -1.511112368428827E-007
   93.7293750000000        -1.995424251530614E-007
   93.9431250000000        -2.441187395886962E-007
   94.1568750000000        -2.824284339686342E-007
   94.3706250000000        -3.121499221618287E-007
   94.5843750000000        -3.311597255490785E-007
   94.7981250000000        -3.376345251175513E-007
   95.0118750000000        -3.301419253120909E-007
   95.2256250000000        -3.077150622199618E-007
   95.4393750000000        -2.699070117251171E-007
   95.6531250000000        -2.168220284471633E-007
   95.8668750000000        -1.491219106836522E-007
   96.0806250000000        -6.800716372567407E-008
   96.2943750000000         2.482596141840617E-008
   96.5081250000000         1.272501330746249E-007
   96.7218750000000         2.367896896860691E-007
   96.9356250000000         3.507168847028675E-007
   97.1493750000000         4.661563471690232E-007
   97.3631250000000         5.801921243258149E-007
   97.5768750000000         6.899716717958474E-007
   97.7906250000000         7.928015101141629E-007
   98.0043750000000         8.862299491941607E-007
   98.2181250000000         9.681132480567754E-007
   98.4318750000000         1.036662759735083E-006
   98.6456250000000         1.090471929600103E-006
   98.8593750000000         1.128523378791642E-006
   99.0731250000000         1.150177618938120E-006
   99.2868750000000         1.155146118939517E-006
   99.5006250000000         1.143452397675107E-006
   99.7143750000000         1.115385481590447E-006
   99.9281250000000         1.071450396540006E-006
   100.141875000000         1.012320335560895E-006
   100.355625000000         9.387947600399269E-007
   100.569375000000         8.517669778148517E-007
   100.783125000000         7.522037485428626E-007
   100.996875000000         6.411382650074004E-007
   101.210625000000         5.196765355591522E-007
   101.424375000000         3.890158442994518E-007
   101.638125000000         2.504726922354466E-007
   101.851875000000         1.055165216073318E-007
   102.065625000000        -4.419531578165078E-008
   102.279375000000        -1.967863957273626E-007
   102.493125000000        -3.501390427497272E-007
   102.706875000000        -5.018860359006251E-007
   102.920625000000        -6.494204173629925E-007
   103.134375000000        -7.899265641875169E-007
   103.348125000000        -9.204343070029075E-007
   103.561875000000        -1.037896264485083E-006
   103.775625000000        -1.139286808363058E-006
   103.989375000000        -1.221719293956759E-006
   104.203125000000        -1.282576505697395E-006
   104.416875000000        -1.319647795216653E-006
   104.630625000000        -1.331265242683512E-006
   104.844375000000        -1.316430445880593E-006
   105.058125000000        -1.274923309619359E-006
   105.271875000000        -1.207384516302820E-006
   105.485625000000        -1.115364220700391E-006
   105.699375000000        -1.001330908028151E-006
   105.913125000000        -8.686362293472662E-007
   106.126875000000        -7.214338943457666E-007
   106.340625000000        -5.645532418774620E-007
   106.554375000000        -4.033307829466204E-007
   106.768125000000        -2.434056629873846E-007
   106.981875000000        -9.048745700301524E-008
   107.195625000000         4.989316829155552E-008
   107.409375000000         1.726387647978329E-007
   107.623125000000         2.733312187243387E-007
   107.836875000000         3.484562119515821E-007
   108.050625000000         3.955930461462157E-007
   108.264375000000         4.135581038410742E-007
   108.478125000000         4.024922220046854E-007
   108.691875000000         3.638849155344672E-007
   108.905625000000         3.005315825870633E-007
   109.119375000000         2.164233840691697E-007
   109.333125000000         1.165732193544967E-007
   109.546875000000         6.784903770600254E-009
   109.760625000000        -1.066239312285516E-007
   109.974375000000        -2.171317613968038E-007
   110.188125000000        -3.183402053617788E-007
   110.401875000000        -4.043010382349821E-007
   110.615625000000        -4.698255725832159E-007
   110.829375000000        -5.107593252448538E-007
   111.043125000000        -5.242064208582981E-007
   111.256875000000        -5.086906546945292E-007
   111.470625000000        -4.642434246264712E-007
   111.684375000000        -3.924126673513052E-007
   111.898125000000        -2.961912760912586E-007
   112.111875000000        -1.798679840458141E-007
   112.325625000000        -4.880810271350617E-008
   112.539375000000         9.082445877484989E-008
   112.753125000000         2.323890450657715E-007
   112.966875000000         3.691165337960156E-007
   113.180625000000         4.944649962374908E-007
   113.394375000000         6.024631850519669E-007
   113.608125000000         6.880229197849766E-007
   113.821875000000         7.472031663943035E-007
   114.035625000000         7.774113334596848E-007
   114.249375000000         7.775308731219295E-007
   114.463125000000         7.479684662882972E-007
   114.676875000000         6.906186385447207E-007
   114.890625000000         6.087483231498706E-007
   115.104375000000         5.068083836373572E-007
   115.318125000000         3.901831670560027E-007
   115.531875000000         2.648925451109736E-007
   115.745625000000         1.372634231926759E-007
   115.959375000000         1.358921973948977E-008
   116.173125000000        -1.002037343387991E-007
   116.386875000000        -1.988645641267788E-007
   116.600625000000        -2.780843431935359E-007
   116.814375000000        -3.347066511408628E-007
   117.028125000000        -3.668714740894780E-007
   117.241875000000        -3.740856102455975E-007
   117.455625000000        -3.572169432662293E-007
   117.669375000000        -3.184142196048439E-007
   117.883125000000        -2.609580710119501E-007
   118.096875000000        -1.890527342453121E-007
   118.310625000000        -1.075710390217423E-007
   118.524375000000        -2.176760240029794E-008
   118.738125000000         6.302333145989022E-008
   118.951875000000         1.416883974439942E-007
   119.165625000000         2.096173267706537E-007
   119.379375000000         2.629515202998704E-007
   119.593125000000         2.987857226036740E-007
   119.806875000000         3.153123345935505E-007
   120.020625000000         3.119012275466612E-007
   120.234375000000         2.891115920266748E-007
   120.448125000000         2.486361696718192E-007
   120.661875000000         1.931819672827198E-007
   120.875625000000         1.262950395735480E-007
   121.089375000000         5.213996319195698E-008
   121.303125000000        -2.475295134061130E-008
   121.516875000000        -9.975797995947440E-008
   121.730625000000        -1.684262547708726E-007
   121.944375000000        -2.267444220617079E-007
   122.158125000000        -2.713650218059973E-007
   122.371875000000        -2.997956385999530E-007
   122.585625000000        -3.105363174006506E-007
   122.799375000000        -3.031577706598190E-007
   123.013125000000        -2.783163551674632E-007
   123.226875000000        -2.377054705786358E-007
   123.440625000000        -1.839467160986751E-007
   123.654375000000        -1.204276235374416E-007
   123.868125000000        -5.109586031059081E-008
   124.081875000000         1.977771629986750E-008
   124.295625000000         8.785301985703575E-008
   124.509375000000         1.489766640399076E-007
   124.723125000000         1.994247956605777E-007
   124.936875000000         2.361186428651285E-007
   125.150625000000         2.568003067168251E-007
   125.364375000000         2.601587759684408E-007
   125.578125000000         2.458991805079626E-007
   125.791875000000         2.147517322338747E-007
   126.005625000000         1.684204226057146E-007
   126.219375000000         1.094751329290717E-007
   126.433125000000         4.119414917308719E-008
   126.646875000000        -3.263304240387340E-008
   126.860625000000        -1.079305398584240E-007
   127.074375000000        -1.805747410751747E-007
   127.288125000000        -2.466326657618362E-007
   127.501875000000        -3.025857505949188E-007
   127.715625000000        -3.455260194558574E-007
   127.929375000000        -3.733133375131179E-007
   128.143125000000        -3.846849184933202E-007
   128.356875000000        -3.793112139649998E-007
   128.570625000000        -3.577955898907614E-007
   128.784375000000        -3.216185913810081E-007
   128.998125000000        -2.730309098626113E-007
   129.211875000000        -2.149022038246983E-007
   129.425625000000        -1.505355095088556E-007
   129.639375000000        -8.345896391620992E-008
   129.853125000000        -1.720783746267026E-008
   130.066875000000         4.488963313921624E-008
   130.280625000000         9.990943581977806E-008
   130.494375000000         1.454999250881630E-007
   130.708125000000         1.800106700970222E-007
   130.921875000000         2.025742121703456E-007
   131.135625000000         2.131358634459653E-007
   131.349375000000         2.124299181585364E-007
   131.563125000000         2.019040111379617E-007
   131.776875000000         1.835966458915138E-007
   131.990625000000         1.599759292524585E-007
   132.204375000000         1.337501045161760E-007
   132.418125000000         1.076624059711851E-007
   132.631875000000         8.428393282257015E-008
   132.845625000000         6.581856896313399E-008
   133.059375000000         5.393341438958587E-008
   133.273125000000         4.962675470959883E-008
   133.486875000000         5.314334227769755E-008
   133.700625000000         6.394381447619559E-008
   133.914375000000         8.073159844345858E-008
   134.128125000000         1.015368543741135E-007
   134.341875000000         1.238531276174260E-007
   134.555625000000         1.448186645419371E-007
   134.769375000000         1.614310492752483E-007
   134.983125000000         1.707811714950566E-007
   135.196875000000         1.702907393310949E-007
   135.410625000000         1.579367573517020E-007
   135.624375000000         1.324466876160024E-007
   135.838125000000         9.344942188075933E-008
   136.051875000000         4.156966076386610E-008
   136.265625000000        -2.154330745884176E-008
   136.479375000000        -9.325730631351296E-008
   136.693125000000        -1.700697186471411E-007
   136.906875000000        -2.477861610973940E-007
   137.120625000000        -3.217562094629496E-007
   137.334375000000        -3.871528003664367E-007
   137.548125000000        -4.392784922509585E-007
   137.761875000000        -4.738793402876481E-007
   137.975625000000        -4.874459214948655E-007
   138.189375000000        -4.774811577025836E-007
   138.403125000000        -4.427160569820936E-007
   138.616875000000        -3.832572688931731E-007
   138.830625000000        -3.006542752835392E-007
   139.044375000000        -1.978788843339649E-007
   139.258125000000        -7.921516115400455E-008
   139.471875000000         4.993633508872883E-008
   139.685625000000         1.833305040818088E-007
   139.899375000000         3.142111886044980E-007
   140.113125000000         4.356872041999077E-007
   140.326875000000         5.411287302680453E-007
   140.540625000000         6.245600402959376E-007
   140.754375000000         6.810242148332286E-007
   140.968125000000         7.068966980239278E-007
   141.181875000000         7.001272729170723E-007
   141.395625000000         6.603940897832843E-007
   141.609375000000         5.891585434986864E-007
   141.823125000000         4.896157451623891E-007
   142.036875000000         3.665417003937501E-007
   142.250625000000         2.260446933518251E-007
   142.464375000000         7.523437848412231E-008
   142.678125000000        -7.817267983437026E-008
   142.891875000000        -2.262881413372190E-007
   143.105625000000        -3.615020484393787E-007
   143.319375000000        -4.769211405181743E-007
   143.533125000000        -5.667688741250687E-007
   143.746875000000        -6.267227437413177E-007
   143.960625000000        -6.541680537428970E-007
   144.174375000000        -6.483521530065139E-007
   144.388125000000        -6.104290214613383E-007
   144.601875000000        -5.433906420006491E-007
   144.815625000000        -4.518884084792539E-007
   145.029375000000        -3.419544993433900E-007
   145.243125000000        -2.206392809887611E-007
   145.456875000000        -9.558601954898009E-008
   145.670625000000         2.543184859538220E-008
   145.884375000000         1.349831597017779E-007
   146.098125000000         2.264326308996852E-007
   146.311875000000         2.943479884042882E-007
   146.525625000000         3.348355583165578E-007
   146.739375000000         3.457833964070579E-007
   146.953125000000         3.269964784227964E-007
   147.166875000000         2.802149121811813E-007
   147.380625000000         2.090131856950456E-007
   147.594375000000         1.185857079316701E-007
   147.808125000000         1.543088914826943E-008
   148.021875000000        -9.304768613875644E-008
   148.235625000000        -1.989992147949528E-007
   148.449375000000        -2.946151701838716E-007
   148.663125000000        -3.726206040489742E-007
   148.876875000000        -4.267371963253750E-007
   149.090625000000        -4.520895237116755E-007
   149.304375000000        -4.455293248190215E-007
   149.518125000000        -4.058574317268432E-007
   149.731875000000        -3.339292192196369E-007
   149.945625000000        -2.326365125890645E-007
   150.159375000000        -1.067664494615217E-007
   150.373125000000         3.725466610733726E-008
   150.586875000000         1.917174271694686E-007
   150.800625000000         3.480641036520712E-007
   151.014375000000         4.973761560659645E-007
   151.228125000000         6.308853538914765E-007
   151.441875000000         7.404780526549370E-007
   151.655625000000         8.191627728667195E-007
   151.869375000000         8.614736687977085E-007
   152.083125000000         8.637866030801483E-007
   152.296875000000         8.245300719390263E-007
   152.510625000000         7.442797831468559E-007
   152.724375000000         6.257328385272772E-007
   152.938125000000         4.735647459105536E-007
   153.151875000000         2.941794123582794E-007
   153.365625000000         9.536841359440777E-008
   153.579375000000        -1.140991822890681E-007
   153.793125000000        -3.249316257244662E-007
   154.006875000000        -5.277872229722420E-007
   154.220625000000        -7.137381021461408E-007
   154.434375000000        -8.746995836946909E-007
   154.648125000000        -1.003802713171866E-006
   154.861875000000        -1.095691755195754E-006
   155.075625000000        -1.146733622933712E-006
   155.289375000000        -1.155131953022675E-006
   155.503125000000        -1.120944435513271E-006
   155.716875000000        -1.046007682813267E-006
   155.930625000000        -9.337790147184540E-007
   156.144375000000        -7.891087491990044E-007
   156.358125000000        -6.179596963616052E-007
   156.571875000000        -4.270924186597388E-007
   156.785625000000        -2.237353989996002E-007
   156.999375000000        -1.525859560338555E-008
   157.213125000000         1.911329132843658E-007
   157.426875000000         3.886711830587350E-007
   157.640625000000         5.712529011111943E-007
   157.854375000000         7.336152218128348E-007
   158.068125000000         8.714568749547326E-007
   158.281875000000         9.815051528316268E-007
   158.495625000000         1.061532628703309E-006
   158.709375000000         1.110330089301046E-006
   158.923125000000         1.127644038586660E-006
   159.136875000000         1.114088177026130E-006
   159.350625000000         1.071038475274043E-006
   159.564375000000         1.000520902091766E-006
   159.778125000000         9.050996478481417E-007
   159.991875000000         7.877719652544517E-007
   160.205625000000         6.518737156908781E-007
   160.419375000000         5.009975637476803E-007
   160.633125000000         3.389237029191438E-007
   160.846875000000         1.695612022741650E-007
   161.060625000000        -3.103313376046804E-009
   161.274375000000        -1.750537913024269E-007
   161.488125000000        -3.422941001034938E-007
   161.701875000000        -5.009026966779896E-007
   161.915625000000        -6.470958449508414E-007
   162.129375000000        -7.773013030513406E-007
   162.343125000000        -8.882427515600016E-007
   162.556875000000        -9.770334203629803E-007
   162.770625000000        -1.041275556214557E-006
   162.984375000000        -1.079160729305962E-006
   163.198125000000        -1.089564664830883E-006
   163.411875000000        -1.072129439934677E-006
   163.625625000000        -1.027325607452472E-006
   163.839375000000        -9.564871520334670E-007
   164.053125000000        -8.618131598948402E-007
   164.266875000000        -7.463316491602500E-007
   164.480625000000        -6.138230746466208E-007
   164.694375000000        -4.687034584191807E-007
   164.908125000000        -3.158697418160684E-007
   165.121875000000        -1.605126206897885E-007
   165.335625000000        -7.904619545880337E-009
   165.549375000000         1.368267062417426E-007
   165.763125000000         2.689289468927289E-007
   165.976875000000         3.842459624019586E-007
   166.190625000000         4.794173462830004E-007
   166.404375000000         5.520442475963782E-007
   166.618125000000         6.008109896215740E-007
   166.831875000000         6.255540693012715E-007
   167.045625000000         6.272728751662220E-007
   167.259375000000         6.080796602434495E-007
   167.473125000000         5.710897543469742E-007
   167.686875000000         5.202564808560008E-007
   167.900625000000         4.601585350664622E-007
   168.114375000000         3.957504731159149E-007
   168.328125000000         3.320892659344970E-007
   168.541875000000         2.740514431461477E-007
   168.755625000000         2.260560868326135E-007
   168.969375000000         1.918087886314079E-007
   169.183125000000         1.740806668793441E-007
   169.396875000000         1.745347199032228E-007
   169.610625000000         1.936092832190329E-007
   169.824375000000         2.304653189782521E-007
   170.038125000000         2.830008808813392E-007
   170.251875000000         3.479325677084216E-007
   170.465625000000         4.209403058302632E-007
   170.679375000000         4.968685760379459E-007
   170.893125000000         5.699743899040947E-007
   171.106875000000         6.342100603509161E-007
   171.320625000000         6.835271962823143E-007
   171.534375000000         7.121874367812693E-007
   171.748125000000         7.150652401930650E-007
   171.961875000000         6.879285332677907E-007
   172.175625000000         6.276841488395741E-007
   172.389375000000         5.325766551559883E-007
   172.603125000000         4.023313058649673E-007
   172.816875000000         2.382343062613791E-007
   173.030625000000         4.314628438341429E-008
   173.244375000000        -1.785523376559504E-007
   173.458125000000        -4.210825629940307E-007
   173.671875000000        -6.774503989550612E-007
   173.885625000000        -9.396860238442716E-007
   174.099375000000        -1.199129490411505E-006
   174.313125000000        -1.446751967713697E-006
   174.526875000000        -1.673499970966517E-006
   174.740625000000        -1.870648926005787E-006
   174.954375000000        -2.030151806470665E-006
   175.168125000000        -2.144968502712401E-006
   175.381875000000        -2.209362054071431E-006
   175.595625000000        -2.219148907442342E-006
   175.809375000000        -2.171891943271761E-006
   176.023125000000        -2.067027102120339E-006
   176.236875000000        -1.905916993766125E-006
   176.450625000000        -1.691827794911577E-006
   176.664375000000        -1.429828935135431E-006
   176.878125000000        -1.126618406383751E-006
   177.091875000000        -7.902798643243832E-007
   177.305625000000        -4.299808645432102E-007
   177.519375000000        -5.562443377842256E-008
   177.733125000000         3.225314373917049E-007
   177.946875000000         6.942700175730611E-007
   178.160625000000         1.049810358793095E-006
   178.374375000000         1.380182463436217E-006
   178.588125000000         1.677566043093768E-006
   178.801875000000         1.935577278609556E-006
   179.015625000000         2.149490257759118E-006
   179.229375000000         2.316382750525300E-006
   179.443125000000         2.435199548678685E-006
   179.656875000000         2.506730576451646E-006
   179.870625000000         2.533505173944072E-006
   180.084375000000         2.519608147310525E-006
   180.298125000000         2.470427145417911E-006
   180.511875000000         2.392344442466827E-006
   180.725625000000         2.292389078864310E-006
   180.939375000000         2.177867367280732E-006
   181.153125000000         2.055990877186969E-006
   181.366875000000         1.933521089230179E-006
   181.580625000000         1.816448937284822E-006
   181.794375000000         1.709725467965748E-006
   182.008125000000         1.617056942353439E-006
   182.221875000000         1.540774037181890E-006
   182.435625000000         1.481780577047399E-006
   182.649375000000         1.439582688589226E-006
   182.863125000000         1.412394680551293E-006
   183.076875000000         1.397313597675204E-006
   183.290625000000         1.390550540462077E-006
   183.504375000000         1.387703729491752E-006
   183.718125000000         1.384056121312355E-006
   183.931875000000         1.374879293879925E-006
   184.145625000000         1.355725384656912E-006
   184.359375000000         1.322690078994887E-006
   184.573125000000         1.272631927655723E-006
   184.786875000000         1.203336463708611E-006
   185.000625000000         1.113617469751747E-006
   185.214375000000         1.003352046085647E-006
   185.428125000000         8.734505481248797E-007
   185.641875000000         7.257666871284399E-007
   185.855625000000         5.629568265449436E-007
   186.069375000000         3.883004977499289E-007
   186.283125000000         2.054962011056914E-007
   186.496875000000         1.844752099233269E-008
   186.710625000000        -1.689455804757578E-007
   186.924375000000        -3.529766773296739E-007
   187.138125000000        -5.302926021974657E-007
   187.351875000000        -6.980145594233251E-007
   187.565625000000        -8.538157032921556E-007
   187.779375000000        -9.959539670792334E-007
   187.993125000000        -1.123262553514381E-006
   188.206875000000        -1.235103742483844E-006
   188.420625000000        -1.331294280534419E-006
   188.634375000000        -1.412012389706548E-006
   188.848125000000        -1.477697245048648E-006
   189.061875000000        -1.528951579482032E-006
   189.275625000000        -1.566456926981411E-006
   189.489375000000        -1.590909038076486E-006
   189.703125000000        -1.602978393857661E-006
   189.916875000000        -1.603297757246414E-006
   190.130625000000        -1.592475615120334E-006
   190.344375000000        -1.571131469506473E-006
   190.558125000000        -1.539946498368490E-006
   190.771875000000        -1.499721351206591E-006
   190.985625000000        -1.451431933539540E-006
   191.199375000000        -1.396274052050917E-006
   191.413125000000        -1.335688739040161E-006
   191.626875000000        -1.271361866769800E-006
   191.840625000000        -1.205194138444588E-006
   192.054375000000        -1.139240479408046E-006
   192.268125000000        -1.075620983335701E-006
   192.481875000000        -1.016408607967184E-006
   192.695625000000        -9.635014832147171E-007
   192.909375000000        -9.184897416048648E-007
   193.123125000000        -8.825280095152278E-007
   193.336875000000        -8.562249797426685E-007
   193.550625000000        -8.395607746813930E-007
   193.764375000000        -8.318411430939945E-007
   193.978125000000        -8.316950325694367E-007
   194.191875000000        -8.371189367950895E-007
   194.405625000000        -8.455678801498452E-007
   194.619375000000        -8.540892553539436E-007
   194.833125000000        -8.594922679123655E-007
   195.046875000000        -8.585427457608392E-007
   195.260625000000        -8.481707895760404E-007
   195.474375000000        -8.256773582320182E-007
   195.688125000000        -7.889255232393128E-007
   195.901875000000        -7.365028237668213E-007
   196.115625000000        -6.678428653790041E-007
   196.329375000000        -5.832969078780891E-007
   196.543125000000        -4.841494897041289E-007
   196.756875000000        -3.725758951559046E-007
   196.970625000000        -2.515432106048980E-007
   197.184375000000        -1.246605503079570E-007
   197.398125000000         4.012514120267834E-009
   197.611875000000         1.301874579047401E-007
   197.825625000000         2.495843692293451E-007
   198.039375000000         3.581706481877096E-007
   198.253125000000         4.523858654749938E-007
   198.466875000000         5.293387655175222E-007
   198.680625000000         5.869642765607040E-007
   198.894375000000         6.241310442123993E-007
   199.108125000000         6.406932413144219E-007
   199.321875000000         6.374839975643398E-007
   199.535625000000         6.162514915373773E-007
   199.749375000000         5.795423105578658E-007
   199.963125000000         5.305398823306765E-007
   200.176875000000         4.728684204175661E-007
   200.390625000000         4.103747513469748E-007
   200.604375000000         3.469015041184452E-007
   200.818125000000         2.860653989248421E-007
   201.031875000000         2.310537830978183E-007
   201.245625000000         1.844511931776210E-007
   201.459375000000         1.481056828393216E-007
   201.673125000000         1.230420935454525E-007
   201.886875000000         1.094265295481336E-007
   202.100625000000         1.065832154205428E-007
   202.314375000000         1.130618477504318E-007
   202.528125000000         1.267506778162421E-007
   202.741875000000         1.450280339704634E-007
   202.955625000000         1.649429386067234E-007
   203.169375000000         1.834139897992831E-007
   203.383125000000         1.974348212393253E-007
   203.596875000000         2.042742491478126E-007
   203.810625000000         2.016596501251429E-007
   204.024375000000         1.879331468765399E-007
   204.238125000000         1.621717401646490E-007
   204.451875000000         1.242645244399848E-007
   204.665625000000         7.494245470291044E-008
   204.879375000000         1.575867611100494E-008
   205.093125000000        -5.097993684207367E-008
   205.306875000000        -1.223267813538467E-007
   205.520625000000        -1.948493658241349E-007
   205.734375000000        -2.648150996640013E-007
   205.948125000000        -3.283993268301740E-007
   206.161875000000        -3.819045360896232E-007
   206.375625000000        -4.219788522126974E-007
   206.589375000000        -4.458216693675065E-007
   206.803125000000        -4.513646626172912E-007
   207.016875000000        -4.374174115428569E-007
   207.230625000000        -4.037684690529720E-007
   207.444375000000        -3.512348552880811E-007
   207.658125000000        -2.816555666527493E-007
   207.871875000000        -1.978276483285413E-007
   208.085625000000        -1.033865422850435E-007
   208.299375000000        -2.635626427390789E-009
   208.513125000000         9.966707632665369E-008
   208.726875000000         1.985543032623360E-007
   208.940625000000         2.891141243314335E-007
   209.154375000000         3.667591701925948E-007
   209.368125000000         4.274852359413658E-007
   209.581875000000         4.681040959322863E-007
   209.795625000000         4.864363988966148E-007
   210.009375000000         4.814524415400995E-007
   210.223125000000         4.533513590219875E-007
   210.436875000000         4.035726798793522E-007
   210.650625000000         3.347380773649772E-007
   210.864375000000         2.505252750403857E-007
   211.078125000000         1.554801730159621E-007
   211.291875000000         5.477708632750735E-008
   211.505625000000        -4.605972593390826E-008
   211.719375000000        -1.414575372020120E-007
   211.933125000000        -2.261023465737556E-007
   212.146875000000        -2.952339694170194E-007
   212.360625000000        -3.449117785604971E-007
   212.574375000000        -3.722354961010370E-007
   212.788125000000        -3.755080577683353E-007
   213.001875000000        -3.543310035505072E-007
   213.215625000000        -3.096268711317476E-007
   213.429375000000        -2.435874256930789E-007
   213.643125000000        -1.595509736919275E-007
   213.856875000000        -6.181620117659974E-008
   214.070625000000         4.459631164601118E-008
   214.284375000000         1.542207447261457E-007
   214.498125000000         2.614445892351054E-007
   214.711875000000         3.608117110666322E-007
   214.925625000000         4.473124899578634E-007
   215.139375000000         5.166445928427375E-007
   215.353125000000         5.654299078992253E-007
   215.566875000000         5.913759729892936E-007
   215.780625000000         5.933736976640516E-007
   215.994375000000         5.715270840818627E-007
   216.208125000000         5.271147585021869E-007
   216.421875000000         4.624871820437473E-007
   216.635625000000         3.809071730910280E-007
   216.849375000000         2.863446191936904E-007
   217.063125000000         1.832387903708347E-007
   217.276875000000         7.624333800211313E-008
   217.490625000000        -3.003022477690479E-008
   217.704375000000        -1.312550547366623E-007
   217.918125000000        -2.236032856886909E-007
   218.131875000000        -3.039200421919885E-007
   218.345625000000        -3.698480155185421E-007
   218.559375000000        -4.198969467948558E-007
   218.773125000000        -4.534561830800263E-007
   218.986875000000        -4.707523647185791E-007
   219.200625000000        -4.727579964865755E-007
   219.414375000000        -4.610598888513623E-007
   219.628125000000        -4.376989943282448E-007
   219.841875000000        -4.049948182446611E-007
   220.055625000000        -3.653682256690334E-007
   220.269375000000        -3.211760433179309E-007
   220.483125000000        -2.745693947356233E-007
   220.696875000000        -2.273853192483845E-007
   220.910625000000        -1.810780973840014E-007
   221.124375000000        -1.366930895334254E-007
   221.338125000000        -9.488208874164266E-008
   221.551875000000        -5.595551358373998E-008
   221.765625000000        -1.996354028201477E-008
   221.979375000000         1.320421960947794E-008
   222.193125000000         4.371242005976934E-008
   222.406875000000         7.167940323342929E-008
   222.620625000000         9.709394182189871E-008
   222.834375000000         1.197590389844114E-007
   223.048125000000         1.392697020275802E-007
   223.261875000000         1.550280665481268E-007
   223.475625000000         1.662953075722367E-007
   223.689375000000         1.722757957054509E-007
   223.903125000000         1.722253156270519E-007
   224.116875000000         1.655722169970568E-007
   224.330625000000         1.520384154265870E-007
   224.544375000000         1.317464213269919E-007
   224.758125000000         1.052991585365021E-007
   224.971875000000         7.382123411078153E-008
   225.185625000000         3.895340449088627E-008
   225.399375000000         2.796006457046127E-009
   225.613125000000        -3.219825559049396E-008
   225.826875000000        -6.337695658224846E-008
   226.040625000000        -8.807624524825206E-008
   226.254375000000        -1.038310892330361E-007
   226.468125000000        -1.085909093267038E-007
   226.681875000000        -1.009225168361995E-007
   226.895625000000        -8.018226631370954E-008
   227.109375000000        -4.664090798666241E-008
   227.323125000000        -1.547683243949151E-009
   227.536875000000         5.287546771427393E-008
   227.750625000000         1.135134602964390E-007
   227.964375000000         1.765094921529903E-007
   228.178125000000         2.374806555236489E-007
   228.391875000000         2.917847047086542E-007
   228.605625000000         3.348205095092172E-007
   228.819375000000         3.623415735798988E-007
   229.033125000000         3.707604072525726E-007
   229.246875000000         3.574216639914259E-007
   229.460625000000         3.208237826205510E-007
   229.674375000000         2.607722860748994E-007
   229.888125000000         1.784526041663146E-007
   230.101875000000         7.641593915029120E-008
   230.315625000000        -4.152216821896775E-008
   230.529375000000        -1.704647696010753E-007
   230.743125000000        -3.046864588949077E-007
   230.956875000000        -4.379400859506488E-007
   231.170625000000        -5.637974489265194E-007
   231.384375000000        -6.760021368227007E-007
   231.598125000000        -7.688122528362857E-007
   231.811875000000        -8.373118955067203E-007
   232.025625000000        -8.776728684517422E-007
   232.239375000000        -8.873518829709626E-007
   232.453125000000        -8.652131800068111E-007
   232.666875000000        -8.115716461031493E-007
   232.880625000000        -7.281567315628583E-007
   233.094375000000        -6.180024136167312E-007
   233.308125000000        -4.852727454979462E-007
   233.521875000000        -3.350359277839381E-007
   233.735625000000        -1.730021535197271E-007
   233.949375000000        -5.241632206520160E-009
   234.163125000000         1.621007961096398E-007
   234.376875000000         3.230790863487016E-007
   234.590625000000         4.721940008197878E-007
   234.804375000000         6.046048305465988E-007
   235.018125000000         7.162969336454438E-007
   235.231875000000         8.042003482605547E-007
   235.445625000000         8.662578201022354E-007
   235.659375000000         9.014434055681660E-007
   235.873125000000         9.097352228258346E-007
   236.086875000000         8.920478297869513E-007
   236.300625000000         8.501310669226757E-007
   236.514375000000         7.864430192056092E-007
   236.728125000000         7.040050685374669E-007
   236.941875000000         6.062468964583520E-007
   237.155625000000         4.968488423848487E-007
   237.369375000000         3.795883142837767E-007
   237.583125000000         2.581960697749645E-007
   237.796875000000         1.362272066763926E-007
   238.010625000000         1.695067725542081E-008
   238.224375000000        -9.673989232304333E-008
   238.438125000000        -2.023923131352341E-007
   238.651875000000        -2.980380992534397E-007
   238.865625000000        -3.822110626825596E-007
   239.079375000000        -4.539433160089326E-007
   239.293125000000        -5.127406056120353E-007
   239.506875000000        -5.585396633289310E-007
   239.720625000000        -5.916509237485962E-007
   239.934375000000        -6.126904763187275E-007
   240.148125000000        -6.225054731162268E-007
   240.361875000000        -6.220973646038262E-007
   240.575625000000        -6.125472653751575E-007
   240.789375000000        -5.949474510942607E-007
   241.003125000000        -5.703424642037807E-007
   241.216875000000        -5.396825850383728E-007
   241.430625000000        -5.037915495652931E-007
   241.644375000000        -4.633494223811438E-007
   241.858125000000        -4.188905308363698E-007
   242.071875000000        -3.708154038263694E-007
   242.285625000000        -3.194148042515735E-007
   242.499375000000        -2.649032550094969E-007
   242.713125000000        -2.074589769436026E-007
   242.926875000000        -1.472669066647123E-007
   243.140625000000        -8.456144517204897E-008
   243.354375000000        -1.966578750533145E-008
   243.568125000000         4.697493471876714E-008
   243.781875000000         1.147689479317044E-007
   243.995625000000         1.829632155652123E-007
   244.209375000000         2.506399120739460E-007
   244.423125000000         3.167243778229020E-007
   244.636875000000         3.800043615173949E-007
   244.850625000000         4.391598447433020E-007
   245.064375000000         4.928023057519281E-007
   245.278125000000         5.395219129183269E-007
   245.491875000000         5.779408304870275E-007
   245.705625000000         6.067705555290561E-007
   245.919375000000         6.248709731602978E-007
   246.133125000000         6.313086120414658E-007
   246.346875000000         6.254114098869641E-007
   246.560625000000         6.068171774194870E-007
   246.774375000000         5.755129085831289E-007
   246.988125000000         5.318621624606930E-007
   247.201875000000         4.766179780881860E-007
   247.415625000000         4.109192121377963E-007
   247.629375000000         3.362688334792342E-007
   247.843125000000         2.544935702623671E-007
   248.056875000000         1.676853613304880E-007
   248.270625000000         7.812626324649746E-008
   248.484375000000        -1.180027172894327E-008
   248.698125000000        -9.970760447408259E-008
   248.911875000000        -1.833083893232651E-007
   249.125625000000        -2.605153115671222E-007
   249.339375000000        -3.295336539265269E-007
   249.553125000000        -3.889393226984979E-007
   249.766875000000        -4.377365479663364E-007
   249.980625000000        -4.753905869042696E-007
   250.194375000000        -5.018323592126071E-007
   250.408125000000        -5.174339310135075E-007
   250.621875000000        -5.229559924428242E-007
   250.835625000000        -5.194707619082339E-007
   251.049375000000        -5.082658920753994E-007
   251.263125000000        -4.907367418657882E-007
   251.476875000000        -4.682756258338107E-007
   251.690625000000        -4.421672062964826E-007
   251.904375000000        -4.134989596932814E-007
   252.118125000000        -3.830946013837245E-007
   252.331875000000        -3.514765432706676E-007
   252.545625000000        -3.188610130183682E-007
   252.759375000000        -2.851865768322196E-007
   252.973125000000        -2.501737269537896E-007
   253.186875000000        -2.134101985901726E-007
   253.400625000000        -1.744540530776653E-007
   253.614375000000        -1.329445673421589E-007
   253.828125000000        -8.870981908330299E-008
   254.041875000000        -4.185969704862113E-008
   254.255625000000         7.146046400560502E-009
   254.469375000000         5.746318619917910E-008
   254.683125000000         1.078675731438705E-007
   254.896875000000         1.568011293811343E-007
   255.110625000000         2.024577917947274E-007
   255.324375000000         2.429040862845304E-007
   255.538125000000         2.762255158894263E-007
   255.751875000000         3.006870933495001E-007
   255.965625000000         3.148944249537200E-007
   256.179375000000         3.179409624701401E-007
   256.393125000000         3.095274923799605E-007
   256.606875000000         2.900416270295876E-007
   256.820625000000         2.605878907221841E-007
   257.034375000000         2.229627426772339E-007
   257.248125000000         1.795732504152979E-007
   257.461875000000         1.333027636234508E-007
   257.675625000000         8.733145273616121E-008
   257.889375000000         4.492358534028702E-008
   258.103125000000         9.196571538883819E-009
   258.316875000000        -1.711116155828894E-008
   258.530625000000        -3.185569275411898E-008
   258.744375000000        -3.366943549079713E-008
   258.958125000000        -2.209422332444111E-008
   259.171875000000         2.346138786555924E-009
   259.385625000000         3.814141770309199E-008
   259.599375000000         8.286126747808308E-008
   259.813125000000         1.332898307227079E-007
   260.026875000000         1.856210860099864E-007
   260.240625000000         2.357028375750019E-007
   260.454375000000         2.793135091921982E-007
   260.668125000000         3.124532725875677E-007
   260.881875000000         3.316297003754532E-007
   261.095625000000         3.341181756028110E-007
   261.309375000000         3.181787050052056E-007
   261.523125000000         2.832134646079945E-007
   261.736875000000         2.298531620169060E-007
   261.950625000000         1.599648680656522E-007
   262.164375000000         7.657904126601826E-008
   262.378125000000        -1.626129422520293E-008
   262.591875000000        -1.137211913472412E-007
   262.805625000000        -2.104516447139054E-007
   263.019375000000        -3.009082788811891E-007
   263.233125000000        -3.796916653720388E-007
   263.446875000000        -4.418884436872840E-007
   263.660625000000        -4.833920521789331E-007
   263.874375000000        -5.011827859419217E-007
   264.088125000000        -4.935490388417667E-007
   264.301875000000        -4.602348359535118E-007
   264.515625000000        -4.025029412794810E-007
   264.729375000000        -3.231077030775086E-007
   264.943125000000        -2.261771053425784E-007
   265.156875000000        -1.170089319983348E-007
   265.370625000000        -1.791210360556981E-009
   265.584375000000         1.127381252883559E-007
   265.798125000000         2.196734105822793E-007
   266.011875000000         3.123433623370572E-007
   266.225625000000         3.847094903881339E-007
   266.439375000000         4.317368305681610E-007
   266.653125000000         4.497141230532031E-007
   266.866875000000         4.365030953590403E-007
   267.080625000000         3.917003681853155E-007
   267.294375000000         3.167004887294707E-007
   267.508125000000         2.146544317898683E-007
   267.721875000000         9.032424721046601E-008
   267.935625000000        -5.015902273793547E-008
   268.149375000000        -1.996209005102496E-007
   268.363125000000        -3.502338461251896E-007
   268.576875000000        -4.939494928744216E-007
   268.790625000000        -6.229469247329571E-007
   269.004375000000        -7.300699568380518E-007
   269.218125000000        -8.092269274267298E-007
   269.431875000000        -8.557288102531614E-007
   269.645625000000        -8.665453721411633E-007
   269.859375000000        -8.404643717066859E-007
   270.073125000000        -7.781450597556292E-007
   270.286875000000        -6.820640597136274E-007
   270.500625000000        -5.563585943072130E-007
   270.714375000000        -4.065784932740550E-007
   270.928125000000        -2.393640096354557E-007
   271.141875000000        -6.207080171637058E-008
   271.355625000000         1.176337827427067E-007
   271.569375000000         2.921779205858565E-007
   271.783125000000         4.544715090738534E-007
   271.996875000000         5.982491547967748E-007
   272.210625000000         7.183515124780774E-007
   272.424375000000         8.109313665882690E-007
   272.638125000000         8.735763760683284E-007
   272.851875000000         9.053461851439004E-007
   273.065625000000         9.067272056165591E-007
   273.279375000000         8.795133987113090E-007
   273.493125000000         8.266254953725916E-007
   273.706875000000         7.518840518132451E-007
   273.920625000000         6.597534070326497E-007
   274.134375000000         5.550739664699048E-007
   274.348125000000         4.427993618755528E-007
   274.561875000000         3.277531040172047E-007
   274.775625000000         2.144165940675865E-007
   274.989375000000         1.067570775215355E-007
   275.203125000000         8.100613359258966E-009
   275.416875000000        -7.894831810142502E-008
   275.630625000000        -1.525420767120494E-007
   275.844375000000        -2.115841129631821E-007
   276.058125000000        -2.556882824286451E-007
   276.271875000000        -2.851105332337093E-007
   276.485625000000        -3.006607921061738E-007
   276.699375000000        -3.036027383750848E-007
   276.913125000000        -2.955484793199692E-007
   277.126875000000        -2.783540696115410E-007
   277.340625000000        -2.540205121658236E-007
   277.554375000000        -2.246034956263275E-007
   277.768125000000        -1.921338064008524E-007
   277.981875000000        -1.585492141957782E-007
   278.195625000000        -1.256377473116040E-007
   278.409375000000        -9.499168689562671E-008
   278.623125000000        -6.797131939794182E-008
   278.836875000000        -4.567746180278421E-008
   279.050625000000        -2.893195681496897E-008
   279.264375000000        -1.826564989968540E-008
   279.478125000000        -1.391372426373208E-008
   279.691875000000        -1.581860292376318E-008
   279.905625000000        -2.364085880714075E-008
   280.119375000000        -3.677865147708759E-008
   280.333125000000        -5.439610154418704E-008
   280.546875000000        -7.546071429376545E-008
   280.760625000000        -9.878948991111368E-008
   280.974375000000        -1.231027483960628E-007
   281.188125000000        -1.470840104201785E-007
   281.401875000000        -1.694435812908480E-007
   281.615625000000        -1.889828604269767E-007
   281.829375000000        -2.046559192435782E-007
   282.043125000000        -2.156246243439548E-007
   282.256875000000        -2.213035844528135E-007
   282.470625000000        -2.213915026802662E-007
   282.684375000000        -2.158861302351196E-007
   282.898125000000        -2.050809262891046E-007
   283.111875000000        -1.895426861855591E-007
   283.325625000000        -1.700707350600944E-007
   283.539375000000        -1.476397020040555E-007
   283.753125000000        -1.233292802377080E-007
   283.966875000000        -9.824562166418500E-008
   284.180625000000        -7.343999061474831E-008
   284.394375000000        -4.983090362122550E-008
   284.608125000000        -2.813612333829203E-008
   284.821875000000        -8.820500355518888E-009
   285.035625000000         7.935248916774130E-009
   285.249375000000         2.224114753303195E-008
   285.463125000000         3.447809901452953E-008
   285.676875000000         4.525185521035268E-008
   285.890625000000         5.532338733599166E-008
   286.104375000000         6.552048198189983E-008
   286.318125000000         7.663738999501874E-008
   286.531875000000         8.933092667028293E-008
   286.745625000000         1.040223819917513E-007
   286.959375000000         1.208148144634233E-007
   287.173125000000         1.394346912573991E-007
   287.386875000000         1.592053880703403E-007
   287.600625000000         1.790578353215850E-007
   287.814375000000         1.975807287144093E-007
   288.028125000000         2.131094152927491E-007
   288.241875000000         2.238490792131455E-007
   288.455625000000         2.280244779853898E-007
   288.669375000000         2.240455244220083E-007
   288.883125000000         2.106757606015236E-007
   289.096875000000         1.871894732512897E-007
   289.310625000000         1.535030323400885E-007
   289.524375000000         1.102670851054920E-007
   289.738125000000         5.890849321559333E-008
   289.951875000000         1.614241876451964E-009
   290.165625000000        -5.874624441008615E-008
   290.379375000000        -1.187591818344146E-007
   290.593125000000        -1.746587569998165E-007
   290.806875000000        -2.225628315935102E-007
   291.020625000000        -2.587370425278491E-007
   291.234375000000        -2.798692055401383E-007
   291.448125000000        -2.833341080920785E-007
   291.661875000000        -2.674284456946176E-007
   291.875625000000        -2.315568961612023E-007
   292.089375000000        -1.763530919399625E-007
   292.303125000000        -1.037233674708136E-007
   292.516875000000        -1.680633756202550E-008
   292.730625000000         8.015277672458691E-008
   292.944375000000         1.820080577967731E-007
   293.158125000000         2.829881453370777E-007
   293.371875000000         3.770247447531376E-007
   293.585625000000         4.581141786465590E-007
   293.799375000000         5.206890376992026E-007
   294.013125000000         5.599758508253900E-007
   294.226875000000         5.723152342581930E-007
   294.440625000000         5.554231480691220E-007
   294.654375000000         5.085755177365360E-007
   294.868125000000         4.327032945772009E-007
   295.081875000000         3.303906794147532E-007
   295.295625000000         2.057753169128197E-007
   295.509375000000         6.435536535054892E-008
   295.723125000000        -8.728594408495441E-008
   295.936875000000        -2.418226809434310E-007
   296.150625000000        -3.915760170898448E-007
   296.364375000000        -5.289292666299909E-007
   296.578125000000        -6.467446486416755E-007
   296.791875000000        -7.387583144850203E-007
   297.005625000000        -7.999315624521404E-007
   297.219375000000        -8.267387355223895E-007
   297.433125000000        -8.173758749719146E-007
   297.646875000000        -7.718785562369404E-007
   297.860625000000        -6.921422139583981E-007
   298.074375000000        -5.818434132615561E-007
   298.288125000000        -4.462656914896439E-007
   298.501875000000        -2.920385400979579E-007
   298.715625000000        -1.268026015024453E-007
   298.929375000000         4.118197451275465E-008
   299.143125000000         2.034640042497115E-007
   299.356875000000         3.518444408541042E-007
   299.570625000000         4.788110409729531E-007
   299.784375000000         5.779413846143497E-007
   299.998125000000         6.442523264430126E-007
   300.211875000000         6.744763289053339E-007
   300.425625000000         6.672485881827377E-007
   300.639375000000         6.231932933484432E-007
   300.853125000000         5.449025779534712E-007
   301.066875000000         4.368074936511751E-007
   301.280625000000         3.049463666203898E-007
   301.494375000000         1.566418572049223E-007
   301.708125000000         1.035744860851451E-010
   301.921875000000        -1.560221591995344E-007
   302.135625000000        -3.031301805400529E-007
   302.349375000000        -4.331345753483338E-007
   302.563125000000        -5.389189860793610E-007
   302.776875000000        -6.147322926634688E-007
   302.990625000000        -6.565057150529837E-007
   303.204375000000        -6.620718897146993E-007
   303.418125000000        -6.312723406391408E-007
   303.631875000000        -5.659466412603207E-007
   303.845625000000        -4.698040016738809E-007
   304.059375000000        -3.481855127310538E-007
   304.273125000000        -2.077323114336047E-007
   304.486875000000        -5.598099701160411E-008
   304.700625000000         9.908771895376723E-008
   304.914375000000         2.495182478424638E-007
   305.128125000000         3.878374428357572E-007
   305.341875000000         5.074713261426189E-007
   305.555625000000         6.030956424804664E-007
   305.769375000000         6.708994848940147E-007
   305.983125000000         7.087474399957935E-007
   306.196875000000         7.162328085814789E-007
   306.410625000000         6.946219444453357E-007
   306.624375000000         6.466970671362882E-007
   306.838125000000         5.765115137237235E-007
   307.051875000000         4.890768350849548E-007
   307.265625000000         3.900050487652444E-007
   307.479375000000         2.851314951785308E-007
   307.693125000000         1.801440114686259E-007
   307.906875000000         8.024258806573129E-008
   308.120625000000        -1.014950640034344E-008
   308.334375000000        -8.760665282436547E-008
   308.548125000000        -1.498428273026112E-007
   308.761875000000        -1.957694708616356E-007
   308.975625000000        -2.254701715441100E-007
   309.189375000000        -2.400986387648501E-007
   309.403125000000        -2.417112745595397E-007
   309.616875000000        -2.330494094794436E-007
   309.830625000000        -2.172887766279481E-007
   310.044375000000        -1.977749563993091E-007
   310.258125000000        -1.777633522368422E-007
   310.471875000000        -1.601808637854909E-007
   310.685625000000        -1.474239947616272E-007
   310.899375000000        -1.412049104410133E-007
   311.113125000000        -1.424532168246183E-007
   311.326875000000        -1.512772508504688E-007
   311.540625000000        -1.669847155933117E-007
   311.754375000000        -1.881588029456219E-007
   311.968125000000        -2.127827132934968E-007
   312.181875000000        -2.384028530798644E-007
   312.395625000000        -2.623190628442748E-007
   312.609375000000        -2.817890492160723E-007
   312.823125000000        -2.942337719404719E-007
   313.036875000000        -2.974308447252444E-007
   313.250625000000        -2.896839931290785E-007
   313.464375000000        -2.699582000917293E-007
   313.678125000000        -2.379722705850316E-007
   313.891875000000        -1.942430589648129E-007
   314.105625000000        -1.400784120345736E-007
   314.319375000000        -7.751886232407807E-008
   314.533125000000        -9.231123190913889E-009
   314.746875000000         6.164065639724527E-008
   314.960625000000         1.316572776076051E-007
   315.174375000000         1.972896955375594E-007
   315.388125000000         2.551345633653999E-007
   315.601875000000         3.021266823491482E-007
   315.815625000000         3.357347663542455E-007
   316.029375000000         3.541276327045291E-007
   316.243125000000         3.562995014366091E-007
   316.456875000000         3.421454690683041E-007
   316.670625000000         3.124813031611019E-007
   316.884375000000         2.690053006654477E-007
   317.098125000000         2.142038331876685E-007
   317.311875000000         1.512060939564486E-007
   317.525625000000         8.359717360467108E-008
   317.739375000000         1.520163907043423E-008
   317.953125000000        -5.014798354716090E-008
   318.166875000000        -1.088422161201595E-007
   318.380625000000        -1.577094604445620E-007
   318.594375000000        -1.942001107240043E-007
   318.808125000000        -2.165276388774398E-007
   319.021875000000        -2.237575366119358E-007
   319.235625000000        -2.158388989894394E-007
   319.449375000000        -1.935777325928150E-007
   319.663125000000        -1.585554167613290E-007
   319.876875000000        -1.129997800926777E-007
   320.090625000000        -5.961964236499858E-008
   320.304375000000        -1.416135317427997E-009
   320.518125000000         5.851454343711941E-008
   320.731875000000         1.171721689973818E-007
   320.945625000000         1.718236363919001E-007
   321.159375000000         2.201427165028659E-007
   321.373125000000         2.603099855862494E-007
   321.586875000000         2.910681517037834E-007
   321.800625000000         3.117319190035301E-007
   322.014375000000         3.221553577618083E-007
   322.228125000000         3.226631517613034E-007
   322.441875000000         3.139547897178040E-007
   322.655625000000         2.969925413787160E-007
   322.869375000000         2.728847888476413E-007
   323.083125000000         2.427759452537141E-007
   323.296875000000         2.077528588822000E-007
   323.510625000000         1.687754310235017E-007
   323.724375000000         1.266363986959508E-007
   323.938125000000         8.195212292240563E-008
   324.151875000000         3.518307176599680E-008
   324.365625000000        -1.332022139193326E-008
   324.579375000000        -6.325235959855200E-008
   324.793125000000        -1.142778059429278E-007
   325.006875000000        -1.659544005282560E-007
   325.220625000000        -2.176649831853201E-007
   325.434375000000        -2.685656308519384E-007
   325.648125000000        -3.175574651161496E-007
   325.861875000000        -3.632868345750405E-007
   326.075625000000        -4.041761233324988E-007
   326.289375000000        -4.384847004040666E-007
   326.503125000000        -4.643968299673097E-007
   326.716875000000        -4.801309223550882E-007
   326.930625000000        -4.840625063258115E-007
   327.144375000000        -4.748518911085403E-007
   327.358125000000        -4.515667611087986E-007
   327.571875000000        -4.137899540810596E-007
   327.785625000000        -3.617034094486318E-007
   327.999375000000        -2.961406816677815E-007
   328.213125000000        -2.186023939086389E-007
   328.426875000000        -1.312314228339774E-007
   328.640625000000        -3.674729141451887E-008
   328.854375000000         6.165797788918385E-008
   329.068125000000         1.604576198012291E-007
   329.281875000000         2.559541650722715E-007
   329.495625000000         3.444604803454680E-007
   329.709375000000         4.224871568204642E-007
   329.923125000000         4.869249085798351E-007
   330.136875000000         5.352106970786265E-007
   330.350625000000         5.654671064153903E-007
   330.564375000000         5.766060139274222E-007
   330.778125000000         5.683897421382876E-007
   330.991875000000         5.414455058125701E-007
   331.205625000000         4.972319093766524E-007
   331.419375000000         4.379593067148634E-007
   331.633125000000         3.664687963440572E-007
   331.846875000000         2.860772819594820E-007
   332.060625000000         2.003981915671422E-007
   332.274375000000         1.131489614962112E-007
   332.488125000000         2.795714434648680E-008
   332.701875000000        -5.182306213230183E-008
   332.915625000000        -1.232729387640959E-007
   333.129375000000        -1.840407063548837E-007
   333.343125000000        -2.324352387117147E-007
   333.556875000000        -2.674776169901019E-007
   333.770625000000        -2.889090345358892E-007
   333.984375000000        -2.971565048063815E-007
   334.198125000000        -2.932605742228670E-007
   334.411875000000        -2.787715981301657E-007
   334.625625000000        -2.556229379047187E-007
   334.839375000000        -2.259905651478016E-007
   335.053125000000        -1.921489556783658E-007
   335.266875000000        -1.563328222465690E-007
   335.480625000000        -1.206132288408403E-007
   335.694375000000        -8.679506039179804E-008
   335.908125000000        -5.634083869594929E-008
   336.121875000000        -3.032365340061761E-008
   336.335625000000        -9.409700893480263E-009
   336.549375000000         6.131226917285386E-009
   336.763125000000         1.639082894223252E-008
   336.976875000000         2.176793830760164E-008
   337.190625000000         2.290066651727277E-008
   337.404375000000         2.059141924492217E-008
   337.618125000000         1.573105367187228E-008
   337.831875000000         9.227867018192430E-009
   338.045625000000         1.946130374482446E-009
   338.259375000000        -5.342379128260172E-009
   338.473125000000        -1.199181694530936E-008
   338.686875000000        -1.750010522414283E-008
   338.900625000000        -2.151195572952995E-008
   339.114375000000        -2.380905306876084E-008
   339.328125000000        -2.429027735811128E-008
   339.541875000000        -2.294543074229408E-008
   339.755625000000        -1.982617290717157E-008
   339.969375000000        -1.501777363067660E-008
   340.183125000000        -8.614887980233049E-009
