  -1.60312500000000         1.922277927296833E-024
  -1.38937500000000         1.920935488892821E-024
  -1.17562500000000         1.768411254812249E-024
 -0.961875000000000         5.719788190470940E-025
 -0.748125000000000        -5.585257248402916E-024
 -0.534375000000000        -3.075577705369681E-023
 -0.320625000000000        -1.170247153713967E-022
 -0.106875000000000        -3.707316654953747E-022
  0.106875000000000        -1.020546671851468E-021
  0.320625000000000        -2.489457177084523E-021
  0.534375000000000        -5.456116602262265E-021
  0.748125000000000        -1.087101639724068E-020
  0.961875000000000        -1.989207776402688E-020
   1.17562500000000        -3.371152262514475E-020
   1.38937500000000        -5.325560293676207E-020
   1.60312500000000        -7.874421827884411E-020
   1.81687500000000        -1.091004589323289E-019
   2.03062500000000        -1.412278322732106E-019
   2.24437500000000        -1.691700437025543E-019
   2.45812500000000        -1.832168645395308E-019
   2.67187500000000        -1.690090683462097E-019
   2.88562500000000        -1.067593611141654E-019
   3.09937500000000         2.935659391634515E-020
   3.31312500000000         2.714888054472012E-019
   3.52687500000000         6.580584694261690E-019
   3.74062500000000         1.233283380127819E-018
   3.95437500000000         2.046278635451890E-018
   4.16812500000000         3.149788167423399E-018
   4.38187500000000         4.598614030252971E-018
   4.59562500000000         6.447906482916968E-018
   4.80937500000000         8.751420971114351E-018
   5.02312500000000         1.155994538175834E-017
   5.23687500000000         1.492002851853305E-017
   5.45062500000000         1.887311938099349E-017
   5.66437500000000         2.345517868404234E-017
   5.87812500000000         2.869673053494662E-017
   6.09187500000000         3.462332330049149E-017
   6.30562500000000         4.125622092689320E-017
   6.51937500000000         4.861319114285570E-017
   6.73312500000000         5.670922086739395E-017
   6.94687500000000         6.555697004969709E-017
   7.16062500000000         7.516690492472581E-017
   7.37437500000000         8.554701114825918E-017
   7.58812500000000         9.670219257542268E-017
   7.80187500000000         1.086333953285774E-016
   8.01562500000000         1.213366545289126E-016
   8.22937500000000         1.348022131254150E-016
   8.44312500000000         1.490139223960669E-016
   8.65687500000000         1.639490147844396E-016
   8.87062500000000         1.795783524972187E-016
   9.08437500000000         1.958671295539514E-016
   9.29812500000000         2.127759122709247E-016
   9.51187500000000         2.302618886947744E-016
   9.72562500000000         2.482801179586354E-016
   9.93937500000000         2.667846047305036E-016
   10.1531250000000         2.857290608568746E-016
   10.3668750000000         3.050672566397095E-016
   10.5806250000000         3.247529843004187E-016
   10.7943750000000         3.447397271868628E-016
   11.0081250000000         3.649802278945121E-016
   11.2218750000000         3.854261128159697E-016
   11.4356250000000         4.060278145020493E-016
   11.6493750000000         4.267349145803703E-016
   11.8631250000000         4.474969943856169E-016
   12.0768750000000         4.682649208576657E-016
   12.2906250000000         4.889924639250630E-016
   12.5043750000000         5.096379758704784E-016
   12.7181250000000         5.301658856830399E-016
   12.9318750000000         5.505477064109473E-016
   13.1456250000000         5.707623455659057E-016
   13.3593750000000         5.907955853021088E-016
   13.5731250000000         6.106387297685811E-016
   13.7868750000000         6.302865412665151E-016
   14.0006250000000         6.497347172297115E-016
   14.2143750000000         6.689772257442381E-016
   14.4281250000000         6.880038610053591E-016
   14.6418750000000         7.067983314974101E-016
   14.8556250000000         7.253371495427628E-016
   15.0693750000000         7.435894556231083E-016
   15.2831250000000         7.615177954334291E-016
   15.4968750000000         7.790797459034014E-016
   15.7106250000000         7.962301755078064E-016
   15.9243750000000         8.129239086231644E-016
   16.1381250000000         8.291184742428178E-016
   16.3518750000000         8.447767326087252E-016
   16.5656250000000         8.598691619569458E-016
   16.7793750000000         8.743756948526179E-016
   16.9931250000000         8.882870306359408E-016
   17.2068750000000         9.016054083039811E-016
   17.4206250000000         9.143448745142671E-016
   17.6343750000000         9.265310622223566E-016
   17.8481250000000         9.382004848723990E-016
   18.0618750000000         9.493993333457992E-016
   18.2756250000000         9.601817735427686E-016
   18.4893750000000         9.706077426434063E-016
   18.7031250000000         9.807402685982174E-016
   18.9168750000000         9.906423985040261E-016
   19.1306250000000         1.000373930728244E-015
   19.3443750000000         1.009988145772318E-015
   19.5581250000000         1.019528832938628E-015
   19.7718750000000         1.029027929516237E-015
   19.9856250000000         1.038503977129277E-015
   20.1993750000000         1.047961636941548E-015
   20.4131250000000         1.057392265947156E-015
   20.6268750000000         1.066775514116768E-015
   20.8406250000000         1.076081700006241E-015
   21.0543750000000         1.085274664950038E-015
   21.2681250000000         1.094314700362275E-015
   21.4818750000000         1.103161202636169E-015
   21.6956250000000         1.111774751349349E-015
   21.9093750000000         1.120118413349338E-015
   22.1231250000000         1.128158263550530E-015
   22.3368750000000         1.135863216295773E-015
   22.5506250000000         1.143204426569053E-015
   22.7643750000000         1.150154520918751E-015
   22.9781250000000         1.156686992846578E-015
   23.1918750000000         1.162775956093148E-015
   23.4056250000000         1.168396357002824E-015
   23.6193750000000         1.173524636795611E-015
   23.8331250000000         1.178139637719472E-015
   24.0468750000000         1.182223468438639E-015
   24.2606250000000         1.185762031490453E-015
   24.4743750000000         1.188744908459115E-015
   24.6881250000000         1.191164416785431E-015
   24.9018750000000         1.193013828810582E-015
   25.1156250000000         1.194284851125374E-015
   25.3293750000000         1.194964698796986E-015
   25.5431250000000         1.195033156874775E-015
   25.7568750000000         1.194460074333921E-015
   25.9706250000000         1.193203695532227E-015
   26.1843750000000         1.191210130532907E-015
   26.3981250000000         1.188414032847219E-015
   26.6118750000000         1.184740464144676E-015
   26.8256250000000         1.180107625333622E-015
   27.0393750000000         1.174430070972074E-015
   27.2531250000000         1.167621943019347E-015
   27.4668750000000         1.159599796808616E-015
   27.6806250000000         1.150284633151614E-015
   27.8943750000000         1.139602982809485E-015
   28.1081250000000         1.127487025260980E-015
   28.3218750000000         1.113873890388290E-015
   28.5356250000000         1.098704433279322E-015
   28.7493750000000         1.081921852699437E-015
   28.9631250000000         1.063470473711189E-015
   29.1768750000000         1.043294971268592E-015
   29.3906250000000         1.021340195269549E-015
   29.6043750000000         9.975515626503886E-016
   29.8181250000000         9.718759147129421E-016
   30.0318750000000         9.442625924584884E-016
   30.2456250000000         9.146644448917949E-016
   30.4593750000000         8.830385174144876E-016
   30.6731250000000         8.493462500108208E-016
   30.8868750000000         8.135530639789621E-016
   31.1006250000000         7.756274313098847E-016
   31.3143750000000         7.355395141862294E-016
   31.5281250000000         6.932596238206058E-016
   31.7418750000000         6.487567423347666E-016
   31.9556250000000         6.019973205010713E-016
   32.1693750000000         5.529445145297206E-016
   32.3831250000000         5.015579608347732E-016
   32.5968750000000         4.477940572893730E-016
   32.8106250000000         3.916066850822180E-016
   33.0243750000000         3.329482383112680E-016
   33.2381250000000         2.717707977625437E-016
   33.4518750000000         2.080273293974793E-016
   33.6656250000000         1.416727966295061E-016
   33.8793750000000         7.266512824723965E-017
   34.0931250000000         9.660217680264657E-019
   34.3068750000000        -7.345842502096482E-017
   34.5206250000000        -1.506372087891553E-016
   34.7343750000000        -2.305940889345273E-016
   34.9481250000000        -3.133474021727304E-016
   35.1618750000000        -3.989100825966584E-016
   35.3756250000000        -4.872899077986378E-016
   35.5893750000000        -5.784900290718221E-016
   35.8031250000000        -6.725097537190039E-016
   36.0168750000000        -7.693455676461259E-016
   36.2306250000000        -8.689922925421765E-016
   36.4443750000000        -9.714442920134376E-016
   36.6581250000000        -1.076696572867328E-015
   36.8718750000000        -1.184745694419131E-015
   37.0856250000000        -1.295590413296590E-015
   37.2993750000000        -1.409232079086226E-015
   37.5131250000000        -1.525674885787071E-015
   37.7268750000000        -1.644926080742601E-015
   37.9406250000000        -1.766996360212984E-015
   38.1543750000000        -1.891900594408081E-015
   38.3681250000000        -2.019658964324178E-015
   38.5818750000000        -2.150298546508906E-015
   38.7956250000000        -2.283855156366234E-015
   39.0093750000000        -2.420375250421167E-015
   39.2231250000000        -2.559917485582899E-015
   39.4368750000000        -2.702553571680471E-015
   39.6506250000000        -2.848368075474312E-015
   39.8643750000000        -2.997456923342780E-015
   40.0781250000000        -3.149924639478224E-015
   40.2918750000000        -3.305880453037358E-015
   40.5056250000000        -3.465433742976380E-015
   40.7193750000000        -3.628689399353085E-015
   40.9331250000000        -3.795743791579469E-015
   41.1468750000000        -3.966682010991636E-015
   41.3606250000000        -4.141576861327946E-015
   41.5743750000000        -4.320489893174899E-015
   41.7881250000000        -4.503474348364767E-015
   42.0018750000000        -4.690579647954353E-015
   42.2156250000000        -4.881856684933097E-015
   42.4293750000000        -5.077363018881379E-015
   42.6431250000000        -5.277167059519291E-015
   42.8568750000000        -5.481350400816173E-015
   43.0706250000000        -5.690007826782248E-015
   43.2843750000000        -5.903244829130846E-015
   43.4981250000000        -6.121173007227221E-015
   43.7118750000000        -6.343904110358197E-015
   43.9256250000000        -6.571543835809600E-015
   44.1393750000000        -6.804186601914407E-015
   44.3531250000000        -7.041912529177897E-015
   44.5668750000000        -7.284787475150359E-015
   44.7806250000000        -7.532866570413289E-015
   44.9943750000000        -7.786201044279334E-015
   45.2081250000000        -8.044847491667703E-015
   45.4218750000000        -8.308878165034117E-015
   45.6356250000000        -8.578390461817323E-015
   45.8493750000000        -8.853513658789681E-015
   46.0631250000000        -9.134411096785397E-015
   46.2768750000000        -9.421276534793026E-015
   46.4906250000000        -9.714324144744758E-015
   46.7043750000000        -1.001377258529821E-014
   46.9181250000000        -1.031982464081502E-014
   47.1318750000000        -1.063264480196047E-014
   47.3456250000000        -1.095233792528220E-014
   47.5593750000000        -1.127893242993263E-014
   47.7731250000000        -1.161237135089895E-014
   47.9868750000000        -1.195251400750121E-014
   48.2006250000000        -1.229914984819787E-014
   48.4143750000000        -1.265202462235351E-014
   48.6281250000000        -1.301087721334615E-014
   48.8418750000000        -1.337548372116580E-014
   49.0556250000000        -1.374570377492442E-014
   49.2693750000000        -1.412152289491455E-014
   49.4831250000000        -1.450308426768448E-014
   49.6968750000000        -1.489070357784289E-014
   49.9106250000000        -1.528486188065173E-014
   50.1243750000000        -1.568617352779522E-014
   50.3381250000000        -1.609532921242414E-014
   50.5518750000000        -1.651301751739126E-014
   50.7656250000000        -1.693983195053563E-014
   50.9793750000000        -1.737617371477873E-014
   51.1931250000000        -1.782216284018108E-014
   51.4068750000000        -1.827757153370726E-014
   51.6206250000000        -1.874179308162331E-014
   51.8343750000000        -1.921385723787778E-014
   52.0481250000000        -1.969249876712769E-014
   52.2618750000000        -2.017627976817971E-014
   52.4756250000000        -2.066375921837591E-014
   52.6893750000000        -2.115369557504466E-014
   52.9031250000000        -2.164526112445738E-014
   53.1168750000000        -2.213824123395712E-014
   53.3306250000000        -2.263318877453717E-014
   53.5443750000000        -2.313150452155136E-014
   53.7581250000000        -2.363541901990857E-014
   53.9718750000000        -2.414786017103096E-014
   54.1856250000000        -2.467220334685546E-014
   54.3993750000000        -2.521191608600707E-014
   54.6131250000000        -2.577012573723988E-014
   54.8268750000000        -2.634915387119258E-014
   55.0406250000000        -2.695007354272152E-014
   55.2543750000000        -2.757235242613049E-014
   55.4681250000000        -2.821364450149473E-014
   55.6818750000000        -2.886978417950978E-014
   55.8956250000000        -2.953501925879381E-014
   56.1093750000000        -3.020249371460545E-014
   56.3231250000000        -3.086496015151331E-014
   56.5368750000000        -3.151566792766343E-014
   56.7506250000000        -3.214934066408955E-014
   56.9643750000000        -3.276313037899948E-014
   57.1781250000000        -3.335741974773716E-014
   57.3918750000000        -3.393634220313348E-014
   57.6056250000000        -3.450790494311766E-014
   57.8193750000000        -3.508363254675608E-014
   58.0331250000000        -3.567769767698592E-014
   58.2468750000000        -3.630556634176488E-014
   58.4606250000000        -3.698225234479995E-014
   58.6743750000000        -3.772034116264297E-014
   58.8881250000000        -3.852799882096943E-014
   59.1018750000000        -3.940721763434838E-014
   59.3156250000000        -4.035256035518156E-014
   59.5293750000000        -4.135064205316361E-014
   59.7431250000000        -4.238053289847658E-014
   59.9568750000000        -4.341517696587946E-014
   60.1706250000000        -4.442380872261739E-014
   60.3843750000000        -4.537522043331028E-014
   60.5981250000000        -4.624160443641872E-014
   60.8118750000000        -4.700258010537600E-014
   61.0256250000000        -4.764893290721785E-014
   61.2393750000000        -4.818555722792637E-014
   61.4531250000000        -4.863311653910069E-014
   61.6668750000000        -4.902801992486389E-014
   61.8806250000000        -4.942046109762539E-014
   62.0943750000000        -4.987046586770635E-014
   62.3081250000000        -5.044212920807525E-014
   62.5218750000000        -5.119647001346889E-014
   62.7356250000000        -5.218356193840080E-014
   62.9493750000000        -5.343478208980134E-014
   63.1631250000000        -5.495612727912822E-014
   63.3768750000000        -5.672355668904806E-014
   63.5906250000000        -5.868121560268122E-014
   63.8043750000000        -6.074317450837036E-014
   64.0181250000000        -6.279899178593335E-014
   64.2318750000000        -6.472300094439639E-014
   64.4456250000000        -6.638677200109342E-014
   64.6593750000000        -6.767374840791784E-014
   64.8731250000000        -6.849466838759531E-014
   65.0868750000000        -6.880209568228807E-014
   65.3006250000000        -6.860225634242040E-014
   65.5143750000000        -6.796243996054735E-014
   65.7281250000000        -6.701249277494317E-014
   65.9418750000000        -6.593940204776761E-014
   66.1556250000000        -6.497461763931615E-014
   66.3693750000000        -6.437452693183745E-014
   66.5831250000000        -6.439532170781283E-014
   66.7968750000000        -6.526428504113911E-014
   67.0106250000000        -6.715019111894795E-014
   67.2243750000000        -7.013596259216538E-014
   67.4381250000000        -7.419689371981928E-014
   67.6518750000000        -7.918757119568638E-014
   67.8656250000000        -8.484008706789651E-014
   68.0793750000000        -9.077525576576896E-014
   68.2931250000000        -9.652737390187408E-014
   68.5068750000000        -1.015816892498091E-013
   68.7206250000000        -1.054222957408582E-013
   68.9343750000000        -1.075867881390663E-013
   69.1481250000000        -1.077228443960559E-013
   69.3618750000000        -1.056411003234603E-013
   69.5756250000000        -1.013583622262789E-013
   69.7893750000000        -9.512545424278452E-014
   70.0031250000000        -8.743485476474429E-014
   70.2168750000000        -7.900472011405770E-014
   70.4306250000000        -7.073784325175269E-014
   70.6443750000000        -6.365641255230589E-014
   70.8581250000000        -5.881593341068170E-014
   71.0718750000000        -5.720413078591294E-014
   71.2856250000000        -5.963282344286043E-014
   71.4993750000000        -6.663241383673708E-014
   71.7131250000000        -7.835956029480692E-014
   71.9268750000000        -9.452862684383345E-014
   72.1406250000000        -1.143765434617909E-013
   72.3543750000000        -1.366687387866039E-013
   72.5681250000000        -1.597509012013593E-013
   72.7818750000000        -1.816476453812358E-013
   72.9956250000000        -2.002049577159359E-013
   73.2093750000000        -2.132688836752148E-013
   73.4231250000000        -2.188886720420486E-013
   73.6368750000000        -2.155288977318873E-013
   73.8506250000000        -2.022723330406341E-013
   74.0643750000000        -1.789938738514433E-013
   74.2781250000000        -1.464859279042163E-013
   74.4918750000000        -1.065175101744623E-013
   74.7056250000000        -6.181291182966529E-014
   74.9193750000000        -1.594111530955317E-014
   75.1331250000000         2.688613404231633E-014
   75.3468750000000         6.210192263153842E-014
   75.5606250000000         8.514349630314845E-014
   75.7743750000000         9.186128897464667E-014
   75.9881250000000         7.894839241722340E-014
   76.2018750000000         4.435558154250869E-014
   76.4156250000000        -1.234632803889592E-014
   76.6293750000000        -8.969548277319471E-014
   76.8431250000000        -1.841952393009717E-013
   77.0568750000000        -2.903272786094909E-013
   77.2706250000000        -4.007415796598562E-013
   77.4843750000000        -5.066306540064710E-013
   77.6981250000000        -5.982805915893832E-013
   77.9118750000000        -6.657753503823259E-013
   78.1256250000000        -6.998145689705539E-013
   78.3393750000000        -6.925903810880284E-013
   78.5531250000000        -6.386567099507239E-013
   78.7668750000000        -5.357166993465751E-013
   78.9806250000000        -3.852514823210633E-013
   79.1943750000000        -1.929172569349611E-013
   79.4081250000000         3.135194951011046E-014
   79.6218750000000         2.735815018391483E-013
   79.8356250000000         5.163562530484444E-013
   80.0493750000000         7.397790541033033E-013
   80.2631250000000         9.227531126231118E-013
   80.4768750000000         1.044523019984299E-012
   80.6906250000000         1.086380660273518E-012
   80.9043750000000         1.033418224481542E-012
   81.1181250000000         8.761936519769185E-013
   81.3318750000000         6.121661199914496E-013
   81.5456250000000         2.467622352166362E-013
   81.7593750000000        -2.060518743110433E-013
   81.9731250000000        -7.237914272868040E-013
   82.1868750000000        -1.276129402332107E-012
   82.4006250000000        -1.826246472471429E-012
   82.6143750000000        -2.332822331385085E-012
   82.8281250000000        -2.752584179337294E-012
   83.0418750000000        -3.043277955556589E-012
   83.2556250000000        -3.166883691661756E-012
   83.4693750000000        -3.092861972228018E-012
   83.6831250000000        -2.801197270062647E-012
   83.8968750000000        -2.284998417650143E-012
   84.1106250000000        -1.552428181900092E-012
   84.3243750000000        -6.277631146716987E-013
   84.5381250000000         4.485694461626256E-013
   84.7518750000000         1.621070425550537E-012
   84.9656250000000         2.821386593722134E-012
   85.1793750000000         3.971612037894087E-012
   85.3931250000000         4.988540387587752E-012
   85.6068750000000         5.788660182965676E-012
   85.8206250000000         6.293620659343877E-012
   86.0343750000000         6.435844396525548E-012
   86.2481250000000         6.163930922374665E-012
   86.4618750000000         5.447484574785146E-012
   86.6756250000000         4.281012520307588E-012
   86.8893750000000         2.686575145907838E-012
   87.1031250000000         7.149299012714389E-013
   87.3168750000000        -1.555011606001174E-012
   87.5306250000000        -4.018498923819264E-012
   87.7443750000000        -6.549011009507842E-012
   87.9581250000000        -9.003948330658242E-012
   88.1718750000000        -1.123171223344526E-011
   88.3856250000000        -1.307983643722572E-011
   88.5993750000000        -1.440375240674261E-011
   88.8131250000000        -1.507570856650645E-011
   89.0268750000000        -1.499332767730749E-011
   89.2406250000000        -1.408728062755251E-011
   89.4543750000000        -1.232758018030007E-011
   89.6681250000000        -9.728054791186565E-012
   89.8818750000000        -6.348648470452509E-012
   90.0956250000000        -2.295303891671065E-012
   90.3093750000000         2.282683126866507E-012
   90.5231250000000         7.197806208033397E-012
   90.7368750000000         1.223180888046644E-011
   90.9506250000000         1.714514089579148E-011
   91.1643750000000         2.168795944377886E-011
   91.3781250000000         2.561211796349054E-011
   91.5918750000000         2.868350912921574E-011
   91.8056250000000         3.069408876701407E-011
   92.0193750000000         3.147290794782849E-011
   92.2331250000000         3.089552290088130E-011
   92.4468750000000         2.889123564511315E-011
   92.6606250000000         2.544773858652105E-011
   92.8743750000000         2.061288742282027E-011
   93.0881250000000         1.449349988544263E-011
   93.3018750000000         7.251262650843869E-012
   93.5156250000000        -9.039865377862402E-013
   93.7293750000000        -9.723162093232898E-012
   93.9431250000000        -1.892843154238630E-011
   94.1568750000000        -2.822461354169357E-011
   94.3706250000000        -3.731070330792418E-011
   94.5843750000000        -4.589073744854387E-011
   94.7981250000000        -5.368324580974149E-011
   95.0118750000000        -6.042862758085403E-011
   95.2256250000000        -6.589392887985145E-011
   95.4393750000000        -6.987468223502078E-011
   95.6531250000000        -7.219368436320164E-011
   95.8668750000000        -7.269682428161060E-011
   96.0806250000000        -7.124631391429539E-011
   96.2943750000000        -6.771190166206966E-011
   96.5081250000000        -6.196084945302656E-011
   96.7218750000000        -5.384761006091157E-011
   96.9356250000000        -4.320424044336731E-011
   97.1493750000000        -2.983261797588732E-011
   97.3631250000000        -1.349948306601133E-011
   97.5768750000000         6.064788412832405E-012
   97.7906250000000         2.916297330929785E-011
   98.0043750000000         5.612290025911092E-011
   98.2181250000000         8.728432283850780E-011
   98.4318750000000         1.229809789676828E-010
   98.6456250000000         1.635184130140420E-010
   98.8593750000000         2.091484936426318E-010
   99.0731250000000         2.600418853326194E-010
   99.2868750000000         3.162600010954151E-010
   99.5006250000000         3.777281568446520E-010
   99.7143750000000         4.442117462423075E-010
   99.9281250000000         5.152972458249560E-010
   100.141875000000         5.903797370510897E-010
   100.355625000000         6.686583947390954E-010
   100.569375000000         7.491410475655392E-010
   100.783125000000         8.306584803953920E-010
   100.996875000000         9.118886413356165E-010
   101.210625000000         9.913903652258922E-010
   101.424375000000         1.067645660642850E-009
   101.638125000000         1.139109062649378E-009
   101.851875000000         1.204262062183889E-009
   102.065625000000         1.261670217279464E-009
   102.279375000000         1.310040259738135E-009
   102.493125000000         1.348274356482420E-009
   102.706875000000         1.375518683495226E-009
   102.920625000000         1.391203629645983E-009
   103.134375000000         1.395073266279528E-009
   103.348125000000         1.387202185308352E-009
   103.561875000000         1.367998403631664E-009
   103.775625000000         1.338191726543690E-009
   103.989375000000         1.298807721795115E-009
   104.203125000000         1.251128238125892E-009
   104.416875000000         1.196640163064288E-009
   104.630625000000         1.136974809316593E-009
   104.844375000000         1.073840903512795E-009
   105.058125000000         1.008954586036471E-009
   105.271875000000         9.439700835675298E-010
   105.485625000000         8.804147633605320E-010
   105.699375000000         8.196321078374180E-010
   105.913125000000         7.627357600386803E-010
   106.126875000000         7.105771984971489E-010
   106.340625000000         6.637288312855363E-010
   106.554375000000         6.224833931462525E-010
   106.768125000000         5.868695375840406E-010
   106.981875000000         5.566824969602858E-010
   107.195625000000         5.315277025748176E-010
   107.409375000000         5.108743793552793E-010
   107.623125000000         4.941154189330022E-010
   107.836875000000         4.806293458322837E-010
   108.050625000000         4.698399675821341E-010
   108.264375000000         4.612693683601376E-010
   108.478125000000         4.545802761195470E-010
   108.691875000000         4.496044932438857E-010
   108.905625000000         4.463549977546237E-010
   109.119375000000         4.450204431105771E-010
   109.333125000000         4.459420394927128E-010
   109.546875000000         4.495741047889571E-010
   109.760625000000         4.564308381320715E-010
   109.974375000000         4.670230002114215E-010
   110.188125000000         4.817890954564568E-010
   110.401875000000         5.010262664855889E-010
   110.615625000000         5.248263741463602E-010
   110.829375000000         5.530226136269110E-010
   111.043125000000         5.851515019371843E-010
   111.256875000000         6.204341864043275E-010
   111.470625000000         6.577798174176129E-010
   111.684375000000         6.958122763361048E-010
   111.898125000000         7.329199464538499E-010
   112.111875000000         7.673265703388704E-010
   112.325625000000         7.971796660884249E-010
   112.539375000000         8.206515913140942E-010
   112.753125000000         8.360472497356401E-010
   112.966875000000         8.419117156537326E-010
   113.180625000000         8.371307661242353E-010
   113.394375000000         8.210174897999175E-010
   113.608125000000         7.933787835877899E-010
   113.821875000000         7.545566197304586E-010
   114.035625000000         7.054404028167340E-010
   114.249375000000         6.474484489594256E-010
   114.463125000000         5.824784987612672E-010
   114.676875000000         5.128291005008103E-010
   114.890625000000         4.410955453007512E-010
   115.104375000000         3.700456818256693E-010
   115.318125000000         3.024822771567311E-010
   115.531875000000         2.410995357715039E-010
   115.745625000000         1.883418784677644E-010
   115.959375000000         1.462730853916608E-010
   116.173125000000         1.164634208754617E-010
   116.386875000000         9.990141201079565E-011
   116.600625000000         9.693560548785220E-011
   116.814375000000         1.072499600412239E-010
   117.028125000000         1.298746452375170E-010
   117.241875000000         1.632320237034809E-010
   117.455625000000         2.052156105331305E-010
   117.669375000000         2.532979456130667E-010
   117.883125000000         3.046616880651746E-010
   118.096875000000         3.563469380490191E-010
   118.310625000000         4.054068810459622E-010
   118.524375000000         4.490633812753760E-010
   118.738125000000         4.848541463309180E-010
   118.951875000000         5.107635405770407E-010
   119.165625000000         5.253300111196797E-010
   119.379375000000         5.277243549696948E-010
   119.593125000000         5.177946273232693E-010
   119.806875000000         4.960752812111851E-010
   120.020625000000         4.637600401517963E-010
   120.234375000000         4.226399347786247E-010
   120.448125000000         3.750097789387217E-010
   120.661875000000         3.235480233641515E-010
   120.875625000000         2.711763191745662E-010
   121.089375000000         2.209061775187582E-010
   121.303125000000         1.756807723204984E-010
   121.516875000000         1.382201679792646E-010
   121.730625000000         1.108780529924551E-010
   121.944375000000         9.551743655460338E-011
   122.158125000000         9.341175295229724E-011
   122.371875000000         1.051764727953003E-010
   122.585625000000         1.307347127805869E-010
   122.799375000000         1.693185521736185E-010
   123.013125000000         2.195058988552603E-010
   123.226875000000         2.792908989594166E-010
   123.440625000000         3.461841489508162E-010
   123.654375000000         4.173374382428136E-010
   123.868125000000         4.896865037109250E-010
   124.081875000000         5.601043788405133E-010
   124.295625000000         6.255574149928940E-010
   124.509375000000         6.832559643390552E-010
   124.723125000000         7.307920448600944E-010
   124.936875000000         7.662570364753822E-010
   125.150625000000         7.883335417392245E-010
   125.364375000000         7.963569239349767E-010
   125.578125000000         7.903436340070342E-010
   125.791875000000         7.709851691011139E-010
   126.005625000000         7.396082772006991E-010
   126.219375000000         6.981037414288587E-010
   126.433125000000         6.488276553648588E-010
   126.646875000000         5.944804575729520E-010
   126.860625000000         5.379700628867795E-010
   127.074375000000         4.822661595052656E-010
   127.288125000000         4.302531027158474E-010
   127.501875000000         3.845888156722722E-010
   127.715625000000         3.475767122898287E-010
   127.929375000000         3.210569127717632E-010
   128.143125000000         3.063219711373381E-010
   128.356875000000         3.040610332371514E-010
   128.570625000000         3.143348611596643E-010
   128.784375000000         3.365825714591056E-010
   128.998125000000         3.696593202108479E-010
   129.211875000000         4.119026079343970E-010
   129.425625000000         4.612234491944298E-010
   129.639375000000         5.152174259209894E-010
   129.853125000000         5.712896811847704E-010
   130.066875000000         6.267872597746465E-010
   130.280625000000         6.791318969384106E-010
   130.494375000000         7.259464136803073E-010
   130.708125000000         7.651682945180993E-010
   130.921875000000         7.951447813321566E-010
   131.135625000000         8.147048762147524E-010
   131.349375000000         8.232049512033955E-010
   131.563125000000         8.205461427051106E-010
   131.776875000000         8.071632809228118E-010
   131.990625000000         7.839866799526743E-010
   132.204375000000         7.523796003958152E-010
   132.418125000000         7.140555045732049E-010
   132.631875000000         6.709802750997157E-010
   132.845625000000         6.252652957037936E-010
   133.059375000000         5.790576534453915E-010
   133.273125000000         5.344336920166538E-010
   133.486875000000         4.933017305165998E-010
   133.700625000000         4.573189911625691E-010
   133.914375000000         4.278267078269610E-010
   134.128125000000         4.058060913825994E-010
   134.341875000000         3.918563999599623E-010
   134.555625000000         3.861949040253635E-010
   134.769375000000         3.886771509674836E-010
   134.983125000000         3.988347185541092E-010
   135.196875000000         4.159266841374814E-010
   135.410625000000         4.390003892497196E-010
   135.624375000000         4.669567841961859E-010
   135.838125000000         4.986157031446308E-010
   136.051875000000         5.327768271114686E-010
   136.265625000000         5.682727936770187E-010
   136.479375000000         6.040118394786540E-010
   136.693125000000         6.390084297427468E-010
   136.906875000000         6.724014449829890E-010
   137.120625000000         7.034605647429505E-010
   137.334375000000         7.315824256698664E-010
   137.548125000000         7.562788647138122E-010
   137.761875000000         7.771600365791763E-010
   137.975625000000         7.939153903873063E-010
   138.189375000000         8.062954018748497E-010
   138.403125000000         8.140966068667662E-010
   138.616875000000         8.171519132123979E-010
   138.830625000000         8.153274425428814E-010
   139.044375000000         8.085263414591596E-010
   139.258125000000         7.966991794700211E-010
   139.471875000000         7.798597909020184E-010
   139.685625000000         7.581047841310268E-010
   139.899375000000         7.316344842262069E-010
   140.113125000000         7.007728277308465E-010
   140.326875000000         6.659837052280531E-010
   140.540625000000         6.278814440091563E-010
   140.754375000000         5.872335176269592E-010
   140.968125000000         5.449541248623466E-010
   141.181875000000         5.020879503972612E-010
   141.395625000000         4.597841495996370E-010
   141.609375000000         4.192613346808365E-010
   141.823125000000         3.817650257483248E-010
   142.036875000000         3.485196205182603E-010
   142.250625000000         3.206773919946901E-010
   142.464375000000         2.992673162680021E-010
   142.678125000000         2.851466464238260E-010
   142.891875000000         2.789580788967211E-010
   143.105625000000         2.810951121829953E-010
   143.319375000000         2.916777914193819E-010
   143.533125000000         3.105404911770195E-010
   143.746875000000         3.372327447999368E-010
   143.960625000000         3.710334183510795E-010
   144.174375000000         4.109777901511008E-010
   144.388125000000         4.558963734023526E-010
   144.601875000000         5.044636490779309E-010
   144.815625000000         5.552542962490554E-010
   145.029375000000         6.068040503988660E-010
   145.243125000000         6.576720145616662E-010
   145.456875000000         7.065011139379582E-010
   145.670625000000         7.520734343938386E-010
   145.884375000000         7.933574221645373E-010
   146.098125000000         8.295443393852221E-010
   146.311875000000         8.600719506906882E-010
   146.525625000000         8.846341328209964E-010
   146.739375000000         9.031759152946595E-010
   146.953125000000         9.158743311103929E-010
   147.166875000000         9.231063315261653E-010
   147.380625000000         9.254058444126586E-010
   147.594375000000         9.234127776203369E-010
   147.808125000000         9.178173368601371E-010
   148.021875000000         9.093033985231262E-010
   148.235625000000         8.984948189707513E-010
   148.449375000000         8.859084539776563E-010
   148.663125000000         8.719173018300541E-010
   148.876875000000         8.567265846697381E-010
   149.090625000000         8.403647756014964E-010
   149.304375000000         8.226906101219965E-010
   149.518125000000         8.034160489893988E-010
   149.731875000000         7.821440545647823E-010
   149.945625000000         7.584189775405145E-010
   150.159375000000         7.317863990339514E-010
   150.373125000000         7.018585016839169E-010
   150.586875000000         6.683805091687806E-010
   150.800625000000         6.312934777232938E-010
   151.014375000000         5.907887684774915E-010
   151.228125000000         5.473498780818995E-010
   151.441875000000         5.017779387600527E-010
   151.655625000000         4.551980799807561E-010
   151.869375000000         4.090449182851496E-010
   152.083125000000         3.650266430626578E-010
   152.296875000000         3.250684205787000E-010
   152.510625000000         2.912370707665650E-010
   152.724375000000         2.656501090953339E-010
   152.938125000000         2.503732253023198E-010
   153.151875000000         2.473110400121497E-010
   153.365625000000         2.580965018752824E-010
   153.579375000000         2.839845401655811E-010
   153.793125000000         3.257555645909133E-010
   154.006875000000         3.836341133001356E-010
   154.220625000000         4.572274114314316E-010
   154.434375000000         5.454878447795220E-010
   154.648125000000         6.467024111489098E-010
   154.861875000000         7.585111241701030E-010
   155.075625000000         8.779551508641982E-010
   155.289375000000         1.001554205572690E-009
   155.503125000000         1.125411439640708E-009
   155.716875000000         1.245342799498615E-009
   155.930625000000         1.357026617757122E-009
   156.144375000000         1.456168096831984E-009
   156.358125000000         1.538672389097142E-009
   156.571875000000         1.600819220416700E-009
   156.785625000000         1.639431494703811E-009
   156.999375000000         1.652030103735931E-009
   157.213125000000         1.636967291234692E-009
   157.426875000000         1.593531415600719E-009
   157.640625000000         1.522016839027428E-009
   157.854375000000         1.423753939371378E-009
   158.068125000000         1.301095868399346E-009
   158.281875000000         1.157360612405376E-009
   158.495625000000         9.967290679601851E-010
   158.709375000000         8.241021206788044E-010
   158.923125000000         6.449219816764407E-010
   159.136875000000         4.649651547293356E-010
   159.350625000000         2.901162329864563E-010
   159.564375000000         1.261331202346359E-010
   159.778125000000        -2.158488054262760E-011
   159.991875000000        -1.482144585986894E-010
   160.205625000000        -2.496999924385792E-010
   160.419375000000        -3.229095494138267E-010
   160.633125000000        -3.657470050886640E-010
   160.846875000000        -3.772144755099982E-010
   161.060625000000        -3.574220499807714E-010
   161.274375000000        -3.075448519244276E-010
   161.488125000000        -2.297305438531494E-010
   161.701875000000        -1.269633222643879E-010
   161.915625000000        -2.893017854780907E-012
   162.129375000000         1.383600550755926E-010
   162.343125000000         2.924125146822690E-010
   162.556875000000         4.548250526756130E-010
   162.770625000000         6.212970359937929E-010
   162.984375000000         7.878373973690392E-010
   163.198125000000         9.509024800341892E-010
   163.411875000000         1.107493956488723E-009
   163.625625000000         1.255212842365386E-009
   163.839375000000         1.392268769972810E-009
   164.053125000000         1.517446849827477E-009
   164.266875000000         1.630037407946824E-009
   164.480625000000         1.729736431160747E-009
   164.694375000000         1.816526500396937E-009
   164.908125000000         1.890549202940498E-009
   165.121875000000         1.951980401305977E-009
   165.335625000000         2.000919269525331E-009
   165.549375000000         2.037300719530942E-009
   165.763125000000         2.060838822682259E-009
   165.976875000000         2.071006229962705E-009
   166.190625000000         2.067051598839835E-009
   166.404375000000         2.048053866580158E-009
   166.618125000000         2.013009106481403E-009
   166.831875000000         1.960942901976224E-009
   167.045625000000         1.891038892985640E-009
   167.259375000000         1.802772573999595E-009
   167.473125000000         1.696038689848249E-009
   167.686875000000         1.571260758024892E-009
   167.900625000000         1.429472352396883E-009
   168.114375000000         1.272361747613577E-009
   168.328125000000         1.102274213033026E-009
   168.541875000000         9.221694649819640E-010
   168.755625000000         7.355352938809166E-010
   168.969375000000         5.462619045864304E-010
   169.183125000000         3.584847603977463E-010
   169.396875000000         1.764064320066920E-010
   169.610625000000         4.109885596357318E-012
   169.824375000000        -1.546233815962092E-010
   170.038125000000        -2.964770426324374E-010
   170.251875000000        -4.187333461954717E-010
   170.465625000000        -5.193662987143996E-010
   170.679375000000        -5.970877702372517E-010
   170.893125000000        -6.513433806707124E-010
   171.106875000000        -6.822590743910517E-010
   171.320625000000        -6.905433524412502E-010
   171.534375000000        -6.773538598296401E-010
   171.748125000000        -6.441400964532992E-010
   171.961875000000        -5.924761564903000E-010
   172.175625000000        -5.238983978126835E-010
   172.389375000000        -4.397626875217919E-010
   172.603125000000        -3.411343542900434E-010
   172.816875000000        -2.287213031676577E-010
   173.030625000000        -1.028571163488496E-010
   173.244375000000         3.646333659805935E-011
   173.458125000000         1.894978705089818E-010
   173.671875000000         3.566271729177142E-010
   173.885625000000         5.381919264544959E-010
   174.099375000000         7.343108506410613E-010
   174.313125000000         9.446958091158000E-010
   174.526875000000         1.168480980402951E-009
   174.740625000000         1.404082540308748E-009
   174.954375000000         1.649103375696682E-009
   175.168125000000         1.900294182613726E-009
   175.381875000000         2.153578141024168E-009
   175.595625000000         2.404141532421879E-009
   175.809375000000         2.646587560346147E-009
   176.023125000000         2.875145656095543E-009
   176.236875000000         3.083924100826968E-009
   176.450625000000         3.267190224971547E-009
   176.664375000000         3.419660037769831E-009
   176.878125000000         3.536778079602811E-009
   177.091875000000         3.614968654192766E-009
   177.305625000000         3.651841349398797E-009
   177.519375000000         3.646336748424808E-009
   177.733125000000         3.598802227668639E-009
   177.946875000000         3.510992420428310E-009
   178.160625000000         3.385993938954154E-009
   178.374375000000         3.228078916966388E-009
   178.588125000000         3.042496501282761E-009
   178.801875000000         2.835215267332598E-009
   179.015625000000         2.612632407051574E-009
   179.229375000000         2.381267268936182E-009
   179.443125000000         2.147457340177936E-009
   179.656875000000         1.917074063894621E-009
   179.870625000000         1.695274081467971E-009
   180.084375000000         1.486298756161808E-009
   180.298125000000         1.293331401580359E-009
   180.511875000000         1.118417775094268E-009
   180.725625000000         9.624513837751128E-010
   180.939375000000         8.252212623414804E-010
   181.153125000000         7.055163654699552E-010
   181.366875000000         6.012777737477943E-010
   181.580625000000         5.097876923645075E-010
   181.794375000000         4.278828126586643E-010
   182.008125000000         3.521790355503659E-010
   182.221875000000         2.792947913803320E-010
   182.435625000000         2.060611509325409E-010
   182.649375000000         1.297084856192340E-010
   182.863125000000         4.802145144845927E-011
   183.076875000000        -4.054362267271232E-011
   183.290625000000        -1.367824326168610E-010
   183.504375000000        -2.407085772754073E-010
   183.718125000000        -3.515604871633417E-010
   183.931875000000        -4.678463308480024E-010
   184.145625000000        -5.874222476287136E-010
   184.359375000000        -7.075980876606251E-010
   184.573125000000        -8.252641019820955E-010
   184.786875000000        -9.370317023183068E-010
   185.000625000000        -1.039381467089780E-009
   185.214375000000        -1.128811949669130E-009
   185.428125000000        -1.201983478672771E-009
   185.641875000000        -1.255851952575030E-009
   185.855625000000        -1.287788546502577E-009
   186.069375000000        -1.295682197177687E-009
   186.283125000000        -1.278022651772582E-009
   186.496875000000        -1.233962710075603E-009
   186.710625000000        -1.163359024077829E-009
   186.924375000000        -1.066791427851124E-009
   187.138125000000        -9.455612515469185E-010
   187.351875000000        -8.016694379983231E-010
   187.565625000000        -6.377755508152739E-010
   187.779375000000        -4.571389680885032E-010
   187.993125000000        -2.635437279226493E-010
   188.206875000000        -6.120866192171495E-011
   188.420625000000         1.453153536849698E-010
   188.634375000000         3.512589649098558E-010
   188.848125000000         5.517563781611605E-010
   189.061875000000         7.419731987137267E-010
   189.275625000000         9.172370504604543E-010
   189.489375000000         1.073167615309585E-009
   189.703125000000         1.205802431351979E-009
   189.916875000000         1.311714575907344E-009
   190.130625000000         1.388118276151438E-009
   190.344375000000         1.432958575219383E-009
   190.558125000000         1.444981465197559E-009
   190.771875000000         1.423781396345632E-009
   190.985625000000         1.369823783311897E-009
   191.199375000000         1.284441034130992E-009
   191.413125000000         1.169801687330889E-009
   191.626875000000         1.028853399882778E-009
   191.840625000000         8.652417133410060E-010
   192.054375000000         6.832076578651642E-010
   192.268125000000         4.874682521046940E-010
   192.481875000000         2.830847442931672E-010
   192.695625000000         7.532395172439625E-011
   192.909375000000        -1.304817536388915E-010
   193.123125000000        -3.290704178093230E-010
   193.336875000000        -5.153775287986292E-010
   193.550625000000        -6.846499759036757E-010
   193.764375000000        -8.325438596238729E-010
   193.978125000000        -9.552042562732386E-010
   194.191875000000        -1.049326288331879E-009
   194.405625000000        -1.112198051202235E-009
   194.619375000000        -1.141726996643150E-009
   194.833125000000        -1.136452182946310E-009
   195.046875000000        -1.095545303927978E-009
   195.260625000000        -1.018803564075646E-009
   195.474375000000        -9.066372703094324E-010
   195.688125000000        -7.600544912853051E-010
   195.901875000000        -5.806443552562789E-010
   196.115625000000        -3.705596067831678E-010
   196.329375000000        -1.324980294859007E-010
   196.543125000000         1.303186167020831E-010
   196.756875000000         4.141702862989676E-010
   196.970625000000         7.148716344485971E-010
   197.184375000000         1.027815151614493E-009
   197.398125000000         1.348027106771985E-009
   197.611875000000         1.670238385407072E-009
   197.825625000000         1.988971391672990E-009
   198.039375000000         2.298642996928730E-009
   198.253125000000         2.593682161833602E-009
   198.466875000000         2.868659457810203E-009
   198.680625000000         3.118424395224726E-009
   198.894375000000         3.338245354327186E-009
   199.108125000000         3.523946118136143E-009
   199.321875000000         3.672032604141573E-009
   199.535625000000         3.779803429456540E-009
   199.749375000000         3.845438429004304E-009
   199.963125000000         3.868060147311722E-009
   200.176875000000         3.847764575897896E-009
   200.390625000000         3.785618917218770E-009
   200.604375000000         3.683625812006261E-009
   200.818125000000         3.544655151985880E-009
   201.031875000000         3.372346200553047E-009
   201.245625000000         3.170984159710613E-009
   201.459375000000         2.945356473132893E-009
   201.673125000000         2.700594989111414E-009
   201.886875000000         2.442010597235653E-009
   202.100625000000         2.174927098850541E-009
   202.314375000000         1.904520895558332E-009
   202.528125000000         1.635672620597242E-009
   202.741875000000         1.372836142955095E-009
   202.955625000000         1.119929495136219E-009
   203.169375000000         8.802512623071934E-010
   203.383125000000         6.564248673723568E-010
   203.596875000000         4.503720306952596E-010
   203.810625000000         2.633155056325583E-010
   204.024375000000         9.581001863576283E-011
   204.238125000000        -5.220079848125945E-011
   204.451875000000        -1.813047774542439E-010
   204.665625000000        -2.925231630064549E-010
   204.879375000000        -3.871992712665168E-010
   205.093125000000        -4.668796492445690E-010
   205.306875000000        -5.331939532487653E-010
   205.520625000000        -5.877399010775897E-010
   205.734375000000        -6.319794579173895E-010
   205.948125000000        -6.671518616324817E-010
   206.161875000000        -6.942081748492644E-010
   206.375625000000        -7.137707927606076E-010
   206.589375000000        -7.261197925992903E-010
   206.803125000000        -7.312062706689487E-010
   207.016875000000        -7.286909908972722E-010
   207.230625000000        -7.180049003505057E-010
   207.444375000000        -6.984264962464541E-010
   207.658125000000        -6.691697955124942E-010
   207.871875000000        -6.294758828323682E-010
   208.085625000000        -5.787007848355402E-010
   208.299375000000        -5.163927810066176E-010
   208.513125000000        -4.423532086849290E-010
   208.726875000000        -3.566762882655171E-010
   208.940625000000        -2.597653716080594E-010
   209.154375000000        -1.523251443078712E-010
   209.368125000000        -3.533150312498544E-011
   209.581875000000         9.001711756575995E-011
   209.795625000000         2.223614771309316E-010
   210.009375000000         3.602496085199260E-010
   210.223125000000         5.022039513599605E-010
   210.436875000000         6.467803578485016E-010
   210.650625000000         7.926126117571644E-010
   210.864375000000         9.384375655964766E-010
   211.078125000000         1.083097984789070E-009
   211.291875000000         1.225522513582615E-009
   211.505625000000         1.364684632460308E-009
   211.719375000000         1.499544831912190E-009
   211.933125000000         1.628982259030218E-009
   212.146875000000         1.751723604564431E-009
   212.360625000000         1.866277837229273E-009
   212.574375000000         1.970885467177121E-009
   212.788125000000         2.063490307768085E-009
   213.001875000000         2.141740250254251E-009
   213.215625000000         2.203021481386000E-009
   213.429375000000         2.244528025593058E-009
   213.643125000000         2.263365686821309E-009
   213.856875000000         2.256686626250050E-009
   214.070625000000         2.221848167248525E-009
   214.284375000000         2.156587175303116E-009
   214.498125000000         2.059199689626957E-009
   214.711875000000         1.928714507397552E-009
   214.925625000000         1.765049207140834E-009
   215.139375000000         1.569137651822308E-009
   215.353125000000         1.343019285786432E-009
   215.566875000000         1.089882435303180E-009
   215.780625000000         8.140562050406924E-010
   215.994375000000         5.209482726658857E-010
   216.208125000000         2.169287505221586E-010
   216.421875000000        -9.083686145959590E-011
   216.635625000000        -3.945999191938146E-010
   216.849375000000        -6.862779746583251E-010
   217.063125000000        -9.577311352220130E-010
   217.276875000000        -1.201053874850957E-009
   217.490625000000        -1.408869780722877E-009
   217.704375000000        -1.574616336248984E-009
   217.918125000000        -1.692807030120145E-009
   218.131875000000        -1.759258826754640E-009
   218.345625000000        -1.771274306835884E-009
   218.559375000000        -1.727769544028484E-009
   218.773125000000        -1.629340968532296E-009
   218.986875000000        -1.478267008797288E-009
   219.200625000000        -1.278443112913916E-009
   219.414375000000        -1.035251727656800E-009
   219.628125000000        -7.553718356758495E-010
   219.841875000000        -4.465355841948150E-010
   220.055625000000        -1.172422344162355E-010
   220.269375000000         2.235580329538719E-010
   220.483125000000         5.667961528999201E-010
   220.696875000000         9.036166536724354E-010
   220.910625000000         1.225694863137257E-009
   221.124375000000         1.525523663598076E-009
   221.338125000000         1.796656016395627E-009
   221.551875000000         2.033891710900936E-009
   221.765625000000         2.233399761490039E-009
   221.979375000000         2.392771427032647E-009
   222.193125000000         2.511002756247322E-009
   222.406875000000         2.588409626789285E-009
   222.620625000000         2.626482182541148E-009
   222.834375000000         2.627689116888279E-009
   223.048125000000         2.595245153506801E-009
   223.261875000000         2.532857133403418E-009
   223.475625000000         2.444465177493437E-009
   223.689375000000         2.333995377748516E-009
   223.903125000000         2.205139374167991E-009
   224.116875000000         2.061174075164683E-009
   224.330625000000         1.904831823731917E-009
   224.544375000000         1.738227710240740E-009
   224.758125000000         1.562846738433075E-009
   224.971875000000         1.379589441891758E-009
   225.185625000000         1.188870604491055E-009
   225.399375000000         9.907622223190190E-010
   225.613125000000         7.851689816276360E-010
   225.826875000000         5.720224909858502E-010
   226.040625000000         3.514794075758750E-010
   226.254375000000         1.241084824780536E-010
   226.468125000000        -1.089476031956992E-010
   226.681875000000        -3.458480120553596E-010
   226.895625000000        -5.839770602635554E-010
   227.109375000000        -8.199219408823142E-010
   227.323125000000        -1.049508314548711E-009
   227.536875000000        -1.267893634956894E-009
   227.750625000000        -1.469714539701192E-009
   227.964375000000        -1.649281350136230E-009
   228.178125000000        -1.800809866486294E-009
   228.391875000000        -1.918678367100259E-009
   228.605625000000        -1.997696139511858E-009
   228.819375000000        -2.033369063217595E-009
   229.033125000000        -2.022147766117465E-009
   229.246875000000        -1.961644682496885E-009
   229.460625000000        -1.850807902507455E-009
   229.674375000000        -1.690041933460222E-009
   229.888125000000        -1.481268267298158E-009
   230.101875000000        -1.227921810344089E-009
   230.315625000000        -9.348826006615602E-010
   230.529375000000        -6.083456201432435E-010
   230.743125000000        -2.556347041189406E-010
   230.956875000000         1.150306289741660E-010
   231.170625000000         4.948043295288339E-010
   231.384375000000         8.745062539291460E-010
   231.598125000000         1.244924358973991E-009
   231.811875000000         1.597113096334352E-009
   232.025625000000         1.922675201869140E-009
   232.239375000000         2.214015530929031E-009
   232.453125000000         2.464557623924272E-009
   232.666875000000         2.668916129143812E-009
   232.880625000000         2.823020869367962E-009
   233.094375000000         2.924191014134550E-009
   233.308125000000         2.971160319217915E-009
   233.521875000000         2.964056554446554E-009
   233.735625000000         2.904339937177688E-009
   233.949375000000         2.794706549640075E-009
   234.163125000000         2.638963327861246E-009
   234.376875000000         2.441881306221902E-009
   234.590625000000         2.209033469911205E-009
   234.804375000000         1.946622927195869E-009
   235.018125000000         1.661306302397866E-009
   235.231875000000         1.360016407550265E-009
   235.445625000000         1.049787498325747E-009
   235.659375000000         7.375858496382501E-010
   235.873125000000         4.301480489091602E-010
   236.086875000000         1.338293052905262E-010
   236.300625000000        -1.455358281889506E-010
   236.514375000000        -4.027577019005916E-010
   236.728125000000        -6.333979272457301E-010
   236.941875000000        -8.338548343102016E-010
   237.155625000000        -1.001425061992812E-009
   237.369375000000        -1.134338631076824E-009
   237.583125000000        -1.231765489761567E-009
   237.796875000000        -1.293792483488088E-009
   238.010625000000        -1.321370942709404E-009
   238.224375000000        -1.316236517343222E-009
   238.438125000000        -1.280804395451027E-009
   238.651875000000        -1.218044486920577E-009
   238.865625000000        -1.131342387899675E-009
   239.079375000000        -1.024352839394161E-009
   239.293125000000        -9.008528540334778E-010
   239.506875000000        -7.646016502910471E-010
   239.720625000000        -6.192139941078931E-010
   239.934375000000        -4.680525451050765E-010
   240.148125000000        -3.141434257287793E-010
   240.361875000000        -1.601176004764106E-010
   240.575625000000        -8.178914962194183E-012
   240.789375000000         1.399020468065600E-010
   241.003125000000         2.827706325523503E-010
   241.216875000000         4.194508660509494E-010
   241.430625000000         5.492926332920650E-010
   241.644375000000         6.719080858334886E-010
   241.858125000000         7.871020447772293E-010
   242.071875000000         8.948008526959038E-010
   242.285625000000         9.949835288188856E-010
   242.499375000000         1.087618342890506E-009
   242.713125000000         1.172607148104847E-009
   242.926875000000         1.249739105710004E-009
   243.140625000000         1.318654871720898E-009
   243.354375000000         1.378821944414976E-009
   243.568125000000         1.429521695766226E-009
   243.781875000000         1.469848597929388E-009
   243.995625000000         1.498722241518962E-009
   244.209375000000         1.514912837163444E-009
   244.423125000000         1.517080897916648E-009
   244.636875000000         1.503831625924900E-009
   244.850625000000         1.473784101663946E-009
   245.064375000000         1.425654661198833E-009
   245.278125000000         1.358352851945556E-009
   245.491875000000         1.271087132158805E-009
   245.705625000000         1.163476119693547E-009
   245.919375000000         1.035659833487265E-009
   246.133125000000         8.884041619438845E-010
   246.346875000000         7.231908979589425E-010
   246.560625000000         5.422852510509733E-010
   246.774375000000         3.487729034865836E-010
   246.988125000000         1.465594942500657E-010
   247.201875000000        -5.967309034681479E-011
   247.415625000000        -2.645571137877496E-010
   247.629375000000        -4.621769192032164E-010
   247.843125000000        -6.462522307638100E-010
   248.056875000000        -8.103615117634704E-010
   248.270625000000        -9.481969987338679E-010
   248.484375000000        -1.053840293810897E-009
   248.698125000000        -1.122045214020789E-009
   248.911875000000        -1.148513154946162E-009
   249.125625000000        -1.130145663209260E-009
   249.339375000000        -1.065259298385573E-009
   249.553125000000        -9.537492007118810E-010
   249.766875000000        -7.971899967019700E-010
   249.980625000000        -5.988656379105464E-010
   250.194375000000        -3.637232951493894E-010
   250.408125000000        -9.825030325416441E-011
   250.621875000000         1.897228648390726E-010
   250.835625000000         4.912867547361597E-010
   251.049375000000         7.967738544750558E-010
   251.263125000000         1.096122920329002E-009
   251.476875000000         1.379271002454314E-009
   251.690625000000         1.636555895311271E-009
   251.904375000000         1.859110982157251E-009
   252.118125000000         2.039234516937654E-009
   252.331875000000         2.170716267576998E-009
   252.545625000000         2.249106080880988E-009
   252.759375000000         2.271911248651182E-009
   252.973125000000         2.238712469045165E-009
   253.186875000000         2.151191605992691E-009
   253.400625000000         2.013068240181878E-009
   253.614375000000         1.829946052380918E-009
   253.828125000000         1.609074242916991E-009
   254.041875000000         1.359033311563404E-009
   254.255625000000         1.089358422983647E-009
   254.469375000000         8.101170709850893E-010
   254.683125000000         5.314606265962517E-010
   254.896875000000         2.631714070748216E-010
   255.110625000000         1.422794700588593E-011
   255.324375000000        -2.075889668077048E-010
   255.538125000000        -3.960283210468536E-010
   255.751875000000        -5.466204713769425E-010
   255.965625000000        -6.568337463345029E-010
   256.179375000000        -7.261265222990564E-010
   256.393125000000        -7.558911043764009E-010
   256.606875000000        -7.492921328166447E-010
   256.820625000000        -7.110087263146463E-010
   257.034375000000        -6.468957234952446E-010
   257.248125000000        -5.635847351578099E-010
   257.461875000000        -4.680498463695613E-010
   257.675625000000        -3.671653536289330E-010
   257.889375000000        -2.672836389157514E-010
   258.103125000000        -1.738600552072534E-010
   258.316875000000        -9.114856478183612E-011
   258.530625000000        -2.198702594988859E-011
   258.744375000000         3.231519590839378E-011
   258.958125000000         7.198175310575817E-011
   259.171875000000         9.866794864396397E-011
   259.385625000000         1.152627628322336E-010
   259.599375000000         1.256101114919483E-010
   259.813125000000         1.341704693174866E-010
   260.026875000000         1.456476423282271E-010
   260.240625000000         1.646072320536959E-010
   260.454375000000         1.951131163556118E-010
   260.668125000000         2.404061585197461E-010
   260.881875000000         3.026455821898371E-010
   261.095625000000         3.827283771228806E-010
   261.309375000000         4.801961816765849E-010
   261.523125000000         5.932328193576951E-010
   261.736875000000         7.187495433741869E-010
   261.950625000000         8.525495129906290E-010
   262.164375000000         9.895584528378592E-010
   262.378125000000         1.124105085333904E-009
   262.591875000000         1.250232907788798E-009
   262.805625000000         1.362024217209400E-009
   263.019375000000         1.453917864607811E-009
   263.233125000000         1.521003856746850E-009
   263.446875000000         1.559280369088197E-009
   263.660625000000         1.565861716295354E-009
   263.874375000000         1.539129078643426E-009
   264.088125000000         1.478819068249923E-009
   264.301875000000         1.386048351973576E-009
   264.515625000000         1.263275400557751E-009
   264.729375000000         1.114202936773523E-009
   264.943125000000         9.436267892140299E-010
   265.156875000000         7.572386382685593E-010
   265.370625000000         5.613915991804881E-010
   265.584375000000         3.628387560623199E-010
   265.798125000000         1.684556573120607E-010
   266.011875000000        -1.504160031534445E-011
   266.225625000000        -1.813707689234696E-010
   266.439375000000        -3.249384656652929E-010
   266.653125000000        -4.410644519257031E-010
   266.866875000000        -5.261648286903614E-010
   267.080625000000        -5.778853566932200E-010
   267.294375000000        -5.951782178315846E-010
   267.508125000000        -5.783181514452653E-010
   267.721875000000        -5.288569260138136E-010
   267.935625000000        -4.495183890945869E-010
   268.149375000000        -3.440396748932841E-010
   268.363125000000        -2.169673080561223E-010
   268.576875000000        -7.341968297716083E-011
   268.790625000000         8.117050632354636E-011
   269.004375000000         2.413190475521380E-010
   269.218125000000         4.017430618205738E-010
   269.431875000000         5.575894950177101E-010
   269.645625000000         7.046265108956677E-010
   269.859375000000         8.393876100545546E-010
   270.073125000000         9.592615448149734E-010
   270.286875000000         1.062524787431792E-009
   270.500625000000         1.148317162405626E-009
   270.714375000000         1.216564988347687E-009
   270.928125000000         1.267859423134278E-009
   271.141875000000         1.303300439316519E-009
   271.355625000000         1.324318803041629E-009
   271.569375000000         1.332489484955614E-009
   271.783125000000         1.329350063056741E-009
   271.996875000000         1.316236920860612E-009
   272.210625000000         1.294150494155594E-009
   272.424375000000         1.263658616261658E-009
   272.638125000000         1.224844325104000E-009
   272.851875000000         1.177301509646350E-009
   273.065625000000         1.120178672238651E-009
   273.279375000000         1.052268039887682E-009
   273.493125000000         9.721344252906429E-010
   273.706875000000         8.782757490887485E-010
   273.920625000000         7.693050963282872E-010
   274.134375000000         6.441426786074027E-010
   274.348125000000         5.022051746632975E-010
   274.561875000000         3.435796730989476E-010
   274.775625000000         1.691698692548267E-010
   274.989375000000        -1.919671980889609E-011
   275.203125000000        -2.187099817898397E-010
   275.416875000000        -4.255739453906873E-010
   275.630625000000        -6.350631738490691E-010
   275.844375000000        -8.416396371021658E-010
   276.058125000000        -1.039127315750712E-009
   276.271875000000        -1.220938178184292E-009
   276.485625000000        -1.380339741191202E-009
   276.699375000000        -1.510751410362853E-009
   276.913125000000        -1.606054429546093E-009
   277.126875000000        -1.660898751375193E-009
   277.340625000000        -1.670989628344084E-009
   277.554375000000        -1.633337303976844E-009
   277.768125000000        -1.546454863737216E-009
   277.981875000000        -1.410492005117914E-009
   278.195625000000        -1.227296039634940E-009
   278.409375000000        -1.000395604670975E-009
   278.623125000000        -7.349070424863471E-010
   278.836875000000        -4.373678690985325E-010
   279.050625000000        -1.155058786153120E-010
   279.264375000000         2.220440889653909E-010
   279.478125000000         5.660610856256548E-010
   279.691875000000         9.070805026585678E-010
   279.905625000000         1.235741366410176E-009
   280.119375000000         1.543122421705256E-009
   280.333125000000         1.821052481390963E-009
   280.546875000000         2.062382798382156E-009
   280.760625000000         2.261211984595598E-009
   280.974375000000         2.413056991513310E-009
   281.188125000000         2.514966623821345E-009
   281.401875000000         2.565576764142060E-009
   281.615625000000         2.565108787798430E-009
   281.829375000000         2.515314459764931E-009
   282.043125000000         2.419371924965804E-009
   282.256875000000         2.281738288550159E-009
   282.470625000000         2.107964845089984E-009
   282.684375000000         1.904481390954584E-009
   282.898125000000         1.678356377362665E-009
   283.111875000000         1.437040040542104E-009
   283.325625000000         1.188098139316503E-009
   283.539375000000         9.389445368118749E-010
   283.753125000000         6.965815143977119E-010
   283.966875000000         4.673572776411105E-010
   284.180625000000         2.567504414143373E-010
   284.394375000000         6.919118547222535E-011
   284.608125000000        -9.207191062882175E-011
   284.821875000000        -2.250517314269926E-010
   285.035625000000        -3.290437046009966E-010
   285.249375000000        -4.045854580965556E-010
   285.463125000000        -4.533558343828402E-010
   285.676875000000        -4.780177972481952E-010
   285.890625000000        -4.820135618980894E-010
   286.104375000000        -4.693237696146932E-010
   286.318125000000        -4.442053645176911E-010
   286.531875000000        -4.109246976377905E-010
   286.745625000000        -3.735030420501296E-010
   286.959375000000        -3.354910179160683E-010
   287.173125000000        -2.997863914178469E-010
   287.386875000000        -2.685064556011008E-010
   287.600625000000        -2.429219805762949E-010
   287.814375000000        -2.234548968431170E-010
   288.028125000000        -2.097368797338512E-010
   288.241875000000        -2.007212915127336E-010
   288.455625000000        -1.948369442040345E-010
   288.669375000000        -1.901692354183647E-010
   288.883125000000        -1.846526377964132E-010
   289.096875000000        -1.762584111548351E-010
   289.310625000000        -1.631627281266204E-010
   289.524375000000        -1.438829885474993E-010
   289.738125000000        -1.173736511831583E-010
   289.951875000000        -8.307705021689436E-011
   290.165625000000        -4.092895868964638E-011
   290.379375000000         8.677316072086483E-012
   290.593125000000         6.496114878489827E-011
   290.806875000000         1.268495401556950E-010
   291.020625000000         1.930858949906313E-010
   291.234375000000         2.623415949176141E-010
   291.448125000000         3.333202590979795E-010
   291.661875000000         4.048464019694449E-010
   291.875625000000         4.759326166029503E-010
   292.089375000000         5.458221123096505E-010
   292.303125000000         6.140060895930412E-010
   292.516875000000         6.802177555824525E-010
   292.730625000000         7.444065504735333E-010
   292.944375000000         8.066972451268267E-010
   293.158125000000         8.673389590401825E-010
   293.371875000000         9.266489110200358E-010
   293.585625000000         9.849550061090940E-010
   293.799375000000         1.042540387095832E-009
   294.013125000000         1.099592059746514E-009
   294.226875000000         1.156154841931122E-009
   294.440625000000         1.212091342219022E-009
   294.654375000000         1.267048523993578E-009
   294.868125000000         1.320431651947475E-009
   295.081875000000         1.371386960039439E-009
   295.295625000000         1.418795064759216E-009
   295.509375000000         1.461277771461599E-009
   295.723125000000         1.497221269644870E-009
   295.936875000000         1.524818594859589E-009
   296.150625000000         1.542133518256269E-009
   296.364375000000         1.547186662601887E-009
   296.578125000000         1.538062689813610E-009
   296.791875000000         1.513035016454064E-009
   297.005625000000         1.470701937189874E-009
   297.219375000000         1.410125582872780E-009
   297.433125000000         1.330963147649011E-009
   297.646875000000         1.233578610264436E-009
   297.860625000000         1.119123010448059E-009
   298.074375000000         9.895723848461131E-010
   298.288125000000         8.477147534823621E-010
   298.501875000000         6.970809697461817E-010
   298.715625000000         5.418185568842648E-010
   298.929375000000         3.865124836338025E-010
   299.143125000000         2.359617270942153E-010
   299.356875000000         9.492493963269920E-011
   299.570625000000        -3.214789902740400E-011
   299.784375000000        -1.413787118459586E-010
   299.998125000000        -2.296996563283791E-010
   300.211875000000        -2.950478714651972E-010
   300.425625000000        -3.365007509190091E-010
   300.639375000000        -3.543401438309847E-010
   300.853125000000        -3.500392981319507E-010
   301.066875000000        -3.261724083035246E-010
   301.280625000000        -2.862527496044786E-010
   301.494375000000        -2.345110009319348E-010
   301.708125000000        -1.756299536280310E-010
   301.921875000000        -1.144549516619663E-010
   302.135625000000        -5.570083485635035E-011
   302.349375000000        -3.675761399362610E-012
   302.563125000000         3.795984724200755E-011
   302.776875000000         6.638461041045470E-011
   302.990625000000         7.974781009300092E-011
   303.204375000000         7.723668374805464E-011
   303.418125000000         5.908007527575156E-011
   303.631875000000         2.649399324728981E-011
   303.845625000000        -1.842143400033094E-011
   304.059375000000        -7.282142940538631E-011
   304.273125000000        -1.332790349534367E-010
   304.486875000000        -1.959573472210835E-010
   304.700625000000        -2.567798033013363E-010
   304.914375000000        -3.115893432434753E-010
   305.128125000000        -3.562904708798721E-010
   305.341875000000        -3.869716495499593E-010
   305.555625000000        -4.000086673243918E-010
   305.769375000000        -3.921522002517813E-010
   305.983125000000        -3.606044948742736E-010
   306.196875000000        -3.030907073853129E-010
   306.410625000000        -2.179299386723882E-010
   306.624375000000        -1.041094920910018E-010
   306.838125000000         3.863642389531904E-011
   307.051875000000         2.097451081335069E-010
   307.265625000000         4.077453440282392E-010
   307.479375000000         6.301860080659953E-010
   307.693125000000         8.735823701767727E-010
   307.906875000000         1.133390238133978E-009
   308.120625000000         1.404018105871922E-009
   308.334375000000         1.678886323435754E-009
   308.548125000000         1.950540068139171E-009
   308.761875000000         2.210819727367851E-009
   308.975625000000         2.451088459654156E-009
   309.189375000000         2.662512501739156E-009
   309.403125000000         2.836385585285827E-009
   309.616875000000         2.964484964188315E-009
   309.830625000000         3.039443343814715E-009
   310.044375000000         3.055118698565199E-009
   310.258125000000         3.006942737373065E-009
   310.471875000000         2.892228714882726E-009
   310.685625000000         2.710420388666733E-009
   310.899375000000         2.463266110309728E-009
   311.113125000000         2.154905165066678E-009
   311.326875000000         1.791857347231725E-009
   311.540625000000         1.382911152636639E-009
   311.754375000000         9.389106500404324E-010
   311.968125000000         4.724458268224989E-010
   312.181875000000        -2.544226892206885E-012
   312.395625000000        -4.712417240620751E-010
   312.609375000000        -9.184769292754310E-010
   312.823125000000        -1.329291003122758E-009
   313.036875000000        -1.689512490182414E-009
   313.250625000000        -1.986323681208673E-009
   313.464375000000        -2.208792720592273E-009
   313.678125000000        -2.348347972425202E-009
   313.891875000000        -2.399172818054996E-009
   314.105625000000        -2.358501717012319E-009
   314.319375000000        -2.226801964788834E-009
   314.533125000000        -2.007830023935773E-009
   314.746875000000        -1.708556440154299E-009
   314.960625000000        -1.338958984680572E-009
   315.174375000000        -9.116895455830091E-010
   315.388125000000        -4.416261443616620E-010
   315.601875000000         5.467302178002387E-011
   315.815625000000         5.595917248915206E-010
   316.029375000000         1.055128293620765E-009
   316.243125000000         1.523590123139287E-009
   316.456875000000         1.948280190049602E-009
   316.670625000000         2.314145750830159E-009
   316.884375000000         2.608361018486475E-009
   317.098125000000         2.820818677257264E-009
   317.311875000000         2.944509443428942E-009
   317.525625000000         2.975774260301015E-009
   317.739375000000         2.914419808206819E-009
   317.953125000000         2.763694453301864E-009
   318.166875000000         2.530128172315046E-009
   318.380625000000         2.223246008092283E-009
   318.594375000000         1.855169906500330E-009
   318.808125000000         1.440128097229947E-009
   319.021875000000         9.938943289585428E-010
   319.235625000000         5.331811640260502E-010
   319.449375000000         7.501218204136416E-011
   319.663125000000        -3.639025771793716E-010
   319.876875000000        -7.677651267815216E-010
   320.090625000000        -1.122241525120396E-009
   320.304375000000        -1.414949769285730E-009
   320.518125000000        -1.635869252411983E-009
   320.731875000000        -1.777660819560611E-009
   320.945625000000        -1.835889791058133E-009
   321.159375000000        -1.809147498125633E-009
   321.373125000000        -1.699069827542847E-009
   321.586875000000        -1.510253984636092E-009
   321.800625000000        -1.250077182261712E-009
   322.014375000000        -9.284232983259985E-010
   322.228125000000        -5.573257739463929E-010
   322.441875000000        -1.505371961328026E-010
   322.655625000000         2.769618564320600E-010
   322.869375000000         7.095000461598918E-010
   323.083125000000         1.131281966861183E-009
   323.296875000000         1.526965930456574E-009
   323.510625000000         1.882233111994045E-009
   323.724375000000         2.184327462726508E-009
   323.938125000000         2.422545637808416E-009
   324.151875000000         2.588656856544217E-009
   324.365625000000         2.677234225404510E-009
   324.579375000000         2.685881656168557E-009
   324.793125000000         2.615344081914671E-009
   325.006875000000         2.469493113343251E-009
   325.220625000000         2.255185412058698E-009
   325.434375000000         1.981996643409171E-009
   325.648125000000         1.661839614863206E-009
   325.861875000000         1.308480781524725E-009
   326.075625000000         9.369743769048576E-010
   326.289375000000         5.630376925251133E-010
   326.503125000000         2.023942158873349E-010
   326.716875000000        -1.298867616865353E-010
   326.930625000000        -4.200249635190760E-010
   327.144375000000        -6.561102244325676E-010
   327.358125000000        -8.286040726643275E-010
   327.571875000000        -9.307396248028177E-010
   327.785625000000        -9.588023069775633E-010
   327.999375000000        -9.122794073757440E-010
   328.213125000000        -7.938724702196499E-010
   328.426875000000        -6.093727499517652E-010
   328.640625000000        -3.674060493149884E-010
   328.854375000000        -7.905897807892841E-011
   329.068125000000         2.425962654024208E-010
   329.281875000000         5.830572832339574E-010
   329.495625000000         9.270025524916257E-010
   329.709375000000         1.258931660237904E-009
   329.923125000000         1.563807333337251E-009
   330.136875000000         1.827672264622772E-009
   330.350625000000         2.038215271854010E-009
   330.564375000000         2.185263941712647E-009
   330.778125000000         2.261184478142714E-009
   330.991875000000         2.261173824070345E-009
   331.205625000000         2.183434055419998E-009
   331.419375000000         2.029224326351315E-009
   331.633125000000         1.802791025520115E-009
   331.846875000000         1.511182026881053E-009
   332.060625000000         1.163955730833784E-009
   332.274375000000         7.727997561247308E-010
   332.488125000000         3.510774567061875E-010
   332.701875000000        -8.667725466164020E-011
   332.915625000000        -5.252950877742178E-010
   333.129375000000        -9.495147927047257E-010
   333.343125000000        -1.344514042200476E-009
   333.556875000000        -1.696408959941304E-009
   333.770625000000        -1.992706199298826E-009
   333.984375000000        -2.222694736413862E-009
   334.198125000000        -2.377768071942010E-009
   334.411875000000        -2.451671067443216E-009
   334.625625000000        -2.440668923991362E-009
   334.839375000000        -2.343638633980349E-009
   335.053125000000        -2.162085456985813E-009
   335.266875000000        -1.900088518073840E-009
   335.480625000000        -1.564180515332378E-009
   335.694375000000        -1.163166844398836E-009
   335.908125000000        -7.078893592371954E-010
   336.121875000000        -2.109396940453496E-010
   336.335625000000         3.136732056874330E-010
   336.549375000000         8.508967402924789E-010
   336.763125000000         1.385044536412803E-009
   336.976875000000         1.900236703731977E-009
   337.190625000000         2.380863186902991E-009
   337.404375000000         2.812061005693997E-009
   337.618125000000         3.180193907584231E-009
   337.831875000000         3.473320572660055E-009
   338.045625000000         3.681635294651731E-009
   338.259375000000         3.797863326229659E-009
   338.473125000000         3.817592127760156E-009
   338.686875000000         3.739519863360300E-009
   338.900625000000         3.565603841547811E-009
   339.114375000000         3.301094298108833E-009
   339.328125000000         2.954442949936021E-009
   339.541875000000         2.537080974054657E-009
   339.755625000000         2.063067234077996E-009
   339.969375000000         1.548614335861092E-009
   340.183125000000         1.011507020287639E-009
