  -1.60312500000000         2.061933985865906E-019
  -1.38937500000000         5.642427740800295E-018
  -1.17562500000000         3.526028876993465E-017
 -0.961875000000000         1.550100284510994E-016
 -0.748125000000000         5.483515946261168E-016
 -0.534375000000000         1.593779049842315E-015
 -0.320625000000000         3.786627857225234E-015
 -0.106875000000000         7.130023187080098E-015
  0.106875000000000         9.640838465563162E-015
  0.320625000000000         4.805062931212483E-015
  0.534375000000000        -2.136803030180541E-014
  0.748125000000000        -9.295988556977220E-014
  0.961875000000000        -2.455794437402412E-013
   1.17562500000000        -5.264157410345489E-013
   1.38937500000000        -9.926311847043481E-013
   1.60312500000000        -1.709125920784943E-012
   1.81687500000000        -2.743290726976835E-012
   2.03062500000000        -4.160357132844840E-012
   2.24437500000000        -6.015406250767680E-012
   2.45812500000000        -8.347874027425131E-012
   2.67187500000000        -1.117192086604977E-011
   2.88562500000000        -1.447588050157138E-011
   3.09937500000000        -1.821262201826977E-011
   3.31312500000000        -2.230641071512736E-011
   3.52687500000000        -2.665183689949061E-011
   3.74062500000000        -3.112172361578348E-011
   3.95437500000000        -3.557691224119150E-011
   4.16812500000000        -3.987609937963651E-011
   4.38187500000000        -4.388927306792549E-011
   4.59562500000000        -4.750404798400566E-011
   4.80937500000000        -5.063658774634373E-011
   5.02312500000000        -5.323504138614974E-011
   5.23687500000000        -5.528021766351533E-011
   5.45062500000000        -5.678435552948932E-011
   5.66437500000000        -5.778278483596734E-011
   5.87812500000000        -5.833279735493932E-011
   6.09187500000000        -5.850059137529514E-011
   6.30562500000000        -5.835870915840760E-011
   6.51937500000000        -5.798228693584934E-011
   6.73312500000000        -5.744209774544476E-011
   6.94687500000000        -5.680892993194897E-011
   7.16062500000000        -5.614710506215747E-011
   7.37437500000000        -5.552260175314007E-011
   7.58812500000000        -5.499462799447939E-011
   7.80187500000000        -5.461831149792256E-011
   8.01562500000000        -5.443598029894006E-011
   8.22937500000000        -5.447517205622502E-011
   8.44312500000000        -5.473840955782935E-011
   8.65687500000000        -5.520086245148448E-011
   8.87062500000000        -5.580726093348655E-011
   9.08437500000000        -5.646970895523273E-011
   9.29812500000000        -5.707687054919864E-011
   9.51187500000000        -5.750262349735827E-011
   9.72562500000000        -5.762015934515631E-011
   9.93937500000000        -5.732069213233332E-011
   10.1531250000000        -5.652693601866907E-011
   10.3668750000000        -5.520656320106943E-011
   10.5806250000000        -5.338071752268703E-011
   10.7943750000000        -5.112747488684176E-011
   11.0081250000000        -4.857096082932205E-011
   11.2218750000000        -4.587285449770058E-011
   11.4356250000000        -4.321192717260842E-011
   11.6493750000000        -4.076684331953818E-011
   11.8631250000000        -3.869198506550532E-011
   12.0768750000000        -3.710768663657505E-011
   12.2906250000000        -3.608500542054308E-011
   12.5043750000000        -3.564537713289364E-011
   12.7181250000000        -3.576339628046008E-011
   12.9318750000000        -3.637657325430933E-011
   13.1456250000000        -3.739790304882432E-011
   13.3593750000000        -3.873026215065009E-011
   13.5731250000000        -4.027708144134676E-011
   13.7868750000000        -4.195379587733426E-011
   14.0006250000000        -4.368908785307390E-011
   14.2143750000000        -4.542748178726723E-011
   14.4281250000000        -4.712407787643470E-011
   14.6418750000000        -4.874049217398039E-011
   14.8556250000000        -5.023968543451963E-011
   15.0693750000000        -5.158554191681833E-011
   15.2831250000000        -5.274393823201424E-011
   15.4968750000000        -5.368774364308052E-011
   15.7106250000000        -5.440922206956829E-011
   15.9243750000000        -5.492533311984787E-011
   16.1381250000000        -5.529062501458272E-011
   16.3518750000000        -5.560193522356048E-011
   16.5656250000000        -5.599658137302022E-011
   16.7793750000000        -5.664399782939218E-011
   16.9931250000000        -5.772919922693199E-011
   17.2068750000000        -5.943165599696858E-011
   17.4206250000000        -6.190042474139288E-011
   17.6343750000000        -6.522794006819227E-011
   17.8481250000000        -6.942735776273849E-011
   18.0618750000000        -7.442211417624671E-011
   18.2756250000000        -8.004216690869483E-011
   18.4893750000000        -8.603281411269989E-011
   18.7031250000000        -9.207582179621510E-011
   18.9168750000000        -9.782245665113461E-011
   19.1306250000000        -1.029277313875394E-010
   19.3443750000000        -1.070896166009045E-010
   19.5581250000000        -1.100864960543499E-010
   19.7718750000000        -1.117991277727207E-010
   19.9856250000000        -1.122305362823690E-010
   20.1993750000000        -1.115024598174071E-010
   20.4131250000000        -1.098453788492326E-010
   20.6268750000000        -1.075701059147840E-010
   20.8406250000000        -1.050357747579782E-010
   21.0543750000000        -1.026070095701294E-010
   21.2681250000000        -1.006175375853510E-010
   21.4818750000000        -9.933824395847265E-011
   21.6956250000000        -9.895076947577129E-011
   21.9093750000000        -9.953926233920513E-011
   22.1231250000000        -1.010891141909328E-010
   22.3368750000000        -1.035036015794593E-010
   22.5506250000000        -1.066215753412181E-010
   22.7643750000000        -1.102488791791962E-010
   22.9781250000000        -1.141824855736238E-010
   23.1918750000000        -1.182340674269768E-010
   23.4056250000000        -1.222506145643962E-010
   23.6193750000000        -1.261191262468614E-010
   23.8331250000000        -1.297663889752785E-010
   24.0468750000000        -1.331530529885502E-010
   24.2606250000000        -1.362592855822189E-010
   24.4743750000000        -1.390705372785986E-010
   24.6881250000000        -1.415684400768216E-010
   24.9018750000000        -1.437186883075664E-010
   25.1156250000000        -1.454756998237400E-010
   25.3293750000000        -1.467867082807221E-010
   25.5431250000000        -1.476037048690760E-010
   25.7568750000000        -1.478988803346033E-010
   25.9706250000000        -1.476821437591549E-010
   26.1843750000000        -1.470079962422706E-010
   26.3981250000000        -1.459882909458846E-010
   26.6118750000000        -1.447851254925339E-010
   26.8256250000000        -1.436023919958376E-010
   27.0393750000000        -1.426670242694383E-010
   27.2531250000000        -1.422084601009932E-010
   27.4668750000000        -1.424288986462499E-010
   27.6806250000000        -1.434829747107784E-010
   27.8943750000000        -1.454571447890488E-010
   28.1081250000000        -1.483577594643162E-010
   28.3218750000000        -1.521064426514448E-010
   28.5356250000000        -1.565478721730350E-010
   28.7493750000000        -1.614603626560453E-010
   28.9631250000000        -1.665780487814962E-010
   29.1768750000000        -1.716162615830104E-010
   29.3906250000000        -1.762940676688165E-010
   29.6043750000000        -1.803623307516391E-010
   29.8181250000000        -1.836254877387724E-010
   30.0318750000000        -1.859554550676547E-010
   30.2456250000000        -1.873046143944971E-010
   30.4593750000000        -1.877099915396287E-010
   30.6731250000000        -1.872847774294034E-010
   30.8868750000000        -1.862132896298909E-010
   31.1006250000000        -1.847262521411939E-010
   31.3143750000000        -1.830820548335103E-010
   31.5281250000000        -1.815398894566020E-010
   31.7418750000000        -1.803322007921880E-010
   31.9556250000000        -1.796401672954442E-010
   32.1693750000000        -1.795776026801996E-010
   32.3831250000000        -1.801780671659870E-010
   32.5968750000000        -1.813963540807367E-010
   32.8106250000000        -1.831200212542810E-010
   33.0243750000000        -1.851887602436214E-010
   33.2381250000000        -1.874236159892640E-010
   33.4518750000000        -1.896580045545816E-010
   33.6656250000000        -1.917672215632037E-010
   33.8793750000000        -1.936919961100815E-010
   34.0931250000000        -1.954482774274816E-010
   34.3068750000000        -1.971303863585759E-010
   34.5206250000000        -1.988907166025126E-010
   34.7343750000000        -2.009175118704220E-010
   34.9481250000000        -2.033991052899932E-010
   35.1618750000000        -2.064914816752650E-010
   35.3756250000000        -2.102866325796423E-010
   35.5893750000000        -2.147990986881320E-010
   35.8031250000000        -2.199593601321941E-010
   36.0168750000000        -2.256304868659816E-010
   36.2306250000000        -2.316306166192504E-010
   36.4443750000000        -2.377717694275921E-010
   36.6581250000000        -2.438920726829859E-010
   36.8718750000000        -2.498874443037986E-010
   37.0856250000000        -2.557267481215034E-010
   37.2993750000000        -2.614494053666639E-010
   37.5131250000000        -2.671507233386621E-010
   37.7268750000000        -2.729441955133214E-010
   37.9406250000000        -2.789233363385381E-010
   38.1543750000000        -2.851244968881027E-010
   38.3681250000000        -2.914944249891630E-010
   38.5818750000000        -2.978859274356231E-010
   38.7956250000000        -3.040633687115446E-010
   39.0093750000000        -3.097427895888267E-010
   39.2231250000000        -3.146394748516453E-010
   39.4368750000000        -3.185260604181054E-010
   39.6506250000000        -3.212897499118654E-010
   39.8643750000000        -3.229606839375396E-010
   40.0781250000000        -3.237297833439972E-010
   40.2918750000000        -3.239226562078137E-010
   40.5056250000000        -3.239516497842894E-010
   40.7193750000000        -3.242428531316706E-010
   40.9331250000000        -3.251542880663082E-010
   41.1468750000000        -3.269082144594025E-010
   41.3606250000000        -3.295349859747805E-010
   41.5743750000000        -3.328692564543932E-010
   41.7881250000000        -3.365753428237536E-010
   42.0018750000000        -3.402208699921103E-010
   42.2156250000000        -3.433781968971628E-010
   42.4293750000000        -3.457359196171018E-010
   42.6431250000000        -3.471994045559628E-010
   42.8568750000000        -3.479515933617821E-010
   43.0706250000000        -3.484653368675480E-010
   43.2843750000000        -3.494439249485868E-010
   43.4981250000000        -3.517015725057775E-010
   43.7118750000000        -3.559910533993248E-010
   43.9256250000000        -3.628139458442462E-010
   44.1393750000000        -3.722336584050889E-010
   44.3531250000000        -3.837490743150959E-010
   44.5668750000000        -3.962448086766516E-010
   44.7806250000000        -4.080536014300042E-010
   44.9943750000000        -4.171370880979391E-010
   45.2081250000000        -4.213708104880093E-010
   45.4218750000000        -4.189062348687945E-010
   45.6356250000000        -4.085562780730952E-010
   45.8493750000000        -3.901463785074561E-010
   46.0631250000000        -3.647632322470672E-010
   46.2768750000000        -3.348455379319394E-010
   46.4906250000000        -3.040712185928612E-010
   46.7043750000000        -2.770253725831296E-010
   46.9181250000000        -2.586687353813627E-010
   47.1318750000000        -2.536469519323608E-010
   47.3456250000000        -2.655273577441304E-010
   47.5593750000000        -2.960661311068540E-010
   47.7731250000000        -3.446146873595865E-010
   47.9868750000000        -4.077885209302239E-010
   48.2006250000000        -4.794763407661011E-010
   48.4143750000000        -5.512568827745137E-010
   48.6281250000000        -6.132186845174962E-010
   48.8418750000000        -6.551379593311284E-010
   49.0556250000000        -6.678995586907013E-010
   49.2693750000000        -6.449971689338483E-010
   49.4831250000000        -5.839171840600444E-010
   49.6968750000000        -4.871785928422090E-010
   49.9106250000000        -3.628514947532495E-010
   50.1243750000000        -2.243601822356142E-010
   50.3381250000000        -8.951685638906503E-011
   50.5518750000000         2.122694247488588E-011
   50.7656250000000         8.718939341454652E-011
   50.9793750000000         9.029331766576787E-011
   51.1931250000000         1.801533867136826E-011
   51.4068750000000        -1.339489993907954E-010
   51.6206250000000        -3.597145336320236E-010
   51.8343750000000        -6.423113750546637E-010
   52.0481250000000        -9.541656811358511E-010
   52.2618750000000        -1.259110087316907E-009
   52.4756250000000        -1.515886089555331E-009
   52.6893750000000        -1.682908232615110E-009
   52.9031250000000        -1.723834509592131E-009
   53.1168750000000        -1.613308017158210E-009
   53.3306250000000        -1.342129243420953E-009
   53.5443750000000        -9.210570644803643E-010
   53.7581250000000        -3.825237927815151E-010
   53.9718750000000         2.202968005172310E-010
   54.1856250000000         8.173441910688693E-010
   54.3993750000000         1.328371433032152E-009
   54.6131250000000         1.672028365592857E-009
   54.8268750000000         1.776463111064421E-009
   55.0406250000000         1.590260925005415E-009
   55.2543750000000         1.092305639910774E-009
   55.4681250000000         2.990990634934231E-010
   55.6818750000000        -7.318020424668524E-010
   55.8956250000000        -1.903250604690192E-009
   56.1093750000000        -3.085382737461016E-009
   56.3231250000000        -4.127772216245128E-009
   56.5368750000000        -4.876007522366528E-009
   56.7506250000000        -5.191159184124891E-009
   56.9643750000000        -4.969970040732486E-009
   57.1781250000000        -4.163270481003576E-009
   57.3918750000000        -2.789942927374451E-009
   57.6056250000000        -9.440456568096777E-010
   57.8193750000000         1.206767174537293E-009
   58.0331250000000         3.432499518241748E-009
   58.2468750000000         5.461578525380268E-009
   58.4606250000000         7.009735335504754E-009
   58.6743750000000         7.814371428561454E-009
   58.8881250000000         7.670742977494223E-009
   59.1018750000000         6.465594086889923E-009
   59.3156250000000         4.203640193485157E-009
   59.5293750000000         1.022634715388386E-009
   59.7431250000000        -2.806341005766060E-009
   59.9568750000000        -6.895258307231123E-009
   60.1706250000000        -1.077223802616040E-008
   60.3843750000000        -1.392929925522853E-008
   60.5981250000000        -1.588062454151248E-008
   60.8118750000000        -1.622538748690220E-008
   61.0256250000000        -1.470790834241386E-008
   61.2393750000000        -1.126739851470021E-008
   61.4531250000000        -6.069900484773885E-009
   61.6668750000000         4.835946400688653E-010
   61.8806250000000         7.776682291415876E-009
   62.0943750000000         1.502557820214020E-008
   62.3081250000000         2.135313444124442E-008
   62.5218750000000         2.588287710796212E-008
   62.7356250000000         2.784400577917141E-008
   62.9493750000000         2.667597415171153E-008
   63.1631250000000         2.212008266496254E-008
   63.3768750000000         1.428569303389110E-008
   63.5906250000000         3.680410100528280E-009
   63.8043750000000        -8.803294858509985E-009
   64.0181250000000        -2.194812899425731E-008
   64.2318750000000        -3.431663287375018E-008
   64.4456250000000        -4.439287888819633E-008
   64.6593750000000        -5.074856358888186E-008
   64.8731250000000        -5.221669532112258E-008
   65.0868750000000        -4.805353974719140E-008
   65.3006250000000        -3.806896609135274E-008
   65.5143750000000        -2.270709863008874E-008
   65.7281250000000        -3.063166178531468E-009
   65.9418750000000         1.917149070952053E-008
   66.1556250000000         4.183685313655287E-008
   66.3693750000000         6.249645369180395E-008
   66.5831250000000         7.867872799276256E-008
   66.7968750000000         8.814491060058669E-008
   67.0106250000000         8.915595806797289E-008
   67.2243750000000         8.070882330958319E-008
   67.4381250000000         6.271342414802501E-008
   67.6518750000000         3.608594489726636E-008
   67.8656250000000         2.741552829306177E-009
   68.0793750000000        -3.452063338757202E-008
   68.2931250000000        -7.223609998426729E-008
   68.5068750000000        -1.065812534074912E-007
   68.7206250000000        -1.337410649471852E-007
   68.9343750000000        -1.503032680189981E-007
   69.1481250000000        -1.536392595238211E-007
   69.3618750000000        -1.422308918903357E-007
   69.5756250000000        -1.159057266326897E-007
   69.7893750000000        -7.595096286627827E-008
   70.0031250000000        -2.508746764107796E-008
   70.2168750000000         3.270097361251552E-008
   70.4306250000000         9.247327800844317E-008
   70.6443750000000         1.487473713968852E-007
   70.8581250000000         1.959907826823609E-007
   71.0718750000000         2.291403812856906E-007
   71.2856250000000         2.441018324222565E-007
   71.4993750000000         2.381800752607600E-007
   71.7131250000000         2.103978475453616E-007
   71.9268750000000         1.616694184418606E-007
   72.1406250000000         9.481010656182136E-008
   72.3543750000000         1.437752313942831E-008
   72.5681250000000        -7.364397223661405E-008
   72.7818750000000        -1.622898877703134E-007
   72.9956250000000        -2.441561788763323E-007
   73.2093750000000        -3.119891035101230E-007
   73.4231250000000        -3.592764906427052E-007
   73.6368750000000        -3.807937973594620E-007
   73.8506250000000        -3.730634877298788E-007
   74.0643750000000        -3.346944662522468E-007
   74.2781250000000        -2.665783528583802E-007
   74.4918750000000        -1.719301196907622E-007
   74.7056250000000        -5.617085848266035E-008
   74.9193750000000         7.334050990892081E-008
   75.1331250000000         2.077125311728995E-007
   75.3468750000000         3.370438209239524E-007
   75.5606250000000         4.510390887680485E-007
   75.7743750000000         5.396912345748686E-007
   75.9881250000000         5.939987449610324E-007
   76.2018750000000         6.066838321300351E-007
   76.4156250000000         5.728722483469161E-007
   76.6293750000000         4.906908611237433E-007
   76.8431250000000         3.617346483932255E-007
   77.0568750000000         1.913520005194216E-007
   77.2706250000000        -1.130214555834670E-008
   77.4843750000000        -2.334903152282681E-007
   77.6981250000000        -4.594266469507340E-007
   77.9118750000000        -6.711350878418171E-007
   78.1256250000000        -8.496193382056290E-007
   78.3393750000000        -9.763003706194502E-007
   78.5531250000000        -1.034642071365365E-006
   78.7668750000000        -1.011850728092348E-006
   78.9806250000000        -9.005039148527425E-007
   79.1943750000000        -6.999437341959817E-007
   79.4081250000000        -4.172627114677402E-007
   79.6218750000000        -6.772165009714435E-008
   79.8356250000000         3.255307901114901E-007
   80.0493750000000         7.325170161954614E-007
   80.2631250000000         1.118281236097815E-006
   80.4768750000000         1.445466378125082E-006
   80.6906250000000         1.677467768214487E-006
   80.9043750000000         1.781934156592538E-006
   81.1181250000000         1.734319969697241E-006
   81.3318750000000         1.521148303772609E-006
   81.5456250000000         1.142629814385850E-006
   81.7593750000000         6.143034877270650E-007
   81.9731250000000        -3.257697218513199E-008
   82.1868750000000        -7.520948031441462E-007
   82.4006250000000        -1.486222244898003E-006
   82.6143750000000        -2.168795132216477E-006
   82.8281250000000        -2.730685835860200E-006
   83.0418750000000        -3.105812177997461E-006
   83.2556250000000        -3.237504894286301E-006
   83.4693750000000        -3.084677446312541E-006
   83.6831250000000        -2.627210333718741E-006
   83.8968750000000        -1.869983983829447E-006
   84.1106250000000        -8.450713789248277E-007
   84.3243750000000         3.882699223465052E-007
   84.5381250000000         1.745995919170916E-006
   84.7518750000000         3.124054420752526E-006
   84.9656250000000         4.405321933496558E-006
   85.1793750000000         5.468273141404724E-006
   85.3931250000000         6.196777972922482E-006
   85.6068750000000         6.490284989150880E-006
   85.8206250000000         6.273569961821642E-006
   86.0343750000000         5.505214138361200E-006
   86.2481250000000         4.184031415396806E-006
   86.4618750000000         2.352785294386512E-006
   86.6756250000000         9.871720385671310E-008
   86.8893750000000        -2.449365291536341E-006
   87.1031250000000        -5.127435408628769E-006
   87.3168750000000        -7.745757454826550E-006
   87.5306250000000        -1.010103214015721E-005
   87.7443750000000        -1.199042169156230E-005
   87.9581250000000        -1.322652039870966E-005
   88.1718750000000        -1.365221948303895E-005
   88.3856250000000        -1.315437114090098E-005
   88.5993750000000        -1.167519091640916E-005
   88.8131250000000        -9.220450254566944E-006
   89.0268750000000        -5.863697110349095E-006
   89.2406250000000        -1.745991170322824E-006
   89.4543750000000         2.929063342221752E-006
   89.6681250000000         7.904879490514268E-006
   89.8818750000000         1.288560483531387E-005
   90.0956250000000         1.755324051782572E-005
   90.3093750000000         2.158713502393432E-005
   90.5231250000000         2.468461464374274E-005
   90.7368750000000         2.658138335512152E-005
   90.9506250000000         2.707029074735620E-005
   91.1643750000000         2.601713498760379E-005
   91.3781250000000         2.337233788618051E-005
   91.5918750000000         1.917759234798573E-005
   91.8056250000000         1.356692142307221E-005
   92.0193750000000         6.761978626514906E-006
   92.2331250000000        -9.381693773515237E-007
   92.4468750000000        -9.172137784765747E-006
   92.6606250000000        -1.753520427056249E-005
   92.8743750000000        -2.560090909611059E-005
   93.0881250000000        -3.294383770340061E-005
   93.3018750000000        -3.916209726729508E-005
   93.5156250000000        -4.389807158342329E-005
   93.7293750000000        -4.685622852398261E-005
   93.9431250000000        -4.781704207409024E-005
   94.1568750000000        -4.664644658040064E-005
   94.3706250000000        -4.330062719345862E-005
   94.5843750000000        -3.782632639307512E-005
   94.7981250000000        -3.035717194012627E-005
   95.0118750000000        -2.110677224551933E-005
   95.2256250000000        -1.035945641990850E-005
   95.4393750000000         1.540452797721019E-006
   95.6531250000000         1.420005076163702E-005
   95.8668750000000         2.718936789138625E-005
   96.0806250000000         4.005268068823880E-005
   96.2943750000000         5.231959674724596E-005
   96.5081250000000         6.351616110340650E-005
   96.7218750000000         7.317642944063669E-005
   96.9356250000000         8.085504442719029E-005
   97.1493750000000         8.614130942176130E-005
   97.3631250000000         8.867507063725627E-005
   97.5768750000000         8.816440533330528E-005
   97.7906250000000         8.440469991030696E-005
   98.0043750000000         7.729823478199100E-005
   98.2181250000000         6.687293174373571E-005
   98.4318750000000         5.329852901889880E-005
   98.6456250000000         3.689819260620328E-005
   98.8593750000000         1.815350338324234E-005
   99.0731250000000        -2.299084951214126E-006
   99.2868750000000        -2.368182674276648E-005
   99.5006250000000        -4.510018920989250E-005
   99.7143750000000        -6.557834934697230E-005
   99.9281250000000        -8.410480219395839E-005
   100.141875000000        -9.968619921199836E-005
   100.355625000000        -1.114065755765935E-004
   100.569375000000        -1.184883018711827E-004
   100.783125000000        -1.203504994642986E-004
   100.996875000000        -1.166603657072521E-004
   101.210625000000        -1.073729184893586E-004
   101.424375000000        -9.275511464997032E-005
   101.638125000000        -7.339111639913926E-005
   101.851875000000        -5.016663443894748E-005
   102.065625000000        -2.423169536615376E-005
   102.279375000000         3.057232321275602E-006
   102.493125000000         3.021318084405573E-005
   102.706875000000         5.570855799814879E-005
   102.920625000000         7.807345720055596E-005
   103.134375000000         9.599586762120901E-005
   103.348125000000         1.084166355463012E-004
   103.561875000000         1.146119143596526E-004
   103.775625000000         1.142562692548249E-004
   103.989375000000         1.074605787296674E-004
   104.203125000000         9.478036216275794E-005
   104.416875000000         7.719208521322104E-005
   104.630625000000         5.603723828511104E-005
   104.844375000000         3.293640182521509E-005
   105.058125000000         9.677935230236996E-006
   105.271875000000        -1.191183013385329E-005
   105.485625000000        -3.010813406283922E-005
   105.699375000000        -4.342696456572390E-005
   105.913125000000        -5.075310617049975E-005
   106.126875000000        -5.144642302160073E-005
   106.340625000000        -4.541670474396918E-005
   106.554375000000        -3.315919548188052E-005
   106.768125000000        -1.574546962992962E-005
   106.981875000000         5.232532666305249E-006
   107.195625000000         2.776394674565104E-005
   107.409375000000         4.956084178515160E-005
   107.623125000000         6.823188274122742E-005
   107.836875000000         8.147606954198966E-005
   108.050625000000         8.728244075851459E-005
   108.264375000000         8.412021517430028E-005
   108.478125000000         7.110358595787119E-005
   108.691875000000         4.811637718503718E-005
   108.905625000000         1.588402091227926E-005
   109.119375000000        -2.401629079845793E-005
   109.333125000000        -6.921208945008227E-005
   109.546875000000        -1.166585862842187E-004
   109.760625000000        -1.628226967850786E-004
   109.974375000000        -2.039176335168413E-004
   110.188125000000        -2.361730385993807E-004
   110.401875000000        -2.561220600414218E-004
   110.615625000000        -2.608845021786273E-004
   110.829375000000        -2.484244379568427E-004
   111.043125000000        -2.177615807643264E-004
   111.256875000000        -1.691182654809627E-004
   111.470625000000        -1.039879377911350E-004
   111.684375000000        -2.511632728055286E-005
   111.898125000000         6.360739270545561E-005
   112.111875000000         1.573456296595900E-004
   112.325625000000         2.505833213807992E-004
   112.539375000000         3.374587088508626E-004
   112.753125000000         4.121330328481671E-004
   112.966875000000         4.691748789405321E-004
   113.180625000000         5.039332146190824E-004
   113.394375000000         5.128733210209671E-004
   113.608125000000         4.938518257966570E-004
   113.821875000000         4.463107607460220E-004
   114.035625000000         3.713757384287802E-004
   114.249375000000         2.718496001589042E-004
   114.463125000000         1.520997907666551E-004
   114.676875000000         1.784477669747303E-005
   114.890625000000        -1.241484499646193E-004
   115.104375000000        -2.664378123432833E-004
   115.318125000000        -4.013278405867824E-004
   115.531875000000        -5.213137110444880E-004
   115.745625000000        -6.195202379254077E-004
   115.959375000000        -6.901087319278504E-004
   116.173125000000        -7.286267080629449E-004
   116.386875000000        -7.322790901513834E-004
   116.600625000000        -7.001045567631883E-004
   116.814375000000        -6.330466530359334E-004
   117.028125000000        -5.339158470837907E-004
   117.241875000000        -4.072454015603779E-004
   117.455625000000        -2.590503249216793E-004
   117.669375000000        -9.650435801467134E-005
   117.883125000000         7.244540743318111E-005
   118.096875000000         2.395033591510295E-004
   118.310625000000         3.964648923448804E-004
   118.524375000000         5.356456118883246E-004
   118.738125000000         6.502764355489055E-004
   118.951875000000         7.348434627795506E-004
   119.165625000000         7.853552772845700E-004
   119.379375000000         7.995250336864753E-004
   119.593125000000         7.768599080521980E-004
   119.806875000000         7.186559196234365E-004
   120.020625000000         6.279014152667732E-004
   120.234375000000         5.090973379087172E-004
   120.448125000000         3.680065152813873E-004
   120.661875000000         2.113474101349420E-004
   120.875625000000         4.644994514999831E-005
   121.089375000000        -1.191078923035996E-004
   121.303125000000        -2.778639257308382E-004
   121.516875000000        -4.228183435350318E-004
   121.730625000000        -5.477469077174366E-004
   121.944375000000        -6.474672458156071E-004
   122.158125000000        -7.180475978969419E-004
   122.371875000000        -7.569506378912979E-004
   122.585625000000        -7.631083619824472E-004
   122.799375000000        -7.369273752543567E-004
   123.013125000000        -6.802270725055398E-004
   123.226875000000        -5.961160856686411E-004
   123.440625000000        -4.888148678103116E-004
   123.654375000000        -3.634343327977094E-004
   123.868125000000        -2.257220195612666E-004
   124.081875000000        -8.178826587472562E-005
   124.295625000000         6.217466128557189E-005
   124.509375000000         2.001676285391374E-004
   124.723125000000         3.266416867597383E-004
   124.936875000000         4.367260684000508E-004
   125.150625000000         5.264177243030771E-004
   125.364375000000         5.927250257075728E-004
   125.578125000000         6.337605962035329E-004
   125.791875000000         6.487807718317615E-004
   126.005625000000         6.381717889474447E-004
   126.219375000000         6.033853353407185E-004
   126.433125000000         5.468284382266458E-004
   126.646875000000         4.717146821356272E-004
   126.860625000000         3.818853495280116E-004
   127.074375000000         2.816101842822213E-004
   127.288125000000         1.753780529927058E-004
   127.501875000000         6.768781575652492E-005
   127.715625000000        -3.715075535430765E-005
   127.929375000000        -1.351971002343118E-004
   128.143125000000        -2.230334333400623E-004
   128.356875000000        -2.978857363368868E-004
   128.570625000000        -3.577079630909314E-004
   128.784375000000        -4.012271360804904E-004
   128.998125000000        -4.279489341002808E-004
   129.211875000000        -4.381252443901620E-004
   129.425625000000        -4.326869162347264E-004
   129.639375000000        -4.131465528446848E-004
   129.853125000000        -3.814775624730141E-004
   130.066875000000        -3.399768062453204E-004
   130.280625000000        -2.911189748449549E-004
   130.494375000000        -2.374112427507191E-004
   130.708125000000        -1.812567330558299E-004
   130.921875000000        -1.248348329768859E-004
   131.135625000000        -7.000540383405272E-005
   131.349375000000        -1.824243276281529E-005
   131.563125000000         2.939928049821737E-005
   131.776875000000         7.228313060830154E-005
   131.990625000000         1.101566891698047E-004
   132.204375000000         1.430885464506163E-004
   132.418125000000         1.713823321588784E-004
   132.631875000000         1.954762765857665E-004
   132.845625000000         2.158380993765754E-004
   133.059375000000         2.328656376635105E-004
   133.273125000000         2.468033225482713E-004
   133.486875000000         2.576833395607255E-004
   133.700625000000         2.652981173415709E-004
   133.914375000000         2.692078333930048E-004
   134.128125000000         2.687831533798929E-004
   134.341875000000         2.632797526076292E-004
   134.555625000000         2.519376709288197E-004
   134.769375000000         2.340955981813238E-004
   134.983125000000         2.093081147312831E-004
   135.196875000000         1.774529849430580E-004
   135.410625000000         1.388159759696480E-004
   135.624375000000         9.414237409458145E-005
   135.838125000000         4.464727849964829E-005
   136.051875000000        -8.019384507167892E-006
   136.265625000000        -6.185273027815788E-005
   136.479375000000        -1.146126698670790E-004
   136.693125000000        -1.639742763374977E-004
   136.906875000000        -2.076959961668745E-004
   137.120625000000        -2.437906111790660E-004
   137.334375000000        -2.706829696736160E-004
   137.548125000000        -2.873391891053372E-004
   137.761875000000        -2.933542566191197E-004
   137.975625000000        -2.889885285871268E-004
   138.189375000000        -2.751482257780032E-004
   138.403125000000        -2.533101990203592E-004
   138.616875000000        -2.253965007643475E-004
   138.830625000000        -1.936091284154655E-004
   139.044375000000        -1.602392339927338E-004
   139.258125000000        -1.274677367989863E-004
   139.471875000000        -9.717537157140181E-005
   139.685625000000        -7.077964261807017E-005
   139.899375000000        -4.911398059141009E-005
   140.113125000000        -3.236080869255611E-005
   140.326875000000        -2.004554355319703E-005
   140.540625000000        -1.109320293978677E-005
   140.754375000000        -3.943742576497023E-006
   140.968125000000         3.283016035311753E-006
   141.181875000000         1.258652208033252E-005
   141.395625000000         2.586574123930038E-005
   141.609375000000         4.469953487988841E-005
   141.823125000000         7.014660141422635E-005
   142.036875000000         1.025832062876291E-004
   142.250625000000         1.415942127399345E-004
   142.464375000000         1.859289122458680E-004
   142.678125000000         2.335281524308479E-004
   142.891875000000         2.816236554177220E-004
   143.105625000000         3.269046386567120E-004
   143.319375000000         3.657413336696854E-004
   143.533125000000         3.944501672365338E-004
   143.746875000000         4.095815985037145E-004
   143.960625000000         4.082091942203311E-004
   144.174375000000         3.881976782918503E-004
   144.388125000000         3.484285061924544E-004
   144.601875000000         2.889639657373143E-004
   144.815625000000         2.111347498825249E-004
   145.029375000000         1.175411283181590E-004
   145.243125000000         1.196390860641898E-005
   145.456875000000        -1.008121044338511E-004
   145.670625000000        -2.152529452439723E-004
   145.884375000000        -3.253934241083949E-004
   146.098125000000        -4.251979463574859E-004
   146.311875000000        -5.089403432191391E-004
   146.525625000000        -5.715768629936425E-004
   146.739375000000        -6.090863473598054E-004
   146.953125000000        -6.187533944706273E-004
   147.166875000000        -5.993738857679092E-004
   147.380625000000        -5.513673840672525E-004
   147.594375000000        -4.767872295482258E-004
   147.808125000000        -3.792262052951643E-004
   148.021875000000        -2.636228933309654E-004
   148.235625000000        -1.359807565970290E-004
   148.449375000000        -3.018048952398264E-006
   148.663125000000         1.282285723365327E-004
   148.876875000000         2.508207236526122E-004
   149.090625000000         3.583279762525672E-004
   149.304375000000         4.452039098029655E-004
   149.518125000000         5.071044204894707E-004
   149.731875000000         5.411283340628727E-004
   149.945625000000         5.459658724722563E-004
   150.159375000000         5.219469377765684E-004
   150.373125000000         4.709880386948657E-004
   150.586875000000         3.964435023079639E-004
   150.800625000000         3.028729089538469E-004
   151.014375000000         1.957420325068180E-004
   151.228125000000         8.107860557804059E-005
   151.441875000000        -3.489329836842690E-005
   151.655625000000        -1.461157129448439E-004
   151.869375000000        -2.470324812283942E-004
   152.083125000000        -3.328772594617076E-004
   152.296875000000        -3.998969297093088E-004
   152.510625000000        -4.454987206784624E-004
   152.724375000000        -4.683152696061500E-004
   152.938125000000        -4.681880885924898E-004
   153.151875000000        -4.460759535862962E-004
   153.365625000000        -4.039001467010367E-004
   153.579375000000        -3.443428261083298E-004
   153.793125000000        -2.706177206445832E-004
   154.006875000000        -1.862336026163323E-004
   154.220625000000        -9.477046762622582E-005
   154.434375000000         3.139213127307996E-007
   154.648125000000         9.583329886344856E-005
   154.861875000000         1.889692015103479E-004
   155.075625000000         2.773113648197095E-004
   155.289375000000         3.588453141862764E-004
   155.503125000000         4.318959303171883E-004
   155.716875000000         4.950405123641195E-004
   155.930625000000         5.470081608300219E-004
   156.144375000000         5.865837813379114E-004
   156.358125000000         6.125344613196080E-004
   156.571875000000         6.235733877531222E-004
   156.785625000000         6.183720594855721E-004
   156.999375000000         5.956257074712290E-004
   157.213125000000         5.541701429512872E-004
   157.426875000000         4.931413946537570E-004
   157.640625000000         4.121632063982909E-004
   157.854375000000         3.115424522834569E-004
   158.068125000000         1.924493898261730E-004
   158.281875000000         5.705884187277941E-005
   158.495625000000        -9.136991837693960E-005
   158.709375000000        -2.484926549397733E-004
   158.923125000000        -4.089707918197543E-004
   159.136875000000        -5.666569923286562E-004
   159.350625000000        -7.148706650794432E-004
   159.564375000000        -8.467494378762747E-004
   159.778125000000        -9.556544985093235E-004
   159.991875000000        -1.035601156824690E-003
   160.205625000000        -1.081681711847592E-003
   160.419375000000        -1.090446186181169E-003
   160.633125000000        -1.060207944025662E-003
   160.846875000000        -9.912455955304366E-004
   161.060625000000        -8.858795997575978E-004
   161.274375000000        -7.484110665259233E-004
   161.488125000000        -5.849206944588993E-004
   161.701875000000        -4.029367213503809E-004
   161.915625000000        -2.109913127802858E-004
   162.129375000000        -1.809411730786131E-005
   162.343125000000         1.668409851461607E-004
   162.556875000000         3.355752185937760E-004
   162.770625000000         4.810879085425022E-004
   162.984375000000         5.980421914176341E-004
   163.198125000000         6.831370649529656E-004
   163.411875000000         7.353168133255438E-004
   163.625625000000         7.558185882560291E-004
   163.839375000000         7.480503698766293E-004
   164.053125000000         7.173038974982546E-004
   164.266875000000         6.703196018742946E-004
   164.480625000000         6.147322111573737E-004
   164.694375000000         5.584356895192889E-004
   164.908125000000         5.089137225482139E-004
   165.121875000000         4.725864342344733E-004
   165.335625000000         4.542249273676922E-004
   165.549375000000         4.564823199499673E-004
   165.763125000000         4.795831949013599E-004
   165.976875000000         5.212030554879167E-004
   166.190625000000         5.765560361792800E-004
   166.404375000000         6.386935829126232E-004
   166.618125000000         6.990001516917999E-004
   166.831875000000         7.478554232311079E-004
   167.045625000000         7.754174342548188E-004
   167.259375000000         7.724687179229977E-004
   167.473125000000         7.312592408375590E-004
   167.686875000000         6.462765974983512E-004
   167.900625000000         5.148762003160028E-004
   168.114375000000         3.377122707448593E-004
   168.328125000000         1.189239845586401E-004
   168.541875000000        -1.339506706595895E-004
   168.755625000000        -4.103392051864352E-004
   168.969375000000        -6.972597593726813E-004
   169.183125000000        -9.801667889914919E-004
   169.396875000000        -1.243956469021082E-003
   169.610625000000        -1.474054744722304E-003
   169.824375000000        -1.657500736560247E-003
   170.038125000000        -1.783935218426555E-003
   170.251875000000        -1.846408749811253E-003
   170.465625000000        -1.841936663776652E-003
   170.679375000000        -1.771747676078858E-003
   170.893125000000        -1.641197882513867E-003
   171.106875000000        -1.459350274208706E-003
   171.320625000000        -1.238249149109419E-003
   171.534375000000        -9.919462821892297E-004
   171.748125000000        -7.353588602834421E-004
   171.961875000000        -4.830557373681399E-004
   172.175625000000        -2.480768209788574E-004
   172.389375000000        -4.088938942453419E-005
   172.603125000000         1.314252646068075E-004
   172.816875000000         2.656805164657425E-004
   173.030625000000         3.627401883453890E-004
   173.244375000000         4.273041182837494E-004
   173.458125000000         4.673391897534211E-004
   173.671875000000         4.932035361309597E-004
   173.885625000000         5.165398055473991E-004
   174.099375000000         5.490350548745908E-004
   174.313125000000         6.011579955034910E-004
   174.526875000000         6.809876672922020E-004
   174.740625000000         7.932407932091756E-004
   174.954375000000         9.385886205490839E-004
   175.168125000000         1.113329421424229E-003
   175.381875000000         1.309452189944851E-003
   175.595625000000         1.515093164035685E-003
   175.809375000000         1.715352634028591E-003
   176.023125000000         1.893408105822118E-003
   176.236875000000         2.031834023873186E-003
   176.450625000000         2.114020171462297E-003
   176.664375000000         2.125572080206286E-003
   176.878125000000         2.055577980718267E-003
   177.091875000000         1.897637801956522E-003
   177.305625000000         1.650569410265470E-003
   177.519375000000         1.318733856633638E-003
   177.733125000000         9.119524918329044E-004
   177.946875000000         4.450216917281612E-004
   178.160625000000        -6.313720359466413E-005
   178.374375000000        -5.906269448574522E-004
   178.588125000000        -1.113934376747670E-003
   178.801875000000        -1.609398708403296E-003
   179.015625000000        -2.054679334607032E-003
   179.229375000000        -2.430117269288239E-003
   179.443125000000        -2.719895305986784E-003
   179.656875000000        -2.912920132151976E-003
   179.870625000000        -3.003373037621462E-003
   180.084375000000        -2.990902448682377E-003
   180.298125000000        -2.880458998606753E-003
   180.511875000000        -2.681799963631814E-003
   180.725625000000        -2.408712630088179E-003
   180.939375000000        -2.078023883926796E-003
   181.153125000000        -1.708474904766283E-003
   181.366875000000        -1.319544751480966E-003
   181.580625000000        -9.303048772036828E-004
   181.794375000000        -5.583787837365954E-004
   182.008125000000        -2.190681525484874E-004
   182.221875000000         7.530975469169010E-005
   182.435625000000         3.158472747333200E-004
   182.649375000000         4.972270614762940E-004
   182.863125000000         6.176693482442652E-004
   183.076875000000         6.786723988636786E-004
   183.290625000000         6.845850058512894E-004
   183.504375000000         6.420580147468484E-004
   183.718125000000         5.594256063564940E-004
   183.931875000000         4.460665564548285E-004
   184.145625000000         3.117913541835057E-004
   184.359375000000         1.662936056630267E-004
   184.573125000000         1.869447516683457E-005
   184.786875000000        -1.228019832615354E-004
   185.000625000000        -2.511358744240399E-004
   185.214375000000        -3.605045827877048E-004
   185.428125000000        -4.463745925873406E-004
   185.641875000000        -5.054114915956697E-004
   185.855625000000        -5.353520519817364E-004
   186.069375000000        -5.348441027854122E-004
   186.283125000000        -5.032792224476681E-004
   186.496875000000        -4.406403623775251E-004
   186.710625000000        -3.473817972027291E-004
   186.924375000000        -2.243528286753520E-004
   187.138125000000        -7.277005562566531E-005
   187.351875000000         1.057636186068576E-004
   187.565625000000         3.092011511130334E-004
   187.779375000000         5.349676162647787E-004
   187.993125000000         7.798670079466844E-004
   188.206875000000         1.039997826207392E-003
   188.420625000000         1.310695598846612E-003
   188.634375000000         1.586518552524190E-003
   188.848125000000         1.861289039307819E-003
   189.061875000000         2.128198352954209E-003
   189.275625000000         2.379976657254588E-003
   189.489375000000         2.609123402588299E-003
   189.703125000000         2.808187379618438E-003
   189.916875000000         2.970080010365373E-003
   190.130625000000         3.088401129011983E-003
   190.344375000000         3.157753799149108E-003
   190.558125000000         3.174023971510950E-003
   190.771875000000         3.134602172872709E-003
   190.985625000000         3.038527921172853E-003
   191.199375000000         2.886542984589311E-003
   191.413125000000         2.681046560429418E-003
   191.626875000000         2.425953399029773E-003
   191.840625000000         2.126464170594981E-003
   192.054375000000         1.788765229315359E-003
   192.268125000000         1.419681621800616E-003
   192.481875000000         1.026312028641944E-003
   192.695625000000         6.156767614558565E-004
   192.909375000000         1.944095967947085E-004
   193.123125000000        -2.314790142168082E-004
   193.336875000000        -6.567458252268457E-004
   193.550625000000        -1.076952580265636E-003
   193.764375000000        -1.488394562682568E-003
   193.978125000000        -1.887927628680167E-003
   194.191875000000        -2.272712142349105E-003
   194.405625000000        -2.639901722083857E-003
   194.619375000000        -2.986312021412874E-003
   194.833125000000        -3.308109078720072E-003
   195.046875000000        -3.600557501912472E-003
   195.260625000000        -3.857865640258546E-003
   195.474375000000        -4.073158024934716E-003
   195.688125000000        -4.238595182914631E-003
   195.901875000000        -4.345648231378972E-003
   196.115625000000        -4.385521500529643E-003
   196.329375000000        -4.349702051998692E-003
   196.543125000000        -4.230601667878631E-003
   196.756875000000        -4.022245937308343E-003
   196.970625000000        -3.720957543722537E-003
   197.184375000000        -3.325977552849923E-003
   197.398125000000        -2.839969850291501E-003
   197.611875000000        -2.269359895365437E-003
   197.825625000000        -1.624469240060216E-003
   198.039375000000        -9.194210150962438E-004
   198.253125000000        -1.718076984043274E-004
   198.466875000000         5.978703703459214E-004
   198.680625000000         1.366970497859161E-003
   198.894375000000         2.111636923658321E-003
   199.108125000000         2.807841587760841E-003
   199.321875000000         3.432475918191224E-003
   199.535625000000         3.964429473671389E-003
   199.749375000000         4.385592208450453E-003
   199.963125000000         4.681722467499479E-003
   200.176875000000         4.843131984453298E-003
   200.390625000000         4.865151267014722E-003
   200.604375000000         4.748352749847123E-003
   200.818125000000         4.498523830157557E-003
   201.031875000000         4.126396267300767E-003
   201.245625000000         3.647151451363078E-003
   201.459375000000         3.079731967220040E-003
   201.673125000000         2.445998202576960E-003
   201.886875000000         1.769774250686124E-003
   202.100625000000         1.075830079192310E-003
   202.314375000000         3.888471267678568E-004
   202.528125000000        -2.675874539931171E-004
   202.741875000000        -8.719162979608547E-004
   202.955625000000        -1.405440273976255E-003
   203.169375000000        -1.853008689459412E-003
   203.383125000000        -2.203546186042007E-003
   203.596875000000        -2.450397714173117E-003
   203.810625000000        -2.591479701937342E-003
   204.024375000000        -2.629232545293945E-003
   204.238125000000        -2.570376880654911E-003
   204.451875000000        -2.425483758720421E-003
   204.665625000000        -2.208376734893769E-003
   204.879375000000        -1.935391810698413E-003
   205.093125000000        -1.624528738921876E-003
   205.306875000000        -1.294533941114935E-003
   205.520625000000        -9.639605788374758E-004
   205.734375000000        -6.502545344862648E-004
   205.948125000000        -3.689156078688122E-004
   206.161875000000        -1.327806752522753E-004
   206.375625000000         4.853033063495298E-005
   206.589375000000         1.689739030012751E-004
   206.803125000000         2.262281764856188E-004
   207.016875000000         2.216182387921493E-004
   207.230625000000         1.598310667319490E-004
   207.444375000000         4.844461252254692E-005
   207.658125000000        -1.026909382544085E-004
   207.871875000000        -2.821710124366096E-004
   208.085625000000        -4.777980659772455E-004
   208.299375000000        -6.773289075918386E-004
   208.513125000000        -8.691531667854942E-004
   208.726875000000        -1.042855942482743E-003
   208.940625000000        -1.189629726972743E-003
   209.154375000000        -1.302515920720001E-003
   209.368125000000        -1.376473178043703E-003
   209.581875000000        -1.408286773135658E-003
   209.795625000000        -1.396348425235312E-003
   210.009375000000        -1.340347983589494E-003
   210.223125000000        -1.240925773498603E-003
   210.436875000000        -1.099336430606348E-003
   210.650625000000        -9.171714482453195E-004
   210.864375000000        -6.961787783826251E-004
   211.078125000000        -4.382045820901195E-004
   211.291875000000        -1.452660266873756E-004
   211.505625000000         1.802533800167613E-004
   211.719375000000         5.353111420709249E-004
   211.933125000000         9.158552102600690E-004
   212.146875000000         1.316464930002031E-003
   212.360625000000         1.730037664122004E-003
   212.574375000000         2.147574076010370E-003
   212.788125000000         2.558108000077427E-003
   213.001875000000         2.948814541346173E-003
   213.215625000000         3.305313750217938E-003
   213.429375000000         3.612168555886858E-003
   213.643125000000         3.853556505511477E-003
   213.856875000000         4.014077182124737E-003
   214.070625000000         4.079642732799128E-003
   214.284375000000         4.038389145791659E-003
   214.498125000000         3.881541687279162E-003
   214.711875000000         3.604169572468780E-003
   214.925625000000         3.205772221983765E-003
   215.139375000000         2.690651502630741E-003
   215.353125000000         2.068039883945660E-003
   215.566875000000         1.351971880083204E-003
   215.780625000000         5.609038092713801E-004
   215.994375000000        -2.828968043827340E-004
   216.208125000000        -1.154157273553831E-003
   216.421875000000        -2.025556378239654E-003
   216.635625000000        -2.868780896976571E-003
   216.849375000000        -3.655629611550156E-003
   217.063125000000        -4.359114242266488E-003
   217.276875000000        -4.954511468615756E-003
   217.490625000000        -5.420326686512154E-003
   217.704375000000        -5.739137387658034E-003
   217.918125000000        -5.898291070808424E-003
   218.131875000000        -5.890438704439439E-003
   218.345625000000        -5.713889586428021E-003
   218.559375000000        -5.372776990340443E-003
   218.773125000000        -4.877026598884206E-003
   218.986875000000        -4.242122021395793E-003
   219.200625000000        -3.488664438490339E-003
   219.414375000000        -2.641727375744763E-003
   219.628125000000        -1.730013385378251E-003
   219.841875000000        -7.848273247799309E-004
   220.055625000000         1.611091117719237E-004
   220.269375000000         1.074965434146628E-003
   220.483125000000         1.925184648438631E-003
   220.696875000000         2.682879951171206E-003
   220.910625000000         3.323176513850845E-003
   221.124375000000         3.826423109232497E-003
   221.338125000000         4.179197207386132E-003
   221.551875000000         4.375031789443614E-003
   221.765625000000         4.414802909128765E-003
   221.979375000000         4.306733787443987E-003
   222.193125000000         4.065993124969721E-003
   222.406875000000         3.713890932889234E-003
   222.620625000000         3.276702609098537E-003
   222.834375000000         2.784179001839925E-003
   223.048125000000         2.267824497895308E-003
   223.261875000000         1.759044570132514E-003
   223.475625000000         1.287276902223817E-003
   223.689375000000         8.782249035290971E-004
   223.903125000000         5.523085361654889E-004
   224.116875000000         3.234350377011484E-004
   224.330625000000         1.981721975562073E-004
   224.544375000000         1.753808304975201E-004
   224.758125000000         2.463329731491851E-004
   224.971875000000         3.953103959946099E-004
   225.185625000000         6.006466490411460E-004
   225.399375000000         8.361473005768826E-004
   225.613125000000         1.072799237516071E-003
   225.826875000000         1.280662378273412E-003
   226.040625000000         1.430826872571615E-003
   226.254375000000         1.497316223306814E-003
   226.468125000000         1.458821607561311E-003
   226.681875000000         1.300164354718589E-003
   226.895625000000         1.013401027296167E-003
   227.109375000000         5.985075377297549E-004
   227.323125000000         6.360375712036051E-005
   227.536875000000        -5.752933859394663E-004
   227.750625000000        -1.294973735270553E-003
   227.964375000000        -2.066154835809808E-003
   228.178125000000        -2.854957445291283E-003
   228.391875000000        -3.624654046026835E-003
   228.605625000000        -4.337594194408904E-003
   228.819375000000        -4.957201124865243E-003
   229.033125000000        -5.449930223151387E-003
   229.246875000000        -5.787082033204347E-003
   229.460625000000        -5.946370341826436E-003
   229.674375000000        -5.913159298165370E-003
   229.888125000000        -5.681301873179849E-003
   230.101875000000        -5.253534344042757E-003
   230.315625000000        -4.641406702626626E-003
   230.529375000000        -3.864755487249069E-003
   230.743125000000        -2.950751895621612E-003
   230.956875000000        -1.932582453139816E-003
   231.170625000000        -8.478403344303304E-004
   231.384375000000         2.632787901621044E-004
   231.598125000000         1.359872917349411E-003
   231.811875000000         2.402215685623386E-003
   232.025625000000         3.353522249782211E-003
   232.239375000000         4.181508034949179E-003
   232.453125000000         4.859665895330105E-003
   232.666875000000         5.368207985056516E-003
   232.880625000000         5.694641914287945E-003
   233.094375000000         5.833974594223573E-003
   233.308125000000         5.788559671290531E-003
   233.521875000000         5.567623924067604E-003
   233.735625000000         5.186523128596447E-003
   233.949375000000         4.665787864263251E-003
   234.163125000000         4.030024265345706E-003
   234.376875000000         3.306734109719225E-003
   234.590625000000         2.525113652621672E-003
   234.804375000000         1.714882404532752E-003
   235.018125000000         9.051829709143577E-004
   235.231875000000         1.235824995020695E-004
   235.445625000000        -6.048035449753666E-004
   235.659375000000        -1.258052693202235E-003
   235.873125000000        -1.818035176449188E-003
   236.086875000000        -2.270868861919248E-003
   236.300625000000        -2.607227730445693E-003
   236.514375000000        -2.822502269127495E-003
   236.728125000000        -2.916809658366903E-003
   236.941875000000        -2.894851513577518E-003
   237.155625000000        -2.765618032374541E-003
   237.369375000000        -2.541940300950007E-003
   237.583125000000        -2.239897490311087E-003
   237.796875000000        -1.878092589177585E-003
   238.010625000000        -1.476818645600891E-003
   238.224375000000        -1.057146358800570E-003
   238.438125000000        -6.399721873343199E-004
   238.651875000000        -2.450727516297053E-004
   238.865625000000         1.097848755520015E-004
   239.079375000000         4.096272221890411E-004
   239.293125000000         6.429069853996125E-004
   239.506875000000         8.019463623011392E-004
   239.720625000000         8.831651375604650E-004
   239.934375000000         8.870820249338761E-004
   240.148125000000         8.180937418185297E-004
   240.361875000000         6.840522535787063E-004
   240.575625000000         4.956749986595009E-004
   240.789375000000         2.658342591233746E-004
   241.003125000000         8.779027054975764E-006
   241.216875000000        -2.606549844001973E-004
   241.430625000000        -5.277943292455107E-004
   241.644375000000        -7.787905001685658E-004
   241.858125000000        -1.001162397657490E-003
   242.071875000000        -1.184198750709932E-003
   242.285625000000        -1.319215730748555E-003
   242.499375000000        -1.399679466213822E-003
   242.713125000000        -1.421215419982801E-003
   242.926875000000        -1.381535305420894E-003
   243.140625000000        -1.280316471022723E-003
   243.354375000000        -1.119068077225392E-003
   243.568125000000        -9.010130878054942E-004
   243.781875000000        -6.310058198400006E-004
   243.995625000000        -3.154927345201085E-004
   244.209375000000         3.748915436536135E-005
   244.423125000000         4.182947112537636E-004
   244.636875000000         8.156630687165163E-004
   244.850625000000         1.216756097655489E-003
   245.064375000000         1.607281310104173E-003
   245.278125000000         1.971734414448908E-003
   245.491875000000         2.293788248680782E-003
   245.705625000000         2.556841575856800E-003
   245.919375000000         2.744724415031252E-003
   246.133125000000         2.842537831705823E-003
   246.346875000000         2.837587347919082E-003
   246.560625000000         2.720352374626027E-003
   246.774375000000         2.485421227893172E-003
   246.988125000000         2.132313962676444E-003
   247.201875000000         1.666114555803448E-003
   247.415625000000         1.097840395519886E-003
   247.629375000000         4.444904164358737E-004
   247.843125000000        -2.712672867113226E-004
   248.056875000000        -1.021783367611198E-003
   248.270625000000        -1.775478733722633E-003
   248.484375000000        -2.498220233372666E-003
   248.698125000000        -3.154955338301430E-003
   248.911875000000        -3.711518731941182E-003
   249.125625000000        -4.136507500308141E-003
   249.339375000000        -4.403112431994960E-003
   249.553125000000        -4.490791500909636E-003
   249.766875000000        -4.386678020245725E-003
   249.980625000000        -4.086629680435338E-003
   250.194375000000        -3.595844630223277E-003
   250.408125000000        -2.928995417064446E-003
   250.621875000000        -2.109859194290996E-003
   250.835625000000        -1.170451256597434E-003
   251.049375000000        -1.496968788528493E-004
   251.263125000000         9.082979927119624E-004
   251.476875000000         1.956294710487107E-003
   251.690625000000         2.946188714478121E-003
   251.904375000000         3.831383114379143E-003
   252.118125000000         4.569150300082400E-003
   252.331875000000         5.122861544326888E-003
   252.545625000000         5.463968605712672E-003
   252.759375000000         5.573630450805239E-003
   252.973125000000         5.443892092764614E-003
   253.186875000000         5.078340866932493E-003
   253.400625000000         4.492187864184280E-003
   253.614375000000         3.711748260422890E-003
   253.828125000000         2.773323288727245E-003
   254.041875000000         1.721517723219914E-003
   254.255625000000         6.070587885223651E-004
   254.469375000000        -5.157861687541313E-004
   254.683125000000        -1.592066987614424E-003
   254.896875000000        -2.569132428975514E-003
   255.110625000000        -3.399568364641251E-003
   255.324375000000        -4.043916016125903E-003
   255.538125000000        -4.472996196073772E-003
   255.751875000000        -4.669679818220519E-003
   255.965625000000        -4.629971542081572E-003
   256.179375000000        -4.363311609077870E-003
   256.393125000000        -3.892048895570029E-003
   256.606875000000        -3.250093052232977E-003
   256.820625000000        -2.480811477588663E-003
   257.034375000000        -1.634293284227360E-003
   257.248125000000        -7.641525778014049E-004
   257.461875000000         7.591732708268678E-005
   257.675625000000         8.356026422841995E-004
   257.889375000000         1.471197872826630E-003
   258.103125000000         1.948373969690411E-003
   258.316875000000         2.244286295524297E-003
   258.530625000000         2.348870658280107E-003
   258.744375000000         2.265236576796957E-003
   258.958125000000         2.009135921497007E-003
   259.171875000000         1.607556232149310E-003
   259.385625000000         1.096555146374870E-003
   259.599375000000         5.185095699272923E-004
   259.813125000000        -8.100452889262246E-005
   260.026875000000        -6.564621161434358E-004
   260.240625000000        -1.165525970181172E-003
   260.454375000000        -1.571844452064682E-003
   260.668125000000        -1.847319293412644E-003
   260.881875000000        -1.973702086425920E-003
   261.095625000000        -1.943437148204520E-003
   261.309375000000        -1.759731103872923E-003
   261.523125000000        -1.435890040686461E-003
   261.736875000000        -9.940180843047354E-004
   261.950625000000        -4.632124397807567E-004
   262.164375000000         1.225835277528959E-004
   262.378125000000         7.268969024612504E-004
   262.591875000000         1.313043870858794E-003
   262.805625000000         1.846300671153837E-003
   263.019375000000         2.295805037173892E-003
   263.233125000000         2.636100373898952E-003
   263.446875000000         2.848270874568279E-003
   263.660625000000         2.920649841926306E-003
   263.874375000000         2.849112497426439E-003
   264.088125000000         2.636986496313872E-003
   264.301875000000         2.294627367829634E-003
   264.515625000000         1.838712513836584E-003
   264.729375000000         1.291307584290326E-003
   264.943125000000         6.787550671053322E-004
   265.156875000000         3.042916278786782E-005
   265.370625000000        -6.226042546554078E-004
   265.584375000000        -1.248986743177197E-003
   265.798125000000        -1.818489195846803E-003
   266.011875000000        -2.303416326738615E-003
   266.225625000000        -2.679946827393860E-003
   266.439375000000        -2.929354393250110E-003
   266.653125000000        -3.039047825531199E-003
   266.866875000000        -3.003364580464402E-003
   267.080625000000        -2.824053529869382E-003
   267.294375000000        -2.510390822291598E-003
   267.508125000000        -2.078888254427954E-003
   267.721875000000        -1.552576126698190E-003
   267.935625000000        -9.598707675966371E-004
   268.149375000000        -3.330684440266134E-004
   268.363125000000         2.934607741721224E-004
   268.576875000000         8.852767902838982E-004
   268.790625000000         1.409945926159935E-003
   269.004375000000         1.839051546127157E-003
   269.218125000000         2.149997835009112E-003
   269.431875000000         2.327475006238565E-003
   269.645625000000         2.364474980094980E-003
   269.859375000000         2.262777232874364E-003
   270.073125000000         2.032862475383844E-003
   270.286875000000         1.693253725564958E-003
   270.500625000000         1.269326467971246E-003
   270.714375000000         7.916682412341449E-004
   270.928125000000         2.940998803999870E-004
   271.141875000000        -1.885067706827804E-004
   271.355625000000        -6.224681262307747E-004
   271.569375000000        -9.774381388988449E-004
   271.783125000000        -1.228330935410378E-003
   271.996875000000        -1.356899657634032E-003
   272.210625000000        -1.352880860029416E-003
   272.424375000000        -1.214644706496473E-003
   272.638125000000        -9.493238118213334E-004
   272.851875000000        -5.724254091989504E-004
   273.065625000000        -1.069605517328609E-004
   273.279375000000         4.178511989183846E-004
   273.493125000000         9.682235318878975E-004
   273.706875000000         1.507699330795911E-003
   273.920625000000         1.999199577453725E-003
   274.134375000000         2.407119805530272E-003
   274.348125000000         2.699368710244998E-003
   274.561875000000         2.849247213975235E-003
   274.775625000000         2.837073294935724E-003
   274.989375000000         2.651468047280814E-003
   275.203125000000         2.290231773567925E-003
   275.416875000000         1.760755517115770E-003
   275.630625000000         1.079933371074254E-003
   275.844375000000         2.735639915460455E-004
   276.058125000000        -6.247445203316706E-004
   276.271875000000        -1.575124781578352E-003
   276.485625000000        -2.533386086914195E-003
   276.699375000000        -3.453240869745892E-003
   276.913125000000        -4.288704075633995E-003
   277.126875000000        -4.996531510324328E-003
   277.340625000000        -5.538554807699963E-003
   277.554375000000        -5.883771683895938E-003
   277.768125000000        -6.010061377139186E-003
   277.981875000000        -5.905416481047723E-003
   278.195625000000        -5.568612627846693E-003
   278.409375000000        -5.009274570734575E-003
   278.623125000000        -4.247338248394416E-003
   278.836875000000        -3.311949947314043E-003
   279.050625000000        -2.239882076225017E-003
   279.264375000000        -1.073576899444887E-003
   279.478125000000         1.410480050271571E-004
   279.691875000000         1.356887723096131E-003
   279.905625000000         2.527887635970660E-003
   280.119375000000         3.611099652667648E-003
   280.333125000000         4.568448731984680E-003
   280.546875000000         5.368131468052651E-003
   280.760625000000         5.985602581944813E-003
   280.974375000000         6.404139555853554E-003
   281.188125000000         6.615006847585506E-003
   281.401875000000         6.617266167512285E-003
   281.615625000000         6.417296119726651E-003
   281.829375000000         6.028092158971632E-003
   282.043125000000         5.468416552532104E-003
   282.256875000000         4.761859245764510E-003
   282.470625000000         3.935856499335521E-003
   282.684375000000         3.020697747905039E-003
   282.898125000000         2.048535329334933E-003
   283.111875000000         1.052399280996126E-003
   283.325625000000         6.521236354462744E-005
   283.539375000000        -8.812000352679191E-004
   283.753125000000        -1.757104446940823E-003
   283.966875000000        -2.535846228685907E-003
   284.180625000000        -3.194802000783107E-003
   284.394375000000        -3.716255478339618E-003
   284.608125000000        -4.088141706746161E-003
   284.821875000000        -4.304597155905282E-003
   285.035625000000        -4.366253115171719E-003
   285.249375000000        -4.280218633346337E-003
   285.463125000000        -4.059716937184903E-003
   285.676875000000        -3.723364626692681E-003
   285.890625000000        -3.294113587511011E-003
   286.104375000000        -2.797908155187253E-003
   286.318125000000        -2.262140757999154E-003
   286.531875000000        -1.714014152028580E-003
   286.745625000000        -1.178934003797463E-003
   286.959375000000        -6.790594605413721E-004
   287.173125000000        -2.321302586171308E-004
   287.386875000000         1.493328559984167E-004
   287.600625000000         4.583902660404712E-004
   287.814375000000         6.935843811527436E-004
   288.028125000000         8.583993083432312E-004
   288.241875000000         9.603418545945704E-004
   288.455625000000         1.009742978539416E-003
   288.669375000000         1.018405235090742E-003
   288.883125000000         9.982350099085908E-004
   289.096875000000         9.599968522966866E-004
   289.310625000000         9.123111019124601E-004
   289.524375000000         8.609870690693940E-004
   289.738125000000         8.087455564004488E-004
   289.951875000000         7.553408853954299E-004
   290.165625000000         6.980487760972097E-004
   290.379375000000         6.324473682293753E-004
   290.593125000000         5.533887075642619E-004
   290.806875000000         4.560403720456966E-004
   291.020625000000         3.368733017424529E-004
   291.234375000000         1.944823635101092E-004
   291.448125000000         3.014909886345914E-005
   291.661875000000        -1.519115935188624E-004
   291.875625000000        -3.446415035347613E-004
   292.089375000000        -5.385482918695944E-004
   292.303125000000        -7.223818363037490E-004
   292.516875000000        -8.839991714157257E-004
   292.730625000000        -1.011323435628849E-003
   292.944375000000        -1.093298176313758E-003
   293.158125000000        -1.120746058028342E-003
   293.371875000000        -1.087058784631261E-003
   293.585625000000        -9.886699713858769E-004
   293.799375000000        -8.252910738874002E-004
   294.013125000000        -5.999183012412766E-004
   294.226875000000        -3.186419853270932E-004
   294.440625000000         9.693805453833489E-006
   294.654375000000         3.739263158657347E-004
   294.868125000000         7.610508259487988E-004
   295.081875000000         1.156696527993102E-003
   295.295625000000         1.545575599607261E-003
   295.509375000000         1.911898962217115E-003
   295.723125000000         2.239770923092005E-003
   295.936875000000         2.513589348493797E-003
   296.150625000000         2.718485326537081E-003
   296.364375000000         2.840834661542551E-003
   296.578125000000         2.868862600039255E-003
   296.791875000000         2.793344028505890E-003
   297.005625000000         2.608376514054773E-003
   297.219375000000         2.312176592764037E-003
   297.433125000000         1.907824888995646E-003
   297.646875000000         1.403867272229940E-003
   297.860625000000         8.146710711218366E-004
   298.074375000000         1.604399993825991E-004
   298.288125000000        -5.331900141064343E-004
   298.501875000000        -1.236020175821333E-003
   298.715625000000        -1.914627075861872E-003
   298.929375000000        -2.534124684637788E-003
   299.143125000000        -3.060254903139922E-003
   299.356875000000        -3.461666136445679E-003
   299.570625000000        -3.712204489251820E-003
   299.784375000000        -3.793022679201683E-003
   299.998125000000        -3.694311037436826E-003
   300.211875000000        -3.416474445940113E-003
   300.425625000000        -2.970617935022333E-003
   300.639375000000        -2.378258874020490E-003
   300.853125000000        -1.670250196119486E-003
   301.066875000000        -8.849703946894839E-004
   301.280625000000        -6.590482706015526E-005
   301.494375000000         7.411980961932879E-004
   301.708125000000         1.491369384937268E-003
   301.921875000000         2.143412275455400E-003
   302.135625000000         2.662598823780303E-003
   302.349375000000         3.022849373177110E-003
   302.563125000000         3.208221099466050E-003
   302.776875000000         3.213595768922303E-003
   302.990625000000         3.044531104414660E-003
   303.204375000000         2.716317149654769E-003
   303.418125000000         2.252350869678434E-003
   303.631875000000         1.682001625355837E-003
   303.845625000000         1.038181179889113E-003
   304.059375000000         3.548506131894023E-004
   304.273125000000        -3.353085684362865E-004
   304.486875000000        -1.002859683803574E-003
   304.700625000000        -1.623060187337550E-003
   304.914375000000        -2.176703723109769E-003
   305.128125000000        -2.650331621937543E-003
   305.341875000000        -3.035858169929036E-003
   305.555625000000        -3.329714028985149E-003
   305.769375000000        -3.531658476680469E-003
   305.983125000000        -3.643439118924238E-003
   306.196875000000        -3.667484982440695E-003
   306.410625000000        -3.605805296841178E-003
   306.624375000000        -3.459233968441433E-003
   306.838125000000        -3.227112829084776E-003
   307.051875000000        -2.907450763377599E-003
   307.265625000000        -2.497537127479272E-003
   307.479375000000        -1.994932906274966E-003
   307.693125000000        -1.398717631801616E-003
   307.906875000000        -7.108388002211560E-004
   308.120625000000         6.260369633895953E-005
   308.334375000000         9.103017536398595E-004
   308.548125000000         1.815054491578963E-003
   308.761875000000         2.753562133830121E-003
   308.975625000000         3.696759699891797E-003
   309.189375000000         4.610700640344680E-003
   309.403125000000         5.457949165113228E-003
   309.616875000000         6.199393505464779E-003
   309.830625000000         6.796354957428344E-003
   310.044375000000         7.212842357269347E-003
   310.258125000000         7.417790311748198E-003
   310.471875000000         7.387122242955881E-003
   310.685625000000         7.105494922987556E-003
   310.899375000000         6.567607339320706E-003
   311.113125000000         5.778990322962870E-003
   311.326875000000         4.756230872126857E-003
   311.540625000000         3.526623016641746E-003
   311.754375000000         2.127272281289149E-003
   311.968125000000         6.037108798247742E-004
   312.181875000000        -9.918958881717215E-004
   312.395625000000        -2.602855652391693E-003
   312.609375000000        -4.170262385687184E-003
   312.823125000000        -5.635410043709697E-003
   313.036875000000        -6.942202300847914E-003
   313.250625000000        -8.039461046595557E-003
   313.464375000000        -8.883045456074131E-003
   313.678125000000        -9.437703825274721E-003
   313.891875000000        -9.678591236886230E-003
   314.105625000000        -9.592397217436127E-003
   314.319375000000        -9.178038993710920E-003
   314.533125000000        -8.446888186774363E-003
   314.746875000000        -7.422512354416277E-003
   314.960625000000        -6.139928201521248E-003
   315.174375000000        -4.644380763939136E-003
   315.388125000000        -2.989682276423840E-003
   315.601875000000        -1.236165116691818E-003
   315.815625000000         5.516759540271478E-004
   316.029375000000         2.307757593677997E-003
   316.243125000000         3.967086797397264E-003
   316.456875000000         5.468422724747920E-003
   316.670625000000         6.756794549337825E-003
   316.884375000000         7.785751521080832E-003
   317.098125000000         8.519232780060709E-003
   317.311875000000         8.932963817856972E-003
   317.525625000000         9.015312766686653E-003
   317.739375000000         8.767571071791241E-003
   317.953125000000         8.203657132449308E-003
   318.166875000000         7.349275387942956E-003
   318.380625000000         6.240594218906357E-003
   318.594375000000         4.922531324193138E-003
   318.808125000000         3.446752856037241E-003
   319.021875000000         1.869501272110546E-003
   319.235625000000         2.493662455608320E-004
   319.449375000000        -1.354896309004731E-003
   319.663125000000        -2.886408456547226E-003
   319.876875000000        -4.292010387378888E-003
   320.090625000000        -5.523852685928522E-003
   320.304375000000        -6.540719841522422E-003
   320.518125000000        -7.309083861805857E-003
   320.731875000000        -7.803901373355196E-003
   320.945625000000        -8.009175651490907E-003
   321.159375000000        -7.918306302072192E-003
   321.373125000000        -7.534244480720442E-003
   321.586875000000        -6.869462112809445E-003
   321.800625000000        -5.945731771089920E-003
   322.014375000000        -4.793702248707041E-003
   322.228125000000        -3.452246029028674E-003
   322.441875000000        -1.967551063171209E-003
   322.655625000000        -3.919321343123713E-004
   322.869375000000         1.217652663335104E-003
   323.083125000000         2.801377472721920E-003
   323.296875000000         4.298590302012472E-003
   323.510625000000         5.650068155628608E-003
   323.724375000000         6.800405792409401E-003
   323.938125000000         7.700433459099713E-003
   324.151875000000         8.309539831725781E-003
   324.365625000000         8.597765644721752E-003
   324.579375000000         8.547533033909220E-003
   324.793125000000         8.154886386422875E-003
   325.006875000000         7.430142256762111E-003
   325.220625000000         6.397877309781728E-003
   325.434375000000         5.096221917454964E-003
   325.648125000000         3.575469836191972E-003
   325.861875000000         1.896057768475518E-003
   326.075625000000         1.260089589873484E-004
   326.289375000000        -1.662030993673606E-003
   326.503125000000        -3.394012847252925E-003
   326.716875000000        -4.997789295004974E-003
   326.930625000000        -6.406336773486394E-003
   327.144375000000        -7.560730948311459E-003
   327.358125000000        -8.412731230615870E-003
   327.571875000000        -8.926855398357655E-003
   327.785625000000        -9.081856476270404E-003
   327.999375000000        -8.871547842443799E-003
   328.213125000000        -8.304956578347013E-003
   328.426875000000        -7.405817228543127E-003
   328.640625000000        -6.211446783564221E-003
   328.854375000000        -4.771065848456073E-003
   329.068125000000        -3.143650201587872E-003
   329.281875000000        -1.395411362337429E-003
   329.495625000000         4.029852215185079E-004
   329.709375000000         2.179349637771820E-003
   329.923125000000         3.862927144426230E-003
   330.136875000000         5.387270783007602E-003
   330.350625000000         6.692913043930285E-003
   330.564375000000         7.729729101608684E-003
   330.778125000000         8.458894155555103E-003
   330.991875000000         8.854351458764287E-003
   331.205625000000         8.903726018924606E-003
   331.419375000000         8.608641750570759E-003
   331.633125000000         7.984426605271867E-003
   331.846875000000         7.059219920401337E-003
   332.060625000000         5.872527337175190E-003
   332.274375000000         4.473299080599655E-003
   332.488125000000         2.917634778406116E-003
   332.701875000000         1.266239857117800E-003
   332.915625000000        -4.182273557198750E-004
   333.129375000000        -2.073774098960138E-003
   333.343125000000        -3.641519327705886E-003
   333.556875000000        -5.067845883073454E-003
   333.770625000000        -6.306162523420898E-003
   333.984375000000        -7.318212313819375E-003
   334.198125000000        -8.074900704889379E-003
   334.411875000000        -8.556654120927664E-003
   334.625625000000        -8.753354320927696E-003
   334.839375000000        -8.663921738494623E-003
   335.053125000000        -8.295639644466264E-003
   335.266875000000        -7.663318506162550E-003
   335.480625000000        -6.788395776495300E-003
   335.694375000000        -5.698051310114370E-003
   335.908125000000        -4.424394726293758E-003
   336.121875000000        -3.003751436514082E-003
   336.335625000000        -1.476042561049508E-003
   336.549375000000         1.157753216407804E-004
   336.763125000000         1.726267821434892E-003
   336.976875000000         3.308148855567974E-003
   337.190625000000         4.813048696084568E-003
   337.404375000000         6.192487515575435E-003
   337.618125000000         7.399096518989172E-003
   337.831875000000         8.388097757143022E-003
   338.045625000000         9.119016501896313E-003
   338.259375000000         9.557560757585163E-003
   338.473125000000         9.677565614623936E-003
   338.686875000000         9.462870139711144E-003
   338.900625000000         8.908975168610203E-003
   339.114375000000         8.024324531264556E-003
   339.328125000000         6.831061377329107E-003
   339.541875000000         5.365135373934082E-003
   339.755625000000         3.675674109814048E-003
   339.969375000000         1.823580207276474E-003
   340.183125000000        -1.206294982657366E-004
