  -1.60312500000000        -6.637008069082769E-024
  -1.38937500000000         2.282667424567253E-016
  -1.17562500000000         1.634849398813153E-015
 -0.961875000000000         7.977711262766873E-015
 -0.748125000000000         3.134334563077154E-014
 -0.534375000000000         1.035529252551188E-013
 -0.320625000000000         2.935735509092035E-013
 -0.106875000000000         7.253711778950390E-013
  0.106875000000000         1.586288554956788E-012
  0.320625000000000         3.118024693981898E-012
  0.534375000000000         5.593572589582338E-012
  0.748125000000000         9.287341561639381E-012
  0.961875000000000         1.444132685421252E-011
   1.17562500000000         2.122899601696640E-011
   1.38937500000000         2.970158732019749E-011
   1.60312500000000         3.973045377303609E-011
   1.81687500000000         5.095352347747471E-011
   2.03062500000000         6.272724072832213E-011
   2.24437500000000         7.411988790502476E-011
   2.45812500000000         8.392978306203000E-011
   2.67187500000000         9.076054843129396E-011
   2.88562500000000         9.313220554541749E-011
   3.09937500000000         8.962131408662039E-011
   3.31312500000000         7.903823334884304E-011
   3.52687500000000         6.056382598090006E-011
   3.74062500000000         3.389555159089824E-011
   3.95437500000000        -7.018526799845716E-013
   4.16812500000000        -4.236915943304352E-011
   4.38187500000000        -8.977396848512987E-011
   4.59562500000000        -1.412246500575397E-010
   4.80937500000000        -1.949160902270005E-010
   5.02312500000000        -2.491410788460337E-010
   5.23687500000000        -3.025085143756225E-010
   5.45062500000000        -3.540726263039563E-010
   5.66437500000000        -4.033961035988997E-010
   5.87812500000000        -4.504769014350200E-010
   6.09187500000000        -4.955693301768975E-010
   6.30562500000000        -5.389325242481064E-010
   6.51937500000000        -5.805153208941050E-010
   6.73312500000000        -6.196969896361267E-010
   6.94687500000000        -6.550935827951297E-010
   7.16062500000000        -6.845251656654125E-010
   7.37437500000000        -7.051405713015841E-010
   7.58812500000000        -7.137352464770623E-010
   7.80187500000000        -7.071827805340254E-010
   8.01562500000000        -6.829740649118881E-010
   8.22937500000000        -6.397214380656542E-010
   8.44312500000000        -5.775300022078575E-010
   8.65687500000000        -4.982150601679321E-010
   8.87062500000000        -4.052218373228644E-010
   9.08437500000000        -3.033100006351336E-010
   9.29812500000000        -1.979822160512778E-010
   9.51187500000000        -9.476334769476974E-011
   9.72562500000000         1.520845439481070E-012
   9.93937500000000         8.742253062036072E-011
   10.1531250000000         1.613113822049834E-010
   10.3668750000000         2.234949084262252E-010
   10.5806250000000         2.760447558978759E-010
   10.7943750000000         3.222869796479314E-010
   11.0081250000000         3.660861117023463E-010
   11.2218750000000         4.110309600677870E-010
   11.4356250000000         4.596949438006860E-010
   11.6493750000000         5.131135120528448E-010
   11.8631250000000         5.705570398734008E-010
   12.0768750000000         6.297220365305051E-010
   12.2906250000000         6.872332580934755E-010
   12.5043750000000         7.394057900410931E-010
   12.7181250000000         7.831733380981626E-010
   12.9318750000000         8.168918170730719E-010
   13.1456250000000         8.409432887418809E-010
   13.3593750000000         8.579806722081926E-010
   13.5731250000000         8.727128663620703E-010
   13.7868750000000         8.913299061449694E-010
   14.0006250000000         9.205158922225732E-010
   14.2143750000000         9.663850028519625E-010
   14.4281250000000         1.033402138594910E-009
   14.6418750000000         1.123508107515926E-009
   14.8556250000000         1.235651172814091E-009
   15.0693750000000         1.365800840002562E-009
   15.2831250000000         1.507400067392288E-009
   15.4968750000000         1.652247666220451E-009
   15.7106250000000         1.791625796390215E-009
   15.9243750000000         1.917487140580763E-009
   16.1381250000000         2.023482140076433E-009
   16.3518750000000         2.105738932466540E-009
   16.5656250000000         2.163122458073367E-009
   16.7793750000000         2.197125139381801E-009
   16.9931250000000         2.211321441213581E-009
   17.2068750000000         2.210513757058922E-009
   17.4206250000000         2.199801554480729E-009
   17.6343750000000         2.183683899660124E-009
   17.8481250000000         2.165359729434511E-009
   18.0618750000000         2.146401467339785E-009
   18.2756250000000         2.126742059298714E-009
   18.4893750000000         2.105020463470168E-009
   18.7031250000000         2.079194172055902E-009
   18.9168750000000         2.047211272322240E-009
   19.1306250000000         2.007727496452525E-009
   19.3443750000000         1.960603718698909E-009
   19.5581250000000         1.907187740364500E-009
   19.7718750000000         1.850336496245448E-009
   19.9856250000000         1.794096094874910E-009
   20.1993750000000         1.743266088499824E-009
   20.4131250000000         1.702780092062555E-009
   20.6268750000000         1.677117902540097E-009
   20.8406250000000         1.669800179706545E-009
   21.0543750000000         1.683031683230465E-009
   21.2681250000000         1.717520226785470E-009
   21.4818750000000         1.772531168167131E-009
   21.6956250000000         1.846041740121091E-009
   21.9093750000000         1.935030550603696E-009
   22.1231250000000         2.035795899835885E-009
   22.3368750000000         2.144293266276143E-009
   22.5506250000000         2.256419905281844E-009
   22.7643750000000         2.368248123835180E-009
   22.9781250000000         2.476217915858538E-009
   23.1918750000000         2.577280919425195E-009
   23.4056250000000         2.669017562697626E-009
   23.6193750000000         2.749713666184362E-009
   23.8331250000000         2.818447562678692E-009
   24.0468750000000         2.875112207807937E-009
   24.2606250000000         2.920413994129832E-009
   24.4743750000000         2.955809817920061E-009
   24.6881250000000         2.983381111167166E-009
   24.9018750000000         3.005657076650555E-009
   25.1156250000000         3.025415751279324E-009
   25.3293750000000         3.045468297212256E-009
   25.5431250000000         3.068475802259185E-009
   25.7568750000000         3.096835403491612E-009
   25.9706250000000         3.132640615687612E-009
   26.1843750000000         3.177709754976110E-009
   26.3981250000000         3.233656596089298E-009
   26.6118750000000         3.302011566030589E-009
   26.8256250000000         3.384285284604186E-009
   27.0393750000000         3.481947507046546E-009
   27.2531250000000         3.596343478801718E-009
   27.4668750000000         3.728494415411682E-009
   27.6806250000000         3.878806550005842E-009
   27.8943750000000         4.046756161274206E-009
   28.1081250000000         4.230653554951378E-009
   28.3218750000000         4.427454111890815E-009
   28.5356250000000         4.632776112618116E-009
   28.7493750000000         4.841095700813457E-009
   28.9631250000000         5.046170341540392E-009
   29.1768750000000         5.241579352970376E-009
   29.3906250000000         5.421369834667390E-009
   29.6043750000000         5.580668877359626E-009
   29.8181250000000         5.716229725551904E-009
   30.0318750000000         5.826714209393438E-009
   30.2456250000000         5.912805080213425E-009
   30.4593750000000         5.977000055806314E-009
   30.6731250000000         6.023203774719990E-009
   30.8868750000000         6.056160705231462E-009
   31.1006250000000         6.080815194757249E-009
   31.3143750000000         6.101732003589307E-009
   31.5281250000000         6.122614318197064E-009
   31.7418750000000         6.146035446737588E-009
   31.9556250000000         6.173374506897435E-009
   32.1693750000000         6.204958770641220E-009
   32.3831250000000         6.240354116521714E-009
   32.5968750000000         6.278711474418255E-009
   32.8106250000000         6.319140657325420E-009
   33.0243750000000         6.360986763104335E-009
   33.2381250000000         6.403963095470150E-009
   33.4518750000000         6.448169043002204E-009
   33.6656250000000         6.493956292179654E-009
   33.8793750000000         6.541724329914484E-009
   34.0931250000000         6.591658241857761E-009
   34.3068750000000         6.643530916916995E-009
   34.5206250000000         6.696592448135562E-009
   34.7343750000000         6.749558732202534E-009
   34.9481250000000         6.800759358933619E-009
   35.1618750000000         6.848376965447217E-009
   35.3756250000000         6.890770065118587E-009
   35.5893750000000         6.926807813001985E-009
   35.8031250000000         6.956137360683000E-009
   36.0168750000000         6.979391594051746E-009
   36.2306250000000         6.998228361589398E-009
   36.4443750000000         7.015260864977576E-009
   36.6581250000000         7.033801603377851E-009
   36.8718750000000         7.057539004398329E-009
   37.0856250000000         7.090126942300306E-009
   37.2993750000000         7.134781383500699E-009
   37.5131250000000         7.193878230881572E-009
   37.7268750000000         7.268674704540146E-009
   37.9406250000000         7.359143051311681E-009
   38.1543750000000         7.463937473308038E-009
   38.3681250000000         7.580534779121767E-009
   38.5818750000000         7.705488027044386E-009
   38.7956250000000         7.834810228060237E-009
   39.0093750000000         7.964424447734190E-009
   39.2231250000000         8.090622249192193E-009
   39.4368750000000         8.210501578191060E-009
   39.6506250000000         8.322308270379525E-009
   39.8643750000000         8.425631580336718E-009
   40.0781250000000         8.521441329289575E-009
   40.2918750000000         8.611947169164202E-009
   40.5056250000000         8.700293484029362E-009
   40.7193750000000         8.790116192248056E-009
   40.9331250000000         8.885035888000091E-009
   41.1468750000000         8.988180863542554E-009
   41.3606250000000         9.101720451081981E-009
   41.5743750000000         9.226619057607513E-009
   41.7881250000000         9.362544732611200E-009
   42.0018750000000         9.507959382970939E-009
   42.2156250000000         9.660405204358825E-009
   42.4293750000000         9.816977988117560E-009
   42.6431250000000         9.974757947102533E-009
   42.8568750000000         1.013130142918659E-008
   43.0706250000000         1.028495674894418E-008
   43.2843750000000         1.043504846036043E-008
   43.4981250000000         1.058183398072486E-008
   43.7118750000000         1.072626878500637E-008
   43.9256250000000         1.086963131544109E-008
   44.1393750000000         1.101306301945164E-008
   44.3531250000000         1.115713746864697E-008
   44.5668750000000         1.130155746239081E-008
   44.7806250000000         1.144500145105503E-008
   44.9943750000000         1.158522708222931E-008
   45.2081250000000         1.171936366057361E-008
   45.4218750000000         1.184437431568129E-008
   45.6356250000000         1.195760798266099E-008
   45.8493750000000         1.205729765160918E-008
   46.0631250000000         1.214296201386278E-008
   46.2768750000000         1.221558858890260E-008
   46.4906250000000         1.227755007637408E-008
   46.7043750000000         1.233231107849892E-008
   46.9181250000000         1.238389915923127E-008
   47.1318750000000         1.243629155341427E-008
   47.3456250000000         1.249280089563799E-008
   47.5593750000000         1.255555295225303E-008
   47.7731250000000         1.262522566548093E-008
   47.9868750000000         1.270096763989500E-008
   48.2006250000000         1.278067701130947E-008
   48.4143750000000         1.286145265470928E-008
   48.6281250000000         1.294020584255634E-008
   48.8418750000000         1.301432828470604E-008
   49.0556250000000         1.308224486668586E-008
   49.2693750000000         1.314384223809504E-008
   49.4831250000000         1.320057933903094E-008
   49.6968750000000         1.325534147345464E-008
   49.9106250000000         1.331206774035466E-008
   50.1243750000000         1.337511757041723E-008
   50.3381250000000         1.344860107871584E-008
   50.5518750000000         1.353569876917258E-008
   50.7656250000000         1.363812424745306E-008
   50.9793750000000         1.375579149073507E-008
   51.1931250000000         1.388677369771144E-008
   51.4068750000000         1.402754185377907E-008
   51.6206250000000         1.417341209688103E-008
   51.8343750000000         1.431921638213978E-008
   52.0481250000000         1.445999106001437E-008
   52.2618750000000         1.459166602088785E-008
   52.4756250000000         1.471157323863525E-008
   52.6893750000000         1.481876718136462E-008
   52.9031250000000         1.491409267109597E-008
   53.1168750000000         1.499995179534957E-008
   53.3306250000000         1.507990652071646E-008
   53.5443750000000         1.515809937822673E-008
   53.7581250000000         1.523865111631615E-008
   53.9718750000000         1.532506745433734E-008
   54.1856250000000         1.541981842439017E-008
   54.3993750000000         1.552410603999201E-008
   54.6131250000000         1.563783922101280E-008
   54.8268750000000         1.575984671220982E-008
   55.0406250000000         1.588823346451759E-008
   55.2543750000000         1.602085957358041E-008
   55.4681250000000         1.615579856317521E-008
   55.6818750000000         1.629171411758719E-008
   55.8956250000000         1.642807444593963E-008
   56.1093750000000         1.656516377145513E-008
   56.3231250000000         1.670390245530074E-008
   56.5368750000000         1.684549391170141E-008
   56.7506250000000         1.699095296926483E-008
   56.9643750000000         1.714067773966969E-008
   57.1781250000000         1.729408697575261E-008
   57.3918750000000         1.744942995441090E-008
   57.6056250000000         1.760384412473918E-008
   57.8193750000000         1.775365336203816E-008
   58.0331250000000         1.789483485009464E-008
   58.2468750000000         1.802367288728338E-008
   58.4606250000000         1.813735694379795E-008
   58.6743750000000         1.823453901653724E-008
   58.8881250000000         1.831567304461623E-008
   59.1018750000000         1.838307740051435E-008
   59.3156250000000         1.844072023237601E-008
   59.5293750000000         1.849372575655619E-008
   59.7431250000000         1.854771273487120E-008
   59.9568750000000         1.860804114845482E-008
   60.1706250000000         1.867911750823570E-008
   60.3843750000000         1.876386957727685E-008
   60.5981250000000         1.886347470768810E-008
   60.8118750000000         1.897737271616992E-008
   61.0256250000000         1.910356817293782E-008
   61.2393750000000         1.923912583539212E-008
   61.4531250000000         1.938078645311348E-008
   61.6668750000000         1.952555220584165E-008
   61.8806250000000         1.967117104341134E-008
   62.0943750000000         1.981639268949572E-008
   62.3081250000000         1.996102609935227E-008
   62.5218750000000         2.010573001804204E-008
   62.7356250000000         2.025164536638821E-008
   62.9493750000000         2.039999672238839E-008
   63.1631250000000         2.055163832466511E-008
   63.3768750000000         2.070679749805772E-008
   63.5906250000000         2.086492536901186E-008
   63.8043750000000         2.102477578877507E-008
   64.0181250000000         2.118460675849211E-008
   64.2318750000000         2.134250900116769E-008
   64.4456250000000         2.149672781546942E-008
   64.6593750000000         2.164592220508348E-008
   64.8731250000000         2.178929046025698E-008
   65.0868750000000         2.192655999581179E-008
   65.3006250000000         2.205780116607496E-008
   65.5143750000000         2.218321793441948E-008
   65.7281250000000         2.230288081552458E-008
   65.9418750000000         2.241655492973793E-008
   66.1556250000000         2.252369078728784E-008
   66.3693750000000         2.262351526386605E-008
   66.5831250000000         2.271534593063065E-008
   66.7968750000000         2.279896201225130E-008
   67.0106250000000         2.287496756000888E-008
   67.2243750000000         2.294509791338057E-008
   67.4381250000000         2.301228155694357E-008
   67.6518750000000         2.308051447401334E-008
   67.8656250000000         2.315445108035389E-008
   68.0793750000000         2.323881569810429E-008
   68.2931250000000         2.333771926868166E-008
   68.5068750000000         2.345398353174201E-008
   68.7206250000000         2.358864148394062E-008
   68.9343750000000         2.374069243215088E-008
   69.1481250000000         2.390719856833048E-008
   69.3618750000000         2.408365510792104E-008
   69.5756250000000         2.426465997914959E-008
   69.7893750000000         2.444469169801303E-008
   70.0031250000000         2.461886236525583E-008
   70.2168750000000         2.478354060765755E-008
   70.4306250000000         2.493668431957288E-008
   70.6443750000000         2.507784697502492E-008
   70.8581250000000         2.520787450530682E-008
   71.0718750000000         2.532836638663479E-008
   71.2856250000000         2.544103118768283E-008
   71.4993750000000         2.554705900310732E-008
   71.7131250000000         2.564671306511941E-008
   71.9268750000000         2.573917279325775E-008
   72.1406250000000         2.582268457783073E-008
   72.3543750000000         2.589508455161817E-008
   72.5681250000000         2.595442652149351E-008
   72.7818750000000         2.599971295999915E-008
   72.9956250000000         2.603149856491823E-008
   73.2093750000000         2.605228331578373E-008
   73.4231250000000         2.606653011518151E-008
   73.6368750000000         2.608031830068703E-008
   73.8506250000000         2.610067791481791E-008
   74.0643750000000         2.613472578300957E-008
   74.2781250000000         2.618871572842535E-008
   74.4918750000000         2.626722819638476E-008
   74.7056250000000         2.637258257634524E-008
   74.9193750000000         2.650464994618147E-008
   75.1331250000000         2.666100138383547E-008
   75.3468750000000         2.683746448307654E-008
   75.5606250000000         2.702885385440660E-008
   75.7743750000000         2.722986196435824E-008
   75.9881250000000         2.743583342992208E-008
   76.2018750000000         2.764337538242103E-008
   76.4156250000000         2.785064692695948E-008
   76.6293750000000         2.805732905398896E-008
   76.8431250000000         2.826427984197309E-008
   77.0568750000000         2.847299477743298E-008
   77.2706250000000         2.868494946617487E-008
   77.4843750000000         2.890102051009686E-008
   77.6981250000000         2.912103364080430E-008
   77.9118750000000         2.934356475739499E-008
   78.1256250000000         2.956601783050091E-008
   78.3393750000000         2.978493321758293E-008
   78.5531250000000         2.999648026768293E-008
   78.7668750000000         3.019701925045562E-008
   78.9806250000000         3.038362964615286E-008
   79.1943750000000         3.055453611371783E-008
   79.4081250000000         3.070931925550566E-008
   79.6218750000000         3.084892568501654E-008
   79.8356250000000         3.097549936167519E-008
   80.0493750000000         3.109204694571856E-008
   80.2631250000000         3.120204143996562E-008
   80.4768750000000         3.130904599711811E-008
   80.6906250000000         3.141635077210580E-008
   80.9043750000000         3.152678415577605E-008
   81.1181250000000         3.164259964429394E-008
   81.3318750000000         3.176547447005019E-008
   81.5456250000000         3.189658700270287E-008
   81.7593750000000         3.203674582683513E-008
   81.9731250000000         3.218645142179887E-008
   82.1868750000000         3.234595465642993E-008
   82.4006250000000         3.251519018532622E-008
   82.6143750000000         3.269374000270947E-008
   82.8281250000000         3.288064640699218E-008
   83.0418750000000         3.307434296542328E-008
   83.2556250000000         3.327248461850934E-008
   83.4693750000000         3.347201063920339E-008
   83.6831250000000         3.366921015730155E-008
   83.8968750000000         3.385992943097102E-008
   84.1106250000000         3.403989457564565E-008
   84.3243750000000         3.420513187723561E-008
   84.5381250000000         3.435237451770749E-008
   84.7518750000000         3.447948163286381E-008
   84.9656250000000         3.458580262330064E-008
   85.1793750000000         3.467237872960547E-008
   85.3931250000000         3.474203577771973E-008
   85.6068750000000         3.479921781816249E-008
   85.8206250000000         3.484975640229035E-008
   86.0343750000000         3.490037336758648E-008
   86.2481250000000         3.495812390153808E-008
   86.4618750000000         3.502976619237028E-008
   86.6756250000000         3.512116999206679E-008
   86.8893750000000         3.523671921361012E-008
   87.1031250000000         3.537900189429232E-008
   87.3168750000000         3.554853020211205E-008
   87.5306250000000         3.574382700207061E-008
   87.7443750000000         3.596160053435622E-008
   87.9581250000000         3.619724300057000E-008
   88.1718750000000         3.644531722818942E-008
   88.3856250000000         3.670024081051505E-008
   88.5993750000000         3.695687350736408E-008
   88.8131250000000         3.721103029665837E-008
   89.0268750000000         3.745986709731906E-008
   89.2406250000000         3.770203154278394E-008
   89.4543750000000         3.793769986369254E-008
   89.6681250000000         3.816835323164008E-008
   89.8818750000000         3.839651260700444E-008
   90.0956250000000         3.862537522320400E-008
   90.3093750000000         3.885845115865085E-008
   90.5231250000000         3.909931046239797E-008
   90.7368750000000         3.935133542388563E-008
   90.9506250000000         3.961764501666284E-008
   91.1643750000000         3.990106758557699E-008
   91.3781250000000         4.020413172442144E-008
   91.5918750000000         4.052909606743694E-008
   91.8056250000000         4.087788371009794E-008
   92.0193750000000         4.125196431618278E-008
   92.2331250000000         4.165212018504122E-008
   92.4468750000000         4.207818914173883E-008
   92.6606250000000         4.252873898002759E-008
   92.8743750000000         4.300080576734621E-008
   93.0881250000000         4.348978682518456E-008
   93.3018750000000         4.398943102335645E-008
   93.5156250000000         4.449208215321819E-008
   93.7293750000000         4.498915417995066E-008
   93.9431250000000         4.547171900752469E-008
   94.1568750000000         4.593129631129116E-008
   94.3706250000000         4.636059577057914E-008
   94.5843750000000         4.675423517479562E-008
   94.7981250000000         4.710929994457233E-008
   95.0118750000000         4.742564883026104E-008
   95.2256250000000         4.770591683900086E-008
   95.4393750000000         4.795528329152216E-008
   95.6531250000000         4.818092702672351E-008
   95.8668750000000         4.839125555761856E-008
   96.0806250000000         4.859502990229018E-008
   96.2943750000000         4.880039373033201E-008
   96.5081250000000         4.901395525040833E-008
   96.7218750000000         4.923994467147066E-008
   96.9356250000000         4.947958251430296E-008
   97.1493750000000         4.973061474513249E-008
   97.3631250000000         4.998713575983742E-008
   97.5768750000000         5.023966347552612E-008
   97.7906250000000         5.047548032388750E-008
   98.0043750000000         5.067923342233474E-008
   98.2181250000000         5.083373788446201E-008
   98.4318750000000         5.092099955323447E-008
   98.6456250000000         5.092329408958659E-008
   98.8593750000000         5.082431864006173E-008
   99.0731250000000         5.061028048123049E-008
   99.2868750000000         5.027084203627001E-008
   99.5006250000000         4.979984225284254E-008
   99.7143750000000         4.919571453017118E-008
   99.9281250000000         4.846155300803290E-008
   100.141875000000         4.760490766070089E-008
   100.355625000000         4.663718001230957E-008
   100.569375000000         4.557287030858761E-008
   100.783125000000         4.442858369900108E-008
   100.996875000000         4.322208640393156E-008
   101.210625000000         4.197129303766636E-008
   101.424375000000         4.069349962489416E-008
   101.638125000000         3.940466728946340E-008
   101.851875000000         3.811899190340510E-008
   102.065625000000         3.684855901454830E-008
   102.279375000000         3.560318683393529E-008
   102.493125000000         3.439031296420401E-008
   102.706875000000         3.321493483156971E-008
   102.920625000000         3.207955044103825E-008
   103.134375000000         3.098414062368998E-008
   103.348125000000         2.992617761428409E-008
   103.561875000000         2.890074956767343E-008
   103.775625000000         2.790085587767998E-008
   103.989375000000         2.691787945955497E-008
   104.203125000000         2.594236471034623E-008
   104.416875000000         2.496495504201816E-008
   104.630625000000         2.397751017901446E-008
   104.844375000000         2.297429744945128E-008
   105.058125000000         2.195313031205900E-008
   105.271875000000         2.091621637656380E-008
   105.485625000000         1.987073082117448E-008
   105.699375000000         1.882891569985880E-008
   105.913125000000         1.780768901393850E-008
   106.126875000000         1.682780776376349E-008
   106.340625000000         1.591260428901043E-008
   106.554375000000         1.508648121191256E-008
   106.768125000000         1.437330106965420E-008
   106.981875000000         1.379480750019525E-008
   107.195625000000         1.336927261928468E-008
   107.409375000000         1.311040361417378E-008
   107.623125000000         1.302665948372058E-008
   107.836875000000         1.312091222592545E-008
   108.050625000000         1.339042296864715E-008
   108.264375000000         1.382712139718358E-008
   108.478125000000         1.441807451858788E-008
   108.691875000000         1.514604042841915E-008
   108.905625000000         1.599013781963005E-008
   109.119375000000         1.692651916749808E-008
   109.333125000000         1.792914411402863E-008
   109.546875000000         1.897058450962956E-008
   109.760625000000         2.002287806034224E-008
   109.974375000000         2.105859668695706E-008
   110.188125000000         2.205185135483787E-008
   110.401875000000         2.297949228108618E-008
   110.615625000000         2.382216016482822E-008
   110.829375000000         2.456532380902395E-008
   111.043125000000         2.520003899486617E-008
   111.256875000000         2.572342619801024E-008
   111.470625000000         2.613875818672758E-008
   111.684375000000         2.645514135571510E-008
   111.898125000000         2.668677314208412E-008
   112.111875000000         2.685189015100915E-008
   112.325625000000         2.697144050061235E-008
   112.539375000000         2.706763522733396E-008
   112.753125000000         2.716250890522651E-008
   112.966875000000         2.727660480093690E-008
   113.180625000000         2.742787386467915E-008
   113.394375000000         2.763086647163680E-008
   113.608125000000         2.789621033525369E-008
   113.821875000000         2.823044232893808E-008
   114.035625000000         2.863602497044088E-008
   114.249375000000         2.911160090003381E-008
   114.463125000000         2.965240273787145E-008
   114.676875000000         3.025069986018533E-008
   114.890625000000         3.089632388276844E-008
   115.104375000000         3.157720428521358E-008
   115.318125000000         3.227989373513168E-008
   115.531875000000         3.299011260621858E-008
   115.745625000000         3.369334304466666E-008
   115.959375000000         3.437537179833619E-008
   116.173125000000         3.502291176216509E-008
   116.386875000000         3.562420926980289E-008
   116.600625000000         3.616956496471694E-008
   116.814375000000         3.665184802245362E-008
   117.028125000000         3.706681743737889E-008
   117.241875000000         3.741332492924041E-008
   117.455625000000         3.769327774609470E-008
   117.669375000000         3.791142974325862E-008
   117.883125000000         3.807493784194533E-008
   118.096875000000         3.819276887725908E-008
   118.310625000000         3.827498517291974E-008
   118.524375000000         3.833198348941595E-008
   118.738125000000         3.837377947095606E-008
   118.951875000000         3.840935371895118E-008
   119.165625000000         3.844618276931841E-008
   119.379375000000         3.848995843108414E-008
   119.593125000000         3.854451501201189E-008
   119.806875000000         3.861190880459754E-008
   120.020625000000         3.869272731350119E-008
   120.234375000000         3.878643493532766E-008
   120.448125000000         3.889183304501616E-008
   120.661875000000         3.900742303016470E-008
   120.875625000000         3.913180063669010E-008
   121.089375000000         3.926388884015453E-008
   121.303125000000         3.940307244073021E-008
   121.516875000000         3.954923687199153E-008
   121.730625000000         3.970271511489162E-008
   121.944375000000         3.986416896448480E-008
   122.158125000000         4.003441897900369E-008
   122.371875000000         4.021434967302376E-008
   122.585625000000         4.040473045477398E-008
   122.799375000000         4.060613982646226E-008
   123.013125000000         4.081886298137675E-008
   123.226875000000         4.104281964918233E-008
   123.440625000000         4.127746316786772E-008
   123.654375000000         4.152167892843834E-008
   123.868125000000         4.177364634493664E-008
   124.081875000000         4.203070118263666E-008
   124.295625000000         4.228919727932063E-008
   124.509375000000         4.254445930892743E-008
   124.723125000000         4.279079555271318E-008
   124.936875000000         4.302162380608394E-008
   125.150625000000         4.322975494295851E-008
   125.364375000000         4.340784662521007E-008
   125.578125000000         4.354889723114622E-008
   125.791875000000         4.364686930350568E-008
   126.005625000000         4.369729156233128E-008
   126.219375000000         4.369780751029212E-008
   126.433125000000         4.364858415233951E-008
   126.646875000000         4.355255974328861E-008
   126.860625000000         4.341550049734696E-008
   127.074375000000         4.324579741354391E-008
   127.288125000000         4.305415496709809E-008
   127.501875000000         4.285306302017404E-008
   127.715625000000         4.265621726887219E-008
   127.929375000000         4.247786603450166E-008
   128.143125000000         4.233210041676238E-008
   128.356875000000         4.223226348004944E-008
   128.570625000000         4.219022417139755E-008
   128.784375000000         4.221576672383847E-008
   128.998125000000         4.231598834039967E-008
   129.211875000000         4.249467315038774E-008
   129.425625000000         4.275180741684456E-008
   129.639375000000         4.308308776974992E-008
   129.853125000000         4.347969183037866E-008
   130.066875000000         4.392823645420848E-008
   130.280625000000         4.441108704117755E-008
   130.494375000000         4.490701407077711E-008
   130.708125000000         4.539224549630777E-008
   130.921875000000         4.584190187501547E-008
   131.135625000000         4.623169583042825E-008
   131.349375000000         4.653979096783316E-008
   131.563125000000         4.674869265982064E-008
   131.776875000000         4.684691014122623E-008
   131.990625000000         4.683031187928114E-008
   132.204375000000         4.670296037975963E-008
   132.418125000000         4.647735464824644E-008
   132.631875000000         4.617412399721212E-008
   132.845625000000         4.582103749231162E-008
   133.059375000000         4.545157215838895E-008
   133.273125000000         4.510313509610115E-008
   133.486875000000         4.481493665723977E-008
   133.700625000000         4.462592774721023E-008
   133.914375000000         4.457263654941556E-008
   134.128125000000         4.468723290202205E-008
   134.341875000000         4.499573130626429E-008
   134.555625000000         4.551646004770422E-008
   134.769375000000         4.625884040176888E-008
   134.983125000000         4.722238705540400E-008
   135.196875000000         4.839607984060153E-008
   135.410625000000         4.975816389270784E-008
   135.624375000000         5.127633195682835E-008
   135.838125000000         5.290841406817847E-008
   136.051875000000         5.460369565247545E-008
   136.265625000000         5.630477145121939E-008
   136.479375000000         5.794996643303683E-008
   136.693125000000         5.947625856567798E-008
   136.906875000000         6.082254634149542E-008
   137.120625000000         6.193305625406185E-008
   137.334375000000         6.276063075396540E-008
   137.548125000000         6.326975163747774E-008
   137.761875000000         6.343892340482788E-008
   137.975625000000         6.326229931859032E-008
   138.189375000000         6.275044719638255E-008
   138.403125000000         6.193011150228419E-008
   138.616875000000         6.084303855004120E-008
   138.830625000000         5.954394855900910E-008
   139.044375000000         5.809782545176381E-008
   139.258125000000         5.657663598448015E-008
   139.471875000000         5.505579895434094E-008
   139.685625000000         5.361050182204934E-008
   139.899375000000         5.231208625935581E-008
   140.113125000000         5.122471931090670E-008
   140.326875000000         5.040240914362478E-008
   140.540625000000         4.988653566458659E-008
   140.754375000000         4.970395256896250E-008
   140.968125000000         4.986577027315133E-008
   141.181875000000         5.036683561250469E-008
   141.395625000000         5.118596042323195E-008
   141.609375000000         5.228691080745214E-008
   141.823125000000         5.362012880795482E-008
   142.036875000000         5.512510424069624E-008
   142.250625000000         5.673335819572490E-008
   142.464375000000         5.837184374926884E-008
   142.678125000000         5.996664034949371E-008
   142.891875000000         6.144671008606665E-008
   143.105625000000         6.274757089194237E-008
   143.319375000000         6.381461046038072E-008
   143.533125000000         6.460595285685768E-008
   143.746875000000         6.509461125056109E-008
   143.960625000000         6.526990650095448E-008
   144.174375000000         6.513800487989646E-008
   144.388125000000         6.472156457400343E-008
   144.601875000000         6.405850170826347E-008
   144.815625000000         6.319992111435928E-008
   145.029375000000         6.220730283322392E-008
   145.243125000000         6.114908905958486E-008
   145.456875000000         6.009685707598785E-008
   145.670625000000         5.912125590045831E-008
   145.884375000000         5.828798510844229E-008
   146.098125000000         5.765403067462779E-008
   146.311875000000         5.726439598197407E-008
   146.525625000000         5.714961771423934E-008
   146.739375000000         5.732413826838307E-008
   146.953125000000         5.778574451091870E-008
   147.166875000000         5.851608856317637E-008
   147.380625000000         5.948214935874977E-008
   147.594375000000         6.063870329923703E-008
   147.808125000000         6.193137690712328E-008
   148.021875000000         6.330019474191080E-008
   148.235625000000         6.468330121104378E-008
   148.449375000000         6.602055483194541E-008
   148.663125000000         6.725681315978356E-008
   148.876875000000         6.834468215532418E-008
   149.090625000000         6.924664622120356E-008
   149.304375000000         6.993650366721068E-008
   149.518125000000         7.040005645361136E-008
   149.731875000000         7.063521003689611E-008
   149.945625000000         7.065144646053530E-008
   150.159375000000         7.046874861028832E-008
   150.373125000000         7.011616996673017E-008
   150.586875000000         6.962993424827683E-008
   150.800625000000         6.905133950989845E-008
   151.014375000000         6.842439234862711E-008
   151.228125000000         6.779331112836455E-008
   151.441875000000         6.720009054168320E-008
   151.655625000000         6.668211458488015E-008
   151.869375000000         6.627010756215310E-008
   152.083125000000         6.598648870420005E-008
   152.296875000000         6.584434346364612E-008
   152.510625000000         6.584705298550025E-008
   152.724375000000         6.598868191094122E-008
   152.938125000000         6.625504966393981E-008
   153.151875000000         6.662543328695267E-008
   153.365625000000         6.707470556023476E-008
   153.579375000000         6.757573309528408E-008
   153.793125000000         6.810168496127219E-008
   154.006875000000         6.862819538146958E-008
   154.220625000000         6.913506522830294E-008
   154.434375000000         6.960737461300034E-008
   154.648125000000         7.003608972881741E-008
   154.861875000000         7.041800528959652E-008
   155.075625000000         7.075527307603341E-008
   155.289375000000         7.105459143657494E-008
   155.503125000000         7.132618041132218E-008
   155.716875000000         7.158276147179786E-008
   155.930625000000         7.183854825792852E-008
   156.144375000000         7.210844373959823E-008
   156.358125000000         7.240730021234604E-008
   156.571875000000         7.274938801174766E-008
   156.785625000000         7.314786245518336E-008
   156.999375000000         7.361432805001871E-008
   157.213125000000         7.415829838026111E-008
   157.426875000000         7.478673124550460E-008
   157.640625000000         7.550349593900359E-008
   157.854375000000         7.630889064240416E-008
   158.068125000000         7.719932013091241E-008
   158.281875000000         7.816712515845316E-008
   158.495625000000         7.920066597320079E-008
   158.709375000000         8.028464271716213E-008
   158.923125000000         8.140066988702168E-008
   159.136875000000         8.252800072036655E-008
   159.350625000000         8.364433683362549E-008
   159.564375000000         8.472660455061383E-008
   159.778125000000         8.575159217897785E-008
   159.991875000000         8.669641146705485E-008
   160.205625000000         8.753869913960165E-008
   160.419375000000         8.825664842987151E-008
   160.633125000000         8.882894219340671E-008
   160.846875000000         8.923457450575319E-008
   161.060625000000         8.945291254208361E-008
   161.274375000000         8.946390543434149E-008
   161.488125000000         8.924867131056530E-008
   161.701875000000         8.879037383403903E-008
   161.915625000000         8.807553435703767E-008
   162.129375000000         8.709549583016193E-008
   162.343125000000         8.584806271250207E-008
   162.556875000000         8.433900566489782E-008
   162.770625000000         8.258333229803113E-008
   162.984375000000         8.060611449680197E-008
   163.198125000000         7.844272385281646E-008
   163.411875000000         7.613841756800029E-008
   163.625625000000         7.374724830826887E-008
   163.839375000000         7.133039975551248E-008
   164.053125000000         6.895397894316300E-008
   164.266875000000         6.668654134688484E-008
   164.480625000000         6.459643393874666E-008
   164.694375000000         6.274921698417701E-008
   164.908125000000         6.120527819932154E-008
   165.121875000000         6.001778369552245E-008
   165.335625000000         5.923105448087406E-008
   165.549375000000         5.887943058557939E-008
   165.763125000000         5.898652865210981E-008
   165.976875000000         5.956495427617745E-008
   166.190625000000         6.061637109135052E-008
   166.404375000000         6.213180612103414E-008
   166.618125000000         6.409224633948631E-008
   166.831875000000         6.646935389554179E-008
   167.045625000000         6.922635307646829E-008
   167.259375000000         7.231899109076957E-008
   167.473125000000         7.569667078655521E-008
   167.686875000000         7.930361149666923E-008
   167.900625000000         8.308010567756140E-008
   168.114375000000         8.696387424256178E-008
   168.328125000000         9.089139026555822E-008
   168.541875000000         9.479924929563242E-008
   168.755625000000         9.862543671945123E-008
   168.969375000000         1.023105846948614E-007
   169.183125000000         1.057990191662181E-007
   169.396875000000         1.090398204047058E-007
   169.610625000000         1.119876522006346E-007
   169.824375000000         1.146035789270270E-007
   170.038125000000         1.168557829689982E-007
   170.251875000000         1.187202630940802E-007
   170.465625000000         1.201814702209574E-007
   170.679375000000         1.212328748138316E-007
   170.893125000000         1.218774416686814E-007
   171.106875000000         1.221278545513008E-007
   171.320625000000         1.220064529957012E-007
   171.534375000000         1.215448059288933E-007
   171.748125000000         1.207826942187854E-007
   171.961875000000         1.197666985427439E-007
   172.175625000000         1.185481603581415E-007
   172.389375000000         1.171807516674274E-007
   172.603125000000         1.157178257061901E-007
   172.816875000000         1.142096084370752E-007
   173.030625000000         1.127006264055260E-007
   173.244375000000         1.112275403818113E-007
   173.458125000000         1.098175371381786E-007
   173.671875000000         1.084875565857759E-007
   173.885625000000         1.072443028493009E-007
   174.099375000000         1.060850546612058E-007
   174.313125000000         1.049991896289918E-007
   174.526875000000         1.039701863917146E-007
   174.740625000000         1.029779821604451E-007
   174.954375000000         1.020013785298638E-007
   175.168125000000         1.010203871334926E-007
   175.381875000000         1.000183329161314E-007
   175.595625000000         9.898364330815254E-008
   175.809375000000         9.791130467978073E-008
   176.023125000000         9.680403604316364E-008
   176.236875000000         9.567313947955697E-008
   176.450625000000         9.453908544887425E-008
   176.664375000000         9.343189253157476E-008
   176.878125000000         9.239107728973093E-008
   177.091875000000         9.146527836824830E-008
   177.305625000000         9.071130710117844E-008
   177.519375000000         9.019256210286834E-008
   177.733125000000         8.997676899771850E-008
   177.946875000000         9.013297493950790E-008
   178.160625000000         9.072802850446725E-008
   178.374375000000         9.182257464519411E-008
   178.588125000000         9.346700265017665E-008
   178.801875000000         9.569761657344431E-008
   179.015625000000         9.853344031306198E-008
   179.229375000000         1.019739096131322E-007
   179.443125000000         1.059977851735477E-007
   179.656875000000         1.105633362126943E-007
   179.870625000000         1.156098313123093E-007
   180.084375000000         1.210600929486084E-007
   180.298125000000         1.268239895012577E-007
   180.511875000000         1.328023433632640E-007
   180.725625000000         1.388910784101882E-007
   180.939375000000         1.449851047403348E-007
   181.153125000000         1.509818124775844E-007
   181.366875000000         1.567839279762138E-007
   181.580625000000         1.623016878450603E-007
   181.794375000000         1.674543836362346E-007
   182.008125000000         1.721713172783194E-007
   182.221875000000         1.763923579240786E-007
   182.435625000000         1.800681196927883E-007
   182.649375000000         1.831599149822690E-007
   182.863125000000         1.856395565299292E-007
   183.076875000000         1.874888386324049E-007
   183.290625000000         1.886989038399501E-007
   183.504375000000         1.892692510229686E-007
   183.718125000000         1.892065248929453E-007
   183.931875000000         1.885230989829465E-007
   184.145625000000         1.872354999810257E-007
   184.359375000000         1.853628933124009E-007
   184.573125000000         1.829257967812148E-007
   184.786875000000         1.799451368238497E-007
   185.000625000000         1.764419057979894E-007
   185.214375000000         1.724373767052428E-007
   185.428125000000         1.679539168322697E-007
   185.641875000000         1.630162196121460E-007
   185.855625000000         1.576528061778762E-007
   186.069375000000         1.518974658729545E-007
   186.283125000000         1.457903409932449E-007
   186.496875000000         1.393784848343709E-007
   186.710625000000         1.327155459812565E-007
   186.924375000000         1.258606858679678E-007
   187.138125000000         1.188765657634321E-007
   187.351875000000         1.118267928031149E-007
   187.565625000000         1.047728406500728E-007
   187.779375000000         9.777085104153280E-008
   187.993125000000         9.086869374448100E-008
   188.206875000000         8.410343742779539E-008
   188.420625000000         7.749952643624040E-008
   188.634375000000         7.106779210685672E-008
   188.848125000000         6.480532177173291E-008
   189.061875000000         5.869616213854563E-008
   189.275625000000         5.271274198623364E-008
   189.489375000000         4.681789643677211E-008
   189.703125000000         4.096730396224493E-008
   189.916875000000         3.511220474579397E-008
   190.130625000000         2.920233135362038E-008
   190.344375000000         2.318878939376398E-008
   190.558125000000         1.702698694932770E-008
   190.771875000000         1.067932787314360E-008
   190.985625000000         4.117761459767338E-009
   191.199375000000        -2.674113811059797E-009
   191.413125000000        -9.699364318306999E-009
   191.626875000000        -1.694663818624272E-008
   191.840625000000        -2.438981829574610E-008
   192.054375000000        -3.198847657623974E-008
   192.268125000000        -3.968916577660219E-008
   192.481875000000        -4.742751479769136E-008
   192.695625000000        -5.513110200170651E-008
   192.909375000000        -6.272278423238290E-008
   193.123125000000        -7.012449459860417E-008
   193.336875000000        -7.726095857600256E-008
   193.550625000000        -8.406334856025126E-008
   193.764375000000        -9.047231888896748E-008
   193.978125000000        -9.644048817382055E-008
   194.191875000000        -1.019339281080152E-007
   194.405625000000        -1.069328235419409E-007
   194.619375000000        -1.114310799776063E-007
   194.833125000000        -1.154351389613955E-007
   195.046875000000        -1.189619602157913E-007
   195.260625000000        -1.220365260054196E-007
   195.474375000000        -1.246889479509396E-007
   195.688125000000        -1.269515098804693E-007
   195.901875000000        -1.288557970772421E-007
   196.115625000000        -1.304302213337699E-007
   196.329375000000        -1.316979846250264E-007
   196.543125000000        -1.326757223771590E-007
   196.756875000000        -1.333728290718566E-007
   196.970625000000        -1.337914873838743E-007
   197.184375000000        -1.339273978303798E-007
   197.398125000000        -1.337710322818787E-007
   197.611875000000        -1.333094330776388E-007
   197.825625000000        -1.325281517770791E-007
   198.039375000000        -1.314134285876007E-007
   198.253125000000        -1.299542062874850E-007
   198.466875000000        -1.281439416700886E-007
   198.680625000000        -1.259820851065601E-007
   198.894375000000        -1.234750230924479E-007
   199.108125000000        -1.206366505494766E-007
   199.321875000000        -1.174882838999753E-007
   199.535625000000        -1.140582258024816E-007
   199.749375000000        -1.103808079096020E-007
   199.963125000000        -1.064952062971460E-007
   200.176875000000        -1.024439257245605E-007
   200.390625000000        -9.827125250660337E-008
   200.604375000000        -9.402156248993593E-008
   200.818125000000        -8.973780387972140E-008
   201.031875000000        -8.546007154500712E-008
   201.245625000000        -8.122438269073797E-008
   201.459375000000        -7.706180390820860E-008
   201.673125000000        -7.299783960572467E-008
   201.886875000000        -6.905220019873491E-008
   202.100625000000        -6.523891796384754E-008
   202.314375000000        -6.156679729964871E-008
   202.528125000000        -5.804010392770609E-008
   202.741875000000        -5.465953979068908E-008
   202.955625000000        -5.142323864761198E-008
   203.169375000000        -4.832790377222969E-008
   203.383125000000        -4.536980333356587E-008
   203.596875000000        -4.254567669901109E-008
   203.810625000000        -3.985341300860672E-008
   204.024375000000        -3.729256912624684E-008
   204.238125000000        -3.486459018462776E-008
   204.451875000000        -3.257287665499089E-008
   204.665625000000        -3.042268103970378E-008
   204.879375000000        -2.842086407379389E-008
   205.093125000000        -2.657556758162106E-008
   205.306875000000        -2.489589153260298E-008
   205.520625000000        -2.339141210667631E-008
   205.734375000000        -2.207180365670885E-008
   205.948125000000        -2.094625717653097E-008
   206.161875000000        -2.002300700987077E-008
   206.375625000000        -1.930865690375824E-008
   206.589375000000        -1.880753809557245E-008
   206.803125000000        -1.852102222345237E-008
   207.016875000000        -1.844687321692121E-008
   207.230625000000        -1.857866742389458E-008
   207.444375000000        -1.890538522208915E-008
   207.658125000000        -1.941116334919401E-008
   207.871875000000        -2.007526310430606E-008
   208.085625000000        -2.087231634080110E-008
   208.299375000000        -2.177267814481252E-008
   208.513125000000        -2.274308445562897E-008
   208.726875000000        -2.374732467683974E-008
   208.940625000000        -2.474706845749688E-008
   209.154375000000        -2.570274159741724E-008
   209.368125000000        -2.657449242018530E-008
   209.581875000000        -2.732316620676102E-008
   209.795625000000        -2.791147869344436E-008
   210.009375000000        -2.830520910305087E-008
   210.223125000000        -2.847463107529424E-008
   210.436875000000        -2.839600857684395E-008
   210.650625000000        -2.805312605165185E-008
   210.864375000000        -2.743879417108696E-008
   211.078125000000        -2.655615772520012E-008
   211.291875000000        -2.541956080952374E-008
   211.505625000000        -2.405495683397253E-008
   211.719375000000        -2.249955604891984E-008
   211.933125000000        -2.080074048475763E-008
   212.146875000000        -1.901425442032999E-008
   212.360625000000        -1.720159521405437E-008
   212.574375000000        -1.542700587898169E-008
   212.788125000000        -1.375406189460093E-008
   213.001875000000        -1.224223577574705E-008
   213.215625000000        -1.094365908352691E-008
   213.429375000000        -9.900342591305922E-009
   213.643125000000        -9.141979379133191E-009
   213.856875000000        -8.684508543965929E-009
   214.070625000000        -8.529473168689384E-009
   214.284375000000        -8.664129719185628E-009
   214.498125000000        -9.062243306093795E-009
   214.711875000000        -9.685526174244024E-009
   214.925625000000        -1.048561699516156E-008
   215.139375000000        -1.140641279640835E-008
   215.353125000000        -1.238680817213485E-008
   215.566875000000        -1.336367658738548E-008
   215.780625000000        -1.427499584874394E-008
   215.994375000000        -1.506309627939075E-008
   216.208125000000        -1.567778311904540E-008
   216.421875000000        -1.607925322895024E-008
   216.635625000000        -1.624059968003416E-008
   216.849375000000        -1.614964722794312E-008
   217.063125000000        -1.580999939772297E-008
   217.276875000000        -1.524107149377793E-008
   217.490625000000        -1.447709096429568E-008
   217.704375000000        -1.356506797929384E-008
   217.918125000000        -1.256185857474247E-008
   218.131875000000        -1.153044313004035E-008
   218.345625000000        -1.053591388755952E-008
   218.559375000000        -9.641230546999222E-009
   218.773125000000        -8.903391630539478E-009
   218.986875000000        -8.369958837545334E-009
   219.200625000000        -8.076537788396585E-009
   219.414375000000        -8.045000089292653E-009
   219.628125000000        -8.282730850083625E-009
   219.841875000000        -8.782750099668011E-009
   220.055625000000        -9.524459733588439E-009
   220.269375000000        -1.047512858410273E-008
   220.483125000000        -1.159164458033959E-008
   220.696875000000        -1.282258504970363E-008
   220.910625000000        -1.411035486072436E-008
   221.124375000000        -1.539348935847465E-008
   221.338125000000        -1.660885948273771E-008
   221.551875000000        -1.769402142741117E-008
   221.765625000000        -1.858954853531581E-008
   221.979375000000        -1.924140060135024E-008
   222.193125000000        -1.960322697047629E-008
   222.406875000000        -1.963865154210505E-008
   222.620625000000        -1.932324331999453E-008
   222.834375000000        -1.864613865542736E-008
   223.048125000000        -1.761127499414508E-008
   223.261875000000        -1.623779552673841E-008
   223.475625000000        -1.455994553607827E-008
   223.689375000000        -1.262615504320883E-008
   223.903125000000        -1.049734782250335E-008
   224.116875000000        -8.244784340415550E-009
   224.330625000000        -5.947262235557956E-009
   224.544375000000        -3.688059612792217E-009
   224.758125000000        -1.551686936947063E-009
   224.971875000000         3.794762185331232E-010
   225.185625000000         2.028329608540537E-009
   225.399375000000         3.326009364390689E-009
   225.613125000000         4.214591118618706E-009
   225.826875000000         4.649352108606568E-009
   226.040625000000         4.600550840625640E-009
   226.254375000000         4.054744470290435E-009
   226.468125000000         3.015462408609106E-009
   226.681875000000         1.503240985537975E-009
   226.895625000000        -4.449823036014101E-010
   227.109375000000        -2.777275787025141E-009
   227.323125000000        -5.428721962386017E-009
   227.536875000000        -8.324073013151933E-009
   227.750625000000        -1.138094828859296E-008
   227.964375000000        -1.451331934782378E-008
   228.178125000000        -1.763516159059531E-008
   228.391875000000        -2.066398131892624E-008
   228.605625000000        -2.352409697894333E-008
   228.819375000000        -2.614934338490521E-008
   229.033125000000        -2.848515030342723E-008
   229.246875000000        -3.048987344943730E-008
   229.460625000000        -3.213532240584700E-008
   229.674375000000        -3.340652063551945E-008
   229.888125000000        -3.430085293760717E-008
   230.101875000000        -3.482670104339301E-008
   230.315625000000        -3.500160214698181E-008
   230.529375000000        -3.485040862777117E-008
   230.743125000000        -3.440320247551839E-008
   230.956875000000        -3.369341231099478E-008
   231.170625000000        -3.275606564188727E-008
   231.384375000000        -3.162623770911337E-008
   231.598125000000        -3.033781964868489E-008
   231.811875000000        -2.892251008236816E-008
   232.025625000000        -2.740904821490515E-008
   232.239375000000        -2.582270519126615E-008
   232.453125000000        -2.418497679163610E-008
   232.666875000000        -2.251343950127548E-008
   232.880625000000        -2.082176917983628E-008
   233.094375000000        -1.911999354627691E-008
   233.308125000000        -1.741481448460276E-008
   233.521875000000        -1.571013175883073E-008
   233.735625000000        -1.400763610268324E-008
   233.949375000000        -1.230757146919883E-008
   234.163125000000        -1.060953092458161E-008
   234.376875000000        -8.913227268172988E-009
   234.590625000000        -7.219370941394134E-009
   234.804375000000        -5.530346184936195E-009
   235.018125000000        -3.850815230958753E-009
   235.231875000000        -2.188229502723696E-009
   235.445625000000        -5.530572626555136E-010
   235.659375000000         1.041110651974828E-009
   235.873125000000         2.577630991114706E-009
   236.086875000000         4.037099169331242E-009
   236.300625000000         5.397670597161578E-009
   236.514375000000         6.635585339474369E-009
   236.728125000000         7.725660121057120E-009
   236.941875000000         8.641854297727719E-009
   237.155625000000         9.357872810038921E-009
   237.369375000000         9.847758513708084E-009
   237.583125000000         1.008655048025019E-008
   237.796875000000         1.005097233058064E-008
   238.010625000000         9.720243498125192E-009
   238.224375000000         9.076927101935754E-009
   238.438125000000         8.107955988594688E-009
   238.651875000000         6.805627587786950E-009
   238.865625000000         5.168693245236797E-009
   239.079375000000         3.203429383762013E-009
   239.293125000000         9.244573886773703E-010
   239.506875000000        -1.644484972584145E-009
   239.720625000000        -4.470218758063492E-009
   239.934375000000        -7.510113949935964E-009
   240.148125000000        -1.071246817277985E-008
   240.361875000000        -1.401741107595836E-008
   240.575625000000        -1.735815479607325E-008
   240.789375000000        -2.066267041827817E-008
   241.003125000000        -2.385565566563487E-008
   241.216875000000        -2.686080338939372E-008
   241.430625000000        -2.960314153928126E-008
   241.644375000000        -3.201154640053453E-008
   241.858125000000        -3.402123662949382E-008
   242.071875000000        -3.557614925138979E-008
   242.285625000000        -3.663120781828510E-008
   242.499375000000        -3.715434973730064E-008
   242.713125000000        -3.712821147143853E-008
   242.926875000000        -3.655134108526532E-008
   243.140625000000        -3.543895713434934E-008
   243.354375000000        -3.382293134436339E-008
   243.568125000000        -3.175113697876284E-008
   243.781875000000        -2.928595709215755E-008
   243.995625000000        -2.650204306005139E-008
   244.209375000000        -2.348337463944049E-008
   244.423125000000        -2.031968747799454E-008
   244.636875000000        -1.710257627731781E-008
   244.850625000000        -1.392147639906403E-008
   245.064375000000        -1.085971235732294E-008
   245.278125000000        -7.990982416357344E-009
   245.491875000000        -5.376530103212211E-009
   245.705625000000        -3.063011362214803E-009
   245.919375000000        -1.081386378150819E-009
   246.133125000000         5.533127006641680E-010
   246.346875000000         1.841335829087954E-009
   246.560625000000         2.796772444449022E-009
   246.774375000000         3.445611723520715E-009
   246.988125000000         3.823319076890502E-009
   247.201875000000         3.972279093001477E-009
   247.415625000000         3.939167407762360E-009
   247.629375000000         3.772393765727151E-009
   247.843125000000         3.519741530146679E-009
   248.056875000000         3.226193586782339E-009
   248.270625000000         2.931975717164499E-009
   248.484375000000         2.670902583353395E-009
   248.698125000000         2.468904474865204E-009
   248.911875000000         2.342815450166278E-009
   249.125625000000         2.299574338081202E-009
   249.339375000000         2.335580501965595E-009
   249.553125000000         2.436732124618953E-009
   249.766875000000         2.578730507788506E-009
   249.980625000000         2.728035391443215E-009
   250.194375000000         2.843404261035414E-009
   250.408125000000         2.877935476644746E-009
   250.621875000000         2.781682562322445E-009
   250.835625000000         2.504679453747325E-009
   251.049375000000         2.000231091286595E-009
   251.263125000000         1.228408088745597E-009
   251.476875000000         1.594122924846729E-010
   251.690625000000        -1.223336038553463E-009
   251.904375000000        -2.920572465294215E-009
   252.118125000000        -4.915254139398548E-009
   252.331875000000        -7.171572232951539E-009
   252.545625000000        -9.634951617780826E-009
   252.759375000000        -1.223320722921113E-008
   252.973125000000        -1.487887047290096E-008
   253.186875000000        -1.747263358840813E-008
   253.400625000000        -1.990785023918068E-008
   253.614375000000        -2.207575115497555E-008
   253.828125000000        -2.387123991122013E-008
   254.041875000000        -2.519876978552325E-008
   254.255625000000        -2.597807016856823E-008
   254.469375000000        -2.614913611331861E-008
   254.683125000000        -2.567630620102795E-008
   254.896875000000        -2.455091919761707E-008
   255.110625000000        -2.279251763993911E-008
   255.324375000000        -2.044834660446106E-008
   255.538125000000        -1.759123102380185E-008
   255.751875000000        -1.431601120001197E-008
   255.965625000000        -1.073467179936789E-008
   256.179375000000        -6.970650614876434E-009
   256.393125000000        -3.152579204131161E-009
   256.606875000000         5.919941326991304E-010
   256.820625000000         4.142628639185050E-009
   257.034375000000         7.391347908650083E-009
   257.248125000000         1.024705534511975E-008
   257.461875000000         1.263879706782741E-008
   257.675625000000         1.451783330883085E-008
   257.889375000000         1.585837096764603E-008
   258.103125000000         1.665712431673206E-008
   258.316875000000         1.693176089024371E-008
   258.530625000000         1.671851351351744E-008
   258.744375000000         1.606889373116386E-008
   258.958125000000         1.504614293761457E-008
   259.171875000000         1.372130511314206E-008
   259.385625000000         1.216936810939925E-008
   259.599375000000         1.046555311730875E-008
   259.813125000000         8.682045675326070E-009
   260.026875000000         6.885262530220060E-009
   260.240625000000         5.133679726684803E-009
   260.454375000000         3.476395673984662E-009
   260.668125000000         1.952282956908751E-009
   260.881875000000         5.898285786826112E-010
   261.095625000000        -5.925816351279716E-010
   261.309375000000        -1.585957727453865E-009
   261.523125000000        -2.389556330519385E-009
   261.736875000000        -3.009751353704387E-009
   261.950625000000        -3.458582802421708E-009
   262.164375000000        -3.752370356867815E-009
   262.378125000000        -3.910370278739747E-009
   262.591875000000        -3.953357127126721E-009
   262.805625000000        -3.902435130082369E-009
   263.019375000000        -3.777859099199011E-009
   263.233125000000        -3.598020067561955E-009
   263.446875000000        -3.378620909467728E-009
   263.660625000000        -3.132005785443500E-009
   263.874375000000        -2.866795138662960E-009
   264.088125000000        -2.587711108594208E-009
   264.301875000000        -2.295737029483565E-009
   264.515625000000        -1.988466254767055E-009
   264.729375000000        -1.660808096681603E-009
   264.943125000000        -1.305660706126528E-009
   265.156875000000        -9.149585574720204E-010
   265.370625000000        -4.804828765118110E-010
   265.584375000000         5.111489316739524E-012
   265.798125000000         5.475099445215422E-010
   266.011875000000         1.150036330377607E-009
   266.225625000000         1.813017156289920E-009
   266.439375000000         2.533385549813045E-009
   266.653125000000         3.304393789161172E-009
   266.866875000000         4.115430056128098E-009
   267.080625000000         4.952046936545913E-009
   267.294375000000         5.796139184072636E-009
   267.508125000000         6.626329511587596E-009
   267.721875000000         7.418610410946235E-009
   267.935625000000         8.147221934048820E-009
   268.149375000000         8.785831386978094E-009
   268.363125000000         9.308868539872083E-009
   268.576875000000         9.693145652270469E-009
   268.790625000000         9.919367329195971E-009
   269.004375000000         9.973678943078495E-009
   269.218125000000         9.848905458119777E-009
   269.431875000000         9.545441657755546E-009
   269.645625000000         9.071646163337405E-009
   269.859375000000         8.443676435826099E-009
   270.073125000000         7.684843037695797E-009
   270.286875000000         6.824418287852913E-009
   270.500625000000         5.896161986429529E-009
   270.714375000000         4.936620530991378E-009
   270.928125000000         3.983370214258098E-009
   271.141875000000         3.073445690920663E-009
   271.355625000000         2.241817770377566E-009
   271.569375000000         1.520359826305701E-009
   271.783125000000         9.368586145220196E-010
   271.996875000000         5.144406630329413E-010
   272.210625000000         2.710592972326376E-010
   272.424375000000         2.191542974824880E-010
   272.638125000000         3.653361706393671E-010
   272.851875000000         7.101444812472409E-010
   273.065625000000         1.247924072084032E-009
   273.279375000000         1.966713151834863E-009
   273.493125000000         2.848513930885325E-009
   273.706875000000         3.869780714956056E-009
   273.920625000000         5.002246875837392E-009
   274.134375000000         6.214140107005926E-009
   274.348125000000         7.471740034849368E-009
   274.561875000000         8.741080543389037E-009
   274.775625000000         9.989741471137891E-009
   274.989375000000         1.118852682506870E-008
   275.203125000000         1.231287121078445E-008
   275.416875000000         1.334372588355357E-008
   275.630625000000         1.426809946321328E-008
   275.844375000000         1.507891824841957E-008
   276.058125000000         1.577448199604226E-008
   276.271875000000         1.635755821913180E-008
   276.485625000000         1.683420328573786E-008
   276.699375000000         1.721261604591979E-008
   276.913125000000         1.750191536202040E-008
   277.126875000000         1.771122064125331E-008
   277.340625000000         1.784885009208268E-008
   277.554375000000         1.792180331256027E-008
   277.768125000000         1.793537831112889E-008
   277.981875000000         1.789295803990281E-008
   278.195625000000         1.779580252808938E-008
   278.409375000000         1.764295225888809E-008
   278.623125000000         1.743104429697706E-008
   278.836875000000         1.715423763704048E-008
   279.050625000000         1.680421033483757E-008
   279.264375000000         1.637030940690326E-008
   279.478125000000         1.583996776864612E-008
   279.691875000000         1.519931948692354E-008
   279.905625000000         1.443420654835558E-008
   280.119375000000         1.353130026621095E-008
   280.333125000000         1.247951445950616E-008
   280.546875000000         1.127134580506217E-008
   280.760625000000         9.904181675905419E-009
   280.974375000000         8.381429163772892E-009
   281.188125000000         6.713231581348280E-009
   281.401875000000         4.916883928864272E-009
   281.615625000000         3.016811624823070E-009
   281.829375000000         1.044124881742727E-009
   282.043125000000        -9.640766893807585E-010
   282.256875000000        -2.965753915570371E-009
   282.470625000000        -4.915053915300327E-009
   282.684375000000        -6.763663388293801E-009
   282.898125000000        -8.462128980445829E-009
   283.111875000000        -9.961272931637691E-009
   283.325625000000        -1.121365454639919E-008
   283.539375000000        -1.217508456846239E-008
   283.753125000000        -1.280618308754296E-008
   283.966875000000        -1.307395253006248E-008
   284.180625000000        -1.295340057946929E-008
   284.394375000000        -1.242903463316690E-008
   284.608125000000        -1.149616867164095E-008
   284.821875000000        -1.016199586758010E-008
   285.035625000000        -8.446102399329623E-009
   285.249375000000        -6.380513640482598E-009
   285.463125000000        -4.009080374288670E-009
   285.676875000000        -1.386180100720047E-009
   285.890625000000         1.425227949388095E-009
   286.104375000000         4.356149876898855E-009
   286.318125000000         7.334570009616098E-009
   286.531875000000         1.028869627182824E-008
   286.745625000000         1.315034060131793E-008
   286.959375000000         1.585810357163787E-008
   287.173125000000         1.836026345345145E-008
   287.386875000000         2.061700530521162E-008
   287.600625000000         2.260204692825846E-008
   287.814375000000         2.430333645478041E-008
   288.028125000000         2.572293045714245E-008
   288.241875000000         2.687587199006659E-008
   288.455625000000         2.778834572371616E-008
   288.669375000000         2.849496310306098E-008
   288.883125000000         2.903559343994697E-008
   289.096875000000         2.945177735801992E-008
   289.310625000000         2.978298458633406E-008
   289.524375000000         3.006311810103868E-008
   289.738125000000         3.031727320370492E-008
   289.951875000000         3.055928761127394E-008
   290.165625000000         3.078998388615080E-008
   290.379375000000         3.099657999134750E-008
   290.593125000000         3.115307321169798E-008
   290.806875000000         3.122181351522894E-008
   291.020625000000         3.115608640581065E-008
   291.234375000000         3.090362227781373E-008
   291.448125000000         3.041075646221388E-008
   291.661875000000         2.962694273930982E-008
   291.875625000000         2.850937671449992E-008
   292.089375000000         2.702728018942327E-008
   292.303125000000         2.516550671588831E-008
   292.516875000000         2.292729324932694E-008
   292.730625000000         2.033576583473236E-008
   292.944375000000         1.743414019258130E-008
   293.158125000000         1.428457488530727E-008
   293.371875000000         1.096569162449924E-008
   293.585625000000         7.568968350206782E-009
   293.799375000000         4.194287393115439E-009
   294.013125000000         9.449060959028588E-010
   294.226875000000        -2.077755934214938E-009
   294.440625000000        -4.779121620818476E-009
   294.654375000000        -7.075991321868479E-009
   294.868125000000        -8.900284937564897E-009
   295.081875000000        -1.020182189324984E-008
   295.295625000000        -1.095011613283533E-008
   295.509375000000        -1.113500665531064E-008
   295.723125000000        -1.076642438389330E-008
   295.936875000000        -9.873235531501340E-009
   296.150625000000        -8.501463586178464E-009
   296.364375000000        -6.711870311547384E-009
   296.578125000000        -4.577316480106562E-009
   296.791875000000        -2.179640749528583E-009
   297.005625000000         3.933968375570651E-010
   297.219375000000         3.051446025332870E-009
   297.433125000000         5.704869112712241E-009
   297.646875000000         8.268033991067076E-009
   297.860625000000         1.066241456625468E-008
   298.074375000000         1.281961048221376E-008
   298.288125000000         1.468382201575100E-008
   298.501875000000         1.621397579698658E-008
   298.715625000000         1.738508241201749E-008
   298.929375000000         1.818887758046755E-008
   299.143125000000         1.863359171106293E-008
   299.356875000000         1.874303912741912E-008
   299.570625000000         1.855472410950920E-008
   299.784375000000         1.811761195317124E-008
   299.998125000000         1.748928243840181E-008
   300.211875000000         1.673305325393389E-008
   300.425625000000         1.591507834099954E-008
   300.639375000000         1.510159749606245E-008
   300.853125000000         1.435660465775273E-008
   301.066875000000         1.373982953502948E-008
   301.280625000000         1.330508899098679E-008
   301.494375000000         1.309899159597406E-008
   301.708125000000         1.315974548804278E-008
   301.921875000000         1.351627322028460E-008
   302.135625000000         1.418718325600405E-008
   302.349375000000         1.518003312163781E-008
   302.563125000000         1.649053741161417E-008
   302.776875000000         1.810209901393770E-008
   302.990625000000         1.998559428377697E-008
   303.204375000000         2.209964762360028E-008
   303.418125000000         2.439142682869843E-008
   303.631875000000         2.679809000321743E-008
   303.845625000000         2.924878171904609E-008
   304.059375000000         3.166715435270675E-008
   304.273125000000         3.397429971244955E-008
   304.486875000000         3.609183048403149E-008
   304.700625000000         3.794506637315033E-008
   304.914375000000         3.946602865939476E-008
   305.128125000000         4.059612812256841E-008
   305.341875000000         4.128851461539739E-008
   305.555625000000         4.150986659451680E-008
   305.769375000000         4.124180131909092E-008
   305.983125000000         4.048172214593550E-008
   306.196875000000         3.924319074630070E-008
   306.410625000000         3.755580221190811E-008
   306.624375000000         3.546452084950253E-008
   306.838125000000         3.302845482018203E-008
   307.051875000000         3.031905430742202E-008
   307.265625000000         2.741768815057789E-008
   307.479375000000         2.441264174954459E-008
   307.693125000000         2.139568083074235E-008
   307.906875000000         1.845818120384728E-008
   308.120625000000         1.568720741293031E-008
   308.334375000000         1.316161212796071E-008
   308.548125000000         1.094861922571975E-008
   308.761875000000         9.100929431515481E-009
   308.975625000000         7.654717232797803E-009
   309.189375000000         6.628574911951916E-009
   309.403125000000         6.023425545154427E-009
   309.616875000000         5.823453229403105E-009
   309.830625000000         5.997757376920996E-009
   310.044375000000         6.502694210858655E-009
   310.258125000000         7.284616422695721E-009
   310.471875000000         8.282700441255017E-009
   310.685625000000         9.431869120408079E-009
   310.899375000000         1.066546517682679E-008
   311.113125000000         1.191766557861991E-008
   311.326875000000         1.312560776290435E-008
   311.540625000000         1.423120725352318E-008
   311.754375000000         1.518268836841408E-008
   311.968125000000         1.593588831721218E-008
   312.181875000000         1.645535716283942E-008
   312.395625000000         1.671528608978557E-008
   312.609375000000         1.670024384051324E-008
   312.823125000000         1.640577894045452E-008
   313.036875000000         1.583878828358464E-008
   313.250625000000         1.501769440587517E-008
   313.464375000000         1.397236784716673E-008
   313.678125000000         1.274379833703063E-008
   313.891875000000         1.138349090811404E-008
   314.105625000000         9.952551002703736E-009
   314.319375000000         8.520396259749727E-009
   314.533125000000         7.163104235845611E-009
   314.746875000000         5.961391688329187E-009
   314.960625000000         4.998017336655912E-009
   315.174375000000         4.354860750388064E-009
   315.388125000000         4.109497993357353E-009
   315.601875000000         4.331523421392716E-009
   315.815625000000         5.078589338653879E-009
   316.029375000000         6.392717277782675E-009
   316.243125000000         8.296616926232983E-009
   316.456875000000         1.079086482348540E-008
   316.670625000000         1.385178615102687E-008
   316.884375000000         1.743055778858431E-008
   317.098125000000         2.145351411282070E-008
   317.311875000000         2.582380829162884E-008
   317.525625000000         3.042443869756733E-008
   317.739375000000         3.512241999004949E-008
   317.953125000000         3.977391311037390E-008
   318.166875000000         4.423004025378787E-008
   318.380625000000         4.834306472473982E-008
   318.594375000000         5.197256866682445E-008
   318.808125000000         5.499140167734433E-008
   319.021875000000         5.729111338800190E-008
   319.235625000000         5.878663831684489E-008
   319.449375000000         5.942007965068986E-008
   319.663125000000         5.916345999167530E-008
   319.876875000000         5.802035553200442E-008
   320.090625000000         5.602635072501089E-008
   320.304375000000         5.324817082228009E-008
   320.518125000000         4.978153010504323E-008
   320.731875000000         4.574777373007440E-008
   320.945625000000         4.128920573653614E-008
   321.159375000000         3.656340742714813E-008
   321.373125000000         3.173665955632036E-008
   321.586875000000         2.697681290091093E-008
   321.800625000000         2.244592405282764E-008
   322.014375000000         1.829305755437127E-008
   322.228125000000         1.464771425376111E-008
   322.441875000000         1.161417298938657E-008
   322.655625000000         9.267146001084286E-009
   322.869375000000         7.648930661876677E-009
   323.083125000000         6.768206186030251E-009
   323.296875000000         6.600471316095101E-009
   323.510625000000         7.090074265777997E-009
   323.724375000000         8.153626342865622E-009
   323.938125000000         9.684603553018374E-009
   324.151875000000         1.155884298391391E-008
   324.365625000000         1.364072696159292E-008
   324.579375000000         1.578966497135275E-008
   324.793125000000         1.786674595295865E-008
   325.006875000000         1.974118781486584E-008
   325.220625000000         2.129641291727869E-008
   325.434375000000         2.243546658413713E-008
   325.648125000000         2.308555828455833E-008
   325.861875000000         2.320152408889156E-008
   326.075625000000         2.276799906750559E-008
   326.289375000000         2.180009105582312E-008
   326.503125000000         2.034265279918762E-008
   326.716875000000         1.846794970475373E-008
   326.930625000000         1.627187568683207E-008
   327.144375000000         1.386902497054108E-008
   327.358125000000         1.138675421176128E-008
   327.571875000000         8.958645212931047E-009
   327.785625000000         6.717723806881659E-009
   327.999375000000         4.789934635545452E-009
   328.213125000000         3.288102727564911E-009
   328.426875000000         2.306724695578447E-009
   328.640625000000         1.918007513800236E-009
   328.854375000000         2.169046780241802E-009
   329.068125000000         3.080307418253604E-009
   329.281875000000         4.645560465446401E-009
   329.495625000000         6.832873997928894E-009
   329.709375000000         9.586772605353821E-009
   329.923125000000         1.283122157314009E-008
   330.136875000000         1.647342286466347E-008
   330.350625000000         2.040798576690934E-008
   330.564375000000         2.452145155653894E-008
   330.778125000000         2.869681400351726E-008
   330.991875000000         3.281808378083580E-008
   331.205625000000         3.677429510783689E-008
   331.419375000000         4.046327285001033E-008
   331.633125000000         4.379469632762351E-008
   331.846875000000         4.669245367834034E-008
   332.060625000000         4.909631107379378E-008
   332.274375000000         5.096282040264826E-008
   332.488125000000         5.226549175967063E-008
   332.701875000000         5.299439588956584E-008
   332.915625000000         5.315525877011965E-008
   333.129375000000         5.276815249606144E-008
   333.343125000000         5.186599515480786E-008
   333.556875000000         5.049290374800952E-008
   333.770625000000         4.870252915404458E-008
   333.984375000000         4.655642432812154E-008
   334.198125000000         4.412244951326823E-008
   334.411875000000         4.147324022544976E-008
   334.625625000000         3.868463577855770E-008
   334.839375000000         3.583410988401711E-008
   335.053125000000         3.299910970821551E-008
   335.266875000000         3.025526805125961E-008
   335.480625000000         2.767445983359276E-008
   335.694375000000         2.532277071764414E-008
   335.908125000000         2.325846773124381E-008
   336.121875000000         2.152987258108025E-008
   336.335625000000         2.017349386861201E-008
   336.549375000000         1.921237422663685E-008
   336.763125000000         1.865478805915216E-008
   336.976875000000         1.849359726135439E-008
   337.190625000000         1.870616664586866E-008
   337.404375000000         1.925498519490245E-008
   337.618125000000         2.008915856672566E-008
   337.831875000000         2.114650174562816E-008
   338.045625000000         2.235636499539998E-008
   338.259375000000         2.364296198844280E-008
   338.473125000000         2.492897833647052E-008
   338.686875000000         2.613934101005270E-008
   338.900625000000         2.720473409077023E-008
   339.114375000000         2.806486276672639E-008
   339.328125000000         2.867104897633750E-008
   339.541875000000         2.898815015971240E-008
   339.755625000000         2.899572678847147E-008
   339.969375000000         2.868835523233043E-008
   340.183125000000         2.807527004670753E-008
