  -1.60312500000000        -5.000904843061881E-018
  -1.38937500000000        -4.997675758069428E-018
  -1.17562500000000        -3.893943544024006E-018
 -0.961875000000000         6.359022788925750E-018
 -0.748125000000000         6.639140095399836E-017
 -0.534375000000000         3.404749467154116E-016
 -0.320625000000000         1.386796209924885E-015
 -0.106875000000000         4.837944108872898E-015
  0.106875000000000         1.487235722302862E-014
  0.320625000000000         4.097845132334100E-014
  0.534375000000000         1.025326424314475E-013
  0.748125000000000         2.355469612821307E-013
  0.961875000000000         5.015938927955107E-013
   1.17562500000000         9.984298489849465E-013
   1.38937500000000         1.871326485525777E-012
   1.60312500000000         3.323611095678025E-012
   1.81687500000000         5.624852156429294E-012
   2.03062500000000         9.115000988500465E-012
   2.24437500000000         1.420300132695254E-011
   2.45812500000000         2.135925220748495E-011
   2.67187500000000         3.110150953113462E-011
   2.88562500000000         4.397491159362008E-011
   3.09937500000000         6.052763927883863E-011
   3.31312500000000         8.128421388016667E-011
   3.52687500000000         1.067189083260951E-010
   3.74062500000000         1.372319534800501E-010
   3.95437500000000         1.731313043356149E-010
   4.16812500000000         2.146211533423942E-010
   4.38187500000000         2.617984386741820E-010
   4.59562500000000         3.146577686817806E-010
   4.80937500000000         3.731030524233068E-010
   5.02312500000000         4.369644242366094E-010
   5.23687500000000         5.060176512464149E-010
   5.45062500000000         5.800038807861023E-010
   5.66437500000000         6.586469883102487E-010
   5.87812500000000         7.416670191961993E-010
   6.09187500000000         8.287899699362839E-010
   6.30562500000000         9.197531090753532E-010
   6.51937500000000         1.014308433648364E-009
   6.73312500000000         1.112226038496885E-009
   6.94687500000000         1.213300121101695E-009
   7.16062500000000         1.317358401758959E-009
   7.37437500000000         1.424277313450513E-009
   7.58812500000000         1.534002108246199E-009
   7.80187500000000         1.646570165848329E-009
   8.01562500000000         1.762134228844585E-009
   8.22937500000000         1.880982465938456E-009
   8.44312500000000         2.003550827541884E-009
   8.65687500000000         2.130424099117575E-009
   8.87062500000000         2.262323905929166E-009
   9.08437500000000         2.400082718572277E-009
   9.29812500000000         2.544605660112782E-009
   9.51187500000000         2.696823321585398E-009
   9.72562500000000         2.857640958731009E-009
   9.93937500000000         3.027888879660566E-009
   10.1531250000000         3.208280548006054E-009
   10.3668750000000         3.399382125166966E-009
   10.5806250000000         3.601596543297691E-009
   10.7943750000000         3.815162820254371E-009
   11.0081250000000         4.040168610149917E-009
   11.2218750000000         4.276573094521246E-009
   11.4356250000000         4.524234994956199E-009
   11.6493750000000         4.782941264973440E-009
   11.8631250000000         5.052432145057683E-009
   12.0768750000000         5.332419807802712E-009
   12.2906250000000         5.622599566884655E-009
   12.5043750000000         5.922655428953155E-009
   12.7181250000000         6.232262355416103E-009
   12.9318750000000         6.551089612129415E-009
   13.1456250000000         6.878809248121603E-009
   13.3593750000000         7.215112438826127E-009
   13.5731250000000         7.559734868831113E-009
   13.7868750000000         7.912490574769010E-009
   14.0006250000000         8.273310219567567E-009
   14.2143750000000         8.642279112052344E-009
   14.4281250000000         9.019668155184038E-009
   14.6418750000000         9.405951710389540E-009
   14.8556250000000         9.801807827722310E-009
   15.0693750000000         1.020809797153952E-008
   15.2831250000000         1.062582685874234E-008
   15.4968750000000         1.105608593581115E-008
   15.7106250000000         1.149998687451387E-008
   15.9243750000000         1.195859289803267E-008
   16.1381250000000         1.243285651032348E-008
   16.3518750000000         1.292357117533101E-008
   16.5656250000000         1.343134294648884E-008
   16.7793750000000         1.395658410195806E-008
   16.9931250000000         1.449952842560496E-008
   17.2068750000000         1.506026384722657E-008
   17.4206250000000         1.563877577830840E-008
   17.6343750000000         1.623499398877452E-008
   17.8481250000000         1.684883429820277E-008
   18.0618750000000         1.748022918791346E-008
   18.2756250000000         1.812914321117192E-008
   18.4893750000000         1.879557169942915E-008
   18.7031250000000         1.947952599003939E-008
   18.9168750000000         2.018100868535367E-008
   19.1306250000000         2.089998676242824E-008
   19.3443750000000         2.163636821058517E-008
   19.5581250000000         2.238998983918800E-008
   19.7718750000000         2.316061920495851E-008
   19.9856250000000         2.394797303748593E-008
   20.1993750000000         2.475175074976907E-008
   20.4131250000000         2.557167888549301E-008
   20.6268750000000         2.640756057992092E-008
   20.8406250000000         2.725932316067693E-008
   21.0543750000000         2.812705720335039E-008
   21.2681250000000         2.901104103568446E-008
   21.4818750000000         2.991174795445580E-008
   21.6956250000000         3.082983480877363E-008
   21.9093750000000         3.176611406641726E-008
   22.1231250000000         3.272151333899805E-008
   22.3368750000000         3.369702823568286E-008
   22.5506250000000         3.469367463356596E-008
   22.7643750000000         3.571244627261747E-008
   22.9781250000000         3.675428255246911E-008
   23.1918750000000         3.782004914893751E-008
   23.4056250000000         3.891053199132644E-008
   23.6193750000000         4.002644338672258E-008
   23.8331250000000         4.116843672602861E-008
   24.0468750000000         4.233712549588073E-008
   24.2606250000000         4.353310203479908E-008
   24.4743750000000         4.475695204041953E-008
   24.6881250000000         4.600926149066218E-008
   24.9018750000000         4.729061506164566E-008
   25.1156250000000         4.860158601354693E-008
   25.3293750000000         4.994272052671585E-008
   25.5431250000000         5.131451901652450E-008
   25.7568750000000         5.271741959868122E-008
   25.9706250000000         5.415178681949688E-008
   26.1843750000000         5.561790999212697E-008
   26.3981250000000         5.711601250045609E-008
   26.6118750000000         5.864627348477675E-008
   26.8256250000000         6.020885958945773E-008
   27.0393750000000         6.180396408431354E-008
   27.2531250000000         6.343184917681223E-008
   27.4668750000000         6.509288589372055E-008
   27.6806250000000         6.678758652892435E-008
   27.8943750000000         6.851662527127913E-008
   28.1081250000000         7.028084366195586E-008
   28.3218750000000         7.208123997373993E-008
   28.5356250000000         7.391894355176258E-008
   28.7493750000000         7.579517631612751E-008
   28.9631250000000         7.771120624542103E-008
   29.1768750000000         7.966829832394711E-008
   29.3906250000000         8.166766793712366E-008
   29.6043750000000         8.371044191048388E-008
   29.8181250000000         8.579763077285616E-008
   30.0318750000000         8.793011378326793E-008
   30.2456250000000         9.010863670413368E-008
   30.4593750000000         9.233382038254568E-008
   30.6731250000000         9.460617646836979E-008
   30.8868750000000         9.692612636787968E-008
   31.1006250000000         9.929401908441938E-008
   31.3143750000000         1.017101444782414E-007
   31.5281250000000         1.041747398892206E-007
   31.7418750000000         1.066879895882122E-007
   31.9556250000000         1.092500185483853E-007
   32.1693750000000         1.118608829857583E-007
   32.3831250000000         1.145205618750330E-007
   32.5968750000000         1.172289531283428E-007
   32.8106250000000         1.199858784113871E-007
   33.0243750000000         1.227910984491455E-007
   33.2381250000000         1.256443396827707E-007
   33.4518750000000         1.285453309694473E-007
   33.6656250000000         1.314938469744638E-007
   33.8793750000000         1.344897536436588E-007
   34.0931250000000         1.375330504124318E-007
   34.3068750000000         1.406239035195636E-007
   34.5206250000000         1.437626662515049E-007
   34.7343750000000         1.469498830658194E-007
   34.9481250000000         1.501862768346439E-007
   35.1618750000000         1.534727208485965E-007
   35.3756250000000         1.568101989958111E-007
   35.5893750000000         1.601997593890742E-007
   35.8031250000000         1.636424677382392E-007
   36.0168750000000         1.671393662933319E-007
   36.2306250000000         1.706914437156145E-007
   36.4443750000000         1.742996197139281E-007
   36.6581250000000         1.779647454648074E-007
   36.8718750000000         1.816876191450492E-007
   37.0856250000000         1.854690135412778E-007
   37.2993750000000         1.893097102577067E-007
   37.5131250000000         1.932105348565622E-007
   37.7268750000000         1.971723862258786E-007
   37.9406250000000         2.011962555078790E-007
   38.1543750000000         2.052832297233493E-007
   38.3681250000000         2.094344791008902E-007
   38.5818750000000         2.136512284931020E-007
   38.7956250000000         2.179347171116302E-007
   39.0093750000000         2.222861505996954E-007
   39.2231250000000         2.267066533316209E-007
   39.4368750000000         2.311972275568330E-007
   39.6506250000000         2.357587248376670E-007
   39.8643750000000         2.403918352263687E-007
   40.0781250000000         2.450970958167365E-007
   40.2918750000000         2.498749184086111E-007
   40.5056250000000         2.547256330800512E-007
   40.7193750000000         2.596495425058930E-007
   40.9331250000000         2.646469804913546E-007
   41.1468750000000         2.697183675844837E-007
   41.3606250000000         2.748642579198730E-007
   41.5743750000000         2.800853718597940E-007
   41.7881250000000         2.853826122418625E-007
   42.0018750000000         2.907570638438501E-007
   42.2156250000000         2.962099774919554E-007
   42.4293750000000         3.017427427919750E-007
   42.6431250000000         3.073568531145276E-007
   42.8568750000000         3.130538677828810E-007
   43.0706250000000         3.188353741684055E-007
   43.2843750000000         3.247029524197823E-007
   43.4981250000000         3.306581430974921E-007
   43.7118750000000         3.367024178036322E-007
   43.9256250000000         3.428371520424000E-007
   44.1393750000000         3.490635990549295E-007
   44.3531250000000         3.553828666875392E-007
   44.5668750000000         3.617958980990452E-007
   44.7806250000000         3.683034612439355E-007
   44.9943750000000         3.749061516675710E-007
   45.2081250000000         3.816044135941344E-007
   45.4218750000000         3.883985827555535E-007
   45.6356250000000         3.952889517049151E-007
   45.8493750000000         4.022758532304255E-007
   46.0631250000000         4.093597530593588E-007
   46.2768750000000         4.165413373387781E-007
   46.4906250000000         4.238215774345977E-007
   46.7043750000000         4.312017530351189E-007
   46.9181250000000         4.386834165137547E-007
   47.1318750000000         4.462682876135042E-007
   47.3456250000000         4.539580776824731E-007
   47.5593750000000         4.617542541951497E-007
   47.7731250000000         4.696577709003297E-007
   47.9868750000000         4.776688003949244E-007
   48.2006250000000         4.857865169370713E-007
   48.4143750000000         4.940089792269594E-007
   48.6281250000000         5.023331604095348E-007
   48.8418750000000         5.107551592537358E-007
   49.0556250000000         5.192706060593205E-007
   49.2693750000000         5.278752493748459E-007
   49.4831250000000         5.365656780812237E-007
   49.6968750000000         5.453401031843478E-007
   49.9106250000000         5.541990967616079E-007
   50.1243750000000         5.631461712125388E-007
   50.3381250000000         5.721880800482529E-007
   50.5518750000000         5.813347377326899E-007
   50.7656250000000         5.905986893965413E-007
   50.9793750000000         5.999941132235176E-007
   51.1931250000000         6.095353996878643E-007
   51.4068750000000         6.192354214288882E-007
   51.6206250000000         6.291036712494708E-007
   51.8343750000000         6.391444984999853E-007
   52.0481250000000         6.493557033802382E-007
   52.2618750000000         6.597277471472795E-007
   52.4756250000000         6.702437992179272E-007
   52.6893750000000         6.808807680811017E-007
   52.9031250000000         6.916113551651204E-007
   53.1168750000000         7.024070399164381E-007
   53.3306250000000         7.132417634116675E-007
   53.5443750000000         7.240959411168601E-007
   53.7581250000000         7.349603300479996E-007
   53.9718750000000         7.458392115527197E-007
   54.1856250000000         7.567523505110608E-007
   54.3993750000000         7.677352639931632E-007
   54.6131250000000         7.788374764919738E-007
   54.8268750000000         7.901186513315438E-007
   55.0406250000000         8.016427499375868E-007
   55.2543750000000         8.134706542265892E-007
   55.4681250000000         8.256519612285566E-007
   55.6818750000000         8.382168803937256E-007
   55.8956250000000         8.511693028994689E-007
   56.1093750000000         8.644821292035454E-007
   56.3231250000000         8.780958198939349E-007
   56.5368750000000         8.919208683955706E-007
   56.7506250000000         9.058444974328078E-007
   56.9643750000000         9.197413796314024E-007
   57.1781250000000         9.334876358047186E-007
   57.3918750000000         9.469768271838524E-007
   57.6056250000000         9.601362089441194E-007
   57.8193750000000         9.729412175543974E-007
   58.0331250000000         9.854260892391176E-007
   58.2468750000000         9.976886890040549E-007
   58.4606250000000         1.009888083660731E-006
   58.6743750000000         1.022234101622355E-006
   58.8881250000000         1.034969025749283E-006
   59.1018750000000         1.048342581355740E-006
   59.3156250000000         1.062582388986993E-006
   59.5293750000000         1.077862927039706E-006
   59.7431250000000         1.094276659048790E-006
   59.9568750000000         1.111811213007621E-006
   60.1706250000000         1.130336276652742E-006
   60.3843750000000         1.149603157837513E-006
   60.5981250000000         1.169258784400222E-006
   60.8118750000000         1.188874362165793E-006
   61.0256250000000         1.207987129590535E-006
   61.2393750000000         1.226151826678611E-006
   61.4531250000000         1.242996863264305E-006
   61.6668750000000         1.258278946233000E-006
   61.8806250000000         1.271929321378894E-006
   62.0943750000000         1.284084935754926E-006
   62.3081250000000         1.295098823613212E-006
   62.5218750000000         1.305525829749271E-006
   62.7356250000000         1.316082289312418E-006
   62.9493750000000         1.327581261250098E-006
   63.1631250000000         1.340848055147085E-006
   63.3768750000000         1.356623739487415E-006
   63.5906250000000         1.375466692016209E-006
   63.8043750000000         1.397663702258158E-006
   64.0181250000000         1.423162380873099E-006
   64.2318750000000         1.451535500222058E-006
   64.4456250000000         1.481985374083368E-006
   64.6593750000000         1.513392608432174E-006
   64.8731250000000         1.544408839342132E-006
   65.0868750000000         1.573587853832548E-006
   65.3006250000000         1.599544325633711E-006
   65.5143750000000         1.621124897620057E-006
   65.7281250000000         1.637573097824415E-006
   65.9418750000000         1.648668099024488E-006
   66.1556250000000         1.654817988769376E-006
   66.3693750000000         1.657091165581688E-006
   66.5831250000000         1.657174631946877E-006
   66.7968750000000         1.657254980083805E-006
   67.0106250000000         1.659826174059024E-006
   67.2243750000000         1.667437035283844E-006
   67.4381250000000         1.682399717931416E-006
   67.6518750000000         1.706487442339389E-006
   67.8656250000000         1.740654419331674E-006
   68.0793750000000         1.784812485869289E-006
   68.2931250000000         1.837696967147557E-006
   68.5068750000000         1.896848496281426E-006
   68.7206250000000         1.958728167302772E-006
   68.9343750000000         2.018971044423842E-006
   69.1481250000000         2.072768677260573E-006
   69.3618750000000         2.115356142729834E-006
   69.5756250000000         2.142564728956896E-006
   69.7893750000000         2.151389268984520E-006
   70.0031250000000         2.140510812016646E-006
   70.2168750000000         2.110712077907536E-006
   70.4306250000000         2.065125902460725E-006
   70.6443750000000         2.009266068800388E-006
   70.8581250000000         1.950805411597802E-006
   71.0718750000000         1.899087102056205E-006
   71.2856250000000         1.864380206183905E-006
   71.4993750000000         1.856918033429098E-006
   71.7131250000000         1.885785104259075E-006
   71.9268750000000         1.957743149253553E-006
   72.1406250000000         2.076105734633984E-006
   72.3543750000000         2.239782395012753E-006
   72.5681250000000         2.442614460077389E-006
   72.7818750000000         2.673114653731921E-006
   72.9956250000000         2.914700433417414E-006
   73.2093750000000         3.146477332344267E-006
   73.4231250000000         3.344584757645765E-006
   73.6368750000000         3.484065364300275E-006
   73.8506250000000         3.541163844165012E-006
   74.0643750000000         3.495906155514439E-006
   74.2781250000000         3.334760829993809E-006
   74.4918750000000         3.053145199843629E-006
   74.7056250000000         2.657516167471725E-006
   74.9193750000000         2.166781805443056E-006
   75.1331250000000         1.612789842596395E-006
   75.3468750000000         1.039693641909948E-006
   75.5606250000000         5.020653976165874E-007
   75.7743750000000         6.171761853976129E-008
   75.9881250000000        -2.166970845403330E-007
   76.2018750000000        -2.711181189585862E-007
   76.4156250000000        -4.822927799830765E-008
   76.6293750000000         4.900940773607800E-007
   76.8431250000000         1.360563126683245E-006
   77.0568750000000         2.553063630211883E-006
   77.2706250000000         4.026662848909727E-006
   77.4843750000000         5.707620188915316E-006
   77.6981250000000         7.489908606728906E-006
   77.9118750000000         9.238620758244563E-006
   78.1256250000000         1.079644849034606E-005
   78.3393750000000         1.199319428113226E-005
   78.5531250000000         1.265801125429428E-005
   78.7668750000000         1.263379154736820E-005
   78.9806250000000         1.179285195595043E-005
   79.1943750000000         1.005282425183828E-005
   79.4081250000000         7.391469645340541E-006
   79.6218750000000         3.859025791807935E-006
   79.8356250000000        -4.133192390330349E-007
   80.0493750000000        -5.210133420605490E-006
   80.2631250000000        -1.023471664467746E-005
   80.4768750000000        -1.511909702329509E-005
   80.6906250000000        -1.944135143734495E-005
   80.9043750000000        -2.275001828969428E-005
   81.1181250000000        -2.459477625089020E-005
   81.3318750000000        -2.456194929855355E-005
   81.5456250000000        -2.231281113664829E-005
   81.7593750000000        -1.762215054089164E-005
   81.9731250000000        -1.041417305464603E-005
   82.1868750000000        -7.926000492331862E-007
   82.4006250000000         1.093817778891583E-005
   82.6143750000000         2.426380160847007E-005
   82.8281250000000         3.846492498812566E-005
   83.0418750000000         5.263816908832913E-005
   83.2556250000000         6.573379633448517E-005
   83.4693750000000         7.660971742170463E-005
   83.6831250000000         8.410020087126496E-005
   83.8968750000000         8.709636975376785E-005
   84.1106250000000         8.463433549209597E-005
   84.3243750000000         7.598572915397881E-005
   84.5381250000000         6.074454165795491E-005
   84.7518750000000         3.890366433111366E-005
   84.9656250000000         1.091440477582695E-005
   85.1793750000000        -2.227740608735823E-005
   85.3931250000000        -5.922427436970200E-005
   85.6068750000000        -9.800312313554792E-005
   85.8206250000000        -1.362770946219000E-004
   86.0343750000000        -1.713934572859607E-004
   86.2481250000000        -2.005156144863588E-004
   86.4618750000000        -2.207846943107294E-004
   86.6756250000000        -2.295037074397015E-004
   86.8893750000000        -2.243349619071300E-004
   87.1031250000000        -2.034994935252626E-004
   87.3168750000000        -1.659658739085679E-004
   87.5306250000000        -1.116150399109771E-004
   87.7443750000000        -4.136786289401920E-005
   87.9581250000000         4.273688428866399E-005
   88.1718750000000         1.375246786103557E-004
   88.3856250000000         2.387353542701141E-004
   88.5993750000000         3.411455668442699E-004
   88.8131250000000         4.387639698566715E-004
   89.0268750000000         5.250950100208382E-004
   89.2406250000000         5.934626406426207E-004
   89.4543750000000         6.373807663909452E-004
   89.6681250000000         6.509531597628679E-004
   89.8818750000000         6.292822200195786E-004
   90.0956250000000         5.688635468105764E-004
   90.3093750000000         4.679420993381738E-004
   90.5231250000000         3.268058745237876E-004
   90.7368750000000         1.479946563189255E-004
   90.9506250000000        -6.359553087138748E-005
   91.1643750000000        -3.007271750504074E-004
   91.3781250000000        -5.539644930551455E-004
   91.5918750000000        -8.119477849121549E-004
   91.8056250000000        -1.061794429861552E-003
   92.0193750000000        -1.289614669217929E-003
   92.2331250000000        -1.481123209324616E-003
   92.4468750000000        -1.622321255598085E-003
   92.6606250000000        -1.700218278851429E-003
   92.8743750000000        -1.703558991542032E-003
   93.0881250000000        -1.623518972232862E-003
   93.3018750000000        -1.454332320299207E-003
   93.5156250000000        -1.193816732182054E-003
   93.7293750000000        -8.437654209981139E-004
   93.9431250000000        -4.101811799752269E-004
   94.1568750000000         9.666467814792415E-005
   94.3706250000000         6.623571908019813E-004
   94.5843750000000         1.268645860814319E-003
   94.7981250000000         1.893926078452319E-003
   95.0118750000000         2.513874968307015E-003
   95.2256250000000         3.102214809110918E-003
   95.4393750000000         3.631570665679999E-003
   95.6531250000000         4.074384224856614E-003
   95.8668750000000         4.403843326759583E-003
   96.0806250000000         4.594786477847104E-003
   96.2943750000000         4.624543724546957E-003
   96.5081250000000         4.473679507473845E-003
   96.7218750000000         4.126609218174458E-003
   96.9356250000000         3.572068732897414E-003
   97.1493750000000         2.803424697009912E-003
   97.3631250000000         1.818822215502529E-003
   97.5768750000000         6.211752846565861E-004
   97.7906250000000        -7.819867880395673E-004
   98.0043750000000        -2.378797090926621E-003
   98.2181250000000        -4.153428106552994E-003
   98.4318750000000        -6.086540191589002E-003
   98.6456250000000        -8.155772877463153E-003
   98.8593750000000        -1.033625159632647E-002
   99.0731250000000        -1.260108565930873E-002
   99.2868750000000        -1.492183819241731E-002
   99.5006250000000        -1.726895484891053E-002
   99.7143750000000        -1.961214495439854E-002
   99.9281250000000        -2.192071573730333E-002
   100.141875000000        -2.416386687402813E-002
   100.355625000000        -2.631095818457372E-002
   100.569375000000        -2.833176746745353E-002
   100.783125000000        -3.019675778299929E-002
   100.996875000000        -3.187737373399309E-002
   101.210625000000        -3.334638435672947E-002
   101.424375000000        -3.457828619108500E-002
   101.638125000000        -3.554977417339682E-002
   101.851875000000        -3.624028056928316E-002
   102.065625000000        -3.663257374130603E-002
   102.279375000000        -3.671339973218602E-002
   102.493125000000        -3.647414110101507E-002
   102.706875000000        -3.591145985702106E-002
   102.920625000000        -3.502788534378435E-002
   103.134375000000        -3.383230411409004E-002
   103.348125000000        -3.234030766482245E-002
   103.561875000000        -3.057435568511909E-002
   103.775625000000        -2.856371734405939E-002
   103.989375000000        -2.634416104552883E-002
   104.203125000000        -2.395737374481417E-002
   104.416875000000        -2.145010389530628E-002
   104.630625000000        -1.887303673816054E-002
   104.844375000000        -1.627942617900107E-002
   105.058125000000        -1.372352302270750E-002
   105.271875000000        -1.125885391085580E-002
   105.485625000000        -8.936417974440246E-003
   105.699375000000        -6.802878080342497E-003
   105.913125000000        -4.898829830340456E-003
   106.126875000000        -3.257233550817694E-003
   106.340625000000        -1.902091989318144E-003
   106.554375000000        -8.474491621570750E-004
   106.768125000000        -9.677390219051005E-005
   106.981875000000         3.572244524191830E-004
   107.195625000000         5.323204247511974E-004
   107.409375000000         4.560312512302116E-004
   107.623125000000         1.644283434926889E-004
   107.836875000000        -2.994566448721811E-004
   108.050625000000        -8.875664626314700E-004
   108.264375000000        -1.549008780773095E-003
   108.478125000000        -2.232401407863820E-003
   108.691875000000        -2.888259584261001E-003
   108.905625000000        -3.471307067640191E-003
   109.119375000000        -3.942593367652392E-003
   109.333125000000        -4.271306645523582E-003
   109.546875000000        -4.436185280492870E-003
   109.760625000000        -4.426450349971746E-003
   109.974375000000        -4.242205341149585E-003
   110.188125000000        -3.894277056290640E-003
   110.401875000000        -3.403501387781167E-003
   110.615625000000        -2.799487750857805E-003
   110.829375000000        -2.118924732696861E-003
   111.043125000000        -1.403515245349437E-003
   111.256875000000        -6.976506011859432E-004
   111.470625000000        -4.594815282088710E-005
   111.684375000000         5.092145231363907E-004
   111.898125000000         9.300350463242342E-004
   112.111875000000         1.185364132822798E-003
   112.325625000000         1.252412859647864E-003
   112.539375000000         1.117996702979546E-003
   112.753125000000         7.792496379180596E-004
   112.966875000000         2.437713250201890E-004
   113.180625000000        -4.707977285913389E-004
   113.394375000000        -1.337746025304689E-003
   113.608125000000        -2.322748448457363E-003
   113.821875000000        -3.385726566270497E-003
   114.035625000000        -4.483005193310007E-003
   114.249375000000        -5.569642702033683E-003
   114.463125000000        -6.601803892664129E-003
   114.676875000000        -7.539043148123621E-003
   114.890625000000        -8.346372119034782E-003
   115.104375000000        -8.995999846183683E-003
   115.318125000000        -9.468653159407186E-003
   115.531875000000        -9.754410157108819E-003
   115.745625000000        -9.853008053478912E-003
   115.959375000000        -9.773616980035151E-003
   116.173125000000        -9.534101663380871E-003
   116.386875000000        -9.159821518543981E-003
   116.600625000000        -8.682044973975704E-003
   116.814375000000        -8.136074380654076E-003
   117.028125000000        -7.559192554629690E-003
   117.241875000000        -6.988550118398671E-003
   117.455625000000        -6.459113992938040E-003
   117.669375000000        -6.001791703993718E-003
   117.883125000000        -5.641834049482437E-003
   118.096875000000        -5.397600932758140E-003
   118.310625000000        -5.279752905540386E-003
   118.524375000000        -5.290905525411622E-003
   118.738125000000        -5.425756511163816E-003
   118.951875000000        -5.671668437882115E-003
   119.165625000000        -6.009663895231945E-003
   119.379375000000        -6.415767074732213E-003
   119.593125000000        -6.862606910367827E-003
   119.806875000000        -7.321183179197044E-003
   120.020625000000        -7.762689082662489E-003
   120.234375000000        -8.160282149100757E-003
   120.448125000000        -8.490699847032129E-003
   120.661875000000        -8.735626752728671E-003
   120.875625000000        -8.882735822668892E-003
   121.089375000000        -8.926346341039351E-003
   121.303125000000        -8.867664267883895E-003
   121.516875000000        -8.714595658293118E-003
   121.730625000000        -8.481149115574911E-003
   121.944375000000        -8.186467425249906E-003
   122.158125000000        -7.853550202103194E-003
   122.371875000000        -7.507747324225520E-003
   122.585625000000        -7.175116096176758E-003
   122.799375000000        -6.880742722902827E-003
   123.013125000000        -6.647130350549661E-003
   123.226875000000        -6.492751549113701E-003
   123.440625000000        -6.430852936877745E-003
   123.654375000000        -6.468584279207499E-003
   123.868125000000        -6.606504742261216E-003
   124.081875000000        -6.838496208122150E-003
   124.295625000000        -7.152089012173258E-003
   124.509375000000        -7.529180605403698E-003
   124.723125000000        -7.947103955496427E-003
   124.936875000000        -8.379981396875154E-003
   125.150625000000        -8.800282386215788E-003
   125.364375000000        -9.180491253404352E-003
   125.578125000000        -9.494784304706872E-003
   125.791875000000        -9.720614944287493E-003
   126.005625000000        -9.840110879011807E-003
   126.219375000000        -9.841198640643941E-003
   126.433125000000        -9.718386932997310E-003
   126.646875000000        -9.473160716223049E-003
   126.860625000000        -9.113961254879533E-003
   127.074375000000        -8.655752184844129E-003
   127.288125000000        -8.119196510199709E-003
   127.501875000000        -7.529492837502185E-003
   127.715625000000        -6.914939691551546E-003
   127.929375000000        -6.305313205098871E-003
   128.143125000000        -5.730154849328852E-003
   128.356875000000        -5.217071487927751E-003
   128.570625000000        -4.790149551044607E-003
   128.784375000000        -4.468578552288043E-003
   128.998125000000        -4.265566886141390E-003
   129.211875000000        -4.187615554936496E-003
   129.425625000000        -4.234194188717984E-003
   129.639375000000        -4.397839679883130E-003
   129.853125000000        -4.664672365470877E-003
   130.066875000000        -5.015299447503756E-003
   130.280625000000        -5.426051741182287E-003
   130.494375000000        -5.870479293385605E-003
   130.708125000000        -6.321015166431883E-003
   130.921875000000        -6.750705743712969E-003
   131.135625000000        -7.134900996525404E-003
   131.349375000000        -7.452799624982727E-003
   131.563125000000        -7.688751851478686E-003
   131.776875000000        -7.833236528554346E-003
   131.990625000000        -7.883448388541931E-003
   132.204375000000        -7.843454647344898E-003
   132.418125000000        -7.723906443334471E-003
   132.631875000000        -7.541318206593405E-003
   132.845625000000        -7.316955358364245E-003
   133.059375000000        -7.075396057808159E-003
   133.273125000000        -6.842854442335899E-003
   133.486875000000        -6.645369523993872E-003
   133.700625000000        -6.506974450940049E-003
   133.914375000000        -6.447964411043877E-003
   134.128125000000        -6.483377644742292E-003
   134.341875000000        -6.621792895648330E-003
   134.555625000000        -6.864528670200864E-003
   134.769375000000        -7.205305856968327E-003
   134.983125000000        -7.630406927048353E-003
   135.196875000000        -8.119333781598456E-003
   135.410625000000        -8.645934243785298E-003
   135.624375000000        -9.179936238379951E-003
   135.838125000000        -9.688800878620800E-003
   136.051875000000        -1.013978285887200E-002
   136.265625000000        -1.050207033480353E-002
   136.479375000000        -1.074886807863158E-002
   136.693125000000        -1.085928786891380E-002
   136.906875000000        -1.081991901850964E-002
   137.120625000000        -1.062596930048254E-002
   137.334375000000        -1.028189138204048E-002
   137.548125000000        -9.801440791441031E-003
   137.761875000000        -9.207146562197746E-003
   137.975625000000        -8.529212845205535E-003
   138.189375000000        -7.803906593370353E-003
   138.403125000000        -7.071520516065475E-003
   138.616875000000        -6.374029610397580E-003
   138.830625000000        -5.752581719646163E-003
   139.044375000000        -5.244976177632656E-003
   139.258125000000        -4.883288627635286E-003
   139.471875000000        -4.691794115135027E-003
   139.685625000000        -4.685324746350666E-003
   139.899375000000        -4.868173419439606E-003
   140.113125000000        -5.233622806716108E-003
   140.326875000000        -5.764140838076707E-003
   140.540625000000        -6.432242742281481E-003
   140.754375000000        -7.201977822594390E-003
   140.968125000000        -8.030959236288509E-003
   141.181875000000        -8.872819683847219E-003
   141.395625000000        -9.679947407397782E-003
   141.609375000000        -1.040633715527123E-002
   141.823125000000        -1.101038116220533E-002
   142.036875000000        -1.145742646580499E-002
   142.250625000000        -1.172193708994326E-002
   142.464375000000        -1.178912214142240E-002
   142.678125000000        -1.165592239315310E-002
   142.891875000000        -1.133128658562104E-002
   143.105625000000        -1.083571211663879E-002
   143.319375000000        -1.020007032766147E-002
   143.533125000000        -9.463781392232661E-003
   143.746875000000        -8.672445044157515E-003
   143.960625000000        -7.875068421014283E-003
   144.174375000000        -7.121058877395027E-003
   144.388125000000        -6.457165986701983E-003
   144.601875000000        -5.924561971172784E-003
   144.815625000000        -5.556243050919955E-003
   145.029375000000        -5.374915994665100E-003
   145.243125000000        -5.391505522002185E-003
   145.456875000000        -5.604380849243597E-003
   145.670625000000        -5.999355852061444E-003
   145.884375000000        -6.550469728209282E-003
   146.098125000000        -7.221506632421524E-003
   146.311875000000        -7.968166548556289E-003
   146.525625000000        -8.740758571352675E-003
   146.739375000000        -9.487254401706604E-003
   146.953125000000        -1.015651635693519E-002
   147.166875000000        -1.070150209565546E-002
   147.380625000000        -1.108224838118353E-002
   147.594375000000        -1.126844861713091E-002
   147.808125000000        -1.124146286871367E-002
   148.021875000000        -1.099563318397055E-002
   148.235625000000        -1.053881915594494E-002
   148.449375000000        -9.892116210255004E-003
   148.663125000000        -9.088769102006101E-003
   148.876875000000        -8.172342438540607E-003
   149.090625000000        -7.194255623343998E-003
   149.304375000000        -6.210828588953917E-003
   149.518125000000        -5.280014617765227E-003
   149.731875000000        -4.458015577975680E-003
   149.945625000000        -3.795981859984415E-003
   150.159375000000        -3.336993786891249E-003
   150.373125000000        -3.113503684506841E-003
   150.586875000000        -3.145389289871451E-003
   150.800625000000        -3.438731598870971E-003
   151.014375000000        -3.985386014768688E-003
   151.228125000000        -4.763367578315258E-003
   151.441875000000        -5.738022175802621E-003
   151.655625000000        -6.863908995794965E-003
   151.869375000000        -8.087278023858929E-003
   152.083125000000        -9.348992551003637E-003
   152.296875000000        -1.058772252726758E-002
   152.510625000000        -1.174322147249250E-002
   152.724375000000        -1.275949819166700E-002
   152.938125000000        -1.358770460593867E-002
   153.151875000000        -1.418858174004896E-002
   153.365625000000        -1.453433577291834E-002
   153.579375000000        -1.460985297581382E-002
   153.793125000000        -1.441320383983745E-002
   154.006875000000        -1.395543000367422E-002
   154.220625000000        -1.325964995485477E-002
   154.434375000000        -1.235955824758375E-002
   154.648125000000        -1.129742581648782E-002
   154.861875000000        -1.012173397937285E-002
   155.075625000000        -8.884590589763056E-003
   155.289375000000        -7.639082836570559E-003
   155.503125000000        -6.436717375253768E-003
   155.716875000000        -5.325085442816505E-003
   155.930625000000        -4.345869576538165E-003
   156.144375000000        -3.533281230634395E-003
   156.358125000000        -2.912987032097332E-003
   156.571875000000        -2.501547910440102E-003
   156.785625000000        -2.306362196155364E-003
   156.999375000000        -2.326073215799346E-003
   157.213125000000        -2.551375862144192E-003
   157.426875000000        -2.966136641826158E-003
   157.640625000000        -3.548728871713948E-003
   157.854375000000        -4.273479535402055E-003
   158.068125000000        -5.112126783947173E-003
   158.281875000000        -6.035196585631917E-003
   158.495625000000        -7.013222525552314E-003
   158.709375000000        -8.017752757846606E-003
   158.923125000000        -9.022110872987580E-003
   159.136875000000        -1.000190106783090E-002
   159.350625000000        -1.093527060503372E-002
   159.564375000000        -1.180296237001640E-002
   159.778125000000        -1.258820589633372E-002
   159.991875000000        -1.327650542899042E-002
   160.205625000000        -1.385538777862267E-002
   160.419375000000        -1.431417073293271E-002
   160.633125000000        -1.464380498231340E-002
   160.846875000000        -1.483682969984666E-002
   161.060625000000        -1.488746530763583E-002
   161.274375000000        -1.479184807907339E-002
   161.488125000000        -1.454839176748747E-002
   161.701875000000        -1.415824315782186E-002
   161.915625000000        -1.362578295800577E-002
   162.129375000000        -1.295911220366500E-002
   162.343125000000        -1.217045842758460E-002
   162.556875000000        -1.127643589992276E-002
   162.770625000000        -1.029810044965553E-002
   162.984375000000        -9.260751404108928E-003
   163.198125000000        -8.193450223460970E-003
   163.411875000000        -7.128246230543259E-003
   163.625625000000        -6.099122882270992E-003
   163.839375000000        -5.140701523672195E-003
   164.053125000000        -4.286761656727869E-003
   164.266875000000        -3.568655655823263E-003
   164.480625000000        -3.013709983154798E-003
   164.694375000000        -2.643713040180987E-003
   164.908125000000        -2.473590999861928E-003
   165.121875000000        -2.510366957672689E-003
   165.335625000000        -2.752485701605321E-003
   165.549375000000        -3.189567035505176E-003
   165.763125000000        -3.802626071840593E-003
   165.976875000000        -4.564770807229998E-003
   166.190625000000        -5.442357457134147E-003
   166.404375000000        -6.396554457709469E-003
   166.618125000000        -7.385238756465766E-003
   166.831875000000        -8.365124891530152E-003
   167.045625000000        -9.294010020987726E-003
   167.259375000000        -1.013300775117976E-002
   167.473125000000        -1.084864110526883E-002
   167.686875000000        -1.141467053378084E-002
   167.900625000000        -1.181354622683541E-002
   168.114375000000        -1.203739435961501E-002
   168.328125000000        -1.208847304624138E-002
   168.541875000000        -1.197906407798274E-002
   168.755625000000        -1.173079910234720E-002
   168.969375000000        -1.137345174637227E-002
   169.183125000000        -1.094325828329883E-002
   169.396875000000        -1.048085689774630E-002
   169.610625000000        -1.002895777939940E-002
   169.824375000000        -9.629871877085869E-003
   170.038125000000        -9.323034306844283E-003
   170.251875000000        -9.142658732780855E-003
   170.465625000000        -9.115651616480107E-003
   170.679375000000        -9.259900614245703E-003
   170.893125000000        -9.583030564892320E-003
   171.106875000000        -1.008169477278322E-002
   171.320625000000        -1.074144022217663E-002
   171.534375000000        -1.153715467720298E-002
   171.748125000000        -1.243407308059499E-002
   171.961875000000        -1.338929194553216E-002
   172.175625000000        -1.435371505073634E-002
   172.389375000000        -1.527433295928616E-002
   172.603125000000        -1.609672363273043E-002
   172.816875000000        -1.676765229801943E-002
   173.030625000000        -1.723764597353467E-002
   173.244375000000        -1.746342154388161E-002
   173.458125000000        -1.741005553787341E-002
   173.671875000000        -1.705279808071909E-002
   173.885625000000        -1.637845191544827E-002
   174.099375000000        -1.538625882982163E-002
   174.313125000000        -1.408825911839264E-002
   174.526875000000        -1.250911368344726E-002
   174.740625000000        -1.068540191617584E-002
   174.954375000000        -8.664430588698046E-003
   175.168125000000        -6.502608759926005E-003
   175.381875000000        -4.263460453627571E-003
   175.595625000000        -2.015360086053690E-003
   175.809375000000         1.709150346905897E-004
   176.023125000000         2.224715509395622E-003
   176.236875000000         4.078033060004418E-003
   176.450625000000         5.667897917463093E-003
   176.664375000000         6.938568464495472E-003
   176.878125000000         7.843430841557421E-003
   177.091875000000         8.346538737734171E-003
   177.305625000000         8.423738492422572E-003
   177.519375000000         8.063341381811905E-003
   177.733125000000         7.266322967789092E-003
   177.946875000000         6.046048024206152E-003
   178.160625000000         4.427538180905016E-003
   178.374375000000         2.446317380957501E-003
   178.588125000000         1.468868732632565E-004
   178.801875000000        -2.419103879338102E-003
   179.015625000000        -5.194911908588918E-003
   179.229375000000        -8.120893619221815E-003
   179.443125000000        -1.113674296868941E-002
   179.656875000000        -1.418368054495616E-002
   179.870625000000        -1.720650167636753E-002
   180.084375000000        -2.015539833305376E-002
   180.298125000000        -2.298748012294345E-002
   180.511875000000        -2.566793378195718E-002
   180.725625000000        -2.817077764793882E-002
   180.939375000000        -3.047918695101813E-002
   181.153125000000        -3.258538645372056E-002
   181.366875000000        -3.449012801930005E-002
   181.580625000000        -3.620179099534363E-002
   181.794375000000        -3.773516178049679E-002
   182.008125000000        -3.910996455780088E-002
   182.221875000000        -4.034922701080642E-002
   182.435625000000        -4.147757215331112E-002
   182.649375000000        -4.251952970394930E-002
   182.863125000000        -4.349795750936508E-002
   183.076875000000        -4.443265546151080E-002
   183.290625000000        -4.533924158233712E-002
   183.504375000000        -4.622834318608233E-002
   183.718125000000        -4.710513627075094E-002
   183.931875000000        -4.796924474752735E-002
   184.145625000000        -4.881498914322471E-002
   184.359375000000        -4.963195341399335E-002
   184.573125000000        -5.040581985416073E-002
   184.786875000000        -5.111940699896755E-002
   185.000625000000        -5.175383490076477E-002
   185.214375000000        -5.228973689401973E-002
   185.428125000000        -5.270843727948662E-002
   185.641875000000        -5.299302017988981E-002
   185.855625000000        -5.312922567742663E-002
   186.069375000000        -5.310612439586285E-002
   186.283125000000        -5.291653978302470E-002
   186.496875000000        -5.255720710057493E-002
   186.710625000000        -5.202867803002854E-002
   186.924375000000        -5.133499834152570E-002
   187.138125000000        -5.048320184024412E-002
   187.351875000000        -4.948267562295956E-002
   187.565625000000        -4.834445868193209E-002
   187.779375000000        -4.708053761352934E-002
   187.993125000000        -4.570319958426676E-002
   188.206875000000        -4.422449417272306E-002
   188.420625000000        -4.265584304219430E-002
   188.634375000000        -4.100782074529897E-002
   188.848125000000        -3.929011270179815E-002
   189.061875000000        -3.751163903675585E-002
   189.275625000000        -3.568081703029764E-002
   189.489375000000        -3.380592179668174E-002
   189.703125000000        -3.189549561614934E-002
   189.916875000000        -2.995875187989937E-002
   190.130625000000        -2.800592025437488E-002
   190.344375000000        -2.604848535619241E-002
   190.558125000000        -2.409928144141844E-002
   190.771875000000        -2.217241944135749E-002
   190.985625000000        -2.028303888948907E-002
   191.199375000000        -1.844689443387083E-002
   191.413125000000        -1.667980317990578E-002
   191.626875000000        -1.499699356742462E-002
   191.840625000000        -1.341240753504127E-002
   192.054375000000        -1.193801433447921E-002
   192.268125000000        -1.058319587879343E-002
   192.481875000000        -9.354259730072475E-003
   192.695625000000        -8.254127001979005E-003
   192.909375000000        -7.282229257972610E-003
   193.123125000000        -6.434631998165138E-003
   193.336875000000        -5.704383911125721E-003
   193.550625000000        -5.082072265117877E-003
   193.764375000000        -4.556547218347243E-003
   193.978125000000        -4.115762945876887E-003
   194.191875000000        -3.747672604301231E-003
   194.405625000000        -3.441108253013807E-003
   194.619375000000        -3.186576485817409E-003
   194.833125000000        -2.976905806805083E-003
   195.046875000000        -2.807692352480922E-003
   195.260625000000        -2.677505623130308E-003
   195.474375000000        -2.587834272459957E-003
   195.688125000000        -2.542772269378759E-003
   195.901875000000        -2.548466283041661E-003
   196.115625000000        -2.612364315809495E-003
   196.329375000000        -2.742321885425966E-003
   196.543125000000        -2.945634130890814E-003
   196.756875000000        -3.228069110780086E-003
   196.970625000000        -3.592978710895964E-003
   197.184375000000        -4.040558864570132E-003
   197.398125000000        -4.567320556561334E-003
   197.611875000000        -5.165818101361203E-003
   197.825625000000        -5.824662594047256E-003
   198.039375000000        -6.528827633530684E-003
   198.253125000000        -7.260232980112718E-003
   198.466875000000        -7.998571333306805E-003
   198.680625000000        -8.722325415074889E-003
   198.894375000000        -9.409908328125880E-003
   199.108125000000        -1.004085073976709E-002
   199.321875000000        -1.059695446047414E-002
   199.535625000000        -1.106333367507579E-002
   199.749375000000        -1.142927225924052E-002
   199.963125000000        -1.168883769997289E-002
   200.176875000000        -1.184120822472368E-002
   200.390625000000        -1.189068865942969E-002
   200.604375000000        -1.184641094653568E-002
   200.818125000000        -1.172173576227537E-002
   201.031875000000        -1.153339091930823E-002
   201.245625000000        -1.130039899897476E-002
   201.459375000000        -1.104285990910817E-002
   201.673125000000        -1.078066305772212E-002
   201.886875000000        -1.053220812077541E-002
   202.100625000000        -1.031321282679079E-002
   202.314375000000        -1.013568094632354E-002
   202.528125000000        -1.000709419406231E-002
   202.741875000000        -9.929878683857382E-003
   202.955625000000        -9.901180749467128E-003
   203.169375000000        -9.912969293042726E-003
   203.383125000000        -9.952463336848023E-003
   203.596875000000        -1.000286511552007E-002
   203.810625000000        -1.004436179050154E-002
   204.024375000000        -1.005534354190911E-002
   204.238125000000        -1.001377312737133E-002
   204.451875000000        -9.898632588424865E-003
   204.665625000000        -9.691367081112980E-003
   204.879375000000        -9.377244100751194E-003
   205.093125000000        -8.946548792863798E-003
   205.306875000000        -8.395542560270390E-003
   205.520625000000        -7.727122590886446E-003
   205.734375000000        -6.951133874896823E-003
   205.948125000000        -6.084302219935508E-003
   206.161875000000        -5.149776014079002E-003
   206.375625000000        -4.176285185102599E-003
   206.589375000000        -3.196946988654111E-003
   206.803125000000        -2.247768859176655E-003
   207.016875000000        -1.365917453296695E-003
   207.230625000000        -5.878390843066376E-004
   207.444375000000         5.267106926389334E-005
   207.658125000000         5.263462220679666E-004
   207.871875000000         8.101651004031815E-004
   208.085625000000         8.888064423413086E-004
   208.299375000000         7.557486287996668E-004
   208.513125000000         4.139382791725560E-004
   208.726875000000        -1.240270373681597E-004
   208.940625000000        -8.362312679439811E-004
   209.154375000000        -1.692288346263163E-003
   209.368125000000        -2.654677712803279E-003
   209.581875000000        -3.680508606386650E-003
   209.795625000000        -4.723627819884866E-003
   210.009375000000        -5.736962661769369E-003
   210.223125000000        -6.674973592626369E-003
   210.436875000000        -7.496080711436342E-003
   210.650625000000        -8.164925846436091E-003
   210.864375000000        -8.654337873885689E-003
   211.078125000000        -8.946882931152271E-003
   211.291875000000        -9.035902756631941E-003
   211.505625000000        -8.925972317747905E-003
   211.719375000000        -8.632740576277382E-003
   211.933125000000        -8.182153740256845E-003
   212.146875000000        -7.609096497418112E-003
   212.360625000000        -6.955521273417588E-003
   212.574375000000        -6.268166338245311E-003
   212.788125000000        -5.595988642784844E-003
   213.001875000000        -4.987454999522112E-003
   213.215625000000        -4.487844477463789E-003
   213.429375000000        -4.136715043961838E-003
   213.643125000000        -3.965678510213672E-003
   213.856875000000        -3.996610251989658E-003
   214.070625000000        -4.240395050556799E-003
   214.284375000000        -4.696279266835188E-003
   214.498125000000        -5.351864328596420E-003
   214.711875000000        -6.183739325706977E-003
   214.925625000000        -7.158713630969796E-003
   215.139375000000        -8.235576120732696E-003
   215.353125000000        -9.367277816989532E-003
   215.566875000000        -1.050341137289754E-002
   215.780625000000        -1.159284513730274E-002
   215.994375000000        -1.258636244082742E-002
   216.208125000000        -1.343915859490459E-002
   216.421875000000        -1.411305868540204E-002
   216.635625000000        -1.457833784001747E-002
   216.849375000000        -1.481505103291172E-002
   217.063125000000        -1.481381003071722E-002
   217.276875000000        -1.457597884217926E-002
   217.490625000000        -1.411329388221821E-002
   217.704375000000        -1.344694881756331E-002
   217.918125000000        -1.260621462448280E-002
   218.131875000000        -1.162669087405883E-002
   218.345625000000        -1.054830311878915E-002
   218.559375000000        -9.413172377434180E-003
   218.773125000000        -8.263485509412961E-003
   218.986875000000        -7.139489700216830E-003
   219.200625000000        -6.077720874389505E-003
   219.414375000000        -5.109555674533845E-003
   219.628125000000        -4.260151218842632E-003
   219.841875000000        -3.547808060725582E-003
   220.055625000000        -2.983761734765961E-003
   220.269375000000        -2.572379171903266E-003
   220.483125000000        -2.311710206527652E-003
   220.696875000000        -2.194323238281042E-003
   220.910625000000        -2.208339323147133E-003
   221.124375000000        -2.338571518119046E-003
   221.338125000000        -2.567676572090586E-003
   221.551875000000        -2.877233802370763E-003
   221.765625000000        -3.248680373962843E-003
   221.979375000000        -3.664051816902343E-003
   222.193125000000        -4.106499652254997E-003
   222.406875000000        -4.560582343240434E-003
   222.620625000000        -5.012349231193457E-003
   222.834375000000        -5.449257526869088E-003
   223.048125000000        -5.859977946435905E-003
   223.261875000000        -6.234153786820141E-003
   223.475625000000        -6.562180276105361E-003
   223.689375000000        -6.835065716836468E-003
   223.903125000000        -7.044423753493768E-003
   224.116875000000        -7.182628182985009E-003
   224.330625000000        -7.243139792640152E-003
   224.544375000000        -7.220990874047021E-003
   224.758125000000        -7.113389673637879E-003
   224.971875000000        -6.920386471608920E-003
   225.185625000000        -6.645527399599961E-003
   225.399375000000        -6.296413279949317E-003
   225.613125000000        -5.885079882649419E-003
   225.826875000000        -5.428123534871028E-003
   226.040625000000        -4.946511700031897E-003
   226.254375000000        -4.465040924543089E-003
   226.468125000000        -4.011432697625067E-003
   226.681875000000        -3.615088998721572E-003
   226.895625000000        -3.305560972525581E-003
   227.109375000000        -3.110813492859282E-003
   227.323125000000        -3.055392680600378E-003
   227.536875000000        -3.158620399672788E-003
   227.750625000000        -3.432947597246407E-003
   227.964375000000        -3.882596029961951E-003
   228.178125000000        -4.502605204060099E-003
   228.391875000000        -5.278378891513508E-003
   228.605625000000        -6.185794825644665E-003
   228.819375000000        -7.191904298030242E-003
   229.033125000000        -8.256208082430360E-003
   229.246875000000        -9.332454430257046E-003
   229.460625000000        -1.037086691960681E-002
   229.674375000000        -1.132067762237115E-002
   229.888125000000        -1.213281689307400E-002
   230.101875000000        -1.276259697423019E-002
   230.315625000000        -1.317222368555965E-002
   230.529375000000        -1.333297899604429E-002
   230.743125000000        -1.322693667910266E-002
   230.956875000000        -1.284810212017621E-002
   231.170625000000        -1.220290358762080E-002
   231.384375000000        -1.131000327578140E-002
   231.598125000000        -1.019943925622692E-002
   231.811875000000        -8.911151120337218E-003
   232.025625000000        -7.492979702713923E-003
   232.239375000000        -5.998262338353611E-003
   232.453125000000        -4.483167660963813E-003
   232.666875000000        -3.003926693479739E-003
   232.880625000000        -1.614119350236862E-003
   233.094375000000        -3.621676492935596E-004
   233.308125000000         7.108301851381960E-004
   233.521875000000         1.572815464937385E-003
   233.735625000000         2.201956097366036E-003
   233.949375000000         2.587260714965412E-003
   234.163125000000         2.728611049183571E-003
   234.376875000000         2.636237926571246E-003
   234.590625000000         2.329697123143209E-003
   234.804375000000         1.836427039869115E-003
   235.018125000000         1.189989436601933E-003
   235.231875000000         4.281064775623447E-004
   235.445625000000        -4.093881698192411E-004
   235.659375000000        -1.282569232928962E-003
   235.873125000000        -2.153305148054601E-003
   236.086875000000        -2.986918080543292E-003
   236.300625000000        -3.753546972651538E-003
   236.514375000000        -4.429163640917134E-003
   236.728125000000        -4.996214785112206E-003
   236.941875000000        -5.443885291945110E-003
   237.155625000000        -5.767999118869099E-003
   237.369375000000        -5.970592254907404E-003
   237.583125000000        -6.059206977595770E-003
   237.796875000000        -6.045967352681602E-003
   238.010625000000        -5.946502441763187E-003
   238.224375000000        -5.778786047081770E-003
   238.438125000000        -5.561960318118040E-003
   238.651875000000        -5.315205641310094E-003
   238.865625000000        -5.056711533363100E-003
   239.079375000000        -4.802793440284852E-003
   239.293125000000        -4.567189118408899E-003
   239.506875000000        -4.360556337989860E-003
   239.720625000000        -4.190181656315023E-003
   239.934375000000        -4.059898536850667E-003
   240.148125000000        -3.970202638121035E-003
   240.361875000000        -3.918543059547503E-003
   240.575625000000        -3.899761011341728E-003
   240.789375000000        -3.906641973889870E-003
   241.003125000000        -3.930544036488957E-003
   241.216875000000        -3.962063773491948E-003
   241.430625000000        -3.991701660987697E-003
   241.644375000000        -4.010491513457753E-003
   241.858125000000        -4.010562510008837E-003
   242.071875000000        -3.985607803086984E-003
   242.285625000000        -3.931240126064461E-003
   242.499375000000        -3.845221868410811E-003
   242.713125000000        -3.727564375694009E-003
   242.926875000000        -3.580498362406473E-003
   243.140625000000        -3.408323924962744E-003
   243.354375000000        -3.217154379060244E-003
   243.568125000000        -3.014572751938373E-003
   243.781875000000        -2.809223048016716E-003
   243.995625000000        -2.610360279565826E-003
   244.209375000000        -2.427383711945210E-003
   244.423125000000        -2.269376907182295E-003
   244.636875000000        -2.144676132443572E-003
   244.850625000000        -2.060485765267228E-003
   245.064375000000        -2.022555747196944E-003
   245.278125000000        -2.034932194916892E-003
   245.491875000000        -2.099788241468328E-003
   245.705625000000        -2.217338280130563E-003
   245.919375000000        -2.385835195884944E-003
   246.133125000000        -2.601647006313413E-003
   246.346875000000        -2.859406644071106E-003
   246.560625000000        -3.152226390709687E-003
   246.774375000000        -3.471966671847096E-003
   246.988125000000        -3.809547483581973E-003
   247.201875000000        -4.155289580811738E-003
   247.415625000000        -4.499271685018889E-003
   247.629375000000        -4.831689366135914E-003
   247.843125000000        -5.143200969437151E-003
   248.056875000000        -5.425246084998318E-003
   248.270625000000        -5.670322713623967E-003
   248.484375000000        -5.872210595458656E-003
   248.698125000000        -6.026130240882810E-003
   248.911875000000        -6.128830092103277E-003
   249.125625000000        -6.178597924572018E-003
   249.339375000000        -6.175196948726443E-003
   249.553125000000        -6.119731866834427E-003
   249.766875000000        -6.014455048239492E-003
   249.980625000000        -5.862527599965490E-003
   250.194375000000        -5.667753974111284E-003
   250.408125000000        -5.434311415739449E-003
   250.621875000000        -5.166496616855870E-003
   250.835625000000        -4.868511114475718E-003
   251.049375000000        -4.544304121989429E-003
   251.263125000000        -4.197486674374199E-003
   251.476875000000        -3.831324470939458E-003
   251.690625000000        -3.448809091223326E-003
   251.904375000000        -3.052798993729154E-003
   252.118125000000        -2.646213661286765E-003
   252.331875000000        -2.232257262586169E-003
   252.545625000000        -1.814643058923140E-003
   252.759375000000        -1.397787183356588E-003
   252.973125000000        -9.869408417467604E-004
   253.186875000000        -5.882336498078527E-004
   253.400625000000        -2.086076339493490E-004
   253.614375000000         1.443690337529595E-004
   253.828125000000         4.628079530891327E-004
   254.041875000000         7.389128942510497E-004
   254.255625000000         9.654730933958332E-004
   254.469375000000         1.136400826117584E-003
   254.683125000000         1.247268166423814E-003
   254.896875000000         1.295792944729328E-003
   255.110625000000         1.282223343764681E-003
   255.324375000000         1.209574691209554E-003
   255.538125000000         1.083680775662223E-003
   255.751875000000         9.130349419131614E-004
   255.965625000000         7.084124101985445E-004
   256.179375000000         4.822834587957362E-004
   256.393125000000         2.480458061309783E-004
   256.606875000000         1.912210103462708E-005
   256.820625000000        -1.920167274616571E-004
   257.034375000000        -3.748308345805264E-004
   257.248125000000        -5.216167416790976E-004
   257.461875000000        -6.282623958458199E-004
   257.675625000000        -6.947827871998029E-004
   257.889375000000        -7.255797983276731E-004
   258.103125000000        -7.293880307256918E-004
   258.316875000000        -7.188903462656435E-004
   258.530625000000        -7.100111662367551E-004
   258.744375000000        -7.209203448681024E-004
   258.958125000000        -7.708037545923451E-004
   259.171875000000        -8.784767359287785E-004
   259.385625000000        -1.060931647287595E-003
   259.599375000000        -1.331919623806430E-003
   259.813125000000        -1.700668498765677E-003
   260.026875000000        -2.170833354832798E-003
   260.240625000000        -2.739763596839350E-003
   260.454375000000        -3.398151538699338E-003
   260.668125000000        -4.130103506171347E-003
   260.881875000000        -4.913646980420468E-003
   261.095625000000        -5.721658207396672E-003
   261.309375000000        -6.523165960733319E-003
   261.523125000000        -7.284960740938687E-003
   261.736875000000        -7.973416439929068E-003
   261.950625000000        -8.556414943969980E-003
   262.164375000000        -9.005254463740163E-003
   262.378125000000        -9.296420295042152E-003
   262.591875000000        -9.413102465165610E-003
   262.805625000000        -9.346358043355263E-003
   263.019375000000        -9.095836040870681E-003
   263.233125000000        -8.670008611896603E-003
   263.446875000000        -8.085882141803025E-003
   263.660625000000        -7.368193952831227E-003
   263.874375000000        -6.548132783782892E-003
   264.088125000000        -5.661651877176989E-003
   264.301875000000        -4.747470475552483E-003
   264.515625000000        -3.844881020798302E-003
   264.729375000000        -2.991493900727798E-003
   264.943125000000        -2.221058126725290E-003
   265.156875000000        -1.561494259081760E-003
   265.370625000000        -1.033265150157048E-003
   265.584375000000        -6.481911229110717E-004
   265.798125000000        -4.087900521709714E-004
   266.011875000000        -3.081909682979795E-004
   266.225625000000        -3.306341720518844E-004
   266.439375000000        -4.525336559579654E-004
   266.653125000000        -6.440412639595401E-004
   266.866875000000        -8.710188991913421E-004
   267.080625000000        -1.097297477360342E-003
   267.294375000000        -1.287081183668854E-003
   267.508125000000        -1.407344434803561E-003
   267.721875000000        -1.430067708825004E-003
   267.935625000000        -1.334167356846111E-003
   268.149375000000        -1.106993218725675E-003
   268.363125000000        -7.452952026243663E-004
   268.576875000000        -2.555941934281660E-004
   268.790625000000         3.460685553339391E-004
   269.004375000000         1.034988665425519E-003
   269.218125000000         1.779207794049635E-003
   269.431875000000         2.541383828975342E-003
   269.645625000000         3.281001299394518E-003
   269.859375000000         3.956779574667784E-003
   270.073125000000         4.529124644796438E-003
   270.286875000000         4.962469105693781E-003
   270.500625000000         5.227354401047535E-003
   270.714375000000         5.302128608462657E-003
   270.928125000000         5.174160588623366E-003
   271.141875000000         4.840505033588704E-003
   271.355625000000         4.307990319286833E-003
   271.569375000000         3.592739331378375E-003
   271.783125000000         2.719169834671033E-003
   271.996875000000         1.718552950547997E-003
   272.210625000000         6.272337597637592E-004
   272.424375000000        -5.153646102383704E-004
   272.638125000000        -1.668823723501217E-003
   272.851875000000        -2.793770573396602E-003
   273.065625000000        -3.853757036659266E-003
   273.279375000000        -4.816875835662655E-003
   273.493125000000        -5.657033758247683E-003
   273.706875000000        -6.354829723507792E-003
   273.920625000000        -6.898013833315975E-003
   274.134375000000        -7.281531656676920E-003
   274.348125000000        -7.507183684560556E-003
   274.561875000000        -7.582951521878673E-003
   274.775625000000        -7.522058740280271E-003
   274.989375000000        -7.341844686832574E-003
   275.203125000000        -7.062533728494087E-003
   275.416875000000        -6.705980694022288E-003
   275.630625000000        -6.294466355029495E-003
   275.844375000000        -5.849605690491194E-003
   276.058125000000        -5.391417637928123E-003
   276.271875000000        -4.937589373944597E-003
   276.485625000000        -4.502952187046368E-003
   276.699375000000        -4.099170882977034E-003
   276.913125000000        -3.734635370988075E-003
   277.126875000000        -3.414532336950526E-003
   277.340625000000        -3.141067153386605E-003
   277.554375000000        -2.913801563757786E-003
   277.768125000000        -2.730071106677003E-003
   277.981875000000        -2.585447394769945E-003
   278.195625000000        -2.474213745936427E-003
   278.409375000000        -2.389827686553225E-003
   278.623125000000        -2.325349861791749E-003
   278.836875000000        -2.273825258082822E-003
   279.050625000000        -2.228608780604438E-003
   279.264375000000        -2.183632640486394E-003
   279.478125000000        -2.133617318979967E-003
   279.691875000000        -2.074230854515225E-003
   279.905625000000        -2.002202754689813E-003
   280.119375000000        -1.915399023436324E-003
   280.333125000000        -1.812863799895837E-003
   280.546875000000        -1.694831226773534E-003
   280.760625000000        -1.562708781945801E-003
   280.974375000000        -1.419030846038898E-003
   281.188125000000        -1.267379178064980E-003
   281.401875000000        -1.112265635746888E-003
   281.615625000000        -9.589722371806526E-004
   281.829375000000        -8.133447333048524E-004
   282.043125000000        -6.815383192744288E-004
   282.256875000000        -5.697178654007473E-004
   282.470625000000        -4.837198317305321E-004
   282.684375000000        -4.286884207117537E-004
   282.898125000000        -4.087039633852602E-004
   283.111875000000        -4.264263829671039E-004
   283.325625000000        -4.827801659142411E-004
   283.539375000000        -5.767089688936585E-004
   283.753125000000        -7.050272928743748E-004
   283.966875000000        -8.623932433240954E-004
   284.180625000000        -1.041420194724316E-003
   284.394375000000        -1.232936398735043E-003
   284.608125000000        -1.426390724104941E-003
   284.821875000000        -1.610390574814927E-003
   285.035625000000        -1.773345608287549E-003
   285.249375000000        -1.904179320184818E-003
   285.463125000000        -1.993061069930208E-003
   285.676875000000        -2.032104807989246E-003
   285.890625000000        -2.015978549731788E-003
   286.104375000000        -1.942371128434773E-003
   286.318125000000        -1.812270158803099E-003
   286.531875000000        -1.630017204025036E-003
   286.745625000000        -1.403122146993163E-003
   286.959375000000        -1.141837568231078E-003
   287.173125000000        -8.585140232231509E-004
   287.386875000000        -5.667767518125940E-004
   287.600625000000        -2.805817248638805E-004
   287.814375000000        -1.322231371967730E-005
   288.028125000000         2.236342037235663E-004
   288.241875000000         4.207996489916776E-004
   288.455625000000         5.722323576201401E-004
   288.669375000000         6.754563066275793E-004
   288.883125000000         7.316877619027388E-004
   289.096875000000         7.456484884692145E-004
   289.310625000000         7.250706786387658E-004
   289.524375000000         6.799255423740870E-004
   289.738125000000         6.214326220995278E-004
   289.951875000000         5.609280549463476E-004
   290.165625000000         5.086851994708577E-004
   290.379375000000         4.727887312176156E-004
   290.593125000000         4.581625756336677E-004
   290.806875000000         4.658426939394937E-004
   291.020625000000         4.925683301950703E-004
   291.234375000000         5.307411490725933E-004
   291.448125000000         5.687726445391825E-004
   291.661875000000         5.918086374272994E-004
   291.875625000000         5.827882153122534E-004
   292.089375000000         5.237657366592103E-004
   292.303125000000         3.974009521259282E-004
   292.516875000000         1.885059000268769E-004
   292.730625000000        -1.144705715612865E-004
   292.944375000000        -5.181383114305922E-004
   293.158125000000        -1.023148330625824E-003
   293.371875000000        -1.623550017665733E-003
   293.585625000000        -2.306584839419004E-003
   293.799375000000        -3.052947330667153E-003
   294.013125000000        -3.837510765797140E-003
   294.226875000000        -4.630481576479913E-003
   294.440625000000        -5.398915829838393E-003
   294.654375000000        -6.108505155971979E-003
   294.868125000000        -6.725520228030227E-003
   295.081875000000        -7.218788514287322E-003
   295.295625000000        -7.561580172924992E-003
   295.509375000000        -7.733281631935297E-003
   295.723125000000        -7.720749961905514E-003
   295.936875000000        -7.519261452000575E-003
   296.150625000000        -7.132993272178225E-003
   296.364375000000        -6.575005912139289E-003
   296.578125000000        -5.866724276851543E-003
   296.791875000000        -5.036944965150242E-003
   297.005625000000        -4.120424594386817E-003
   297.219375000000        -3.156127552398344E-003
   297.433125000000        -2.185230080856407E-003
   297.646875000000        -1.248990312548177E-003
   297.860625000000        -3.866003661372824E-004
   298.074375000000         3.668632314280449E-004
   298.288125000000         9.822804314543469E-004
   298.501875000000         1.438020966939961E-003
   298.715625000000         1.721087494544428E-003
   298.929375000000         1.827806269260915E-003
   299.143125000000         1.764026278801221E-003
   299.356875000000         1.544812882207214E-003
   299.570625000000         1.193647876933088E-003
   299.784375000000         7.411734162625153E-004
   299.998125000000         2.235411712843682E-004
   300.211875000000        -3.195505378251104E-004
   300.425625000000        -8.470312866024145E-004
   300.639375000000        -1.318731445107780E-003
   300.853125000000        -1.697632620454104E-003
   301.066875000000        -1.951973441242048E-003
   301.280625000000        -2.057093548341791E-003
   301.494375000000        -1.996910231543332E-003
   301.708125000000        -1.764939933449226E-003
   301.921875000000        -1.364800150205619E-003
   302.135625000000        -8.101550338052369E-004
   302.349375000000        -1.240988327880629E-004
   302.563125000000         6.619965031586646E-004
   302.776875000000         1.510111584198517E-003
   302.990625000000         2.377600618682264E-003
   303.204375000000         3.219491481989147E-003
   303.418125000000         3.990934607058249E-003
   303.631875000000         4.649659626382599E-003
   303.845625000000         5.158296382765142E-003
   304.059375000000         5.486423561781135E-003
   304.273125000000         5.612223577556740E-003
   304.486875000000         5.523645646037786E-003
   304.700625000000         5.219008811789605E-003
   304.914375000000         4.707011170905766E-003
   305.128125000000         4.006148405846427E-003
   305.341875000000         3.143581565138965E-003
   305.555625000000         2.153528301791838E-003
   305.769375000000         1.075281204268832E-003
   305.983125000000        -4.902058404859470E-005
   306.196875000000        -1.176726077792640E-003
   306.410625000000        -2.266968244463084E-003
   306.624375000000        -3.282780349149381E-003
   306.838125000000        -4.192906231244226E-003
   307.051875000000        -4.973199973144883E-003
   307.265625000000        -5.607539073491028E-003
   307.479375000000        -6.088208440000498E-003
   307.693125000000        -6.415747959986060E-003
   307.906875000000        -6.598291664413812E-003
   308.120625000000        -6.650459204576052E-003
   308.334375000000        -6.591888360070957E-003
   308.548125000000        -6.445518807505877E-003
   308.761875000000        -6.235751092832751E-003
   308.975625000000        -5.986609911375126E-003
   309.189375000000        -5.720037242122856E-003
   309.403125000000        -5.454429023483373E-003
   309.616875000000        -5.203509851561049E-003
   309.830625000000        -4.975615044204399E-003
   310.044375000000        -4.773420113840715E-003
   310.258125000000        -4.594126228847476E-003
   310.471875000000        -4.430078712109192E-003
   310.685625000000        -4.269766082482021E-003
   310.899375000000        -4.099121479190753E-003
   311.113125000000        -3.903028129659506E-003
   311.326875000000        -3.666917064208368E-003
   311.540625000000        -3.378339342406252E-003
   311.754375000000        -3.028396951376152E-003
   311.968125000000        -2.612926090421595E-003
   312.181875000000        -2.133343119562755E-003
   312.395625000000        -1.597085942877979E-003
   312.609375000000        -1.017610580325789E-003
   312.823125000000        -4.139324396123716E-004
   313.036875000000         1.902675525585198E-004
   313.250625000000         7.679222066726994E-004
   313.464375000000         1.290166307466285E-003
   313.678125000000         1.728135428363368E-003
   313.891875000000         2.054861020285415E-003
   314.105625000000         2.247138745765340E-003
   314.319375000000         2.287246117799492E-003
   314.533125000000         2.164392566446222E-003
   314.746875000000         1.875799756842231E-003
   314.960625000000         1.427331495229289E-003
   315.174375000000         8.336196148686177E-004
   315.388125000000         1.176631867524246E-004
   315.601875000000        -6.900886726271408E-004
   315.815625000000        -1.553127308309782E-003
   316.029375000000        -2.430674673744026E-003
   316.243125000000        -3.279773097365719E-003
   316.456875000000        -4.057554318164174E-003
   316.670625000000        -4.723554533958004E-003
   316.884375000000        -5.241937670363454E-003
   317.098125000000        -5.583493317064558E-003
   317.311875000000        -5.727288615066409E-003
   317.525625000000        -5.661874056486476E-003
   317.739375000000        -5.385970377236649E-003
   317.953125000000        -4.908595719617108E-003
   318.166875000000        -4.248626904703484E-003
   318.380625000000        -3.433823666140270E-003
   318.594375000000        -2.499377696456415E-003
   318.808125000000        -1.486077108602467E-003
   319.021875000000        -4.381994726800321E-004
   319.235625000000         5.987385606000413E-004
   319.449375000000         1.580240853031902E-003
   319.663125000000         2.464969207597864E-003
   319.876875000000         3.216638748024521E-003
   320.090625000000         3.805570588661358E-003
   320.304375000000         4.209826572944071E-003
   320.518125000000         4.415880555732695E-003
   320.731875000000         4.418812413700185E-003
   320.945625000000         4.222042329718111E-003
   321.159375000000         3.836651627044879E-003
   321.373125000000         3.280360497022074E-003
   321.586875000000         2.576250753646799E-003
   321.800625000000         1.751332181041455E-003
   322.014375000000         8.350536520596386E-004
   322.228125000000        -1.421448349800614E-004
   322.441875000000        -1.150154941279336E-003
   322.655625000000        -2.160330759182410E-003
   322.869375000000        -3.146381977333786E-003
   323.083125000000        -4.085006938011084E-003
   323.296875000000        -4.956265990051533E-003
   323.510625000000        -5.743716330542477E-003
   323.724375000000        -6.434346547993439E-003
   323.938125000000        -7.018361082342706E-003
   324.151875000000        -7.488871059956299E-003
   324.365625000000        -7.841548252866566E-003
   324.579375000000        -8.074293606165127E-003
   324.793125000000        -8.186961724906719E-003
   325.006875000000        -8.181169158867171E-003
   325.220625000000        -8.060198785138393E-003
   325.434375000000        -7.828996699160685E-003
   325.648125000000        -7.494243383292323E-003
   325.861875000000        -7.064468946271935E-003
   326.075625000000        -6.550174030254600E-003
   326.289375000000        -5.963914282387269E-003
   326.503125000000        -5.320307356417935E-003
   326.716875000000        -4.635927062927518E-003
   326.930625000000        -3.929058919043053E-003
   327.144375000000        -3.219304002932772E-003
   327.358125000000        -2.527032485082983E-003
   327.571875000000        -1.872703141549471E-003
   327.785625000000        -1.276079196309794E-003
   327.999375000000        -7.553827400004194E-004
   328.213125000000        -3.264386915680839E-004
   328.426875000000        -1.864060703359406E-006
   328.640625000000         2.096412709522692E-004
   328.854375000000         3.038499428036931E-004
   329.068125000000         2.813643458331153E-004
   329.281875000000         1.477427606363232E-004
   329.495625000000        -8.662455533097754E-005
   329.709375000000        -4.068927928110046E-004
   329.923125000000        -7.943810890920791E-004
   330.136875000000        -1.227404470904262E-003
   330.350625000000        -1.682278160587957E-003
   330.564375000000        -2.134442318268169E-003
   330.778125000000        -2.559647713398115E-003
   330.991875000000        -2.935138923946104E-003
   331.205625000000        -3.240771612400976E-003
   331.419375000000        -3.460004135423453E-003
   331.633125000000        -3.580710889433464E-003
   331.846875000000        -3.595774863132474E-003
   332.060625000000        -3.503429193066977E-003
   332.274375000000        -3.307331329329257E-003
   332.488125000000        -3.016367891586476E-003
   332.701875000000        -2.644202602895446E-003
   332.915625000000        -2.208593043391824E-003
   333.129375000000        -1.730513662028028E-003
   333.343125000000        -1.233131930024602E-003
   333.556875000000        -7.406912619305820E-004
   333.770625000000        -2.773580736753925E-004
   333.984375000000         1.339090366829654E-004
   334.198125000000         4.724124698360116E-004
   334.411875000000         7.206410039207445E-004
   334.625625000000         8.650250856647639E-004
   334.839375000000         8.964896676336780E-004
   335.053125000000         8.107835947117661E-004
   335.266875000000         6.085767009208642E-004
   335.480625000000         2.953280271563076E-004
   335.694375000000        -1.190597809664087E-004
   335.908125000000        -6.207744353973094E-004
   336.121875000000        -1.192782278860668E-003
   336.335625000000        -1.815630485477504E-003
   336.549375000000        -2.468319022966332E-003
   336.763125000000        -3.129197110686800E-003
   336.976875000000        -3.776840446090123E-003
   337.190625000000        -4.390869433506828E-003
   337.404375000000        -4.952674663671550E-003
   337.618125000000        -5.446023462799490E-003
   337.831875000000        -5.857529869530659E-003
   338.045625000000        -6.176979274696555E-003
   338.259375000000        -6.397507544008163E-003
   338.473125000000        -6.515642160247304E-003
   338.686875000000        -6.531219287753760E-003
   338.900625000000        -6.447195327903362E-003
   339.114375000000        -6.269374306309998E-003
   339.328125000000        -6.006073285053139E-003
   339.541875000000        -5.667747065525379E-003
   339.755625000000        -5.266591026063460E-003
   339.969375000000        -4.816137426821816E-003
   340.183125000000        -4.330856392193171E-003
