  -1.60312500000000        -1.631025101532963E-019
  -1.38937500000000         3.823497338578835E-017
  -1.17562500000000         2.755294126693935E-016
 -0.961875000000000         1.348123892262677E-015
 -0.748125000000000         5.308194885214229E-015
 -0.534375000000000         1.757759254797404E-014
 -0.320625000000000         4.996633686244606E-014
 -0.106875000000000         1.238580092625908E-013
  0.106875000000000         2.719115927596584E-013
  0.320625000000000         5.369158076942268E-013
  0.534375000000000         9.682354789774801E-013
  0.748125000000000         1.616959713531064E-012
  0.961875000000000         2.530112403215091E-012
   1.17562500000000         3.744186147371806E-012
   1.38937500000000         5.275505758464553E-012
   1.60312500000000         7.109707323513372E-012
   1.81687500000000         9.191932125933473E-012
   2.03062500000000         1.141780918718888E-011
   2.24437500000000         1.363166694584982E-011
   2.45812500000000         1.562879316722748E-011
   2.67187500000000         1.716803241939241E-011
   2.88562500000000         1.798989417240800E-011
   3.09937500000000         1.784126689473249E-011
   3.31312500000000         1.650543697690295E-011
   3.52687500000000         1.382677902018285E-011
   3.74062500000000         9.737252161639748E-012
   3.95437500000000         4.266829822913217E-012
   4.16812500000000        -2.450204536488842E-012
   4.38187500000000        -1.019319059606858E-011
   4.59562500000000        -1.867398153312074E-011
   4.80937500000000        -2.757762917825090E-011
   5.02312500000000        -3.659966012686431E-011
   5.23687500000000        -4.548444462610439E-011
   5.45062500000000        -5.405146427781043E-011
   5.66437500000000        -6.220978350445006E-011
   5.87812500000000        -6.995013682224989E-011
   6.09187500000000        -7.731975956143004E-011
   6.30562500000000        -8.438124120066865E-011
   6.51937500000000        -9.116141991493239E-011
   6.73312500000000        -9.760374060621218E-011
   6.94687500000000        -1.035321591848246E-010
   7.16062500000000        -1.086353781782465E-010
   7.37437500000000        -1.124800730581253E-010
   7.58812500000000        -1.145525321489648E-010
   7.80187500000000        -1.143231618620557E-010
   8.01562500000000        -1.113299115535598E-010
   8.22937500000000        -1.052621305478399E-010
   8.44312500000000        -9.602664092228468E-011
   8.65687500000000        -8.379364374209187E-011
   8.87062500000000        -6.899804303298356E-011
   9.08437500000000        -5.230382577942269E-011
   9.29812500000000        -3.452665199569786E-011
   9.51187500000000        -1.652890792101637E-011
   9.72562500000000         8.901594742102158E-013
   9.93937500000000         1.710484084569691E-011
   10.1531250000000         3.174210576967306E-011
   10.3668750000000         4.471574404894693E-011
   10.5806250000000         5.621853775445272E-011
   10.7943750000000         6.666146108343451E-011
   11.0081250000000         7.658017126727102E-011
   11.2218750000000         8.651837408773519E-011
   11.4356250000000         9.691685669213258E-011
   11.6493750000000         1.080263975536256E-010
   11.8631250000000         1.198576342384067E-010
   12.0768750000000         1.321887762541858E-010
   12.2906250000000         1.446171056055292E-010
   12.5043750000000         1.566499603488892E-010
   12.7181250000000         1.678259000563590E-010
   12.9318750000000         1.778239453460464E-010
   13.1456250000000         1.865534789426416E-010
   13.3593750000000         1.942014177000557E-010
   13.5731250000000         2.012211865952504E-010
   13.7868750000000         2.082762139499197E-010
   14.0006250000000         2.161259507367056E-010
   14.2143750000000         2.255004582356670E-010
   14.4281250000000         2.369676191953366E-010
   14.6418750000000         2.508204094343429E-010
   14.8556250000000         2.670108968467818E-010
   15.0693750000000         2.851419577097475E-010
   15.2831250000000         3.045086993252562E-010
   15.4968750000000         3.241934341799964E-010
   15.7106250000000         3.431900134832003E-010
   15.9243750000000         3.605385895805336E-010
   16.1381250000000         3.754426719334560E-010
   16.3518750000000         3.873644147899422E-010
   16.5656250000000         3.960596972172923E-010
   16.7793750000000         4.015787948144962E-010
   16.9931250000000         4.042200462028410E-010
   17.2068750000000         4.044504539978531E-010
   17.4206250000000         4.028215235607061E-010
   17.6343750000000         3.998852035703859E-010
   17.8481250000000         3.961271487870451E-010
   18.0618750000000         3.919349520329896E-010
   18.2756250000000         3.875871568790891E-010
   18.4893750000000         3.832716189828313E-010
   18.7031250000000         3.791206133643407E-010
   18.9168750000000         3.752421698584473E-010
   19.1306250000000         3.717558912284175E-010
   19.3443750000000         3.688059217544013E-010
   19.5581250000000         3.665621979684611E-010
   19.7718750000000         3.652138806923424E-010
   19.9856250000000         3.649432673987549E-010
   20.1993750000000         3.659146570391907E-010
   20.4131250000000         3.682589253214578E-010
   20.6268750000000         3.720747124800292E-010
   20.8406250000000         3.774395115367650E-010
   21.0543750000000         3.844252572308811E-010
   21.2681250000000         3.931112809882177E-010
   21.4818750000000         4.035957448891106E-010
   21.6956250000000         4.159838604218838E-010
   21.9093750000000         4.303635384501786E-010
   22.1231250000000         4.467643750520297E-010
   22.3368750000000         4.651123064749801E-010
   22.5506250000000         4.851874872690544E-010
   22.7643750000000         5.065987037718219E-010
   22.9781250000000         5.287879784696186E-010
   23.1918750000000         5.510685934609742E-010
   23.4056250000000         5.726955147127918E-010
   23.6193750000000         5.929589626683215E-010
   23.8331250000000         6.112918312132582E-010
   24.0468750000000         6.273634655787558E-010
   24.2606250000000         6.411487525979622E-010
   24.4743750000000         6.529529645030023E-010
   24.6881250000000         6.633861356186762E-010
   24.9018750000000         6.732870648651254E-010
   25.1156250000000         6.836118596468035E-010
   25.3293750000000         6.952990492968731E-010
   25.5431250000000         7.091394965291046E-010
   25.7568750000000         7.256732653348003E-010
   25.9706250000000         7.451318098964001E-010
   26.1843750000000         7.674340516917919E-010
   26.3981250000000         7.922348979946819E-010
   26.6118750000000         8.190233528365096E-010
   26.8256250000000         8.472398489574654E-010
   27.0393750000000         8.763911135735574E-010
   27.2531250000000         9.061458275505156E-010
   27.4668750000000         9.363849461056936E-010
   27.6806250000000         9.671950154964729E-010
   27.8943750000000         9.988092927749615E-010
   28.1081250000000         1.031513631689258E-009
   28.3218750000000         1.065522249425276E-009
   28.5356250000000         1.100863060894091E-009
   28.7493750000000         1.137290130499856E-009
   28.9631250000000         1.174249822844429E-009
   29.1768750000000         1.210901115353235E-009
   29.3906250000000         1.246199887816032E-009
   29.6043750000000         1.279026835084093E-009
   29.8181250000000         1.308350268183231E-009
   30.0318750000000         1.333378127598954E-009
   30.2456250000000         1.353695491476119E-009
   30.4593750000000         1.369343096130490E-009
   30.6731250000000         1.380836587979352E-009
   30.8868750000000         1.389116135581005E-009
   31.1006250000000         1.395434669137342E-009
   31.3143750000000         1.401204288846933E-009
   31.5281250000000         1.407818056229856E-009
   31.7418750000000         1.416480592324209E-009
   31.9556250000000         1.428066838064349E-009
   32.1693750000000         1.443031662479011E-009
   32.3831250000000         1.461378980807340E-009
   32.5968750000000         1.482690172093186E-009
   32.8106250000000         1.506210724748797E-009
   33.0243750000000         1.530974023682323E-009
   33.2381250000000         1.555941038415986E-009
   33.4518750000000         1.580143191913201E-009
   33.6656250000000         1.602800888104046E-009
   33.8793750000000         1.623408757772204E-009
   34.0931250000000         1.641771618342772E-009
   34.3068750000000         1.657998744517349E-009
   34.5206250000000         1.672456892764637E-009
   34.7343750000000         1.685688466741025E-009
   34.9481250000000         1.698317689481118E-009
   35.1618750000000         1.710952524051087E-009
   35.3756250000000         1.724102682865521E-009
   35.5893750000000         1.738122324928383E-009
   35.8031250000000         1.753182588645898E-009
   36.0168750000000         1.769284173785391E-009
   36.2306250000000         1.786296729603080E-009
   36.4443750000000         1.804026241201770E-009
   36.6581250000000         1.822286646733377E-009
   36.8718750000000         1.840975862908613E-009
   37.0856250000000         1.860132095512995E-009
   37.2993750000000         1.879967164501617E-009
   37.5131250000000         1.900859190394070E-009
   37.7268750000000         1.923318157677477E-009
   37.9406250000000         1.947917599683888E-009
   38.1543750000000         1.975205631222469E-009
   38.3681250000000         2.005613562732195E-009
   38.5818750000000         2.039369535488436E-009
   38.7956250000000         2.076440180647870E-009
   39.0093750000000         2.116507047408613E-009
   39.2231250000000         2.158981831449067E-009
   39.4368750000000         2.203064237366764E-009
   39.6506250000000         2.247830391706519E-009
   39.8643750000000         2.292337900516207E-009
   40.0781250000000         2.335733716830545E-009
   40.2918750000000         2.377346784410297E-009
   40.5056250000000         2.416751941528576E-009
   40.7193750000000         2.453795213419600E-009
   40.9331250000000         2.488582115236857E-009
   41.1468750000000         2.521438419837494E-009
   41.3606250000000         2.552841455656662E-009
   41.5743750000000         2.583358133580990E-009
   41.7881250000000         2.613589417903477E-009
   42.0018750000000         2.644130417412797E-009
   42.2156250000000         2.675557962521388E-009
   42.4293750000000         2.708446989448273E-009
   42.6431250000000         2.743379162880327E-009
   42.8568750000000         2.780958751781464E-009
   43.0706250000000         2.821791686934711E-009
   43.2843750000000         2.866432408890942E-009
   43.4981250000000         2.915283051342332E-009
   43.7118750000000         2.968454812548819E-009
   43.9256250000000         3.025612960261022E-009
   44.1393750000000         3.085835114093818E-009
   44.3531250000000         3.147520278439687E-009
   44.5668750000000         3.208394699485906E-009
   44.7806250000000         3.265632819249079E-009
   44.9943750000000         3.316121381107921E-009
   45.2081250000000         3.356847686306977E-009
   45.4218750000000         3.385382225520276E-009
   45.6356250000000         3.400394027292192E-009
   45.8493750000000         3.402113037576585E-009
   46.0631250000000         3.392657015034105E-009
   46.2768750000000         3.376131231643938E-009
   46.4906250000000         3.358434034400016E-009
   46.7043750000000         3.346746770586619E-009
   46.9181250000000         3.348711596551856E-009
   47.1318750000000         3.371377699994189E-009
   47.3456250000000         3.420030442144353E-009
   47.5593750000000         3.497062352304974E-009
   47.7731250000000         3.601080309191467E-009
   47.9868750000000         3.726407927133751E-009
   48.2006250000000         3.863157464033763E-009
   48.4143750000000         3.997937830546454E-009
   48.6281250000000         4.115212866341755E-009
   48.8418750000000         4.199218936784706E-009
   49.0556250000000         4.236240032142153E-009
   49.2693750000000         4.216976614930587E-009
   49.4831250000000         4.138652403162727E-009
   49.6968750000000         4.006520527428123E-009
   49.9106250000000         3.834450567339361E-009
   50.1243750000000         3.644350869039342E-009
   50.3381250000000         3.464345835646119E-009
   50.5518750000000         3.325767543720218E-009
   50.7656250000000         3.259223776381275E-009
   50.9793750000000         3.290165858057223E-009
   51.1931250000000         3.434528867220475E-009
   51.4068750000000         3.695076046124601E-009
   51.6206250000000         4.059070436677428E-009
   51.8343750000000         4.497812590141935E-009
   52.0481250000000         4.968355770274451E-009
   52.2618750000000         5.417476712506286E-009
   52.4756250000000         5.787633212635309E-009
   52.6893750000000         6.024346647575158E-009
   52.9031250000000         6.084148628063138E-009
   53.1168750000000         5.942036496033340E-009
   53.3306250000000         5.597330664054866E-009
   53.5443750000000         5.076887412247959E-009
   53.7581250000000         4.434882669543633E-009
   53.9718750000000         3.748753922593515E-009
   54.1856250000000         3.111403274125597E-009
   54.3993750000000         2.620288514366538E-009
   54.6131250000000         2.364557496710135E-009
   54.8268750000000         2.411805993273177E-009
   55.0406250000000         2.796270994149187E-009
   55.2543750000000         3.510298689182458E-009
   55.4681250000000         4.500663181230888E-009
   55.6818750000000         5.670822718786393E-009
   55.8956250000000         6.889474453396569E-009
   56.1093750000000         8.004918727564275E-009
   56.3231250000000         8.863862539618558E-009
   56.5368750000000         9.332499955631313E-009
   56.7506250000000         9.317133443827420E-009
   56.9643750000000         8.781376058986130E-009
   57.1781250000000         7.757099402919180E-009
   57.3918750000000         6.346891460977008E-009
   57.6056250000000         4.716747507435909E-009
   57.8193750000000         3.078973141869560E-009
   58.0331250000000         1.666678806371010E-009
   58.2468750000000         7.026306627942901E-010
   58.4606250000000         3.663112026966933E-010
   58.6743750000000         7.637773183780767E-010
   58.8881250000000         1.904983932253509E-009
   59.1018750000000         3.692701441880293E-009
   59.3156250000000         5.925943589880982E-009
   59.5293750000000         8.319030115810063E-009
   59.7431250000000         1.053526631367003E-008
   59.9568750000000         1.223195076391071E-008
   60.1706250000000         1.311137424316972E-008
   60.3843750000000         1.297095062056743E-008
   60.5981250000000         1.174490836313887E-008
   60.8118750000000         9.530285711646816E-009
   61.0256250000000         6.591384383582911E-009
   61.2393750000000         3.339268991581100E-009
   61.4531250000000         2.861661118260983E-010
   61.6668750000000        -2.021701742269349E-009
   61.8806250000000        -3.085637555074414E-009
   62.0943750000000        -2.540048449590948E-009
   62.3081250000000        -2.297557905344632E-010
   62.5218750000000         3.733767008840798E-009
   62.7356250000000         8.948761526023079E-009
   62.9493750000000         1.474054664906384E-008
   63.1631250000000         2.022345282343127E-008
   63.3768750000000         2.440495892929023E-008
   63.5906250000000         2.632311209827296E-008
   63.8043750000000         2.520216897671916E-008
   64.0181250000000         2.060642850691723E-008
   64.2318750000000         1.256941955185395E-008
   64.4456250000000         1.675548101955476E-009
   64.6593750000000        -1.092551106016438E-008
   64.8731250000000        -2.358500484597010E-008
   65.0868750000000        -3.430598657811149E-008
   65.3006250000000        -4.097183967142881E-008
   65.5143750000000        -4.163344050505251E-008
   65.7281250000000        -3.482482577895542E-008
   65.9418750000000        -1.986840211705558E-008
   66.1556250000000         2.874182532447657E-009
   66.3693750000000         3.184919562175420E-008
   66.5831250000000         6.429373673584690E-008
   66.7968750000000         9.638021880259866E-008
   67.0106250000000         1.235311351727642E-007
   67.2243750000000         1.408919644914612E-007
   67.4381250000000         1.439275081840831E-007
   67.6518750000000         1.290854234371680E-007
   67.8656250000000         9.445295477899838E-008
   68.0793750000000         4.032175689575094E-008
   68.2931250000000        -3.042647867140510E-008
   68.5068750000000        -1.121925583330894E-007
   68.7206250000000        -1.968501164492469E-007
   68.9343750000000        -2.742838561611498E-007
   69.1481250000000        -3.332681933973687E-007
   69.3618750000000        -3.626364847913443E-007
   69.5756250000000        -3.526483317220521E-007
   69.7893750000000        -2.964244942511765E-007
   70.0031250000000        -1.912907199928002E-007
   70.2168750000000        -3.985799724551782E-008
   70.4306250000000         1.493290525435038E-007
   70.6443750000000         3.617198009328399E-007
   70.8581250000000         5.773613877785303E-007
   71.0718750000000         7.722171872204559E-007
   71.2856250000000         9.201639460366423E-007
   71.4993750000000         9.955506341973160E-007
   71.7131250000000         9.761228836295295E-007
   71.9268750000000         8.460483608877682E-007
   72.1406250000000         5.987294221739325E-007
   72.3543750000000         2.390676886852200E-007
   72.5681250000000        -2.151435672103459E-007
   72.7818750000000        -7.329760437735838E-007
   72.9956250000000        -1.271466291827586E-006
   73.2093750000000        -1.778139474167994E-006
   73.4231250000000        -2.194901104710996E-006
   73.6368750000000        -2.463092755385750E-006
   73.8506250000000        -2.529361885425140E-006
   74.0643750000000        -2.351867448486583E-006
   74.2781250000000        -1.906246752494112E-006
   74.4918750000000        -1.190718460283673E-006
   74.7056250000000        -2.297018465077101E-007
   74.9193750000000         9.246009065080282E-007
   75.1331250000000         2.193084162801403E-006
   75.3468750000000         3.473320483847214E-006
   75.5606250000000         4.645856273145801E-006
   75.7743750000000         5.582977560650119E-006
   75.9881250000000         6.159440617137020E-006
   76.2018750000000         6.264418993584201E-006
   76.4156250000000         5.813718218403780E-006
   76.6293750000000         4.761174712037417E-006
   76.8431250000000         3.108105305791291E-006
   77.0568750000000         9.097209715667046E-007
   77.2706250000000        -1.722431876803491E-006
   77.4843750000000        -4.622690464531526E-006
   77.6981250000000        -7.578508270823973E-006
   77.9118750000000        -1.034265485836955E-005
   78.1256250000000        -1.264990150071129E-005
   78.3393750000000        -1.423727496034283E-005
   78.5531250000000        -1.486656178513667E-005
   78.7668750000000        -1.434741910963277E-005
   78.9806250000000        -1.255922910695834E-005
   79.1943750000000        -9.469750517614543E-006
   79.4081250000000        -5.148690429849536E-006
   79.6218750000000         2.254503354485254E-007
   79.8356250000000         6.366519942616071E-006
   80.0493750000000         1.289058714788313E-005
   80.2631250000000         1.933465680576989E-005
   80.4768750000000         2.518365538697823E-005
   80.6906250000000         2.990441028275814E-005
   80.9043750000000         3.298468509224097E-005
   81.1181250000000         3.397476680314985E-005
   81.3318750000000         3.252868074384353E-005
   81.5456250000000         2.844187822677886E-005
   81.7593750000000         2.168223121163845E-005
   81.9731250000000         1.241139453747345E-005
   82.1868750000000         9.940591319503187E-007
   82.4006250000000        -1.200669895539611E-005
   82.6143750000000        -2.584890390725681E-005
   82.8281250000000        -3.964593260601878E-005
   83.0418750000000        -5.241440014447390E-005
   83.2556250000000        -6.313348067309128E-005
   83.4693750000000        -7.081248116925571E-005
   83.6831250000000        -7.456265513647133E-005
   83.8968750000000        -7.366863460442656E-005
   84.1106250000000        -6.765452875684576E-005
   84.3243750000000        -5.633972607668364E-005
   84.5381250000000        -3.987976447356982E-005
   84.7518750000000        -1.878829865311891E-005
   84.9656250000000         6.062828647884309E-006
   85.1793750000000         3.346716208349195E-005
   85.3931250000000         6.193116524530720E-005
   85.6068750000000         8.974446229042209E-005
   85.8206250000000         1.150699694953977E-004
   86.0343750000000         1.360496054516583E-004
   86.2481250000000         1.509199623600025E-004
   86.4618750000000         1.581312942028660E-004
   86.6756250000000         1.564625125689127E-004
   86.8893750000000         1.451246407074172E-004
   87.1031250000000         1.238454008806914E-004
   87.3168750000000         9.292831177445254E-005
   87.5306250000000         5.328083562303324E-005
   87.7443750000000         6.407692645559346E-006
   87.9581250000000        -4.563262020990356E-005
   88.1718750000000        -1.003079079212884E-004
   88.3856250000000        -1.547264714051361E-004
   88.5993750000000        -2.057806635617371E-004
   88.8131250000000        -2.503129369565361E-004
   89.0268750000000        -2.852956917735665E-004
   89.2406250000000        -3.080148404389859E-004
   89.4543750000000        -3.162461570080704E-004
   89.6681250000000        -3.084132645624721E-004
   89.8818750000000        -2.837165885855622E-004
   90.0956250000000        -2.422237856665179E-004
   90.3093750000000        -1.849140181017731E-004
   90.5231250000000        -1.136709137207548E-004
   90.7368750000000        -3.122200912805528E-005
   90.9506250000000         5.897423553553175E-005
   91.1643750000000         1.528893349465873E-004
   91.3781250000000         2.461257291156910E-004
   91.5918750000000         3.341468927435743E-004
   91.8056250000000         4.125232201184201E-004
   92.0193750000000         4.771785655381679E-004
   92.2331250000000         5.246215109509097E-004
   92.4468750000000         5.521456766031683E-004
   92.6606250000000         5.579847452421344E-004
   92.8743750000000         5.414103183091377E-004
   93.0881250000000         5.027641641086806E-004
   93.3018750000000         4.434206719447528E-004
   93.5156250000000         3.656801362366076E-004
   93.7293750000000         2.725985418013683E-004
   93.9431250000000         1.677644443418106E-004
   94.1568750000000         5.503795918033636E-005
   94.3706250000000        -6.172958284826160E-005
   94.5843750000000        -1.789744089563288E-004
   94.7981250000000        -2.936757194206797E-004
   95.0118750000000        -4.035666933013681E-004
   95.2256250000000        -5.072824387743981E-004
   95.4393750000000        -6.044302311258572E-004
   95.6531250000000        -6.955727413787353E-004
   95.8668750000000        -7.821213532507481E-004
   96.0806250000000        -8.661436570925257E-004
   96.2943750000000        -9.500962845037906E-004
   96.5081250000000        -1.036500858081213E-003
   96.7218750000000        -1.127586435202681E-003
   96.9356250000000        -1.224925931275455E-003
   97.1493750000000        -1.329096217893271E-003
   97.3631250000000        -1.439391635635799E-003
   97.5768750000000        -1.553618427935927E-003
   97.7906250000000        -1.667993152231397E-003
   98.0043750000000        -1.777161693204910E-003
   98.2181250000000        -1.874347488495721E-003
   98.4318750000000        -1.951628514628987E-003
   98.6456250000000        -2.000333103780349E-003
   98.8593750000000        -2.011535456021069E-003
   99.0731250000000        -1.976623462978602E-003
   99.2868750000000        -1.887904800743100E-003
   99.5006250000000        -1.739212713900976E-003
   99.7143750000000        -1.526470886570691E-003
   99.9281250000000        -1.248177493466886E-003
   100.141875000000        -9.057719655166362E-004
   100.355625000000        -5.038540169936894E-004
   100.569375000000        -5.023270829095401E-005
   100.783125000000         4.442067524969694E-004
   100.996875000000         9.658197682475546E-004
   101.210625000000         1.498692611923490E-003
   101.424375000000         2.025285139606572E-003
   101.638125000000         2.527195004304447E-003
   101.851875000000         2.986004227383877E-003
   102.065625000000         3.384163034685867E-003
   102.279375000000         3.705862534942486E-003
   102.493125000000         3.937847324050008E-003
   102.706875000000         4.070121481380111E-003
   102.920625000000         4.096506552710149E-003
   103.134375000000         4.015017698147381E-003
   103.348125000000         3.828033793606800E-003
   103.561875000000         3.542248371509033E-003
   103.775625000000         3.168400252631211E-003
   103.989375000000         2.720794895456663E-003
   104.203125000000         2.216639202682302E-003
   104.416875000000         1.675223133153506E-003
   104.630625000000         1.116990384845760E-003
   104.844375000000         5.625471385047088E-004
   105.058125000000         3.166198823731171E-005
   105.271875000000        -4.576885323250061E-004
   105.485625000000        -8.901761178263332E-004
   105.699375000000        -1.253830497786695E-003
   105.913125000000        -1.540562262797461E-003
   106.126875000000        -1.746467981117791E-003
   106.340625000000        -1.871898752525535E-003
   106.554375000000        -1.921286614637369E-003
   106.768125000000        -1.902737181136977E-003
   106.981875000000        -1.827410781933265E-003
   107.195625000000        -1.708727386364152E-003
   107.409375000000        -1.561441922435560E-003
   107.623125000000        -1.400645510300756E-003
   107.836875000000        -1.240753960397324E-003
   108.050625000000        -1.094547147392396E-003
   108.264375000000        -9.723212529389085E-004
   108.478125000000        -8.812102913581759E-004
   108.691875000000        -8.247239593990544E-004
   108.905625000000        -8.025361074923702E-004
   109.119375000000        -8.105426861976515E-004
   109.333125000000        -8.411907680887991E-004
   109.546875000000        -8.840622460194889E-004
   109.760625000000        -9.266782377859070E-004
   109.974375000000        -9.554742933663341E-004
   110.188125000000        -9.568833626144062E-004
   110.401875000000        -9.184541592383044E-004
   110.615625000000        -8.299278523769633E-004
   110.829375000000        -6.841964395648812E-004
   111.043125000000        -4.780718703968472E-004
   111.256875000000        -2.128057909055618E-004
   111.470625000000         1.056849178892883E-004
   111.684375000000         4.669127576248199E-004
   111.898125000000         8.562391088163565E-004
   112.111875000000         1.255601178731041E-003
   112.325625000000         1.644507442056384E-003
   112.539375000000         2.001243234885506E-003
   112.753125000000         2.304212346161315E-003
   112.966875000000         2.533329381268296E-003
   113.180625000000         2.671372208885213E-003
   113.394375000000         2.705204410476067E-003
   113.608125000000         2.626784365756827E-003
   113.821875000000         2.433890023729797E-003
   114.035625000000         2.130505715695014E-003
   114.249375000000         1.726838405312180E-003
   114.463125000000         1.238954122846009E-003
   114.676875000000         6.880494251420339E-004
   114.890625000000         9.939595233485843E-005
   115.104375000000        -4.989830101859728E-004
   115.318125000000        -1.077827949831692E-003
   115.531875000000        -1.608262198180013E-003
   115.745625000000        -2.063419532592561E-003
   115.959375000000        -2.419984247918209E-003
   116.173125000000        -2.659552518796305E-003
   116.386875000000        -2.769734166408423E-003
   116.600625000000        -2.744928925332700E-003
   116.814375000000        -2.586729997233783E-003
   117.028125000000        -2.303928919627084E-003
   117.241875000000        -1.912118311359815E-003
   117.455625000000        -1.432911602741583E-003
   117.669375000000        -8.928201889138838E-004
   117.883125000000        -3.218474433898714E-004
   118.096875000000         2.481252627846999E-004
   118.310625000000         7.850737356308238E-004
   118.524375000000         1.258593472058633E-003
   118.738125000000         1.641593526509787E-003
   118.951875000000         1.911828625034075E-003
   119.165625000000         2.053184179653395E-003
   119.379375000000         2.056641137204027E-003
   119.593125000000         1.920863841210834E-003
   119.806875000000         1.652373543217713E-003
   120.020625000000         1.265291954688623E-003
   120.234375000000         7.806622269989725E-004
   120.448125000000         2.253778294393858E-004
   120.661875000000        -3.692282467297010E-004
   120.875625000000        -9.690619045056325E-004
   121.089375000000        -1.539125774018570E-003
   121.303125000000        -2.045456592973337E-003
   121.516875000000        -2.457035890868222E-003
   121.730625000000        -2.747567188551545E-003
   121.944375000000        -2.897018430043921E-003
   122.158125000000        -2.892839784216402E-003
   122.371875000000        -2.730783787314026E-003
   122.585625000000        -2.415276186161642E-003
   122.799375000000        -1.959310613699793E-003
   123.013125000000        -1.383866962262344E-003
   123.226875000000        -7.168804333156416E-004
   123.440625000000         8.185903993960977E-006
   123.654375000000         7.540892042857642E-004
   123.868125000000         1.481781002563388E-003
   124.081875000000         2.152499529404279E-003
   124.295625000000         2.729865190401685E-003
   124.509375000000         3.181863775378892E-003
   124.723125000000         3.482608160521991E-003
   124.936875000000         3.613781676508324E-003
   125.150625000000         3.565684134097653E-003
   125.364375000000         3.337823607196267E-003
   125.578125000000         2.939022122808692E-003
   125.791875000000         2.387029913138881E-003
   126.005625000000         1.707669326982493E-003
   126.219375000000         9.335544148808047E-004
   126.433125000000         1.024542781874493E-004
   126.646875000000        -7.446135991822297E-004
   126.860625000000        -1.565460481557473E-003
   127.074375000000        -2.318866434527938E-003
   127.288125000000        -2.966673386258653E-003
   127.501875000000        -3.475724496044922E-003
   127.715625000000        -3.819551637120526E-003
   127.929375000000        -3.979726079567349E-003
   128.143125000000        -3.946804787750112E-003
   128.356875000000        -3.720825247809683E-003
   128.570625000000        -3.311324421230507E-003
   128.784375000000        -2.736881210284102E-003
   128.998125000000        -2.024205612659308E-003
   129.211875000000        -1.206820427695258E-003
   129.425625000000        -3.234018857236233E-004
   129.639375000000         5.841370869021205E-004
   129.853125000000         1.472723955651940E-003
   130.066875000000         2.300258465027655E-003
   130.280625000000         3.027690501910935E-003
   130.494375000000         3.620937393521502E-003
   130.708125000000         4.052541944491869E-003
   130.921875000000         4.302985654463451E-003
   131.135625000000         4.361589419489744E-003
   131.349375000000         4.226955759630502E-003
   131.563125000000         3.906931130841847E-003
   131.776875000000         3.418092866559750E-003
   131.990625000000         2.784791309916902E-003
   132.204375000000         2.037802240589877E-003
   132.418125000000         1.212666304357643E-003
   132.631875000000         3.478094815907024E-004
   132.845625000000        -5.174494312587357E-004
   133.059375000000        -1.344892614089267E-003
   133.273125000000        -2.099287473320976E-003
   133.486875000000        -2.750058088177763E-003
   133.700625000000        -3.272654394725973E-003
   133.914375000000        -3.649548876225001E-003
   134.128125000000        -3.870813981683130E-003
   134.341875000000        -3.934259679254983E-003
   134.555625000000        -3.845137770425770E-003
   134.769375000000        -3.615446061717431E-003
   134.983125000000        -3.262889467165570E-003
   135.196875000000        -2.809575012945661E-003
   135.410625000000        -2.280532228233154E-003
   135.624375000000        -1.702158599833168E-003
   135.838125000000        -1.100691152424966E-003
   136.051875000000        -5.007997834657530E-004
   136.265625000000         7.561379217668599E-005
   136.479375000000         6.103448228498502E-004
   136.693125000000         1.089496661945564E-003
   136.906875000000         1.503752732313744E-003
   137.120625000000         1.848312377388282E-003
   137.334375000000         2.122517267750524E-003
   137.548125000000         2.329215968786742E-003
   137.761875000000         2.473931104877091E-003
   137.975625000000         2.563905173802916E-003
   138.189375000000         2.607106778268989E-003
   138.403125000000         2.611278609583770E-003
   138.616875000000         2.583102159967656E-003
   138.830625000000         2.527542499904000E-003
   139.044375000000         2.447420543552949E-003
   139.258125000000         2.343241319245393E-003
   139.471875000000         2.213286309554405E-003
   139.685625000000         2.053957423019506E-003
   139.899375000000         1.860341043214600E-003
   140.113125000000         1.626944146050675E-003
   140.326875000000         1.348541718779210E-003
   140.540625000000         1.021066395109770E-003
   140.754375000000         6.424677579402890E-004
   140.968125000000         2.134702466839523E-004
   141.181875000000        -2.618351731247995E-004
   141.395625000000        -7.756199453777312E-004
   141.609375000000        -1.316207802391715E-003
   141.823125000000        -1.868249207232514E-003
   142.036875000000        -2.413185547522722E-003
   142.250625000000        -2.929989161478996E-003
   142.464375000000        -3.396146549197703E-003
   142.678125000000        -3.788834809818938E-003
   142.891875000000        -4.086226431008207E-003
   143.105625000000        -4.268845939833892E-003
   143.319375000000        -4.320894385727997E-003
   143.533125000000        -4.231454796520988E-003
   143.746875000000        -3.995494065270068E-003
   143.960625000000        -3.614584391410674E-003
   144.174375000000        -3.097280340256875E-003
   144.388125000000        -2.459105411861843E-003
   144.601875000000        -1.722123998266616E-003
   144.815625000000        -9.140996905928982E-004
   145.029375000000        -6.726768941907194E-005
   145.243125000000         7.832240756025451E-004
   145.456875000000         1.601125424207521E-003
   145.670625000000         2.351044874758520E-003
   145.884375000000         3.000443959486553E-003
   146.098125000000         3.521538849712094E-003
   146.311875000000         3.892982489112779E-003
   146.525625000000         4.101208543552992E-003
   146.739375000000         4.141335460066950E-003
   146.953125000000         4.017554109641130E-003
   147.166875000000         3.742954497765852E-003
   147.380625000000         3.338783858873452E-003
   147.594375000000         2.833167591068017E-003
   147.808125000000         2.259363089726783E-003
   148.021875000000         1.653651646266172E-003
   148.235625000000         1.053002368495421E-003
   148.449375000000         4.926621077412538E-004
   148.663125000000         3.834803519870145E-006
   148.876875000000        -3.883885819194383E-004
   149.090625000000        -6.667024334312887E-004
   149.304375000000        -8.227391736708560E-004
   149.518125000000        -8.576148016531302E-004
   149.731875000000        -7.818212640823141E-004
   149.945625000000        -6.144650262992932E-004
   150.159375000000        -3.818971531309433E-004
   150.373125000000        -1.158232879738226E-004
   150.586875000000         1.489810803040083E-004
   150.800625000000         3.771964843651359E-004
   151.014375000000         5.355555672227083E-004
   151.228125000000         5.953331961810179E-004
   151.441875000000         5.345614347632439E-004
   151.655625000000         3.398188845267800E-004
   151.869375000000         7.472719717592190E-006
   152.083125000000        -4.557115447144742E-004
   152.296875000000        -1.032635622535684E-003
   152.510625000000        -1.696608389203142E-003
   152.724375000000        -2.412716056523832E-003
   152.938125000000        -3.139739074944525E-003
   153.151875000000        -3.832499076770896E-003
   153.365625000000        -4.444494132470228E-003
   153.579375000000        -4.930664941228977E-003
   153.793125000000        -5.250128879457304E-003
   154.006875000000        -5.368722970287318E-003
   154.220625000000        -5.261210083063962E-003
   154.434375000000        -4.913023785893573E-003
   154.648125000000        -4.321454642056938E-003
   154.861875000000        -3.496212515218671E-003
   155.075625000000        -2.459333689315678E-003
   155.289375000000        -1.244436411976497E-003
   155.503125000000         1.046379320021835E-004
   155.716875000000         1.535729972338859E-003
   155.930625000000         2.990719001493468E-003
   156.144375000000         4.408214578239092E-003
   156.358125000000         5.726450644469714E-003
   156.571875000000         6.886240105238132E-003
   156.785625000000         7.833844751946199E-003
   156.999375000000         8.523618908448140E-003
   157.213125000000         8.920295084986001E-003
   157.426875000000         9.000795882727933E-003
   157.640625000000         8.755477858961016E-003
   157.854375000000         8.188739298008027E-003
   158.068125000000         7.318953883893607E-003
   158.281875000000         6.177724970146469E-003
   158.495625000000         4.808489111825884E-003
   158.709375000000         3.264531200399974E-003
   158.923125000000         1.606505220146647E-003
   159.136875000000        -1.004174434733861E-004
   159.350625000000        -1.789627803571961E-003
   159.564375000000        -3.396227518325814E-003
   159.778125000000        -4.860078995373842E-003
   159.991875000000        -6.128593130101122E-003
   160.205625000000        -7.159102486474896E-003
   160.419375000000        -7.920689196011167E-003
   160.633125000000        -8.395366862731337E-003
   160.846875000000        -8.578552780074706E-003
   161.060625000000        -8.478808660288000E-003
   161.274375000000        -8.116872246654029E-003
   161.488125000000        -7.524045719095384E-003
   161.701875000000        -6.740046714893999E-003
   161.915625000000        -5.810461205871526E-003
   162.129375000000        -4.783961911410229E-003
   162.343125000000        -3.709469481897061E-003
   162.556875000000        -2.633435224740820E-003
   162.770625000000        -1.597413414664945E-003
   162.984375000000        -6.360689128478971E-004
   163.198125000000         2.242665042733555E-004
   163.411875000000         9.664156683864420E-004
   163.625625000000         1.582526585074321E-003
   163.839375000000         2.073609184969159E-003
   164.053125000000         2.448499243062228E-003
   164.266875000000         2.722348923870077E-003
   164.480625000000         2.914773719372055E-003
   164.694375000000         3.047805565914172E-003
   164.908125000000         3.143810372265625E-003
   165.121875000000         3.223524711407049E-003
   165.335625000000         3.304351609962191E-003
   165.549375000000         3.399030664871243E-003
   165.763125000000         3.514765303388407E-003
   165.976875000000         3.652852579875309E-003
   166.190625000000         3.808821459261107E-003
   166.404375000000         3.973047100464725E-003
   166.618125000000         4.131774052138389E-003
   166.831875000000         4.268452927555798E-003
   167.045625000000         4.365274882862183E-003
   167.259375000000         4.404777250237934E-003
   167.473125000000         4.371392414541711E-003
   167.686875000000         4.252820191966707E-003
   167.900625000000         4.041120642779667E-003
   168.114375000000         3.733447949447624E-003
   168.328125000000         3.332374823840932E-003
   168.541875000000         2.845788714358810E-003
   168.755625000000         2.286373593765038E-003
   168.969375000000         1.670722081759388E-003
   169.183125000000         1.018150016997468E-003
   169.396875000000         3.493075426783881E-004
   169.610625000000        -3.153041224854770E-004
   169.824375000000        -9.567937811270501E-004
   170.038125000000        -1.559203836600888E-003
   170.251875000000        -2.110590355532213E-003
   170.465625000000        -2.603770791739273E-003
   170.679375000000        -3.036674481493520E-003
   170.893125000000        -3.412260206191250E-003
   171.106875000000        -3.737997664637073E-003
   171.320625000000        -4.024943410329171E-003
   171.534375000000        -4.286474320964152E-003
   171.748125000000        -4.536770580343350E-003
   171.961875000000        -4.789163204288707E-003
   172.175625000000        -5.054476375733456E-003
   172.389375000000        -5.339500784780006E-003
   172.603125000000        -5.645729929563130E-003
   172.816875000000        -5.968476781731382E-003
   173.030625000000        -6.296464000946108E-003
   173.244375000000        -6.611948426093636E-003
   173.458125000000        -6.891402024318429E-003
   173.671875000000        -7.106729573628229E-003
   173.885625000000        -7.226961212111232E-003
   174.099375000000        -7.220318879230004E-003
   174.313125000000        -7.056522761104788E-003
   174.526875000000        -6.709179909257693E-003
   174.740625000000        -6.158084380629803E-003
   174.954375000000        -5.391257868657390E-003
   175.168125000000        -4.406572223544257E-003
   175.381875000000        -3.212819845215167E-003
   175.595625000000        -1.830133048347899E-003
   175.809375000000        -2.896966628322822E-004
   176.023125000000         1.367253797348673E-003
   176.236875000000         3.091106636762027E-003
   176.450625000000         4.826132274014371E-003
   176.664375000000         6.513195128169390E-003
   176.878125000000         8.092756396591820E-003
   177.091875000000         9.507983691944300E-003
   177.305625000000         1.070777481347052E-002
   177.519375000000         1.164950739123536E-002
   177.733125000000         1.230134330230018E-002
   177.946875000000         1.264394524422631E-002
   178.160625000000         1.267150051514685E-002
   178.374375000000         1.239199115174500E-002
   178.588125000000         1.182669701139901E-002
   178.801875000000         1.100896591906915E-002
   179.015625000000         9.982329506763681E-003
   179.229375000000         8.798082045256396E-003
   179.443125000000         7.512470089199195E-003
   179.656875000000         6.183661434615478E-003
   179.870625000000         4.868671728042606E-003
   180.084375000000         3.620425800059658E-003
   180.298125000000         2.485118855895606E-003
   180.511875000000         1.500021113433502E-003
   180.725625000000         6.918399460077980E-004
   180.939375000000         7.571809293943350E-005
   181.153125000000        -3.450926460141211E-004
   181.366875000000        -5.788831720982874E-004
   181.580625000000        -6.445043767864864E-004
   181.794375000000        -5.698256541908530E-004
   182.008125000000        -3.897404353338511E-004
   182.221875000000        -1.438474947163074E-004
   182.435625000000         1.260485859383343E-004
   182.649375000000         3.784687363401148E-004
   182.863125000000         5.746768089162261E-004
   183.076875000000         6.808493448068707E-004
   183.290625000000         6.698835067174118E-004
   183.504375000000         5.227547035664823E-004
   183.718125000000         2.293655154791880E-004
   183.931875000000        -2.111400478910572E-004
   184.145625000000        -7.905902883290612E-004
   184.359375000000        -1.492490135038219E-003
   184.573125000000        -2.293151633673632E-003
   184.786875000000        -3.163164594181852E-003
   185.000625000000        -4.069106300915072E-003
   185.214375000000        -4.975381305163742E-003
   185.428125000000        -5.846081773092700E-003
   185.641875000000        -6.646765262967475E-003
   185.855625000000        -7.346059287687373E-003
   186.069375000000        -7.917019321066652E-003
   186.283125000000        -8.338187487318769E-003
   186.496875000000        -8.594321343642722E-003
   186.710625000000        -8.676784229755385E-003
   186.924375000000        -8.583609048133278E-003
   187.138125000000        -8.319264735448672E-003
   187.351875000000        -7.894168109894314E-003
   187.565625000000        -7.323992651281527E-003
   187.779375000000        -6.628829931648205E-003
   187.993125000000        -5.832259109010745E-003
   188.206875000000        -4.960375724517318E-003
   188.420625000000        -4.040823876758538E-003
   188.634375000000        -3.101866735408215E-003
   188.848125000000        -2.171520416021010E-003
   189.061875000000        -1.276766544469749E-003
   189.275625000000        -4.428503308053642E-004
   189.489375000000         3.073356315148577E-004
   189.703125000000         9.537858755550962E-004
   189.916875000000         1.479840661027230E-003
   190.130625000000         1.872573832145917E-003
   190.344375000000         2.123112534528068E-003
   190.558125000000         2.226887489598465E-003
   190.771875000000         2.183808036900664E-003
   190.985625000000         1.998351885408390E-003
   191.199375000000         1.679556233620629E-003
   191.413125000000         1.240895279081692E-003
   191.626875000000         7.000296106216929E-004
   191.840625000000         7.841579701589911E-005
   192.054375000000        -5.992303708959030E-004
   192.268125000000        -1.305616347449893E-003
   192.481875000000        -2.011691677154853E-003
   192.695625000000        -2.687584387519552E-003
   192.909375000000        -3.303626628011710E-003
   193.123125000000        -3.831432678884136E-003
   193.336875000000        -4.244985601363248E-003
   193.550625000000        -4.521684369941989E-003
   193.764375000000        -4.643301820615110E-003
   193.978125000000        -4.596805422471541E-003
   194.191875000000        -4.374997717693813E-003
   194.405625000000        -3.976940990303762E-003
   194.619375000000        -3.408140788203019E-003
   194.833125000000        -2.680474619791502E-003
   195.046875000000        -1.811864642261140E-003
   195.260625000000        -8.257055863898684E-004
   195.474375000000         2.499292964085803E-004
   195.688125000000         1.383271519592864E-003
   195.901875000000         2.539989270330317E-003
   196.115625000000         3.684421862270805E-003
   196.329375000000         4.780867653179515E-003
   196.543125000000         5.794875693166272E-003
   196.756875000000         6.694492773814757E-003
   196.970625000000         7.451420628234139E-003
   197.184375000000         8.042042370044300E-003
   197.398125000000         8.448282470450924E-003
   197.611875000000         8.658270355535477E-003
   197.825625000000         8.666783875322531E-003
   198.039375000000         8.475455388913566E-003
   198.253125000000         8.092730066814022E-003
   198.466875000000         7.533573334298740E-003
   198.680625000000         6.818932273983817E-003
   198.894375000000         5.974964316489902E-003
   199.108125000000         5.032055600025345E-003
   199.321875000000         4.023660734676373E-003
   199.535625000000         2.985004945167256E-003
   199.749375000000         1.951698098633910E-003
   199.963125000000         9.583172388253492E-004
   200.176875000000         3.701918217600270E-005
   200.390625000000        -7.837532364499209E-004
   200.604375000000        -1.480409126214359E-003
   200.818125000000        -2.035134829948705E-003
   201.031875000000        -2.436558758823943E-003
   201.245625000000        -2.680120592170107E-003
   201.459375000000        -2.768125075137207E-003
   201.673125000000        -2.709477861391244E-003
   201.886875000000        -2.519118625853020E-003
   202.100625000000        -2.217183662593286E-003
   202.314375000000        -1.827945060465455E-003
   202.528125000000        -1.378585155710068E-003
   202.741875000000        -8.978724317529003E-004
   202.955625000000        -4.148078947624008E-004
   203.169375000000         4.269083840057039E-005
   203.383125000000         4.490065453259108E-004
   203.596875000000         7.818888079255994E-004
   203.810625000000         1.023330036559682E-003
   204.024375000000         1.160224380444189E-003
   204.238125000000         1.184795791093869E-003
   204.451875000000         1.094793340189348E-003
   204.665625000000         8.934617401704951E-004
   204.879375000000         5.893023972813379E-004
   205.093125000000         1.956451516783995E-004
   205.306875000000        -2.699465944828961E-004
   205.520625000000        -7.864138136156485E-004
   205.734375000000        -1.330059390376044E-003
   205.948125000000        -1.875501985038233E-003
   206.161875000000        -2.396702500174881E-003
   206.375625000000        -2.868037820012720E-003
   206.589375000000        -3.265393507635809E-003
   206.803125000000        -3.567242931045641E-003
   207.016875000000        -3.755675350113766E-003
   207.230625000000        -3.817330639575576E-003
   207.444375000000        -3.744194553458863E-003
   207.658125000000        -3.534206819104007E-003
   207.871875000000        -3.191635856391832E-003
   208.085625000000        -2.727179279411327E-003
   208.299375000000        -2.157758915161712E-003
   208.513125000000        -1.505992776478521E-003
   208.726875000000        -7.993436790750847E-004
   208.940625000000        -6.896396218988127E-005
   209.154375000000         6.517233528929548E-004
   209.368125000000         1.328646314190462E-003
   209.581875000000         1.928830040949974E-003
   209.795625000000         2.422174293839400E-003
   210.009375000000         2.783161317380353E-003
   210.223125000000         2.992390487698645E-003
   210.436875000000         3.037841108189071E-003
   210.650625000000         2.915776470245588E-003
   210.864375000000         2.631220464551186E-003
   211.078125000000         2.197961510463099E-003
   211.291875000000         1.638065869042772E-003
   211.505625000000         9.809117278466221E-004
   211.719375000000         2.617848505121881E-004
   211.933125000000        -4.798958741083426E-004
   212.146875000000        -1.202630779037698E-003
   212.360625000000        -1.865058813486389E-003
   212.574375000000        -2.428220917246083E-003
   212.788125000000        -2.857739303750420E-003
   213.001875000000        -3.125787130570126E-003
   213.215625000000        -3.212733029379911E-003
   213.429375000000        -3.108361861805108E-003
   213.643125000000        -2.812595930302272E-003
   213.856875000000        -2.335668437209583E-003
   214.070625000000        -1.697731716222353E-003
   214.284375000000        -9.279149348473145E-004
   214.498125000000        -6.287775410110386E-005
   214.711875000000         8.550640124167369E-004
   214.925625000000         1.780139139455035E-003
   215.139375000000         2.665526557312544E-003
   215.353125000000         3.465831097172908E-003
   215.566875000000         4.139489538294324E-003
   215.780625000000         4.650970201453793E-003
   215.994375000000         4.972640801350101E-003
   216.208125000000         5.086198550522271E-003
   216.421875000000         4.983582530749144E-003
   216.635625000000         4.667319558164243E-003
   216.849375000000         4.150289202991531E-003
   217.063125000000         3.454929037907945E-003
   217.276875000000         2.611935204436255E-003
   217.490625000000         1.658543672422381E-003
   217.704375000000         6.365020168427212E-004
   217.918125000000        -4.101415610071745E-004
   218.131875000000        -1.437297051586873E-003
   218.345625000000        -2.403005421544530E-003
   218.559375000000        -3.269401586005224E-003
   218.773125000000        -4.004362059916250E-003
   218.986875000000        -4.582756720978518E-003
   219.200625000000        -4.987253722187513E-003
   219.414375000000        -5.208658516873547E-003
   219.628125000000        -5.245799721139676E-003
   219.841875000000        -5.105003726598885E-003
   220.055625000000        -4.799224453892289E-003
   220.269375000000        -4.346912718031112E-003
   220.483125000000        -3.770720256586575E-003
   220.696875000000        -3.096136110205829E-003
   220.910625000000        -2.350147980454352E-003
   221.124375000000        -1.560009298840907E-003
   221.338125000000        -7.521754374505702E-004
   221.551875000000         4.854841447857715E-005
   221.765625000000         8.196276626519345E-004
   221.979375000000         1.541188951770863E-003
   222.193125000000         2.196202571505718E-003
   222.406875000000         2.770493741649596E-003
   222.620625000000         3.252630328109797E-003
   222.834375000000         3.633739197281204E-003
   223.048125000000         3.907302230526350E-003
   223.261875000000         4.068976474326359E-003
   223.475625000000         4.116471955281703E-003
   223.689375000000         4.049506676452982E-003
   223.903125000000         3.869842803217525E-003
   224.116875000000         3.581392699522599E-003
   224.330625000000         3.190369876327526E-003
   224.544375000000         2.705449436687942E-003
   224.758125000000         2.137896286815552E-003
   224.971875000000         1.501617848603546E-003
   225.185625000000         8.131014078850561E-004
   225.399375000000         9.120424383421237E-005
   225.613125000000        -6.432234447944171E-004
   225.826875000000        -1.367888179993408E-003
   226.040625000000        -2.059764759414179E-003
   226.254375000000        -2.695943139852059E-003
   226.468125000000        -3.254569669914591E-003
   226.681875000000        -3.715830150775160E-003
   226.895625000000        -4.062914562188113E-003
   227.109375000000        -4.282900246715002E-003
   227.323125000000        -4.367492192110482E-003
   227.536875000000        -4.313565666148355E-003
   227.750625000000        -4.123467322404335E-003
   227.964375000000        -3.805045159097514E-003
   228.178125000000        -3.371394279654388E-003
   228.391875000000        -2.840323036175811E-003
   228.605625000000        -2.233561569533277E-003
   228.819375000000        -1.575750802925918E-003
   229.033125000000        -8.932635764813943E-004
   229.246875000000        -2.129200375332106E-004
   229.460625000000         4.393338982894761E-004
   229.674375000000         1.039713473622338E-003
   229.888125000000         1.567777101646848E-003
   230.101875000000         2.007438144040359E-003
   230.315625000000         2.347749470813045E-003
   230.529375000000         2.583415011087661E-003
   230.743125000000         2.714995993524386E-003
   230.956875000000         2.748794773172069E-003
   231.170625000000         2.696415450540982E-003
   231.384375000000         2.574017301095351E-003
   231.598125000000         2.401293721134659E-003
   231.811875000000         2.200225292053415E-003
   232.025625000000         1.993669948185780E-003
   232.239375000000         1.803865326065042E-003
   232.453125000000         1.650927357147664E-003
   232.666875000000         1.551434225535362E-003
   232.880625000000         1.517185198563139E-003
   233.094375000000         1.554218958001401E-003
   233.308125000000         1.662165573091838E-003
   233.521875000000         1.833990173682944E-003
   233.735625000000         2.056165141896454E-003
   233.949375000000         2.309282159355676E-003
   234.163125000000         2.569087116367144E-003
   234.376875000000         2.807891524607556E-003
   234.590625000000         2.996285803279283E-003
   234.804375000000         3.105054908028314E-003
   235.018125000000         3.107177468517170E-003
   235.231875000000         2.979777849712782E-003
   235.445625000000         2.705897820893465E-003
   235.659375000000         2.275961598391415E-003
   235.873125000000         1.688824910889552E-003
   236.086875000000         9.523245435158636E-004
   236.300625000000         8.327783754066495E-005
   236.514375000000        -8.930805733535475E-004
   236.728125000000        -1.944197871574052E-003
   236.941875000000        -3.031772827328252E-003
   237.155625000000        -4.113697332520548E-003
   237.369375000000        -5.146244443655866E-003
   237.583125000000        -6.086360897870616E-003
   237.796875000000        -6.893916214776190E-003
   238.010625000000        -7.533765962609397E-003
   238.224375000000        -7.977502924779729E-003
   238.438125000000        -8.204795182993611E-003
   238.651875000000        -8.204242187632039E-003
   238.865625000000        -7.973715830124291E-003
   239.079375000000        -7.520190238189630E-003
   239.293125000000        -6.859098423111365E-003
   239.506875000000        -6.013283320728450E-003
   239.720625000000        -5.011633093648855E-003
   239.934375000000        -3.887504486914131E-003
   240.148125000000        -2.677043095641031E-003
   240.361875000000        -1.417505993674500E-003
   240.575625000000        -1.456814050056803E-004
   240.789375000000         1.103516349002194E-003
   241.003125000000         2.298218513399995E-003
   241.216875000000         3.410503749023977E-003
   241.430625000000         4.417015030933107E-003
   241.644375000000         5.299295708449699E-003
   241.858125000000         6.043864864226164E-003
   242.071875000000         6.642064242000548E-003
   242.285625000000         7.089717088369416E-003
   242.499375000000         7.386643538492348E-003
   242.713125000000         7.536078242508527E-003
   242.926875000000         7.544034514052139E-003
   243.140625000000         7.418656135506510E-003
   243.354375000000         7.169593718423381E-003
   243.568125000000         6.807437639462226E-003
   243.781875000000         6.343234271766054E-003
   243.995625000000         5.788106517369850E-003
   244.209375000000         5.152993380509550E-003
   244.423125000000         4.448516317089590E-003
   244.636875000000         3.684972224941210E-003
   244.850625000000         2.872444238872522E-003
   245.064375000000         2.021012237858685E-003
   245.278125000000         1.141035703177213E-003
   245.491875000000         2.434730800326018E-004
   245.705625000000        -6.598049382705773E-004
   245.919375000000        -1.555754736941681E-003
   246.133125000000        -2.429998484237031E-003
   246.346875000000        -3.266804808267431E-003
   246.560625000000        -4.049245165767966E-003
   246.774375000000        -4.759546250239749E-003
   246.988125000000        -5.379641671305736E-003
   247.201875000000        -5.891906563982613E-003
   247.415625000000        -6.280038483665502E-003
   247.629375000000        -6.530028923212835E-003
   247.843125000000        -6.631154145407108E-003
   248.056875000000        -6.576903695041435E-003
   248.270625000000        -6.365761488108615E-003
   248.484375000000        -6.001758723663285E-003
   248.698125000000        -5.494730233280415E-003
   248.911875000000        -4.860225659095540E-003
   249.125625000000        -4.119052613624381E-003
   249.339375000000        -3.296458601739291E-003
   249.553125000000        -2.420989343711333E-003
   249.766875000000        -1.523090336099809E-003
   249.980625000000        -6.335431632079449E-004
   250.194375000000         2.181543049184168E-004
   250.408125000000         1.005346051767097E-003
   250.621875000000         1.705598071290403E-003
   250.835625000000         2.301795939060778E-003
   251.049375000000         2.782876344557434E-003
   251.263125000000         3.144137965600324E-003
   251.476875000000         3.387111068696628E-003
   251.690625000000         3.519001349938392E-003
   251.904375000000         3.551758518041574E-003
   252.118125000000         3.500850779044202E-003
   252.331875000000         3.383849922286007E-003
   252.545625000000         3.218946006075131E-003
   252.759375000000         3.023514442354415E-003
   252.973125000000         2.812851307916698E-003
   253.186875000000         2.599175689668437E-003
   253.400625000000         2.390972447104979E-003
   253.614375000000         2.192717343147078E-003
   253.828125000000         2.004991967801063E-003
   254.041875000000         1.824961407034948E-003
   254.255625000000         1.647156280457725E-003
   254.469375000000         1.464475330746299E-003
   254.683125000000         1.269307351536434E-003
   254.896875000000         1.054663273911931E-003
   255.110625000000         8.152112010689808E-004
   255.324375000000         5.481186910915995E-004
   255.538125000000         2.536264004536863E-004
   255.751875000000        -6.469663241377493E-005
   255.965625000000        -4.000357295888908E-004
   256.179375000000        -7.427398175247762E-004
   256.393125000000        -1.081016107700887E-003
   256.606875000000        -1.401843837226791E-003
   256.820625000000        -1.692021754983139E-003
   257.034375000000        -1.939253017105495E-003
   257.248125000000        -2.133168865712611E-003
   257.461875000000        -2.266198944539011E-003
   257.675625000000        -2.334210628211050E-003
   257.889375000000        -2.336860897153795E-003
   258.103125000000        -2.277630116982201E-003
   258.316875000000        -2.163535249905391E-003
   258.530625000000        -2.004548044411552E-003
   258.744375000000        -1.812769183214818E-003
   258.958125000000        -1.601430049145242E-003
   259.171875000000        -1.383807976456843E-003
   259.385625000000        -1.172147465736500E-003
   259.599375000000        -9.766784125849583E-004
   259.813125000000        -8.048132027767775E-004
   260.026875000000        -6.605885057516460E-004
   260.240625000000        -5.443962813621278E-004
   260.454375000000        -4.530238637617329E-004
   260.668125000000        -3.799972129407404E-004
   260.881875000000        -3.161967838107413E-004
   261.095625000000        -2.506940462962851E-004
   261.309375000000        -1.717402352407409E-004
   261.523125000000        -6.782864783698596E-005
   261.736875000000         7.125163675651810E-005
   261.950625000000         2.534493886481707E-004
   262.164375000000         4.836414779147708E-004
   262.378125000000         7.630345347988722E-004
   262.591875000000         1.088814928211007E-003
   262.805625000000         1.454064477316067E-003
   263.019375000000         1.847940019136419E-003
   263.233125000000         2.256097516098214E-003
   263.446875000000         2.661327125331061E-003
   263.660625000000         3.044355443050115E-003
   263.874375000000         3.384765348619439E-003
   264.088125000000         3.661982358202147E-003
   264.301875000000         3.856278559066924E-003
   264.515625000000         3.949750094583798E-003
   264.729375000000         3.927230677431327E-003
   264.943125000000         3.777110571726457E-003
   265.156875000000         3.492036889249638E-003
   265.370625000000         3.069476153886172E-003
   265.584375000000         2.512123535761993E-003
   265.798125000000         1.828144989123744E-003
   266.011875000000         1.031239182777784E-003
   266.225625000000         1.405063401825688E-004
   266.439375000000        -8.198881527423680E-004
   266.653125000000        -1.821265288893285E-003
   266.866875000000        -2.831204499936719E-003
   267.080625000000        -3.814534185407272E-003
   267.294375000000        -4.734528229054793E-003
   267.508125000000        -5.554282912463260E-003
   267.721875000000        -6.238233677674209E-003
   267.935625000000        -6.753755639171137E-003
   268.149375000000        -7.072777173272132E-003
   268.363125000000        -7.173324042180883E-003
   268.576875000000        -7.040904017951813E-003
   268.790625000000        -6.669640288580246E-003
   269.004375000000        -6.063067050041198E-003
   269.218125000000        -5.234513028718048E-003
   269.431875000000        -4.207017979132980E-003
   269.645625000000        -3.012752508580972E-003
   269.859375000000        -1.691941296127532E-003
   270.073125000000        -2.913217800580377E-004
   270.286875000000         1.137797773953359E-003
   270.500625000000         2.541787820871262E-003
   270.714375000000         3.867137812305507E-003
   270.928125000000         5.062953737321998E-003
   271.141875000000         6.083371746546871E-003
   271.355625000000         6.889748652054951E-003
   271.569375000000         7.452501800720996E-003
   271.783125000000         7.752491485092821E-003
   271.996875000000         7.781867170925457E-003
   272.210625000000         7.544332262087393E-003
   272.424375000000         7.054818351861676E-003
   272.638125000000         6.338596192860045E-003
   272.851875000000         5.429884274394937E-003
   273.065625000000         4.370044526212322E-003
   273.279375000000         3.205476353066734E-003
   273.493125000000         1.985333659795491E-003
   273.706875000000         7.591941831273351E-004
   273.920625000000        -4.251935288744437E-004
   274.134375000000        -1.523971908898572E-003
   274.348125000000        -2.498949484594414E-003
   274.561875000000        -3.319016551928360E-003
   274.775625000000        -3.961153859122440E-003
   274.989375000000        -4.411012458316706E-003
   275.203125000000        -4.663067220729488E-003
   275.416875000000        -4.720367959069178E-003
   275.630625000000        -4.593929578560627E-003
   275.844375000000        -4.301815602729631E-003
   276.058125000000        -3.867977699859704E-003
   276.271875000000        -3.320917809069240E-003
   276.485625000000        -2.692239793627037E-003
   276.699375000000        -2.015155086510502E-003
   276.913125000000        -1.323002438777257E-003
   277.126875000000        -6.478364455781891E-004
   277.340625000000        -1.913362215681018E-005
   277.554375000000         5.373412164610201E-004
   277.768125000000         1.000471583206324E-003
   277.981875000000         1.354498555148922E-003
   278.195625000000         1.589479083736709E-003
   278.409375000000         1.701477694900574E-003
   278.623125000000         1.692485076898327E-003
   278.836875000000         1.570067728832259E-003
   279.050625000000         1.346764889307224E-003
   279.264375000000         1.039261923678226E-003
   279.478125000000         6.673824203752043E-004
   279.691875000000         2.529533479237301E-004
   279.905625000000        -1.813925039506061E-004
   280.119375000000        -6.134062139415121E-004
   280.333125000000        -1.022332237477818E-003
   280.546875000000        -1.389869122394666E-003
   280.760625000000        -1.700922254326573E-003
   280.974375000000        -1.944104335090119E-003
   281.188125000000        -2.111958708876290E-003
   281.401875000000        -2.200903085870900E-003
   281.615625000000        -2.210914691654743E-003
   281.829375000000        -2.145000130563781E-003
   282.043125000000        -2.008511986538105E-003
   282.256875000000        -1.808387311447786E-003
   282.470625000000        -1.552389061899185E-003
   282.684375000000        -1.248429329150034E-003
   282.898125000000        -9.040427915795628E-004
   283.111875000000        -5.260610299533150E-004
   283.325625000000        -1.205148538590272E-004
   283.539375000000         3.072350391919561E-004
   283.753125000000         7.521660891026596E-004
   283.966875000000         1.209112474350774E-003
   284.180625000000         1.672205794142408E-003
   284.394375000000         2.134321396208960E-003
   284.608125000000         2.586616901954513E-003
   284.821875000000         3.018242843709746E-003
   285.035625000000         3.416289565365740E-003
   285.249375000000         3.766011156972801E-003
   285.463125000000         4.051338563302359E-003
   285.676875000000         4.255663095219049E-003
   285.890625000000         4.362841626663250E-003
   286.104375000000         4.358348940969923E-003
   286.318125000000         4.230483726021378E-003
   286.531875000000         3.971524602564274E-003
   286.745625000000         3.578732350658702E-003
   286.959375000000         3.055104171477183E-003
   287.173125000000         2.409804348825057E-003
   287.386875000000         1.658221122578150E-003
   287.600625000000         8.216293583344966E-004
   287.814375000000        -7.353026166895482E-005
   288.028125000000        -9.967152706723292E-004
   288.241875000000        -1.914623173963687E-003
   288.455625000000        -2.792726574581223E-003
   288.669375000000        -3.596906164836411E-003
   288.883125000000        -4.295083089840421E-003
   289.096875000000        -4.858756942669499E-003
   289.310625000000        -5.264366983114757E-003
   289.524375000000        -5.494410361469634E-003
   289.738125000000        -5.538270144964183E-003
   289.951875000000        -5.392725715156531E-003
   290.165625000000        -5.062136769428889E-003
   290.379375000000        -4.558308274025103E-003
   290.593125000000        -3.900056386928466E-003
   290.806875000000        -3.112504304133115E-003
   291.020625000000        -2.226142456749786E-003
   291.234375000000        -1.275690226811015E-003
   291.448125000000        -2.987973705525911E-004
   291.661875000000         6.653762598414903E-004
   291.875625000000         1.577663333599356E-003
   292.089375000000         2.400432792660437E-003
   292.303125000000         3.099130324606162E-003
   292.516875000000         3.643766745559764E-003
   292.730625000000         4.010300511970984E-003
   292.944375000000         4.181856028751146E-003
   293.158125000000         4.149716500847051E-003
   293.371875000000         3.914030047774512E-003
   293.585625000000         3.484171786540872E-003
   293.799375000000         2.878713389952796E-003
   294.013125000000         2.124965585827563E-003
   294.226875000000         1.258077968470216E-003
   294.440625000000         3.197035596368167E-004
   294.654375000000        -6.437385430052450E-004
   294.868125000000        -1.583142117838564E-003
   295.081875000000        -2.449048059593954E-003
   295.295625000000        -3.194124718725099E-003
   295.509375000000        -3.775667449174729E-003
   295.723125000000        -4.157979714998310E-003
   295.936875000000        -4.314495604839279E-003
   296.150625000000        -4.229510097846117E-003
   296.364375000000        -3.899399001815887E-003
   296.578125000000        -3.333234559382851E-003
   296.791875000000        -2.552734067796777E-003
   297.005625000000        -1.591515704764642E-003
   297.219375000000        -4.936758859627724E-004
   297.433125000000         6.882565921207923E-004
   297.646875000000         1.895895253612979E-003
   297.860625000000         3.067970361052455E-003
   298.074375000000         4.143545849559234E-003
   298.288125000000         5.065302146004362E-003
   298.501875000000         5.782698912250015E-003
   298.715625000000         6.254833394555575E-003
   298.929375000000         6.452822897099527E-003
   299.143125000000         6.361563468646532E-003
   299.356875000000         5.980750073850771E-003
   299.570625000000         5.325084570826987E-003
   299.784375000000         4.423644454511919E-003
   299.998125000000         3.318434849111197E-003
   300.211875000000         2.062195666037674E-003
   300.425625000000         7.155821019837025E-004
   300.639375000000        -6.561232689068408E-004
   300.853125000000        -1.986577386279171E-003
   301.066875000000        -3.212013167608849E-003
   301.280625000000        -4.274728960591679E-003
   301.494375000000        -5.126220894830769E-003
   301.708125000000        -5.729768182731793E-003
   301.921875000000        -6.062314248840929E-003
   302.135625000000        -6.115530222022566E-003
   302.349375000000        -5.895999112911907E-003
   302.563125000000        -5.424515551477341E-003
   302.776875000000        -4.734553443937431E-003
   302.990625000000        -3.870008294028853E-003
   303.204375000000        -2.882368286692977E-003
   303.418125000000        -1.827505024027075E-003
   303.631875000000        -7.622982032412077E-004
   303.845625000000         2.586833446366964E-004
   304.059375000000         1.186229718139274E-003
   304.273125000000         1.979075964008214E-003
   304.486875000000         2.605872059250019E-003
   304.700625000000         3.046430903992919E-003
   304.914375000000         3.292203489852034E-003
   305.128125000000         3.345988173514189E-003
   305.341875000000         3.220936712247693E-003
   305.555625000000         2.938968872348333E-003
   305.769375000000         2.528746026043665E-003
   305.983125000000         2.023379154550294E-003
   306.196875000000         1.458056239345324E-003
   306.410625000000         8.677677148499358E-004
   306.624375000000         2.852874926122372E-004
   306.838125000000        -2.604665640314953E-004
   307.051875000000        -7.456114046157348E-004
   307.265625000000        -1.151982659276969E-003
   307.479375000000        -1.467336546297070E-003
   307.693125000000        -1.685125122130736E-003
   307.906875000000        -1.803933799358581E-003
   308.120625000000        -1.826691887658743E-003
   308.334375000000        -1.759775203250800E-003
   308.548125000000        -1.612114281294367E-003
   308.761875000000        -1.394403659046471E-003
   308.975625000000        -1.118479685877747E-003
   309.189375000000        -7.969000427032378E-004
   309.403125000000        -4.427219577749699E-004
   309.616875000000        -6.944249226164883E-005
   309.830625000000         3.089626090584741E-004
   310.044375000000         6.779818271808349E-004
   310.258125000000         1.022577523544276E-003
   310.471875000000         1.327339193663011E-003
   310.685625000000         1.576837174158130E-003
   310.899375000000         1.756204173157345E-003
   311.113125000000         1.851936598281933E-003
   311.326875000000         1.852870704654634E-003
   311.540625000000         1.751254709572148E-003
   311.754375000000         1.543811586612525E-003
   311.968125000000         1.232671843253671E-003
   312.181875000000         8.260535731751924E-004
   312.395625000000         3.385793231591114E-004
   312.609375000000        -2.088549333851954E-004
   312.823125000000        -7.897064829252480E-004
   313.036875000000        -1.372911476461774E-003
   313.250625000000        -1.924465165282190E-003
   313.464375000000        -2.409366835134698E-003
   313.678125000000        -2.793800553474697E-003
   313.891875000000        -3.047394706506595E-003
   314.105625000000        -3.145388980964691E-003
   314.319375000000        -3.070538503866810E-003
   314.533125000000        -2.814601267118036E-003
   314.746875000000        -2.379285148959440E-003
   314.960625000000        -1.776571859911025E-003
   315.174375000000        -1.028383036236508E-003
   315.388125000000        -1.656039663608493E-004
   315.601875000000         7.734715174883622E-004
   315.815625000000         1.745169791447065E-003
   316.029375000000         2.702802727458585E-003
   316.243125000000         3.599212466360848E-003
   316.456875000000         4.389331625675776E-003
   316.670625000000         5.032600515480838E-003
   316.884375000000         5.495099734728523E-003
   317.098125000000         5.751282158707701E-003
   317.311875000000         5.785219919077151E-003
   317.525625000000         5.591316442282912E-003
   317.739375000000         5.174468024069918E-003
   317.953125000000         4.549691288453605E-003
   318.166875000000         3.741260352926387E-003
   318.380625000000         2.781419464843012E-003
   318.594375000000         1.708752860790206E-003
   318.808125000000         5.663038051891916E-004
   319.021875000000        -6.004602117629760E-004
   319.235625000000        -1.745738465983173E-003
   319.449375000000        -2.825449357657358E-003
   319.663125000000        -3.799154914844974E-003
   319.876875000000        -4.631776109692085E-003
   320.090625000000        -5.295027596167331E-003
   320.304375000000        -5.768512455614680E-003
   320.518125000000        -6.040431640469441E-003
   320.731875000000        -6.107879098578239E-003
   320.945625000000        -5.976711927317334E-003
   321.159375000000        -5.661004939532534E-003
   321.373125000000        -5.182119949185561E-003
   321.586875000000        -4.567440764016885E-003
   321.800625000000        -3.848843873662573E-003
   322.014375000000        -3.060990561593615E-003
   322.228125000000        -2.239537105877793E-003
   322.441875000000        -1.419364579937042E-003
   322.655625000000        -6.329276914114392E-004
   322.869375000000         9.118710475556106E-005
   323.083125000000         7.294198156757977E-004
   323.296875000000         1.264058296782178E-003
   323.510625000000         1.683694535089821E-003
   323.724375000000         1.983313777583058E-003
   323.938125000000         2.164039619040952E-003
   324.151875000000         2.232579948270587E-003
   324.365625000000         2.200435119479589E-003
   324.579375000000         2.082939552591302E-003
   324.793125000000         1.898210641557722E-003
   325.006875000000         1.666074675004343E-003
   325.220625000000         1.407029553984163E-003
   325.434375000000         1.141290169116797E-003
   325.648125000000         8.879465110073310E-004
   325.861875000000         6.642491699184004E-004
   326.075625000000         4.850238604403175E-004
   326.289375000000         3.622075237847382E-004
   326.503125000000         3.044942569950155E-004
   326.716875000000         3.170798311804698E-004
   326.930625000000         4.014981277073433E-004
   327.144375000000         5.555500046464496E-004
   327.358125000000         7.733330179365617E-004
   327.571875000000         1.045387018830310E-003
   327.785625000000         1.358974053666604E-003
   327.999375000000         1.698509798131484E-003
   328.213125000000         2.046157274676855E-003
   328.426875000000         2.382581996753826E-003
   328.640625000000         2.687852006381365E-003
   328.854375000000         2.942448346888620E-003
   329.068125000000         3.128333716738065E-003
   329.281875000000         3.230011997244806E-003
   329.495625000000         3.235501527456232E-003
   329.709375000000         3.137142419735517E-003
   329.923125000000         2.932164079865358E-003
   330.136875000000         2.622953614777560E-003
   330.350625000000         2.216988077063946E-003
   330.564375000000         1.726421559803527E-003
   330.778125000000         1.167349216926429E-003
   330.991875000000         5.588010039669585E-004
   331.205625000000        -7.845517252037847E-005
   331.419375000000        -7.232013427993151E-004
   331.633125000000        -1.355038522584358E-003
   331.846875000000        -1.955527765519355E-003
   332.060625000000        -2.509106094290813E-003
   332.274375000000        -3.003702504415658E-003
   332.488125000000        -3.431009613138353E-003
   332.701875000000        -3.786401770242585E-003
   332.915625000000        -4.068526758521039E-003
   333.129375000000        -4.278631618922859E-003
   333.343125000000        -4.419709957684817E-003
   333.556875000000        -4.495575365764845E-003
   333.770625000000        -4.509971401939049E-003
   333.984375000000        -4.465822339318472E-003
   334.198125000000        -4.364711281473158E-003
   334.411875000000        -4.206645312511814E-003
   334.625625000000        -3.990134077525942E-003
   334.839375000000        -3.712572294691754E-003
   335.053125000000        -3.370882128440728E-003
   335.266875000000        -2.962341857568580E-003
   335.480625000000        -2.485505990587698E-003
   335.694375000000        -1.941111094776853E-003
   335.908125000000        -1.332862117330728E-003
   336.121875000000        -6.680056245508538E-004
   336.335625000000         4.238229701322195E-005
   336.549375000000         7.834372169817281E-004
   336.763125000000         1.536887814570475E-003
   336.976875000000         2.281755749028805E-003
   337.190625000000         2.995321943799075E-003
   337.404375000000         3.654283045616233E-003
   337.618125000000         4.236005728569101E-003
   337.831875000000         4.719779835258540E-003
   338.045625000000         5.087974290002052E-003
   338.259375000000         5.327011458052302E-003
   338.473125000000         5.428094450187089E-003
   338.686875000000         5.387645427526234E-003
   338.900625000000         5.207438545473717E-003
   339.114375000000         4.894436066263517E-003
   339.328125000000         4.460357932888671E-003
   339.541875000000         3.921031846497764E-003
   339.755625000000         3.295581463319909E-003
   339.969375000000         2.605514372762299E-003
   340.183125000000         1.873769471022963E-003
