  -1.60312500000000         7.553415187022483E-021
  -1.38937500000000         2.589383155644154E-018
  -1.17562500000000         2.656537671811739E-017
 -0.961875000000000         1.644101625684734E-016
 -0.748125000000000         7.815577167871013E-016
 -0.534375000000000         3.088666219814940E-015
 -0.320625000000000         1.052039570095319E-014
 -0.106875000000000         3.154517196047658E-014
  0.106875000000000         8.453919816249851E-014
  0.320625000000000         2.050532987331437E-013
  0.534375000000000         4.551310174474614E-013
  0.748125000000000         9.334766090387446E-013
  0.961875000000000         1.784521374743429E-012
   1.17562500000000         3.204052848491852E-012
   1.38937500000000         5.439020460100770E-012
   1.60312500000000         8.780177007961445E-012
   1.81687500000000         1.354711086040337E-011
   2.03062500000000         2.006584601291988E-011
   2.24437500000000         2.864152331926195E-011
   2.45812500000000         3.952867416182943E-011
   2.67187500000000         5.290212721902954E-011
   2.88562500000000         6.883305204141289E-011
   3.09937500000000         8.727322172291604E-011
   3.31312500000000         1.080497521573252E-010
   3.52687500000000         1.308719054968034E-010
   3.74062500000000         1.553506339403970E-010
   3.95437500000000         1.810273680990505E-010
   4.16812500000000         2.074085013767655E-010
   4.38187500000000         2.340037785716641E-010
   4.59562500000000         2.603616695885961E-010
   4.80937500000000         2.860974398943366E-010
   5.02312500000000         3.109113422762763E-010
   5.23687500000000         3.345952199988140E-010
   5.45062500000000         3.570276890382079E-010
   5.66437500000000         3.781593880937942E-010
   5.87812500000000         3.979952786573927E-010
   6.09187500000000         4.165756488401264E-010
   6.30562500000000         4.339613186247476E-010
   6.51937500000000         4.502290746702485E-010
   6.73312500000000         4.654776314697792E-010
   6.94687500000000         4.798417854083614E-010
   7.16062500000000         4.935139002311537E-010
   7.37437500000000         5.067689040637180E-010
   7.58812500000000         5.199832804627298E-010
   7.80187500000000         5.336423873646469E-010
   8.01562500000000         5.483328657078985E-010
   8.22937500000000         5.647171899352040E-010
   8.44312500000000         5.834892004189924E-010
   8.65687500000000         6.053171424263907E-010
   8.87062500000000         6.307803963852672E-010
   9.08437500000000         6.603081969207368E-010
   9.29812500000000         6.941300655277700E-010
   9.51187500000000         7.322463125572584E-010
   9.72562500000000         7.744223580705669E-010
   9.93937500000000         8.202095655556617E-010
   10.1531250000000         8.689900479681865E-010
   10.3668750000000         9.200374158868722E-010
   10.5806250000000         9.725864212570918E-010
   10.7943750000000         1.025899571584155E-009
   11.0081250000000         1.079322278986844E-009
   11.2218750000000         1.132319028786623E-009
   11.4356250000000         1.184486948426180E-009
   11.6493750000000         1.235548889126277E-009
   11.8631250000000         1.285329924746834E-009
   12.0768750000000         1.333724963337946E-009
   12.2906250000000         1.380668119650162E-009
   12.5043750000000         1.426111786038480E-009
   12.7181250000000         1.470021481114055E-009
   12.9318750000000         1.512390392293566E-009
   13.1456250000000         1.553269770050792E-009
   13.3593750000000         1.592808469495924E-009
   13.5731250000000         1.631293885246513E-009
   13.7868750000000         1.669182106985854E-009
   14.0006250000000         1.707107689551654E-009
   14.2143750000000         1.745866516061932E-009
   14.4281250000000         1.786368651081162E-009
   14.6418750000000         1.829566485469636E-009
   14.8556250000000         1.876365523157858E-009
   15.0693750000000         1.927529897122885E-009
   15.2831250000000         1.983597577243585E-009
   15.4968750000000         2.044818750342760E-009
   15.7106250000000         2.111127397009389E-009
   15.9243750000000         2.182151194876265E-009
   16.1381250000000         2.257259128183254E-009
   16.3518750000000         2.335640786351732E-009
   16.5656250000000         2.416404506729952E-009
   16.7793750000000         2.498679483312563E-009
   16.9931250000000         2.581707006476037E-009
   17.2068750000000         2.664906088195175E-009
   17.4206250000000         2.747906763854870E-009
   17.6343750000000         2.830546245366954E-009
   17.8481250000000         2.912830875178820E-009
   18.0618750000000         2.994874650220255E-009
   18.2756250000000         3.076824588340785E-009
   18.4893750000000         3.158790126005777E-009
   18.7031250000000         3.240788271168476E-009
   18.9168750000000         3.322715257049936E-009
   19.1306250000000         3.404349766623373E-009
   19.3443750000000         3.485387314057927E-009
   19.5581250000000         3.565499402042903E-009
   19.7718750000000         3.644405142217390E-009
   19.9856250000000         3.721945134059814E-009
   20.1993750000000         3.798142334519456E-009
   20.4131250000000         3.873239368776238E-009
   20.6268750000000         3.947705906862977E-009
   20.8406250000000         4.022214323811621E-009
   21.0543750000000         4.097585672532244E-009
   21.2681250000000         4.174715207264131E-009
   21.4818750000000         4.254488358103317E-009
   21.6956250000000         4.337698507512198E-009
   21.9093750000000         4.424979018068822E-009
   22.1231250000000         4.516758290679746E-009
   22.3368750000000         4.613242794310893E-009
   22.5506250000000         4.714428156572225E-009
   22.7643750000000         4.820135482814397E-009
   22.9781250000000         4.930065207766139E-009
   23.1918750000000         5.043858336508366E-009
   23.4056250000000         5.161156111777941E-009
   23.6193750000000         5.281648502227317E-009
   23.8331250000000         5.405104348907938E-009
   24.0468750000000         5.531380839229162E-009
   24.2606250000000         5.660412969681412E-009
   24.4743750000000         5.792185861668074E-009
   24.6881250000000         5.926697125675170E-009
   24.9018750000000         6.063917012595894E-009
   25.1156250000000         6.203755473848387E-009
   25.3293750000000         6.346042112228229E-009
   25.5431250000000         6.490524144948219E-009
   25.7568750000000         6.636883749643026E-009
   25.9706250000000         6.784772850165528E-009
   26.1843750000000         6.933861242009855E-009
   26.3981250000000         7.083891210876706E-009
   26.6118750000000         7.234730032752356E-009
   26.8256250000000         7.386410759150332E-009
   27.0393750000000         7.539156929484187E-009
   27.2531250000000         7.693384349490065E-009
   27.4668750000000         7.849678016636533E-009
   27.6806250000000         8.008747082008406E-009
   27.8943750000000         8.171361714693600E-009
   28.1081250000000         8.338280005756294E-009
   28.3218750000000         8.510175180834463E-009
   28.5356250000000         8.687570391549889E-009
   28.7493750000000         8.870789926686426E-009
   28.9631250000000         9.059934521215391E-009
   29.1768750000000         9.254881150181580E-009
   29.3906250000000         9.455306635173754E-009
   29.6043750000000         9.660731779491236E-009
   29.8181250000000         9.870577480196605E-009
   30.0318750000000         1.008422440064917E-008
   30.2456250000000         1.030106806848595E-008
   30.4593750000000         1.052056085201431E-008
   30.6731250000000         1.074223622300356E-008
   30.8868750000000         1.096571372175347E-008
   31.1006250000000         1.119068563827305E-008
   31.3143750000000         1.141689077146475E-008
   31.5281250000000         1.164408212858670E-008
   31.7418750000000         1.187199686354315E-008
   31.9556250000000         1.210033543285639E-008
   32.1693750000000         1.232875631964386E-008
   32.3831250000000         1.255688922241989E-008
   32.5968750000000         1.278436616691021E-008
   32.8106250000000         1.301086624749158E-008
   33.0243750000000         1.323616671668670E-008
   33.2381250000000         1.346019302994571E-008
   33.4518750000000         1.368305799226471E-008
   33.6656250000000         1.390508227885741E-008
   33.8793750000000         1.412679166776121E-008
   34.0931250000000         1.434888859860774E-008
   34.3068750000000         1.457220079315342E-008
   34.5206250000000         1.479761297369761E-008
   34.7343750000000         1.502598966816144E-008
   34.9481250000000         1.525810007667177E-008
   35.1618750000000         1.549455476296418E-008
   35.3756250000000         1.573576266778389E-008
   35.5893750000000         1.598191518696651E-008
   35.8031250000000         1.623299860645080E-008
   36.0168750000000         1.648883269561452E-008
   36.2306250000000         1.674913080841234E-008
   36.4443750000000         1.701357134314122E-008
   36.6581250000000         1.728187001431809E-008
   36.8718750000000         1.755384345373209E-008
   37.0856250000000         1.782945289510543E-008
   37.2993750000000         1.810882179013885E-008
   37.5131250000000         1.839222448695174E-008
   37.7268750000000         1.868004830717404E-008
   37.9406250000000         1.897273332741701E-008
   38.1543750000000         1.927069846318389E-008
   38.3681250000000         1.957426612807664E-008
   38.5818750000000         1.988359768594153E-008
   38.7956250000000         2.019864820255748E-008
   39.0093750000000         2.051914905260989E-008
   39.2231250000000         2.084462446114060E-008
   39.4368750000000         2.117443627145294E-008
   39.6506250000000         2.150785419774432E-008
   39.8643750000000         2.184414264109822E-008
   40.0781250000000         2.218265071869593E-008
   40.2918750000000         2.252289418319245E-008
   40.5056250000000         2.286461777141950E-008
   40.7193750000000         2.320783020187928E-008
   40.9331250000000         2.355280720138169E-008
   41.1468750000000         2.390006416027693E-008
   41.3606250000000         2.425030239838663E-008
   41.5743750000000         2.460433759529688E-008
   41.7881250000000         2.496302218492660E-008
   42.0018750000000         2.532717017565580E-008
   42.2156250000000         2.569749461549664E-008
   42.4293750000000         2.607456285981807E-008
   42.6431250000000         2.645877190855212E-008
   42.8568750000000         2.685034164649794E-008
   43.0706250000000         2.724932078807296E-008
   43.2843750000000         2.765559983412068E-008
   43.4981250000000         2.806892487450274E-008
   43.7118750000000         2.848890981265012E-008
   43.9256250000000         2.891504386268404E-008
   44.1393750000000         2.934670092430234E-008
   44.3531250000000         2.978315565874996E-008
   44.5668750000000         3.022361299741793E-008
   44.7806250000000         3.066725980941738E-008
   44.9943750000000         3.111333883087477E-008
   45.2081250000000         3.156124231106987E-008
   45.4218750000000         3.201061546381438E-008
   45.6356250000000         3.246145140320950E-008
   45.8493750000000         3.291415521507312E-008
   46.0631250000000         3.336955346983062E-008
   46.2768750000000         3.382882894792766E-008
   46.4906250000000         3.429337004992022E-008
   46.7043750000000         3.476453585767694E-008
   46.9181250000000         3.524335573891287E-008
   47.1318750000000         3.573020156425381E-008
   47.3456250000000         3.622448323191935E-008
   47.5593750000000         3.672442857978134E-008
   47.7731250000000         3.722700865444352E-008
   47.9868750000000         3.772806090465856E-008
   48.2006250000000         3.822264054277228E-008
   48.4143750000000         3.870559876599649E-008
   48.6281250000000         3.917235093982780E-008
   48.8418750000000         3.961975590593167E-008
   49.0556250000000         4.004699443534506E-008
   49.2693750000000         4.045630882316525E-008
   49.4831250000000         4.085345920351313E-008
   49.6968750000000         4.124776299505073E-008
   49.9106250000000         4.165162111857599E-008
   50.1243750000000         4.207949306817552E-008
   50.3381250000000         4.254635443310197E-008
   50.5518750000000         4.306575286149328E-008
   50.7656250000000         4.364766196684806E-008
   50.9793750000000         4.429639834227601E-008
   51.1931250000000         4.500890808273854E-008
   51.4068750000000         4.577373464703268E-008
   51.6206250000000         4.657094051718583E-008
   51.8343750000000         4.737317457489440E-008
   52.0481250000000         4.814795005215026E-008
   52.2618750000000         4.886104289517862E-008
   52.4756250000000         4.948075072239085E-008
   52.6893750000000         4.998258701097842E-008
   52.9031250000000         5.035385224640134E-008
   53.1168750000000         5.059744619075393E-008
   53.3306250000000         5.073427181385260E-008
   53.5443750000000         5.080366464639024E-008
   53.7581250000000         5.086145131195206E-008
   53.9718750000000         5.097548646330133E-008
   54.1856250000000         5.121883611799644E-008
   54.3993750000000         5.166111340564455E-008
   54.6131250000000         5.235880079153376E-008
   54.8268750000000         5.334566887862726E-008
   55.0406250000000         5.462456817554524E-008
   55.2543750000000         5.616189775665487E-008
   55.4681250000000         5.788590916289168E-008
   55.6818750000000         5.968968811909272E-008
   55.8956250000000         6.143917850250272E-008
   56.1093750000000         6.298600466541807E-008
   56.3231250000000         6.418418524450324E-008
   56.5368750000000         6.490918722543295E-008
   56.7506250000000         6.507721926510389E-008
   56.9643750000000         6.466231198107822E-008
   57.1781250000000         6.370864924549650E-008
   57.3918750000000         6.233584360093735E-008
   57.6056250000000         6.073541607145041E-008
   57.8193750000000         5.915761472514180E-008
   58.0331250000000         5.788882210446198E-008
   58.2468750000000         5.722103958272210E-008
   58.4606250000000         5.741616986736961E-008
   58.6743750000000         5.866887038257699E-008
   58.8881250000000         6.107246721259594E-008
   59.1018750000000         6.459266254435117E-008
   59.3156250000000         6.905344019641046E-008
   59.5293750000000         7.413864341940830E-008
   59.7431250000000         7.941119524658536E-008
   59.9568750000000         8.434998269930133E-008
   60.1706250000000         8.840221012840077E-008
   60.3843750000000         9.104680174849088E-008
   60.5981250000000         9.186246626498493E-008
   60.8118750000000         9.059262032821950E-008
   61.0256250000000         8.719874739840353E-008
   61.2393750000000         8.189411385677141E-008
   61.4531250000000         7.515115685237171E-008
   61.6668750000000         6.767826459552847E-008
   61.8806250000000         6.036488777058659E-008
   62.0943750000000         5.419766604519056E-008
   62.3081250000000         5.015413799846836E-008
   62.5218750000000         4.908413029053850E-008
   62.7356250000000         5.159165263351266E-008
   62.9493750000000         5.793161598752630E-008
   63.1631250000000         6.793562160776026E-008
   63.3768750000000         8.097926753011271E-008
   63.5906250000000         9.599991291401785E-008
   63.8043750000000         1.115688628231344E-007
   64.0181250000000         1.260159016699421E-007
   64.2318750000000         1.375976449363034E-007
   64.4456250000000         1.446949899651836E-007
   64.6593750000000         1.460198017748853E-007
   64.8731250000000         1.408075915798236E-007
   65.0868750000000         1.289718977580814E-007
   65.3006250000000         1.111977632456336E-007
   65.5143750000000         8.895619225895532E-008
   65.7281250000000         6.442854129691495E-008
   65.9418750000000         4.033892618704348E-008
   66.1556250000000         1.970307966596430E-008
   66.3693750000000         5.512615619884983E-009
   66.5831250000000         3.831918178177367E-010
   66.7968750000000         6.202437689233046E-009
   67.0106250000000         2.381767298254730E-008
   67.2243750000000         5.280361139740714E-008
   67.4381250000000         9.134598141647793E-008
   67.6518750000000         1.362683073690254E-007
   67.8656250000000         1.832164760933348E-007
   68.0793750000000         2.270001118500174E-007
   68.2931250000000         2.620725389757572E-007
   68.5068750000000         2.831139184917321E-007
   68.7206250000000         2.856667792805071E-007
   68.9343750000000         2.667614268018719E-007
   69.1481250000000         2.254622182596306E-007
   69.3618750000000         1.632656180030969E-007
   69.5756250000000         8.428801463084342E-008
   69.7893750000000        -4.804484070761314E-009
   70.0031250000000        -9.515132415668848E-008
   70.2168750000000        -1.763389697214542E-007
   70.4306250000000        -2.373006060985932E-007
   70.6443750000000        -2.674163528957269E-007
   70.8581250000000        -2.577285771793745E-007
   71.0718750000000        -2.021642231904017E-007
   71.2856250000000        -9.864109620375959E-008
   71.4993750000000         5.006993701794079E-008
   71.7131250000000         2.358482241507723E-007
   71.9268750000000         4.451944570173309E-007
   72.1406250000000         6.597409257525145E-007
   72.3543750000000         8.573303519143974E-007
   72.5681250000000         1.013642710454194E-006
   72.7818750000000         1.104294674479593E-006
   72.9956250000000         1.107281119561043E-006
   73.2093750000000         1.005577366616024E-006
   73.4231250000000         7.896796069146419E-007
   73.6368750000000         4.598341205128616E-007
   73.8506250000000         2.769775722611230E-008
   74.0643750000000        -4.828140682367342E-007
   74.2781250000000        -1.035698141920023E-006
   74.4918750000000        -1.584198040987333E-006
   74.7056250000000        -2.073364665264498E-006
   74.9193750000000        -2.443804268714221E-006
   75.1331250000000        -2.636463540428325E-006
   75.3468750000000        -2.598185836210076E-006
   75.5606250000000        -2.287663212561840E-006
   75.7743750000000        -1.681315747735487E-006
   75.9881250000000        -7.785631286511052E-007
   76.2018750000000         3.940767404491815E-007
   76.4156250000000         1.780613324723661E-006
   76.6293750000000         3.295420829664449E-006
   76.8431250000000         4.825659772751122E-006
   77.0568750000000         6.236490578307562E-006
   77.2706250000000         7.379079669481716E-006
   77.4843750000000         8.101159667413289E-006
   77.6981250000000         8.259650454571341E-006
   77.9118750000000         7.734596218987493E-006
   78.1256250000000         6.443446837164193E-006
   78.3393750000000         4.354532781165424E-006
   78.5531250000000         1.498473137394027E-006
   78.7668750000000        -2.023764440570398E-006
   78.9806250000000        -6.037350398900412E-006
   79.1943750000000        -1.029563113592957E-005
   79.4081250000000        -1.448841745036337E-005
   79.6218750000000        -1.825681610379784E-005
   79.8356250000000        -2.121440751441737E-005
   80.0493750000000        -2.297402901905130E-005
   80.2631250000000        -2.317886222851370E-005
   80.4768750000000        -2.153598781910523E-005
   80.6906250000000        -1.785010822549517E-005
   80.9043750000000        -1.205479488548596E-005
   81.1181250000000        -4.238435108442744E-006
   81.3318750000000         5.337930091793922E-006
   81.5456250000000         1.623344738634365E-005
   81.7593750000000         2.783307153684738E-005
   81.9731250000000         3.936736957113089E-005
   82.1868750000000         4.994701951710379E-005
   82.4006250000000         5.861146586597257E-005
   82.6143750000000         6.439005192797621E-005
   82.8281250000000         6.637278942657091E-005
   83.0418750000000         6.378683355873567E-005
   83.2556250000000         5.607379727105380E-005
   83.4693750000000         4.296234979363698E-005
   83.6831250000000         2.453018089371518E-005
   83.8968750000000         1.249437709546260E-006
   84.1106250000000        -2.598980257260591E-005
   84.3243750000000        -5.588255867635333E-005
   84.5381250000000        -8.674167210026940E-005
   84.7518750000000        -1.165617237008842E-004
   84.9656250000000        -1.431136150139693E-004
   85.1793750000000        -1.640670857205356E-004
   85.3931250000000        -1.771361802296835E-004
   85.6068750000000        -1.802405152098200E-004
   85.8206250000000        -1.716732962582756E-004
   86.0343750000000        -1.502655435425937E-004
   86.2481250000000        -1.155350573678799E-004
   86.4618750000000        -6.780840456922289E-005
   86.6756250000000        -8.304719523744053E-006
   86.8893750000000         6.082857056009121E-005
   87.1031250000000         1.365358783592095E-004
   87.3168750000000         2.149343944193811E-004
   87.5306250000000         2.914573357065468E-004
   87.7443750000000         3.610571326307396E-004
   87.9581250000000         4.184620853903507E-004
   88.1718750000000         4.584759531729828E-004
   88.3856250000000         4.763061713074017E-004
   88.5993750000000         4.679031943545205E-004
   88.8131250000000         4.302910951498674E-004
   89.0268750000000         3.618682357566065E-004
   89.2406250000000         2.626567400470338E-004
   89.4543750000000         1.344807464801106E-004
   89.6681250000000        -1.894396812015553E-005
   89.8818750000000        -1.920224864381094E-004
   90.0956250000000        -3.774037910676138E-004
   90.3093750000000        -5.662167772790383E-004
   90.5231250000000        -7.484150713900546E-004
   90.7368750000000        -9.132196617430997E-004
   90.9506250000000        -1.049641710805457E-003
   91.1643750000000        -1.147061899845049E-003
   91.3781250000000        -1.195837683887129E-003
   91.5918750000000        -1.187906284927266E-003
   91.8056250000000        -1.117349436972570E-003
   92.0193750000000        -9.808860338317300E-004
   92.2331250000000        -7.782610207722968E-004
   92.4468750000000        -5.125030866124272E-004
   92.6606250000000        -1.900297916817451E-004
   92.8743750000000         1.794135827334900E-004
   93.0881250000000         5.829863654802922E-004
   93.3018750000000         1.005151438715341E-003
   93.5156250000000         1.428226665031796E-003
   93.7293750000000         1.833065619197256E-003
   93.9431250000000         2.199836489230499E-003
   94.1568750000000         2.508861686028558E-003
   94.3706250000000         2.741476450681624E-003
   94.5843750000000         2.880862895088509E-003
   94.7981250000000         2.912816625713912E-003
   95.0118750000000         2.826406387505496E-003
   95.2256250000000         2.614492859352011E-003
   95.4393750000000         2.274080504668293E-003
   95.6531250000000         1.806485756911308E-003
   95.8668750000000         1.217315211673660E-003
   96.0806250000000         5.162582404382970E-004
   96.2943750000000        -2.832911587678551E-004
   96.5081250000000        -1.164759079233913E-003
   96.7218750000000        -2.109031051640774E-003
   96.9356250000000        -3.095168470560344E-003
   97.1493750000000        -4.101161444198562E-003
   97.3631250000000        -5.104676987960997E-003
   97.5768750000000        -6.083763750975663E-003
   97.7906250000000        -7.017479241130312E-003
   98.0043750000000        -7.886412440967076E-003
   98.2181250000000        -8.673083276403228E-003
   98.4318750000000        -9.362209990433124E-003
   98.6456250000000        -9.940845391198756E-003
   98.8593750000000        -1.039839247215340E-002
   99.0731250000000        -1.072651835342886E-002
   99.2868750000000        -1.091899225637847E-002
   99.5006250000000        -1.097147780580405E-002
   99.7143750000000        -1.088131201963229E-002
   99.9281250000000        -1.064730273597564E-002
   100.141875000000        -1.026957297607109E-002
   100.355625000000        -9.749475072340131E-003
   100.569375000000        -9.089589703919460E-003
   100.783125000000        -8.293815828162696E-003
   100.996875000000        -7.367547540889324E-003
   101.210625000000        -6.317923876238423E-003
   101.424375000000        -5.154128226122474E-003
   101.638125000000        -3.887706147831957E-003
   101.851875000000        -2.532864486337312E-003
   102.065625000000        -1.106711492170423E-003
   102.279375000000         3.706026673472612E-004
   102.493125000000         1.875882748923857E-003
   102.706875000000         3.383054402878880E-003
   102.920625000000         4.863522205686618E-003
   103.134375000000         6.286731412776407E-003
   103.348125000000         7.620931997592875E-003
   103.561875000000         8.834129405293661E-003
   103.775625000000         9.895192139392399E-003
   103.989375000000         1.077507274677247E-002
   104.203125000000         1.144808690110539E-002
   104.416875000000         1.189318598047632E-002
   104.630625000000         1.209515255276072E-002
   104.844375000000         1.204564611801879E-002
   105.058125000000         1.174402869741584E-002
   105.271875000000         1.119790654565440E-002
   105.485625000000         1.042333527605452E-002
   105.699375000000         9.444650629473188E-003
   105.913125000000         8.293905332221763E-003
   106.126875000000         7.009913078414764E-003
   106.340625000000         5.636922546574548E-003
   106.554375000000         4.222966285678676E-003
   106.768125000000         2.817949975616979E-003
   106.981875000000         1.471565677056629E-003
   107.195625000000         2.311270147626394E-004
   107.409375000000        -8.605662719497271E-004
   107.623125000000        -1.767223148777527E-003
   107.836875000000        -2.460806564033118E-003
   108.050625000000        -2.922928972867631E-003
   108.264375000000        -3.145812737385616E-003
   108.478125000000        -3.132750417515571E-003
   108.691875000000        -2.898024935149408E-003
   108.905625000000        -2.466277855886296E-003
   109.119375000000        -1.871344041832493E-003
   109.333125000000        -1.154600965708718E-003
   109.546875000000        -3.629092501711429E-004
   109.760625000000         4.537542440778580E-004
   109.974375000000         1.244849809780365E-003
   110.188125000000         1.961880592674666E-003
   110.401875000000         2.560910655983237E-003
   110.615625000000         3.004857672711828E-003
   110.829375000000         3.265432761423086E-003
   111.043125000000         3.324617851487523E-003
   111.256875000000         3.175595538078480E-003
   111.470625000000         2.823076314204292E-003
   111.684375000000         2.283001635427181E-003
   111.898125000000         1.581636513886330E-003
   112.111875000000         7.541001481254468E-004
   112.325625000000        -1.575846312122832E-004
   112.539375000000        -1.106814553753920E-003
   112.753125000000        -2.044971644349378E-003
   112.966875000000        -2.924087407039530E-003
   113.180625000000        -3.699455790233631E-003
   113.394375000000        -4.332048467522874E-003
   113.608125000000        -4.790597756645170E-003
   113.821875000000        -5.053232151702084E-003
   114.035625000000        -5.108575756171195E-003
   114.249375000000        -4.956254267495026E-003
   114.463125000000        -4.606784669216232E-003
   114.676875000000        -4.080861348235442E-003
   114.890625000000        -3.408085843415349E-003
   115.104375000000        -2.625218807888667E-003
   115.318125000000        -1.774059206842420E-003
   115.531875000000        -8.990757756063758E-004
   115.745625000000        -4.492824076335314E-005
   115.959375000000         7.459798598784619E-004
   116.173125000000         1.435778857289293E-003
   116.386875000000         1.993115062936061E-003
   116.600625000000         2.394730147110882E-003
   116.814375000000         2.626555366891260E-003
   117.028125000000         2.684267280129608E-003
   117.241875000000         2.573283185243629E-003
   117.455625000000         2.308206817321529E-003
   117.669375000000         1.911765949603748E-003
   117.883125000000         1.413311745580298E-003
   118.096875000000         8.469734361217556E-004
   118.310625000000         2.495799002257717E-004
   118.524375000000        -3.415289020431114E-004
   118.738125000000        -8.906734794631412E-004
   118.951875000000        -1.365865225890360E-003
   119.165625000000        -1.740581606666891E-003
   119.379375000000        -1.995188339499136E-003
   119.593125000000        -2.117932408104866E-003
   119.806875000000        -2.105455373788684E-003
   120.020625000000        -1.962804607961903E-003
   120.234375000000        -1.702949156420213E-003
   120.448125000000        -1.345835330123783E-003
   120.661875000000        -9.170432178637764E-004
   120.875625000000        -4.461276919548038E-004
   121.089375000000         3.525509891227918E-005
   121.303125000000         4.953232344941136E-004
   121.516875000000         9.041290112490863E-004
   121.730625000000         1.235387679633248E-003
   121.944375000000         1.468067633851967E-003
   122.158125000000         1.587649359121367E-003
   122.371875000000         1.586980364740207E-003
   122.585625000000         1.466677429994611E-003
   122.799375000000         1.235054375735897E-003
   123.013125000000         9.075816930739724E-004
   123.226875000000         5.059120787647139E-004
   123.440625000000         5.653162551158088E-005
   123.654375000000        -4.108814161016836E-004
   123.868125000000        -8.652910617886549E-004
   124.081875000000        -1.276220514414139E-003
   124.295625000000        -1.615636017032864E-003
   124.509375000000        -1.859684077948932E-003
   124.723125000000        -1.990177289991706E-003
   124.936875000000        -1.995739019226579E-003
   125.150625000000        -1.872537676091691E-003
   125.364375000000        -1.624565891207208E-003
   125.578125000000        -1.263447230136006E-003
   125.791875000000        -8.077814603624275E-004
   126.005625000000        -2.820671259799981E-004
   126.219375000000         2.847343766420955E-004
   126.433125000000         8.609074255459444E-004
   126.646875000000         1.413861235363224E-003
   126.860625000000         1.912066740067656E-003
   127.074375000000         2.326935075274441E-003
   127.288125000000         2.634524789103956E-003
   127.501875000000         2.816975014381670E-003
   127.715625000000         2.863578087493135E-003
   127.929375000000         2.771426531515074E-003
   128.143125000000         2.545594660049404E-003
   128.356875000000         2.198842803004082E-003
   128.570625000000         1.750860668163060E-003
   128.784375000000         1.227093952989980E-003
   128.998125000000         6.572233856176557E-004
   129.211875000000         7.338642672141942E-005
   129.425625000000        -4.917523390564555E-004
   129.639375000000        -1.006966495328403E-003
   129.853125000000        -1.444350333615500E-003
   130.066875000000        -1.781004387629027E-003
   130.280625000000        -2.000420692121287E-003
   130.494375000000        -2.093481696490284E-003
   130.708125000000        -2.059009240531848E-003
   130.921875000000        -1.903826503142740E-003
   131.135625000000        -1.642324868467268E-003
   131.349375000000        -1.295557555446271E-003
   131.563125000000        -8.899108855476462E-004
   131.776875000000        -4.554304960543792E-004
   131.990625000000        -2.390203225859747E-005
   132.204375000000         3.731975326490328E-004
   132.418125000000         7.067519081906337E-004
   132.631875000000         9.519323625034509E-004
   132.845625000000         1.089876371427463E-003
   133.059375000000         1.109007990709579E-003
   133.273125000000         1.005910020618224E-003
   133.486875000000         7.856841903996475E-004
   133.700625000000         4.617663460818548E-004
   133.914375000000         5.519720748013322E-005
   134.128125000000        -4.066163382560294E-004
   134.341875000000        -8.915813461019198E-004
   134.555625000000        -1.364942599578941E-003
   134.769375000000        -1.791528086192958E-003
   134.983125000000        -2.138077016678668E-003
   135.196875000000        -2.375502495291099E-003
   135.410625000000        -2.480941419371913E-003
   135.624375000000        -2.439454116574278E-003
   135.838125000000        -2.245255252612994E-003
   136.051875000000        -1.902384692825113E-003
   136.265625000000        -1.424760747975613E-003
   136.479375000000        -8.355965710181617E-004
   136.693125000000        -1.662010289545266E-004
   136.906875000000         5.457744290789845E-004
   137.120625000000         1.258544178875223E-003
   137.334375000000         1.928721658576619E-003
   137.548125000000         2.514022970392362E-003
   137.761875000000         2.975971804059645E-003
   137.975625000000         3.282432675619632E-003
   138.189375000000         3.409806617871480E-003
   138.403125000000         3.344741480638068E-003
   138.616875000000         3.085236950688452E-003
   138.830625000000         2.641060661438419E-003
   139.044375000000         2.033434133358778E-003
   139.258125000000         1.293993128649423E-003
   139.471875000000         4.630734065137263E-004
   139.685625000000        -4.125831679639243E-004
   139.899375000000        -1.282568562258344E-003
   140.113125000000        -2.095830219034156E-003
   140.326875000000        -2.803789322959936E-003
   140.540625000000        -3.363361367292828E-003
   140.754375000000        -3.739687705279599E-003
   140.968125000000        -3.908402014626503E-003
   141.181875000000        -3.857282271600634E-003
   141.395625000000        -3.587175371752062E-003
   141.609375000000        -3.112125742239897E-003
   141.823125000000        -2.458688445693020E-003
   142.036875000000        -1.664458310498065E-003
   142.250625000000        -7.758963172337006E-004
   142.464375000000         1.544203433687877E-004
   142.678125000000         1.070960364447620E-003
   142.891875000000         1.918620529858036E-003
   143.105625000000         2.646119901659806E-003
   143.319375000000         3.209194676973403E-003
   143.533125000000         3.573392476032647E-003
   143.746875000000         3.716287651972814E-003
   143.960625000000         3.628973489502901E-003
   144.174375000000         3.316730840496617E-003
   144.388125000000         2.798823172449696E-003
   144.601875000000         2.107422072004735E-003
   144.815625000000         1.285721582474110E-003
   145.029375000000         3.853509448368923E-004
   145.243125000000        -5.367598937508644E-004
   145.456875000000        -1.421872117097678E-003
   145.670625000000        -2.213073401089328E-003
   145.884375000000        -2.858832234760422E-003
   146.098125000000        -3.316249872156740E-003
   146.311875000000        -3.553805705102112E-003
   146.525625000000        -3.553421878714184E-003
   146.739375000000        -3.311714118321663E-003
   146.953125000000        -2.840345482921304E-003
   147.166875000000        -2.165455027481507E-003
   147.380625000000        -1.326190693509821E-003
   147.594375000000        -3.724315497781150E-004
   147.808125000000         6.381647559306603E-004
   148.021875000000         1.643611024020446E-003
   148.235625000000         2.581326254305373E-003
   148.449375000000         3.391929950734114E-003
   148.663125000000         4.022862623893324E-003
   148.876875000000         4.431610476402582E-003
   149.090625000000         4.588336490261270E-003
   149.304375000000         4.477756738195958E-003
   149.518125000000         4.100147394101135E-003
   149.731875000000         3.471421655627627E-003
   149.945625000000         2.622273195519140E-003
   150.159375000000         1.596440176555726E-003
   150.373125000000         4.481976538474821E-004
   150.586875000000        -7.607670511441672E-004
   150.800625000000        -1.964904619642666E-003
   151.014375000000        -3.098563694606518E-003
   151.228125000000        -4.099733710020896E-003
   151.441875000000        -4.913547175391120E-003
   151.655625000000        -5.495335317090779E-003
   151.869375000000        -5.813060947856542E-003
   152.083125000000        -5.848992990429578E-003
   152.296875000000        -5.600535488862847E-003
   152.510625000000        -5.080176992747192E-003
   152.724375000000        -4.314580429113842E-003
   152.938125000000        -3.342885493291134E-003
   153.151875000000        -2.214341911063558E-003
   153.365625000000        -9.854297912628319E-004
   153.579375000000         2.833495510664296E-004
   153.793125000000         1.530813969917195E-003
   154.006875000000         2.698371660778188E-003
   154.220625000000         3.733033347580042E-003
   154.434375000000         4.589997984484087E-003
   154.648125000000         5.234676650785741E-003
   154.861875000000         5.644059009882496E-003
   155.075625000000         5.807371094274360E-003
   155.289375000000         5.726019215226405E-003
   155.503125000000         5.412859400594279E-003
   155.716875000000         4.890872043779184E-003
   155.930625000000         4.191354882297335E-003
   156.144375000000         3.351772033779736E-003
   156.358125000000         2.413411275308280E-003
   156.571875000000         1.419005464191721E-003
   156.785625000000         4.104671219666851E-004
   156.999375000000        -5.731313824299817E-004
   157.213125000000        -1.497224388366812E-003
   157.426875000000        -2.332989496069620E-003
   157.640625000000        -3.058112031756482E-003
   157.854375000000        -3.657071139726833E-003
   158.068125000000        -4.120975556093243E-003
   158.281875000000        -4.447007582702080E-003
   158.495625000000        -4.637558297578212E-003
   158.709375000000        -4.699154029088345E-003
   158.923125000000        -4.641282596454493E-003
   159.136875000000        -4.475227443382786E-003
   159.350625000000        -4.213008894001180E-003
   159.564375000000        -3.866515301286558E-003
   159.778125000000        -3.446884348477224E-003
   159.991875000000        -2.964168145705125E-003
   160.205625000000        -2.427287260683733E-003
   160.419375000000        -1.844250768867211E-003
   160.633125000000        -1.222594074652501E-003
   160.846875000000        -5.699656732688574E-004
   161.060625000000         1.052201655514887E-004
   161.274375000000         7.931544798792260E-004
   161.488125000000         1.482116774857390E-003
   161.701875000000         2.158149261945485E-003
   161.915625000000         2.804984688086227E-003
   162.129375000000         3.404267907417954E-003
   162.343125000000         3.936084921034476E-003
   162.556875000000         4.379784743693706E-003
   162.770625000000         4.715051452196100E-003
   162.984375000000         4.923158423846939E-003
   163.198125000000         4.988316195475254E-003
   163.411875000000         4.899011324421011E-003
   163.625625000000         4.649227384493710E-003
   163.839375000000         4.239441463258763E-003
   164.053125000000         3.677300275670022E-003
   164.266875000000         2.977898651632914E-003
   164.480625000000         2.163608457642740E-003
   164.694375000000         1.263436218228939E-003
   164.908125000000         3.119206608381216E-004
   165.121875000000        -6.523852672360034E-004
   165.335625000000        -1.588772111888843E-003
   165.549375000000        -2.456468702304723E-003
   165.763125000000        -3.216850928011294E-003
   165.976875000000        -3.835628971446914E-003
   166.190625000000        -4.284874036209281E-003
   166.404375000000        -4.544751577383904E-003
   166.618125000000        -4.604843120048369E-003
   166.831875000000        -4.464962022273598E-003
   167.045625000000        -4.135398502104368E-003
   167.259375000000        -3.636563939838822E-003
   167.473125000000        -2.998041596727653E-003
   167.686875000000        -2.257088003664504E-003
   167.900625000000        -1.456663920079942E-003
   168.114375000000        -6.431036711250719E-004
   168.328125000000         1.364451032333856E-004
   168.541875000000         8.366641962436845E-004
   168.755625000000         1.416637033006960E-003
   168.969375000000         1.842200746311977E-003
   169.183125000000         2.087941166376540E-003
   169.396875000000         2.138714629004515E-003
   169.610625000000         1.990608235462989E-003
   169.824375000000         1.651282976737108E-003
   170.038125000000         1.139679869719327E-003
   170.251875000000         4.851057084542169E-004
   170.465625000000        -2.742500151224457E-004
   170.679375000000        -1.093284089853129E-003
   170.893125000000        -1.922325517046828E-003
   171.106875000000        -2.709730192477925E-003
   171.320625000000        -3.404584571742121E-003
   171.534375000000        -3.959375107411347E-003
   171.748125000000        -4.332484838196908E-003
   171.961875000000        -4.490390573430064E-003
   172.175625000000        -4.409452663752050E-003
   172.389375000000        -4.077213057296126E-003
   172.603125000000        -3.493144652007653E-003
   172.816875000000        -2.668824189015753E-003
   173.030625000000        -1.627530399677612E-003
   173.244375000000        -4.032972265233758E-004
   173.458125000000         9.605227208480051E-004
   173.671875000000         2.413107888713792E-003
   173.885625000000         3.898337428999894E-003
   174.099375000000         5.357176133463451E-003
   174.313125000000         6.730164085086239E-003
   174.526875000000         7.959899888226424E-003
   174.740625000000         8.993410747951389E-003
   174.954375000000         9.784311476607806E-003
   175.168125000000         1.029466698262100E-002
   175.381875000000         1.049648812601712E-002
   175.595625000000         1.037280815980855E-002
   175.809375000000         9.918305486431142E-003
   176.023125000000         9.139457369155163E-003
   176.236875000000         8.054227855128609E-003
   176.450625000000         6.691310887698361E-003
   176.664375000000         5.088965904314183E-003
   176.878125000000         3.293497715178229E-003
   177.091875000000         1.357444797345397E-003
   177.305625000000        -6.624499553737153E-004
   177.519375000000        -2.707404735984769E-003
   177.733125000000        -4.718814871592434E-003
   177.946875000000        -6.640432250021227E-003
   178.160625000000        -8.420422557306790E-003
   178.374375000000        -1.001321943308015E-002
   178.588125000000        -1.138110236326457E-002
   178.801875000000        -1.249543574702265E-002
   179.015625000000        -1.333751985937711E-002
   179.229375000000        -1.389902002362688E-002
   179.443125000000        -1.418195772101600E-002
   179.656875000000        -1.419826598287278E-002
   179.870625000000        -1.396893049847392E-002
   180.084375000000        -1.352275660017760E-002
   180.298125000000        -1.289481976351680E-002
   180.511875000000        -1.212467257308858E-002
   180.725625000000        -1.125439337792032E-002
   180.939375000000        -1.032657030592221E-002
   181.153125000000        -9.382318288378799E-003
   181.366875000000        -8.459425828358080E-003
   181.580625000000        -7.590722248413406E-003
   181.794375000000        -6.802745175338572E-003
   182.008125000000        -6.114772468560561E-003
   182.221875000000        -5.538263381310536E-003
   182.435625000000        -5.076731445948208E-003
   182.649375000000        -4.726047616500470E-003
   182.863125000000        -4.475147970904131E-003
   183.076875000000        -4.307097246718209E-003
   183.290625000000        -4.200439121804734E-003
   183.504375000000        -4.130747809155178E-003
   183.718125000000        -4.072284354257357E-003
   183.931875000000        -3.999655842043866E-003
   184.145625000000        -3.889376997581297E-003
   184.359375000000        -3.721241429090111E-003
   184.573125000000        -3.479423590582964E-003
   184.786875000000        -3.153251571003668E-003
   185.000625000000        -2.737613789595715E-003
   185.214375000000        -2.232988020401944E-003
   185.428125000000        -1.645107101450471E-003
   185.641875000000        -9.843003460584612E-004
   185.855625000000        -2.645712654340141E-004
   186.069375000000         4.975108640980618E-004
   186.283125000000         1.284017065000939E-003
   186.496875000000         2.076869597651792E-003
   186.710625000000         2.858967857425144E-003
   186.924375000000         3.615148981951861E-003
   187.138125000000         4.332918639920795E-003
   187.351875000000         5.002907972659707E-003
   187.565625000000         5.619036279368974E-003
   187.779375000000         6.178383854187877E-003
   187.993125000000         6.680803370307044E-003
   188.206875000000         7.128319396660769E-003
   188.420625000000         7.524382286372143E-003
   188.634375000000         7.873053427827259E-003
   188.848125000000         8.178202827001452E-003
   189.061875000000         8.442796892398905E-003
   189.275625000000         8.668344421226055E-003
   189.489375000000         8.854553015551613E-003
   189.703125000000         8.999227875514297E-003
   189.916875000000         9.098421898887574E-003
   190.130625000000         9.146822277677085E-003
   190.344375000000         9.138336404576482E-003
   190.558125000000         9.066820853415017E-003
   190.771875000000         8.926883162407891E-003
   190.985625000000         8.714678380085760E-003
   191.199375000000         8.428621542884899E-003
   191.413125000000         8.069943547242596E-003
   191.626875000000         7.643030748221057E-003
   191.840625000000         7.155506977650103E-003
   192.054375000000         6.618038961983258E-003
   192.268125000000         6.043870419664874E-003
   192.481875000000         5.448114331729639E-003
   192.695625000000         4.846854905496763E-003
   192.909375000000         4.256128663892102E-003
   193.123125000000         3.690866308413769E-003
   193.336875000000         3.163882416484814E-003
   193.550625000000         2.684998111762526E-003
   193.764375000000         2.260372676587113E-003
   193.978125000000         1.892104360341545E-003
   194.191875000000         1.578139632428263E-003
   194.405625000000         1.312505540313034E-003
   194.619375000000         1.085853675342044E-003
   194.833125000000         8.862786744713180E-004
   195.046875000000         7.003513068415760E-004
   195.260625000000         5.142879064817848E-004
   195.474375000000         3.151657397697114E-004
   195.688125000000         9.208886413637863E-005
   195.901875000000        -1.627884127034925E-004
   196.115625000000        -4.534633973901925E-004
   196.329375000000        -7.795785148100790E-004
   196.543125000000        -1.136250819541790E-003
   196.756875000000        -1.514256327497429E-003
   196.970625000000        -1.900560827579062E-003
   197.184375000000        -2.279162212082746E-003
   197.398125000000        -2.632185349218880E-003
   197.611875000000        -2.941150964879354E-003
   197.825625000000        -3.188326391039702E-003
   198.039375000000        -3.358059382609250E-003
   198.253125000000        -3.437996958540640E-003
   198.466875000000        -3.420099263069392E-003
   198.680625000000        -3.301373087296081E-003
   198.894375000000        -3.084269765361887E-003
   199.108125000000        -2.776716099060264E-003
   199.321875000000        -2.391772948090501E-003
   199.535625000000        -1.946942219336534E-003
   199.749375000000        -1.463167309700843E-003
   199.963125000000        -9.635929017149941E-004
   200.176875000000        -4.721659870334562E-004
   200.390625000000        -1.217010950176797E-005
   200.604375000000         3.952114553317592E-004
   200.818125000000         7.322105900057255E-004
   201.031875000000         9.855830720481974E-004
   201.245625000000         1.147440959532298E-003
   201.459375000000         1.215756587725477E-003
   201.673125000000         1.194507107211158E-003
   201.886875000000         1.093450832587918E-003
   202.100625000000         9.275489460862353E-004
   202.314375000000         7.160669771426455E-004
   202.528125000000         4.814088010904335E-004
   202.741875000000         2.477507475910692E-004
   202.955625000000         3.955413056059889E-005
   203.169375000000        -1.199592687272460E-004
   203.383125000000        -2.102826256779944E-004
   203.596875000000        -2.149671430491493E-004
   203.810625000000        -1.227565529568153E-004
   204.024375000000         7.155242837474249E-005
   204.238125000000         3.665753297877053E-004
   204.451875000000         7.541661900780191E-004
   204.665625000000         1.219622193388697E-003
   204.879375000000         1.742265001752478E-003
   205.093125000000         2.296377872469719E-003
   205.306875000000         2.852458951993798E-003
   205.520625000000         3.378733766955711E-003
   205.734375000000         3.842854668891089E-003
   205.948125000000         4.213702598404262E-003
   206.161875000000         4.463197742299203E-003
   206.375625000000         4.568021112105010E-003
   206.589375000000         4.511149300411564E-003
   206.803125000000         4.283110024227876E-003
   207.016875000000         3.882876666362616E-003
   207.230625000000         3.318335725287926E-003
   207.444375000000         2.606281418420126E-003
   207.658125000000         1.771915862314124E-003
   207.871875000000         8.478601643820894E-004
   208.085625000000        -1.272899920550064E-004
   208.299375000000        -1.110802720862582E-003
   208.513125000000        -2.057954774661585E-003
   208.726875000000        -2.924373209629326E-003
   208.940625000000        -3.668447506187142E-003
   209.154375000000        -4.253675894407717E-003
   209.368125000000        -4.650807626019851E-003
   209.581875000000        -4.839649373290261E-003
   209.795625000000        -4.810418843000513E-003
   210.009375000000        -4.564551515184802E-003
   210.223125000000        -4.114896022612801E-003
   210.436875000000        -3.485268429964264E-003
   210.650625000000        -2.709373479413676E-003
   210.864375000000        -1.829139379453049E-003
   211.078125000000        -8.925494333245727E-004
   211.291875000000         4.891371556576499E-005
   211.505625000000         9.430694277299666E-004
   211.719375000000         1.739926497055113E-003
   211.933125000000         2.394489073355020E-003
   212.146875000000         2.869315711904692E-003
   212.360625000000         3.136678734907132E-003
   212.574375000000         3.180193288029811E-003
   212.788125000000         2.995815997013331E-003
   213.001875000000         2.592150094318258E-003
   213.215625000000         1.990034983766719E-003
   213.429375000000         1.221440859064600E-003
   213.643125000000         3.277305075372659E-004
   213.856875000000        -6.426117902763180E-004
   214.070625000000        -1.636652666305337E-003
   214.284375000000        -2.599928135765200E-003
   214.498125000000        -3.479438734203008E-003
   214.711875000000        -4.226548075727191E-003
   214.925625000000        -4.799618233978300E-003
   215.139375000000        -5.166232014081252E-003
   215.353125000000        -5.304877782841724E-003
   215.566875000000        -5.206005427633242E-003
   215.780625000000        -4.872400158900319E-003
   215.994375000000        -4.318861889127125E-003
   216.208125000000        -3.571219285554676E-003
   216.421875000000        -2.664746772193892E-003
   216.635625000000        -1.642087362595746E-003
   216.849375000000        -5.508121419877175E-004
   217.063125000000         5.592331946958361E-004
   217.276875000000         1.638634265494754E-003
   217.490625000000         2.641005905534367E-003
   217.704375000000         3.525331597041916E-003
   217.918125000000         4.257913318139137E-003
   218.131875000000         4.813828083493924E-003
   218.345625000000         5.177821044736034E-003
   218.559375000000         5.344602595032010E-003
   218.773125000000         5.318555970099065E-003
   218.986875000000         5.112899731049025E-003
   219.200625000000         4.748383685808150E-003
   219.414375000000         4.251624925255843E-003
   219.628125000000         3.653210792533950E-003
   219.841875000000         2.985706395500986E-003
   220.055625000000         2.281705003093136E-003
   220.269375000000         1.572050358452181E-003
   220.483125000000         8.843413651981849E-004
   220.696875000000         2.418032359778227E-004
   220.910625000000        -3.374228768140445E-004
   221.124375000000        -8.405549682887753E-004
   221.338125000000        -1.260028735091732E-003
   221.551875000000        -1.592991349408790E-003
   221.765625000000        -1.840509975512466E-003
   221.979375000000        -2.006594803022580E-003
   222.193125000000        -2.097147430030621E-003
   222.406875000000        -2.118946383481781E-003
   222.620625000000        -2.078772359365274E-003
   222.834375000000        -1.982757228637302E-003
   223.048125000000        -1.836014643160364E-003
   223.261875000000        -1.642578548934402E-003
   223.475625000000        -1.405641941558655E-003
   223.689375000000        -1.128054917867617E-003
   223.903125000000        -8.130116167217304E-004
   224.116875000000        -4.648328401085027E-004
   224.330625000000        -8.973728903394604E-005
   224.544375000000         3.035090502977155E-004
   224.758125000000         7.031681928376654E-004
   224.971875000000         1.094414676112090E-003
   225.185625000000         1.459586413238834E-003
   225.399375000000         1.778824601053905E-003
   225.613125000000         2.031087122990155E-003
   225.826875000000         2.195481128929877E-003
   226.040625000000         2.252824819480559E-003
   226.254375000000         2.187319303875626E-003
   226.468125000000         1.988191639348576E-003
   226.681875000000         1.651161930057276E-003
   226.895625000000         1.179591826578457E-003
   227.109375000000         5.851889869595401E-004
   227.323125000000        -1.118290217859789E-004
   227.536875000000        -8.831693956632242E-004
   227.750625000000        -1.693510246290439E-003
   227.964375000000        -2.502123056874135E-003
   228.178125000000        -3.264989149828203E-003
   228.391875000000        -3.937285664525305E-003
   228.605625000000        -4.476082822261364E-003
   228.819375000000        -4.843071945697526E-003
   229.033125000000        -5.007134812226442E-003
   229.246875000000        -4.946570379360113E-003
   229.460625000000        -4.650814484477453E-003
   229.674375000000        -4.121520405771207E-003
   229.888125000000        -3.372910764582543E-003
   230.101875000000        -2.431360918095074E-003
   230.315625000000        -1.334226951611919E-003
   230.529375000000        -1.279836106269408E-004
   230.743125000000         1.134214914311304E-003
   230.956875000000         2.395399044402011E-003
   231.170625000000         3.597892033672065E-003
   231.384375000000         4.686466272266384E-003
   231.598125000000         5.611350071214457E-003
   231.811875000000         6.330899540381287E-003
   232.025625000000         6.813774928616624E-003
   232.239375000000         7.040496004093823E-003
   232.453125000000         7.004293906137712E-003
   232.666875000000         6.711224118659534E-003
   232.880625000000         6.179553319733753E-003
   233.094375000000         5.438478445321779E-003
   233.308125000000         4.526276290598702E-003
   233.521875000000         3.488013829772727E-003
   233.735625000000         2.372971345094799E-003
   233.949375000000         1.231941407760310E-003
   234.163125000000         1.145665768557502E-004
   234.376875000000        -9.331319907376849E-004
   234.590625000000        -1.870902658952353E-003
   234.804375000000        -2.665982892494213E-003
   235.018125000000        -3.294317104811161E-003
   235.231875000000        -3.741234167067072E-003
   235.445625000000        -4.001580609336391E-003
   235.659375000000        -4.079337960784470E-003
   235.873125000000        -3.986780930091997E-003
   236.086875000000        -3.743255730051317E-003
   236.300625000000        -3.373673825435890E-003
   236.514375000000        -2.906825292305653E-003
   236.728125000000        -2.373617897141467E-003
   236.941875000000        -1.805343470776362E-003
   237.155625000000        -1.232063071256819E-003
   237.369375000000        -6.811879736296340E-004
   237.583125000000        -1.763160181852621E-004
   237.796875000000         2.636363411288482E-004
   238.010625000000         6.249855101750466E-004
   238.224375000000         8.995137395208144E-004
   238.438125000000         1.084398609992224E-003
   238.651875000000         1.181868502350741E-003
   238.865625000000         1.198625031638000E-003
   239.079375000000         1.145081672407485E-003
   239.293125000000         1.034472753906415E-003
   239.506875000000         8.818888002195944E-004
   239.720625000000         7.032931020799783E-004
   239.934375000000         5.145708027929509E-004
   240.148125000000         3.306560872588650E-004
   240.361875000000         1.647757351562792E-004
   240.575625000000         2.783879685996167E-005
   240.789375000000        -7.200707636778902E-005
   241.003125000000        -1.296416364960905E-004
   241.216875000000        -1.430587707572819E-004
   241.430625000000        -1.132812630779065E-004
   241.644375000000        -4.411894507869673E-005
   241.858125000000         5.820750963921717E-005
   242.071875000000         1.855494361271896E-004
   242.285625000000         3.283881512893022E-004
   242.499375000000         4.764345037905379E-004
   242.713125000000         6.192362713551748E-004
   242.926875000000         7.467612882602612E-004
   243.140625000000         8.499274464239318E-004
   243.354375000000         9.210553754956105E-004
   243.568125000000         9.542253357743384E-004
   243.781875000000         9.455262511638547E-004
   243.995625000000         8.931914294070269E-004
   244.209375000000         7.976219237041648E-004
   244.423125000000         6.613042795359925E-004
   244.636875000000         4.886342500937197E-004
   244.850625000000         2.856617198751531E-004
   245.064375000000         5.977443356803763E-005
   245.278125000000        -1.806608053131811E-004
   245.491875000000        -4.266809010846090E-004
   245.705625000000        -6.691156828458869E-004
   245.919375000000        -8.989677805446829E-004
   246.133125000000        -1.107769469441314E-003
   246.346875000000        -1.287904992739818E-003
   246.560625000000        -1.432888953861968E-003
   246.774375000000        -1.537593199701258E-003
   246.988125000000        -1.598416161320796E-003
   247.201875000000        -1.613389944881679E-003
   247.415625000000        -1.582221720056556E-003
   247.629375000000        -1.506267331972539E-003
   247.843125000000        -1.388436769268776E-003
   248.056875000000        -1.233033319735244E-003
   248.270625000000        -1.045531018620678E-003
   248.484375000000        -8.322983093774103E-004
   248.698125000000        -6.002795243148975E-004
   248.911875000000        -3.566495524893679E-004
   249.125625000000        -1.084604833290468E-004
   249.339375000000         1.376983806727196E-004
   249.553125000000         3.760044455835168E-004
   249.766875000000         6.016474078805608E-004
   249.980625000000         8.109966646273853E-004
   250.194375000000         1.001675284739276E-003
   250.408125000000         1.172531829837225E-003
   250.621875000000         1.323509476640306E-003
   250.835625000000         1.455421040623256E-003
   251.049375000000         1.569647813102971E-003
   251.263125000000         1.667788657426830E-003
   251.476875000000         1.751292592165785E-003
   251.690625000000         1.821112227392528E-003
   251.904375000000         1.877416210377917E-003
   252.118125000000         1.919395862322770E-003
   252.331875000000         1.945194391493859E-003
   252.545625000000         1.951976793519489E-003
   252.759375000000         1.936145537254690E-003
   252.973125000000         1.893692476137396E-003
   253.186875000000         1.820662474379910E-003
   253.400625000000         1.713690487861550E-003
   253.614375000000         1.570562776698210E-003
   253.828125000000         1.390745872510154E-003
   254.041875000000         1.175824889606315E-003
   254.255625000000         9.297963318515399E-004
   254.469375000000         6.591697614689638E-004
   254.683125000000         3.728470610801019E-004
   254.896875000000         8.176649670377851E-005
   255.110625000000        -2.016801251924534E-004
   255.324375000000        -4.644270598887868E-004
   255.538125000000        -6.936602322722641E-004
   255.751875000000        -8.778207379267368E-004
   255.965625000000        -1.007605808461816E-003
   256.179375000000        -1.076880945187289E-003
   256.393125000000        -1.083418380727737E-003
   256.606875000000        -1.029386043491541E-003
   256.820625000000        -9.215273347722904E-004
   257.034375000000        -7.709941853039550E-004
   257.248125000000        -5.928223655328497E-004
   257.461875000000        -4.050667731478498E-004
   257.675625000000        -2.276430467411775E-004
   257.889375000000        -8.094793807225526E-005
   258.103125000000         1.564784108077143E-005
   258.316875000000         4.532599880453017E-005
   258.530625000000        -4.748534742593051E-006
   258.744375000000        -1.422048850423146E-004
   258.958125000000        -3.685529615454416E-004
   259.171875000000        -6.786617372988304E-004
   259.385625000000        -1.060685117842460E-003
   259.599375000000        -1.496460471293759E-003
   259.813125000000        -1.962371300646474E-003
   260.026875000000        -2.430631808359471E-003
   260.240625000000        -2.870919728342788E-003
   260.454375000000        -3.252257097852626E-003
   260.668125000000        -3.545018577125446E-003
   260.881875000000        -3.722934973626490E-003
   261.095625000000        -3.764956679094394E-003
   261.309375000000        -3.656848031677230E-003
   261.523125000000        -3.392398781744442E-003
   261.736875000000        -2.974161878435774E-003
   261.950625000000        -2.413656196049348E-003
   262.164375000000        -1.731006669174679E-003
   262.378125000000        -9.540304126911073E-004
   262.591875000000        -1.168134463464519E-004
   262.805625000000         7.421436825612400E-004
   263.019375000000         1.582103933236636E-003
   263.233125000000         2.362465260976972E-003
   263.446875000000         3.045180489041810E-003
   263.660625000000         3.597074521684519E-003
   263.874375000000         3.991911288080089E-003
   264.088125000000         4.212075574807979E-003
   264.301875000000         4.249756389189908E-003
   264.515625000000         4.107547543449551E-003
   264.729375000000         3.798416126486578E-003
   264.943125000000         3.345028401511205E-003
   265.156875000000         2.778463103083608E-003
   265.370625000000         2.136381605077631E-003
   265.584375000000         1.460760463125326E-003
   265.798125000000         7.953219990949525E-004
   266.011875000000         1.828207722083912E-004
   266.225625000000        -3.376437138245289E-004
   266.439375000000        -7.331160044623532E-004
   266.653125000000        -9.789128496687184E-004
   266.866875000000        -1.060248452399535E-003
   267.080625000000        -9.732451098889153E-004
   267.294375000000        -7.252560408028518E-004
   267.508125000000        -3.344714038740351E-004
   267.721875000000         1.711744513624557E-004
   267.935625000000         7.557298014019391E-004
   268.149375000000         1.377478723325718E-003
   268.363125000000         1.991576667362595E-003
   268.576875000000         2.552897679434634E-003
   268.790625000000         3.018907272172362E-003
   269.004375000000         3.352372488223850E-003
   269.218125000000         3.523731376724734E-003
   269.431875000000         3.512967263964640E-003
   269.645625000000         3.310867241385829E-003
   269.859375000000         2.919586772869989E-003
   270.073125000000         2.352490131054966E-003
   270.286875000000         1.633285979534730E-003
   270.500625000000         7.945251526757319E-004
   270.714375000000        -1.244299705828503E-004
   270.928125000000        -1.079821227775328E-003
   271.141875000000        -2.026129284997727E-003
   271.355625000000        -2.918750180608953E-003
   271.569375000000        -3.716539145300127E-003
   271.783125000000        -4.384061709544746E-003
   271.996875000000        -4.893417719081337E-003
   272.210625000000        -5.225538153886244E-003
   272.424375000000        -5.370894697695859E-003
   272.638125000000        -5.329604592182994E-003
   272.851875000000        -5.110955118498356E-003
   273.065625000000        -4.732409970212987E-003
   273.279375000000        -4.218191161610331E-003
   273.493125000000        -3.597552954023716E-003
   273.706875000000        -2.902877368580802E-003
   273.920625000000        -2.167723820278666E-003
   274.134375000000        -1.424958716361597E-003
   274.348125000000        -7.050757080742737E-004
   274.561875000000        -3.479545197594386E-005
   274.775625000000         5.639925965990628E-004
   274.989375000000         1.074912308271776E-003
   275.203125000000         1.487401152772598E-003
   275.416875000000         1.796648826817764E-003
   275.630625000000         2.003216382528876E-003
   275.844375000000         2.112394659886249E-003
   276.058125000000         2.133371500693796E-003
   276.271875000000         2.078281756448548E-003
   276.485625000000         1.961212844368567E-003
   276.699375000000         1.797232318265014E-003
   276.913125000000         1.601493674915809E-003
   277.126875000000         1.388463666904023E-003
   277.340625000000         1.171300054252023E-003
   277.554375000000         9.613942613090115E-004
   277.768125000000         7.680799274569398E-004
   277.981875000000         5.984967502703563E-004
   278.195625000000         4.575899607408651E-004
   278.409375000000         3.482196120343325E-004
   278.623125000000         2.713507098722875E-004
   278.836875000000         2.262949267539451E-004
   279.050625000000         2.109768832664971E-004
   279.264375000000         2.222022494139675E-004
   279.478125000000         2.559106104588748E-004
   279.691875000000         3.074024895676092E-004
   279.905625000000         3.715364469681885E-004
   280.119375000000         4.428981398689501E-004
   280.333125000000         5.159480623690971E-004
   280.546875000000         5.851579367252280E-004
   280.760625000000         6.451470894377503E-004
   280.974375000000         6.908294827621571E-004
   281.188125000000         7.175794392795512E-004
   281.401875000000         7.214197447586593E-004
   281.615625000000         6.992301811509594E-004
   281.829375000000         6.489682290204035E-004
   282.043125000000         5.698874103020039E-004
   282.256875000000         4.627333041962518E-004
   282.470625000000         3.298934378689886E-004
   282.684375000000         1.754757154275401E-004
   282.898125000000         5.291316361757227E-006
   283.111875000000        -1.732776667344595E-004
   283.325625000000        -3.515382126936958E-004
   283.539375000000        -5.198763203745837E-004
   283.753125000000        -6.682673086092101E-004
   283.966875000000        -7.868839809355349E-004
   284.180625000000        -8.667676149963650E-004
   284.394375000000        -9.005158582002839E-004
   284.608125000000        -8.829337452160936E-004
   284.821875000000        -8.115903723569738E-004
   285.035625000000        -6.872251353681691E-004
   285.249375000000        -5.139542962401412E-004
   285.463125000000        -2.992409071448613E-004
   285.676875000000        -5.360813988673717E-005
   285.890625000000         2.099033439870614E-004
   286.104375000000         4.765108559735411E-004
   286.318125000000         7.306524547596291E-004
   286.531875000000         9.570713726548175E-004
   286.745625000000         1.141940668523873E-003
   286.959375000000         1.273937131625761E-003
   287.173125000000         1.345171500394111E-003
   287.386875000000         1.351888417214671E-003
   287.600625000000         1.294864182673490E-003
   287.814375000000         1.179452464532037E-003
   288.028125000000         1.015256053125979E-003
   288.241875000000         8.154342781206402E-004
   288.455625000000         5.956880880371969E-004
   288.669375000000         3.729950977370707E-004
   288.883125000000         1.641922382260454E-004
   289.096875000000        -1.547855734262542E-005
   289.310625000000        -1.537378856026375E-004
   289.524375000000        -2.424282024309664E-004
   289.738125000000        -2.783566957374019E-004
   289.951875000000        -2.637366611196968E-004
   290.165625000000        -2.061738566753967E-004
   290.379375000000        -1.181815762273448E-004
   290.593125000000        -1.624804041665919E-005
   290.806875000000         8.048129721965483E-005
   291.020625000000         1.518092517733318E-004
   291.234375000000         1.782557060681003E-004
   291.448125000000         1.428479259759228E-004
   291.661875000000         3.278496087267912E-005
   291.875625000000        -1.591646801592738E-004
   292.089375000000        -4.336544168101176E-004
   292.303125000000        -7.842335359820681E-004
   292.516875000000        -1.197360289326818E-003
   292.730625000000        -1.652968915689986E-003
   292.944375000000        -2.125562009507690E-003
   293.158125000000        -2.585758377158226E-003
   293.371875000000        -3.002190663843694E-003
   293.585625000000        -3.343619445617355E-003
   293.799375000000        -3.581113278077514E-003
   294.013125000000        -3.690138586696518E-003
   294.226875000000        -3.652409506529246E-003
   294.440625000000        -3.457365098227053E-003
   294.654375000000        -3.103168182904877E-003
   294.868125000000        -2.597154054538816E-003
   295.081875000000        -1.955695777531611E-003
   295.295625000000        -1.203492672860756E-003
   295.509375000000        -3.723269917672999E-004
   295.723125000000         5.006319998473043E-004
   295.936875000000         1.374869449654474E-003
   296.150625000000         2.208784888564411E-003
   296.364375000000         2.962032737606276E-003
   296.578125000000         3.597803384769700E-003
   296.791875000000         4.084911537929187E-003
   297.005625000000         4.399572895326076E-003
   297.219375000000         4.526770791883999E-003
   297.433125000000         4.461139742339575E-003
   297.646875000000         4.207320970103215E-003
   297.860625000000         3.779774371874207E-003
   298.074375000000         3.202060345243585E-003
   298.288125000000         2.505632129852436E-003
   298.501875000000         1.728203656351057E-003
   298.715625000000         9.117784849612937E-004
   298.929375000000         1.004416006006891E-004
   299.143125000000        -6.619728352133354E-004
   299.356875000000        -1.334218483902062E-003
   299.570625000000        -1.879858399870633E-003
   299.784375000000        -2.269255451809871E-003
   299.998125000000        -2.481225623596793E-003
   300.211875000000        -2.504263059384289E-003
   300.425625000000        -2.337265280193378E-003
   300.639375000000        -1.989710722460091E-003
   300.853125000000        -1.481267827214660E-003
   301.066875000000        -8.408442757606696E-004
   301.280625000000        -1.051152989503731E-004
   301.494375000000         6.834002687545389E-004
   301.708125000000         1.478620073304591E-003
   301.921875000000         2.233414969927460E-003
   302.135625000000         2.902225303900718E-003
   302.349375000000         3.443629326231349E-003
   302.563125000000         3.822714425699604E-003
   302.776875000000         4.013109042160465E-003
   302.990625000000         3.998549468516090E-003
   303.204375000000         3.773880674563709E-003
   303.418125000000         3.345422559984681E-003
   303.631875000000         2.730670820367001E-003
   303.845625000000         1.957342538943946E-003
   304.059375000000         1.061817999512509E-003
   304.273125000000         8.706920293953919E-005
   304.486875000000        -9.198006216775029E-004
   304.700625000000        -1.910256082180165E-003
   304.914375000000        -2.837100364779367E-003
   305.128125000000        -3.657145276647485E-003
   305.341875000000        -4.333614278490263E-003
   305.555625000000        -4.838129499111425E-003
   305.769375000000        -5.152161136468854E-003
   305.983125000000        -5.267853291371864E-003
   306.196875000000        -5.188181661788279E-003
   306.410625000000        -4.926442740015771E-003
   306.624375000000        -4.505118097733666E-003
   306.838125000000        -3.954197950866672E-003
   307.051875000000        -3.309082671922345E-003
   307.265625000000        -2.608206940013136E-003
   307.479375000000        -1.890547102912349E-003
   307.693125000000        -1.193177133130557E-003
   307.906875000000        -5.490321510877069E-004
   308.120625000000         1.497848969089306E-005
   308.334375000000         4.793927416846234E-004
   308.548125000000         8.330696309665596E-004
   308.761875000000         1.073471102060238E-003
   308.975625000000         1.206348188795075E-003
   309.189375000000         1.244867574015795E-003
   309.403125000000         1.208251205992531E-003
   309.616875000000         1.120032700067780E-003
   309.830625000000         1.006057866012483E-003
   310.044375000000         8.923714979109330E-004
   310.258125000000         8.031377818281222E-004
   310.471875000000         7.587371844805955E-004
   310.685625000000         7.741689658910862E-004
   310.899375000000         8.578665563099784E-004
   311.113125000000         1.011004479490962E-003
   311.326875000000         1.227342192405269E-003
   311.540625000000         1.493614299022729E-003
   311.754375000000         1.790440355519663E-003
   311.968125000000         2.093693173832503E-003
   312.181875000000         2.376234263259922E-003
   312.395625000000         2.609900676577701E-003
   312.609375000000         2.767610533954638E-003
   312.823125000000         2.825445924875581E-003
   313.036875000000         2.764572272011868E-003
   313.250625000000         2.572862584579567E-003
   313.464375000000         2.246112799276407E-003
   313.678125000000         1.788759562150007E-003
   313.891875000000         1.214042847723916E-003
   314.105625000000         5.435908713779604E-004
   314.319375000000        -1.935583141967668E-004
   314.533125000000        -9.624476279701990E-004
   314.746875000000        -1.724119464834931E-003
   314.960625000000        -2.437848285318403E-003
   315.174375000000        -3.063551598776293E-003
   315.388125000000        -3.564229912270782E-003
   315.601875000000        -3.908281859794632E-003
   315.815625000000        -4.071546201443003E-003
   316.029375000000        -4.038937518259504E-003
   316.243125000000        -3.805566419696248E-003
   316.456875000000        -3.377266518344524E-003
   316.670625000000        -2.770487373565571E-003
   316.884375000000        -2.011552709021178E-003
   317.098125000000        -1.135323847258373E-003
   317.311875000000        -1.833467588816799E-004
   317.525625000000         7.984052346894892E-004
   317.739375000000         1.762054589168107E-003
   317.953125000000         2.660452567329046E-003
   318.166875000000         3.449759189419508E-003
   318.380625000000         4.091811013443432E-003
   318.594375000000         4.556132298334043E-003
   318.808125000000         4.821469529301484E-003
   319.021875000000         4.876761799304112E-003
   319.235625000000         4.721497837922654E-003
   319.449375000000         4.365451805842864E-003
   319.663125000000         3.827831333316071E-003
   319.876875000000         3.135909663306419E-003
   320.090625000000         2.323246374080819E-003
   320.304375000000         1.427625653968041E-003
   320.518125000000         4.888557678505520E-004
   320.731875000000        -4.534227509113071E-004
   320.945625000000        -1.361779617907148E-003
   321.159375000000        -2.202764520926407E-003
   321.373125000000        -2.948306136603695E-003
   321.586875000000        -3.576674423346477E-003
   321.800625000000        -4.072975676227276E-003
   322.014375000000        -4.429186002389513E-003
   322.228125000000        -4.643762791436197E-003
   322.441875000000        -4.720902746672162E-003
   322.655625000000        -4.669536926443162E-003
   322.869375000000        -4.502166500184034E-003
   323.083125000000        -4.233646813374844E-003
   323.296875000000        -3.880021970833668E-003
   323.510625000000        -3.457498381150658E-003
   323.724375000000        -2.981625150409891E-003
   323.938125000000        -2.466724004591489E-003
   324.151875000000        -1.925584024617219E-003
   324.365625000000        -1.369409464815972E-003
   324.579375000000        -8.079847299184886E-004
   324.793125000000        -2.500012928702819E-004
   325.006875000000         2.965214965340922E-004
   325.220625000000         8.237952273835985E-004
   325.434375000000         1.323872285020055E-003
   325.648125000000         1.788369012605262E-003
   325.861875000000         2.208349363830932E-003
   326.075625000000         2.574396874584017E-003
   326.289375000000         2.876881108389858E-003
   326.503125000000         3.106402852537431E-003
   326.716875000000         3.254382309648843E-003
   326.930625000000         3.313738152034494E-003
   327.144375000000         3.279593997567417E-003
   327.358125000000         3.149943535399530E-003
   327.571875000000         2.926206523446058E-003
   327.785625000000         2.613614974383742E-003
   327.999375000000         2.221381297641429E-003
   328.213125000000         1.762616793677334E-003
   328.426875000000         1.253988216421879E-003
   328.640625000000         7.151204760398987E-004
   328.854375000000         1.677732745750784E-004
   329.068125000000        -3.651629992219214E-004
   329.281875000000        -8.607927512610345E-004
   329.495625000000        -1.297393107479128E-003
   329.709375000000        -1.655570839207258E-003
   329.923125000000        -1.919325562791246E-003
   330.136875000000        -2.076952214025445E-003
   330.350625000000        -2.121725958745982E-003
   330.564375000000        -2.052326439322007E-003
   330.778125000000        -1.872974516205693E-003
   330.991875000000        -1.593272278369264E-003
   331.205625000000        -1.227754880648771E-003
   331.419375000000        -7.951795953976363E-004
   331.633125000000        -3.175923455181777E-004
   331.846875000000         1.807758979333087E-004
   332.060625000000         6.747217164987531E-004
   332.274375000000         1.139324681825734E-003
   332.488125000000         1.551178307447510E-003
   332.701875000000         1.889531808642464E-003
   332.915625000000         2.137284072204488E-003
   333.129375000000         2.281780382145547E-003
   333.343125000000         2.315374035315666E-003
   333.556875000000         2.235728318945521E-003
   333.770625000000         2.045848651727594E-003
   333.984375000000         1.753849224588081E-003
   334.198125000000         1.372472437983111E-003
   334.411875000000         9.183920838099494E-004
   334.625625000000         4.113419034220679E-004
   334.839375000000        -1.268806805918106E-004
   335.053125000000        -6.734806238896255E-004
   335.266875000000        -1.205744017673586E-003
   335.480625000000        -1.702073641841576E-003
   335.694375000000        -2.142929736967525E-003
   335.908125000000        -2.511631574021658E-003
   336.121875000000        -2.794984912468290E-003
   336.335625000000        -2.983711682118514E-003
   336.549375000000        -3.072670468325836E-003
   336.763125000000        -3.060868826020564E-003
   336.976875000000        -2.951280287298318E-003
   337.190625000000        -2.750489397851293E-003
   337.404375000000        -2.468196559748915E-003
   337.618125000000        -2.116620364582716E-003
   337.831875000000        -1.709838156484359E-003
   338.045625000000        -1.263105671292404E-003
   338.259375000000        -7.921938843292453E-004
   338.473125000000        -3.127760087616365E-004
   338.686875000000         1.601095493425535E-004
   338.900625000000         6.125028805702102E-004
   339.114375000000         1.031864427719824E-003
   339.328125000000         1.407315183121911E-003
   339.541875000000         1.729783061964157E-003
   339.755625000000         1.992069330300734E-003
   339.969375000000         2.188852944725819E-003
   340.183125000000         2.316652325906074E-003
