  -1.603125      0.0000000E+00
  -1.389375      0.0000000E+00
  -1.175625      0.0000000E+00
 -0.9618750      0.0000000E+00
 -0.7481250      0.0000000E+00
 -0.5343750      0.0000000E+00
 -0.3206250      0.0000000E+00
 -0.1068750      0.0000000E+00
  0.1068750      0.0000000E+00
  0.3206250      0.0000000E+00
  0.5343750      0.0000000E+00
  0.7481250      0.0000000E+00
  0.9618750      0.0000000E+00
   1.175625      0.0000000E+00
   1.389375      0.0000000E+00
   1.603125      0.0000000E+00
   1.816875      0.0000000E+00
   2.030625      0.0000000E+00
   2.244375      0.0000000E+00
   2.458125      0.0000000E+00
   2.671875      0.0000000E+00
   2.885625      0.0000000E+00
   3.099375      0.0000000E+00
   3.313125      0.0000000E+00
   3.526875      0.0000000E+00
   3.740625      0.0000000E+00
   3.954375      0.0000000E+00
   4.168125      0.0000000E+00
   4.381875      0.0000000E+00
   4.595625      0.0000000E+00
   4.809375      0.0000000E+00
   5.023125      0.0000000E+00
   5.236875      0.0000000E+00
   5.450625      0.0000000E+00
   5.664375      0.0000000E+00
   5.878125      0.0000000E+00
   6.091875      0.0000000E+00
   6.305625      0.0000000E+00
   6.519375      0.0000000E+00
   6.733125      0.0000000E+00
   6.946875      0.0000000E+00
   7.160625      0.0000000E+00
   7.374375      0.0000000E+00
   7.588125      0.0000000E+00
   7.801875      0.0000000E+00
   8.015625      0.0000000E+00
   8.229375      0.0000000E+00
   8.443125      0.0000000E+00
   8.656875      0.0000000E+00
   8.870625      0.0000000E+00
   9.084375      0.0000000E+00
   9.298125      0.0000000E+00
   9.511875      0.0000000E+00
   9.725625      0.0000000E+00
   9.939375      0.0000000E+00
   10.15312      0.0000000E+00
   10.36687      0.0000000E+00
   10.58062      0.0000000E+00
   10.79438      0.0000000E+00
   11.00813      0.0000000E+00
   11.22188      0.0000000E+00
   11.43563      0.0000000E+00
   11.64937      0.0000000E+00
   11.86312      0.0000000E+00
   12.07687      0.0000000E+00
   12.29062      0.0000000E+00
   12.50438      0.0000000E+00
   12.71813      0.0000000E+00
   12.93188      0.0000000E+00
   13.14563      0.0000000E+00
   13.35938      0.0000000E+00
   13.57312      0.0000000E+00
   13.78687      0.0000000E+00
   14.00062      0.0000000E+00
   14.21437      0.0000000E+00
   14.42813      0.0000000E+00
   14.64188      0.0000000E+00
   14.85563      0.0000000E+00
   15.06938      0.0000000E+00
   15.28312      0.0000000E+00
   15.49687      0.0000000E+00
   15.71062      0.0000000E+00
   15.92437      0.0000000E+00
   16.13812      3.8874332E-26
   16.35188      1.3606017E-24
   16.56562      4.8243047E-23
   16.77938      1.3926341E-21
   16.99313      3.2649113E-20
   17.20687      6.2194806E-19
   17.42063      9.6328723E-18
   17.63437      1.2139507E-16
   17.84813      1.2459123E-15
   18.06187      1.0425767E-14
   18.27563      7.1233011E-14
   18.48937      3.9810212E-13
   18.70312      1.8241619E-12
   18.91688      6.8741393E-12
   19.13062      2.1390816E-11
   19.34438      5.5267766E-11
   19.55812      1.1945195E-10
   19.77188      2.1818432E-10
   19.98562      3.4149869E-10
   20.19938      4.6655274E-10
   20.41312      5.6952321E-10
   20.62687      6.3836481E-10
   20.84063      6.7573280E-10
   21.05437      6.9220074E-10
   21.26813      6.9809242E-10
   21.48187      6.9980355E-10
   21.69563      7.0020689E-10
   21.90937      7.0028405E-10
   22.12313      7.0029604E-10
   22.33688      7.0029754E-10
   22.55062      7.0029771E-10
   22.76438      7.0029771E-10
   22.97812      7.0029771E-10
   23.19188      7.0029771E-10
   23.40562      7.0029771E-10
   23.61938      7.0029771E-10
   23.83312      7.0029771E-10
   24.04688      7.0029771E-10
   24.26063      7.0029771E-10
   24.47437      7.0029771E-10
   24.68813      7.0029771E-10
   24.90187      7.0029771E-10
   25.11563      7.0029771E-10
   25.32937      7.0029771E-10
   25.54313      7.0029771E-10
   25.75687      7.0029771E-10
   25.97062      7.0029771E-10
   26.18438      7.0029771E-10
   26.39812      7.0029771E-10
   26.61188      7.0029771E-10
   26.82562      7.0029771E-10
   27.03938      7.0029771E-10
   27.25312      7.0029771E-10
   27.46688      7.0029771E-10
   27.68063      7.0029771E-10
   27.89437      7.0029771E-10
   28.10813      7.0029771E-10
   28.32187      7.0029771E-10
   28.53563      7.0029771E-10
   28.74937      7.0029771E-10
   28.96313      7.0029771E-10
   29.17687      7.0029771E-10
   29.39062      7.0029771E-10
   29.60438      7.0029771E-10
   29.81812      7.0029771E-10
   30.03188      7.0029771E-10
   30.24562      7.0029771E-10
   30.45938      7.0029771E-10
   30.67312      7.0029771E-10
   30.88688      7.0029771E-10
   31.10062      7.0029771E-10
   31.31437      7.0029771E-10
   31.52813      7.0029771E-10
   31.74187      7.0029771E-10
   31.95563      7.0029771E-10
   32.16938      7.0029771E-10
   32.38313      7.0029771E-10
   32.59687      7.0029771E-10
   32.81062      7.0029771E-10
   33.02438      7.0029771E-10
   33.23812      7.0029771E-10
   33.45187      7.0029771E-10
   33.66563      7.0029771E-10
   33.87938      7.0029771E-10
   34.09312      7.0029771E-10
   34.30687      7.0029771E-10
   34.52063      7.0029771E-10
   34.73438      7.0029771E-10
   34.94812      7.0029771E-10
   35.16188      7.0029771E-10
   35.37563      7.0029771E-10
   35.58937      7.0029771E-10
   35.80312      7.0029771E-10
   36.01688      7.0029771E-10
   36.23063      7.0029771E-10
   36.44437      7.0029771E-10
   36.65813      7.0029771E-10
   36.87188      7.0029771E-10
   37.08562      7.0029771E-10
   37.29937      7.0029771E-10
   37.51313      7.0029771E-10
   37.72688      7.0029771E-10
   37.94062      7.0029771E-10
   38.15437      7.0029771E-10
   38.36813      7.0029771E-10
   38.58187      7.0029771E-10
   38.79562      7.0029771E-10
   39.00938      7.0029771E-10
   39.22313      7.0029771E-10
   39.43687      7.0029771E-10
   39.65062      7.0029771E-10
   39.86438      7.0029771E-10
   40.07812      7.0029771E-10
   40.29187      7.0029771E-10
   40.50563      7.0029771E-10
   40.71938      7.0029771E-10
   40.93312      7.0029771E-10
   41.14687      7.0029771E-10
   41.36063      7.0029771E-10
   41.57438      7.0029771E-10
   41.78812      7.0029771E-10
   42.00188      7.0029771E-10
   42.21563      7.0029771E-10
   42.42937      7.0029771E-10
   42.64312      7.0029771E-10
   42.85688      7.0029771E-10
   43.07063      7.0029771E-10
   43.28437      7.0029771E-10
   43.49812      7.0029771E-10
   43.71188      7.0029771E-10
   43.92562      7.0029771E-10
   44.13937      7.0029771E-10
   44.35313      7.0029771E-10
   44.56688      7.0029771E-10
   44.78062      7.0029771E-10
   44.99437      7.0029771E-10
   45.20813      7.0029771E-10
   45.42188      7.0029771E-10
   45.63562      7.0029771E-10
   45.84938      7.0029771E-10
   46.06313      7.0029771E-10
   46.27687      7.0029771E-10
   46.49062      7.0029771E-10
   46.70438      7.0029771E-10
   46.91813      7.0029771E-10
   47.13187      7.0029771E-10
   47.34563      7.0029771E-10
   47.55938      7.0029771E-10
   47.77312      7.0029771E-10
   47.98687      7.0029771E-10
   48.20063      7.0029771E-10
   48.41438      7.0029771E-10
   48.62812      7.0029771E-10
   48.84187      7.0029771E-10
   49.05563      7.0029771E-10
   49.26937      7.0029771E-10
   49.48312      7.0029771E-10
   49.69688      7.0029771E-10
   49.91063      7.0029771E-10
   50.12437      7.0029771E-10
   50.33812      7.0029771E-10
   50.55188      7.0029771E-10
   50.76562      7.0029771E-10
   50.97937      7.0029771E-10
   51.19313      7.0029771E-10
   51.40688      7.0029771E-10
   51.62062      7.0029771E-10
   51.83437      7.0029771E-10
   52.04813      7.0029771E-10
   52.26188      7.0029771E-10
   52.47562      7.0029771E-10
   52.68938      7.0029771E-10
   52.90313      7.0029771E-10
   53.11687      7.0029771E-10
   53.33062      7.0029771E-10
   53.54438      7.0029771E-10
   53.75813      7.0029771E-10
   53.97187      7.0029771E-10
   54.18562      7.0029771E-10
   54.39938      7.0029771E-10
   54.61312      7.0029771E-10
   54.82687      7.0029771E-10
   55.04063      7.0029771E-10
   55.25438      7.0029771E-10
   55.46812      7.0029771E-10
   55.68187      7.0029771E-10
   55.89563      7.0029771E-10
   56.10938      7.0029771E-10
   56.32312      7.0029771E-10
   56.53688      7.0029771E-10
   56.75063      7.0029771E-10
   56.96437      7.0029771E-10
   57.17812      7.0029771E-10
   57.39188      7.0029771E-10
   57.60563      7.0029771E-10
   57.81937      7.0029771E-10
   58.03313      7.0029771E-10
   58.24688      7.0029771E-10
   58.46062      7.0029771E-10
   58.67437      7.0029771E-10
   58.88813      7.0029771E-10
   59.10188      7.0029771E-10
   59.31562      7.0029771E-10
   59.52937      7.0029771E-10
   59.74313      7.0029771E-10
   59.95687      7.0029771E-10
   60.17062      7.0029771E-10
   60.38438      7.0029771E-10
   60.59813      7.0029771E-10
   60.81187      7.0029771E-10
   61.02562      7.0029771E-10
   61.23938      7.0029771E-10
   61.45312      7.0029771E-10
   61.66687      7.0029771E-10
   61.88063      7.0029771E-10
   62.09438      7.0029771E-10
   62.30812      7.0029771E-10
   62.52187      7.0029771E-10
   62.73563      7.0029771E-10
   62.94938      7.0029771E-10
   63.16312      7.0029771E-10
   63.37688      7.0029771E-10
   63.59063      7.0029771E-10
   63.80437      7.0029771E-10
   64.01813      7.0029771E-10
   64.23187      7.0029771E-10
   64.44563      7.0029771E-10
   64.65938      7.0029771E-10
   64.87312      7.0029771E-10
   65.08688      7.0029771E-10
   65.30063      7.0029771E-10
   65.51437      7.0029771E-10
   65.72813      7.0029771E-10
   65.94187      7.0029771E-10
   66.15562      7.0029771E-10
   66.36938      7.0029771E-10
   66.58312      7.0029771E-10
   66.79688      7.0029771E-10
   67.01063      7.0029771E-10
   67.22437      7.0029771E-10
   67.43813      7.0029771E-10
   67.65188      7.0029771E-10
   67.86562      7.0029771E-10
   68.07938      7.0029771E-10
   68.29312      7.0029771E-10
   68.50687      7.0029771E-10
   68.72063      7.0029771E-10
   68.93437      7.0029771E-10
   69.14812      7.0029771E-10
   69.36188      7.0029771E-10
   69.57562      7.0029771E-10
   69.78938      7.0029771E-10
   70.00313      7.0029771E-10
   70.21687      7.0029771E-10
   70.43063      7.0029771E-10
   70.64438      7.0029771E-10
   70.85812      7.0029771E-10
   71.07188      7.0029771E-10
   71.28562      7.0029771E-10
   71.49937      7.0029771E-10
   71.71313      7.0029771E-10
   71.92687      7.0029771E-10
   72.14062      7.0029771E-10
   72.35438      7.0029771E-10
   72.56812      7.0029771E-10
   72.78188      7.0029771E-10
   72.99563      7.0029771E-10
   73.20937      7.0029771E-10
   73.42313      7.0029771E-10
   73.63687      7.0029771E-10
   73.85062      7.0029771E-10
   74.06438      7.0029771E-10
   74.27812      7.0029771E-10
   74.49187      7.0029771E-10
   74.70563      7.0029771E-10
   74.91937      7.0029771E-10
   75.13313      7.0029771E-10
   75.34688      7.0029771E-10
   75.56062      7.0029771E-10
   75.77438      7.0029771E-10
   75.98813      7.0029771E-10
   76.20187      7.0029771E-10
   76.41563      7.0029771E-10
   76.62937      7.0029771E-10
   76.84312      7.0029771E-10
   77.05688      7.0029771E-10
   77.27062      7.0029771E-10
   77.48438      7.0029771E-10
   77.69813      7.0029771E-10
   77.91187      7.0029771E-10
   78.12563      7.0029771E-10
   78.33938      7.0029771E-10
   78.55312      7.0029771E-10
   78.76688      7.0029771E-10
   78.98062      7.0029771E-10
   79.19437      7.0029771E-10
   79.40813      7.0029771E-10
   79.62187      7.0029771E-10
   79.83562      7.0029771E-10
   80.04938      7.0029771E-10
   80.26312      7.0029771E-10
   80.47688      7.0029771E-10
   80.69063      7.0029771E-10
   80.90437      7.0029771E-10
   81.11813      7.0029771E-10
   81.33188      7.0029771E-10
   81.54562      7.0029771E-10
   81.75938      7.0029771E-10
   81.97312      7.0029771E-10
   82.18687      7.0029771E-10
   82.40063      7.0029771E-10
   82.61437      7.0029771E-10
   82.82812      7.0029771E-10
   83.04188      7.0029771E-10
   83.25562      7.0029771E-10
   83.46938      7.0029771E-10
   83.68313      7.0029771E-10
   83.89687      7.0029771E-10
   84.11063      7.0029771E-10
   84.32437      7.0029771E-10
   84.53812      7.0029771E-10
   84.75188      7.0029771E-10
   84.96562      7.0029771E-10
   85.17937      7.0029771E-10
   85.39313      7.0029771E-10
   85.60687      7.0029771E-10
   85.82063      7.0029771E-10
   86.03438      7.0029771E-10
   86.24812      7.0029771E-10
   86.46188      7.0029771E-10
   86.67563      7.0029771E-10
   86.88937      7.0029771E-10
   87.10313      7.0029771E-10
   87.31687      7.0029771E-10
   87.53062      7.0029771E-10
   87.74438      7.0029771E-10
   87.95812      7.0029771E-10
   88.17188      7.0029771E-10
   88.38563      7.0029771E-10
   88.59937      7.0029771E-10
   88.81313      7.0029771E-10
   89.02688      7.0029771E-10
   89.24062      7.0029771E-10
   89.45438      7.0029771E-10
   89.66812      7.0029771E-10
   89.88187      7.0029771E-10
   90.09563      7.0029771E-10
   90.30937      7.0029771E-10
   90.52312      7.0029771E-10
   90.73688      7.0029771E-10
   90.95062      7.0029771E-10
   91.16438      7.0029771E-10
   91.37813      7.0029771E-10
   91.59187      7.0029771E-10
   91.80563      7.0029771E-10
   92.01938      7.0029771E-10
   92.23312      7.0029771E-10
   92.44688      7.0029771E-10
   92.66062      7.0029771E-10
   92.87437      7.0029771E-10
   93.08813      7.0029771E-10
   93.30187      7.0029771E-10
   93.51562      7.0029771E-10
   93.72938      7.0029771E-10
   93.94312      7.0029771E-10
   94.15688      7.0029771E-10
   94.37063      7.0029771E-10
   94.58437      7.0029771E-10
   94.79813      7.0029771E-10
   95.01187      7.0029771E-10
   95.22562      7.0029771E-10
   95.43938      7.0029771E-10
   95.65312      7.0029771E-10
   95.86687      7.0029771E-10
   96.08063      7.0029771E-10
   96.29437      7.0029771E-10
   96.50813      7.0029771E-10
   96.72188      7.0029771E-10
   96.93562      7.0029771E-10
   97.14938      7.0029771E-10
   97.36313      7.0029771E-10
   97.57687      7.0029771E-10
   97.79063      7.0029771E-10
   98.00437      7.0029771E-10
   98.21812      7.0029771E-10
   98.43188      7.0029771E-10
   98.64562      7.0029771E-10
   98.85938      7.0029771E-10
   99.07313      7.0029771E-10
   99.28687      7.0029771E-10
   99.50063      7.0029771E-10
   99.71438      7.0029771E-10
   99.92812      7.0029771E-10
   100.1419      7.0029771E-10
   100.3556      7.0029771E-10
   100.5694      7.0029771E-10
   100.7831      7.0029771E-10
   100.9969      7.0029771E-10
   101.2106      7.0029771E-10
   101.4244      7.0029771E-10
   101.6381      7.0029771E-10
   101.8519      7.0029771E-10
   102.0656      7.0029771E-10
   102.2794      7.0029771E-10
   102.4931      7.0029771E-10
   102.7069      7.0029771E-10
   102.9206      7.0029771E-10
   103.1344      7.0029771E-10
   103.3481      7.0029771E-10
   103.5619      7.0029771E-10
   103.7756      7.0029771E-10
   103.9894      7.0029771E-10
   104.2031      7.0029771E-10
   104.4169      7.0029771E-10
   104.6306      7.0029771E-10
   104.8444      7.0029771E-10
   105.0581      7.0029771E-10
   105.2719      7.0029771E-10
   105.4856      7.0029771E-10
   105.6994      7.0029771E-10
   105.9131      7.0029771E-10
   106.1269      7.0029771E-10
   106.3406      7.0029771E-10
   106.5544      7.0029771E-10
   106.7681      7.0029771E-10
   106.9819      7.0029771E-10
   107.1956      7.0029771E-10
   107.4094      7.0029771E-10
   107.6231      7.0029771E-10
   107.8369      7.0029771E-10
   108.0506      7.0029771E-10
   108.2644      7.0029771E-10
   108.4781      7.0029771E-10
   108.6919      7.0029771E-10
   108.9056      7.0029771E-10
   109.1194      7.0029771E-10
   109.3331      7.0029771E-10
   109.5469      7.0029771E-10
   109.7606      7.0029771E-10
   109.9744      7.0029771E-10
   110.1881      7.0029771E-10
   110.4019      7.0029771E-10
   110.6156      7.0029771E-10
   110.8294      7.0029771E-10
   111.0431      7.0029771E-10
   111.2569      7.0029771E-10
   111.4706      7.0029771E-10
   111.6844      7.0029771E-10
   111.8981      7.0029771E-10
   112.1119      7.0029771E-10
   112.3256      7.0029771E-10
   112.5394      7.0029771E-10
   112.7531      7.0029771E-10
   112.9669      7.0029771E-10
   113.1806      7.0029771E-10
   113.3944      7.0029771E-10
   113.6081      7.0029771E-10
   113.8219      7.0029771E-10
   114.0356      7.0029771E-10
   114.2494      7.0029771E-10
   114.4631      7.0029771E-10
   114.6769      7.0029771E-10
   114.8906      7.0029771E-10
   115.1044      7.0029771E-10
   115.3181      7.0029771E-10
   115.5319      7.0029771E-10
   115.7456      7.0029771E-10
   115.9594      7.0029771E-10
   116.1731      7.0029771E-10
   116.3869      7.0029771E-10
   116.6006      7.0029771E-10
   116.8144      7.0029771E-10
   117.0281      7.0029771E-10
   117.2419      7.0029771E-10
   117.4556      7.0029771E-10
   117.6694      7.0029771E-10
   117.8831      7.0029771E-10
   118.0969      7.0029771E-10
   118.3106      7.0029771E-10
   118.5244      7.0029771E-10
   118.7381      7.0029771E-10
   118.9519      7.0029771E-10
   119.1656      7.0029771E-10
   119.3794      7.0029771E-10
   119.5931      7.0029771E-10
   119.8069      7.0029771E-10
   120.0206      7.0029771E-10
   120.2344      7.0029771E-10
   120.4481      7.0029771E-10
   120.6619      7.0029771E-10
   120.8756      7.0029771E-10
   121.0894      7.0029771E-10
   121.3031      7.0029771E-10
   121.5169      7.0029771E-10
   121.7306      7.0029771E-10
   121.9444      7.0029771E-10
   122.1581      7.0029771E-10
   122.3719      7.0029771E-10
   122.5856      7.0029771E-10
   122.7994      7.0029771E-10
   123.0131      7.0029771E-10
   123.2269      7.0029771E-10
   123.4406      7.0029771E-10
   123.6544      7.0029771E-10
   123.8681      7.0029771E-10
   124.0819      7.0029771E-10
   124.2956      7.0029771E-10
   124.5094      7.0029771E-10
   124.7231      7.0029771E-10
   124.9369      7.0029771E-10
   125.1506      7.0029771E-10
   125.3644      7.0029771E-10
   125.5781      7.0029771E-10
   125.7919      7.0029771E-10
   126.0056      7.0029771E-10
   126.2194      7.0029771E-10
   126.4331      7.0029771E-10
   126.6469      7.0029771E-10
   126.8606      7.0029771E-10
   127.0744      7.0029771E-10
   127.2881      7.0029771E-10
   127.5019      7.0029771E-10
   127.7156      7.0029771E-10
   127.9294      7.0029771E-10
   128.1431      7.0029771E-10
   128.3569      7.0029771E-10
   128.5706      7.0029771E-10
   128.7844      7.0029771E-10
   128.9981      7.0029771E-10
   129.2119      7.0029771E-10
   129.4256      7.0029771E-10
   129.6394      7.0029771E-10
   129.8531      7.0029771E-10
   130.0669      7.0029771E-10
   130.2806      7.0029771E-10
   130.4944      7.0029771E-10
   130.7081      7.0029771E-10
   130.9219      7.0029771E-10
   131.1356      7.0029771E-10
   131.3494      7.0029771E-10
   131.5631      7.0029771E-10
   131.7769      7.0029771E-10
   131.9906      7.0029771E-10
   132.2044      7.0029771E-10
   132.4181      7.0029771E-10
   132.6319      7.0029771E-10
   132.8456      7.0029771E-10
   133.0594      7.0029771E-10
   133.2731      7.0029771E-10
   133.4869      7.0029771E-10
   133.7006      7.0029771E-10
   133.9144      7.0029771E-10
   134.1281      7.0029771E-10
   134.3419      7.0029771E-10
   134.5556      7.0029771E-10
   134.7694      7.0029771E-10
   134.9831      7.0029771E-10
   135.1969      7.0029771E-10
   135.4106      7.0029771E-10
   135.6244      7.0029771E-10
   135.8381      7.0029771E-10
   136.0519      7.0029771E-10
   136.2656      7.0029771E-10
   136.4794      7.0029771E-10
   136.6931      7.0029771E-10
   136.9069      7.0029771E-10
   137.1206      7.0029771E-10
   137.3344      7.0029771E-10
   137.5481      7.0029771E-10
   137.7619      7.0029771E-10
   137.9756      7.0029771E-10
   138.1894      7.0029771E-10
   138.4031      7.0029771E-10
   138.6169      7.0029771E-10
   138.8306      7.0029771E-10
   139.0444      7.0029771E-10
   139.2581      7.0029771E-10
   139.4719      7.0029771E-10
   139.6856      7.0029771E-10
   139.8994      7.0029771E-10
   140.1131      7.0029771E-10
   140.3269      7.0029771E-10
   140.5406      7.0029771E-10
   140.7544      7.0029771E-10
   140.9681      7.0029771E-10
   141.1819      7.0029771E-10
   141.3956      7.0029771E-10
   141.6094      7.0029771E-10
   141.8231      7.0029771E-10
   142.0369      7.0029771E-10
   142.2506      7.0029771E-10
   142.4644      7.0029771E-10
   142.6781      7.0029771E-10
   142.8919      7.0029771E-10
   143.1056      7.0029771E-10
   143.3194      7.0029771E-10
   143.5331      7.0029771E-10
   143.7469      7.0029771E-10
   143.9606      7.0029771E-10
   144.1744      7.0029771E-10
   144.3881      7.0029771E-10
   144.6019      7.0029771E-10
   144.8156      7.0029771E-10
   145.0294      7.0029771E-10
   145.2431      7.0029771E-10
   145.4569      7.0029771E-10
   145.6706      7.0029771E-10
   145.8844      7.0029771E-10
   146.0981      7.0029771E-10
   146.3119      7.0029771E-10
   146.5256      7.0029771E-10
   146.7394      7.0029771E-10
   146.9531      7.0029771E-10
   147.1669      7.0029771E-10
   147.3806      7.0029771E-10
   147.5944      7.0029771E-10
   147.8081      7.0029771E-10
   148.0219      7.0029771E-10
   148.2356      7.0029771E-10
   148.4494      7.0029771E-10
   148.6631      7.0029771E-10
   148.8769      7.0029771E-10
   149.0906      7.0029771E-10
   149.3044      7.0029771E-10
   149.5181      7.0029771E-10
   149.7319      7.0029771E-10
   149.9456      7.0029771E-10
   150.1594      7.0029771E-10
   150.3731      7.0029771E-10
   150.5869      7.0029771E-10
   150.8006      7.0029771E-10
   151.0144      7.0029771E-10
   151.2281      7.0029771E-10
   151.4419      7.0029771E-10
   151.6556      7.0029771E-10
   151.8694      7.0029771E-10
   152.0831      7.0029771E-10
   152.2969      7.0029771E-10
   152.5106      7.0029771E-10
   152.7244      7.0029771E-10
   152.9381      7.0029771E-10
   153.1519      7.0029771E-10
   153.3656      7.0029771E-10
   153.5794      7.0029771E-10
   153.7931      7.0029771E-10
   154.0069      7.0029771E-10
   154.2206      7.0029771E-10
   154.4344      7.0029771E-10
   154.6481      7.0029771E-10
   154.8619      7.0029771E-10
   155.0756      7.0029771E-10
   155.2894      7.0029771E-10
   155.5031      7.0029771E-10
   155.7169      7.0029771E-10
   155.9306      7.0029771E-10
   156.1444      7.0029771E-10
   156.3581      7.0029771E-10
   156.5719      7.0029771E-10
   156.7856      7.0029771E-10
   156.9994      7.0029771E-10
   157.2131      7.0029771E-10
   157.4269      7.0029771E-10
   157.6406      7.0029771E-10
   157.8544      7.0029771E-10
   158.0681      7.0029771E-10
   158.2819      7.0029771E-10
   158.4956      7.0029771E-10
   158.7094      7.0029771E-10
   158.9231      7.0029771E-10
   159.1369      7.0029771E-10
   159.3506      7.0029771E-10
   159.5644      7.0029771E-10
   159.7781      7.0029771E-10
   159.9919      7.0029771E-10
   160.2056      7.0029771E-10
   160.4194      7.0029771E-10
   160.6331      7.0029771E-10
   160.8469      7.0029771E-10
   161.0606      7.0029771E-10
   161.2744      7.0029771E-10
   161.4881      7.0029771E-10
   161.7019      7.0029771E-10
   161.9156      7.0029771E-10
   162.1294      7.0029771E-10
   162.3431      7.0029771E-10
   162.5569      7.0029771E-10
   162.7706      7.0029771E-10
   162.9844      7.0029771E-10
   163.1981      7.0029771E-10
   163.4119      7.0029771E-10
   163.6256      7.0029771E-10
   163.8394      7.0029771E-10
   164.0531      7.0029771E-10
   164.2669      7.0029771E-10
   164.4806      7.0029771E-10
   164.6944      7.0029771E-10
   164.9081      7.0029771E-10
   165.1219      7.0029771E-10
   165.3356      7.0029771E-10
   165.5494      7.0029771E-10
   165.7631      7.0029771E-10
   165.9769      7.0029771E-10
   166.1906      7.0029771E-10
   166.4044      7.0029771E-10
   166.6181      7.0029771E-10
   166.8319      7.0029771E-10
   167.0456      7.0029771E-10
   167.2594      7.0029771E-10
   167.4731      7.0029771E-10
   167.6869      7.0029771E-10
   167.9006      7.0029771E-10
   168.1144      7.0029771E-10
   168.3281      7.0029771E-10
   168.5419      7.0029771E-10
   168.7556      7.0029771E-10
   168.9694      7.0029771E-10
   169.1831      7.0029771E-10
   169.3969      7.0029771E-10
   169.6106      7.0029771E-10
   169.8244      7.0029771E-10
   170.0381      7.0029771E-10
   170.2519      7.0029771E-10
   170.4656      7.0029771E-10
   170.6794      7.0029771E-10
   170.8931      7.0029771E-10
   171.1069      7.0029771E-10
   171.3206      7.0029771E-10
   171.5344      7.0029771E-10
   171.7481      7.0029771E-10
   171.9619      7.0029771E-10
   172.1756      7.0029771E-10
   172.3894      7.0029771E-10
   172.6031      7.0029771E-10
   172.8169      7.0029771E-10
   173.0306      7.0029771E-10
   173.2444      7.0029771E-10
   173.4581      7.0029771E-10
   173.6719      7.0029771E-10
   173.8856      7.0029771E-10
   174.0994      7.0029771E-10
   174.3131      7.0029771E-10
   174.5269      7.0029771E-10
   174.7406      7.0029771E-10
   174.9544      7.0029771E-10
   175.1681      7.0029771E-10
   175.3819      7.0029771E-10
   175.5956      7.0029771E-10
   175.8094      7.0029771E-10
   176.0231      7.0029771E-10
   176.2369      7.0029771E-10
   176.4506      7.0029771E-10
   176.6644      7.0029771E-10
   176.8781      7.0029771E-10
   177.0919      7.0029771E-10
   177.3056      7.0029771E-10
   177.5194      7.0029771E-10
   177.7331      7.0029771E-10
   177.9469      7.0029771E-10
   178.1606      7.0029771E-10
   178.3744      7.0029771E-10
   178.5881      7.0029771E-10
   178.8019      7.0029771E-10
   179.0156      7.0029771E-10
   179.2294      7.0029771E-10
   179.4431      7.0029771E-10
   179.6569      7.0029771E-10
   179.8706      7.0029771E-10
   180.0844      7.0029771E-10
   180.2981      7.0029771E-10
   180.5119      7.0029771E-10
   180.7256      7.0029771E-10
   180.9394      7.0029771E-10
   181.1531      7.0029771E-10
   181.3669      7.0029771E-10
   181.5806      7.0029771E-10
   181.7944      7.0029771E-10
   182.0081      7.0029771E-10
   182.2219      7.0029771E-10
   182.4356      7.0029771E-10
   182.6494      7.0029771E-10
   182.8631      7.0029771E-10
   183.0769      7.0029771E-10
   183.2906      7.0029771E-10
   183.5044      7.0029771E-10
   183.7181      7.0029771E-10
   183.9319      7.0029771E-10
   184.1456      7.0029771E-10
   184.3594      7.0029771E-10
   184.5731      7.0029771E-10
   184.7869      7.0029771E-10
   185.0006      7.0029771E-10
   185.2144      7.0029771E-10
   185.4281      7.0029771E-10
   185.6419      7.0029771E-10
   185.8556      7.0029771E-10
   186.0694      7.0029771E-10
   186.2831      7.0029771E-10
   186.4969      7.0029771E-10
   186.7106      7.0029771E-10
   186.9244      7.0029771E-10
   187.1381      7.0029771E-10
   187.3519      7.0029771E-10
   187.5656      7.0029771E-10
   187.7794      7.0029771E-10
   187.9931      7.0029771E-10
   188.2069      7.0029771E-10
   188.4206      7.0029771E-10
   188.6344      7.0029771E-10
   188.8481      7.0029771E-10
   189.0619      7.0029771E-10
   189.2756      7.0029771E-10
   189.4894      7.0029771E-10
   189.7031      7.0029771E-10
   189.9169      7.0029771E-10
   190.1306      7.0029771E-10
   190.3444      7.0029771E-10
   190.5581      7.0029771E-10
   190.7719      7.0029771E-10
   190.9856      7.0029771E-10
   191.1994      7.0029771E-10
   191.4131      7.0029771E-10
   191.6269      7.0029771E-10
   191.8406      7.0029771E-10
   192.0544      7.0029771E-10
   192.2681      7.0029771E-10
   192.4819      7.0029771E-10
   192.6956      7.0029771E-10
   192.9094      7.0029771E-10
   193.1231      7.0029771E-10
   193.3369      7.0029771E-10
   193.5506      7.0029771E-10
   193.7644      7.0029771E-10
   193.9781      7.0029771E-10
   194.1919      7.0029771E-10
   194.4056      7.0029771E-10
   194.6194      7.0029771E-10
   194.8331      7.0029771E-10
   195.0469      7.0029771E-10
   195.2606      7.0029771E-10
   195.4744      7.0029771E-10
   195.6881      7.0029771E-10
   195.9019      7.0029771E-10
   196.1156      7.0029771E-10
   196.3294      7.0029771E-10
   196.5431      7.0029771E-10
   196.7569      7.0029771E-10
   196.9706      7.0029771E-10
   197.1844      7.0029771E-10
   197.3981      7.0029771E-10
   197.6119      7.0029771E-10
   197.8256      7.0029771E-10
   198.0394      7.0029771E-10
   198.2531      7.0029771E-10
   198.4669      7.0029771E-10
   198.6806      7.0029771E-10
   198.8944      7.0029771E-10
   199.1081      7.0029771E-10
   199.3219      7.0029771E-10
   199.5356      7.0029771E-10
   199.7494      7.0029771E-10
   199.9631      7.0029771E-10
   200.1769      7.0029771E-10
   200.3906      7.0029771E-10
   200.6044      7.0029771E-10
   200.8181      7.0029771E-10
   201.0319      7.0029771E-10
   201.2456      7.0029771E-10
   201.4594      7.0029771E-10
   201.6731      7.0029771E-10
   201.8869      7.0029771E-10
   202.1006      7.0029771E-10
   202.3144      7.0029771E-10
   202.5281      7.0029771E-10
   202.7419      7.0029771E-10
   202.9556      7.0029771E-10
   203.1694      7.0029771E-10
   203.3831      7.0029771E-10
   203.5969      7.0029771E-10
   203.8106      7.0029771E-10
   204.0244      7.0029771E-10
   204.2381      7.0029771E-10
   204.4519      7.0029771E-10
   204.6656      7.0029771E-10
   204.8794      7.0029771E-10
   205.0931      7.0029771E-10
   205.3069      7.0029771E-10
   205.5206      7.0029771E-10
   205.7344      7.0029771E-10
   205.9481      7.0029771E-10
   206.1619      7.0029771E-10
   206.3756      7.0029771E-10
   206.5894      7.0029771E-10
   206.8031      7.0029771E-10
   207.0169      7.0029771E-10
   207.2306      7.0029771E-10
   207.4444      7.0029771E-10
   207.6581      7.0029771E-10
   207.8719      7.0029771E-10
   208.0856      7.0029771E-10
   208.2994      7.0029771E-10
   208.5131      7.0029771E-10
   208.7269      7.0029771E-10
   208.9406      7.0029771E-10
   209.1544      7.0029771E-10
   209.3681      7.0029771E-10
   209.5819      7.0029771E-10
   209.7956      7.0029771E-10
   210.0094      7.0029771E-10
   210.2231      7.0029771E-10
   210.4369      7.0029771E-10
   210.6506      7.0029771E-10
   210.8644      7.0029771E-10
   211.0781      7.0029771E-10
   211.2919      7.0029771E-10
   211.5056      7.0029771E-10
   211.7194      7.0029771E-10
   211.9331      7.0029771E-10
   212.1469      7.0029771E-10
   212.3606      7.0029771E-10
   212.5744      7.0029771E-10
   212.7881      7.0029771E-10
   213.0019      7.0029771E-10
   213.2156      7.0029771E-10
   213.4294      7.0029771E-10
   213.6431      7.0029771E-10
   213.8569      7.0029771E-10
   214.0706      7.0029771E-10
   214.2844      7.0029771E-10
   214.4981      7.0029771E-10
   214.7119      7.0029771E-10
   214.9256      7.0029771E-10
   215.1394      7.0029771E-10
   215.3531      7.0029771E-10
   215.5669      7.0029771E-10
   215.7806      7.0029771E-10
   215.9944      7.0029771E-10
   216.2081      7.0029771E-10
   216.4219      7.0029771E-10
   216.6356      7.0029771E-10
   216.8494      7.0029771E-10
   217.0631      7.0029771E-10
   217.2769      7.0029771E-10
   217.4906      7.0029771E-10
   217.7044      7.0029771E-10
   217.9181      7.0029771E-10
   218.1319      7.0029771E-10
   218.3456      7.0029771E-10
   218.5594      7.0029771E-10
   218.7731      7.0029771E-10
   218.9869      7.0029771E-10
   219.2006      7.0029771E-10
   219.4144      7.0029771E-10
   219.6281      7.0029771E-10
   219.8419      7.0029771E-10
   220.0556      7.0029771E-10
   220.2694      7.0029771E-10
   220.4831      7.0029771E-10
   220.6969      7.0029771E-10
   220.9106      7.0029771E-10
   221.1244      7.0029771E-10
   221.3381      7.0029771E-10
   221.5519      7.0029771E-10
   221.7656      7.0029771E-10
   221.9794      7.0029771E-10
   222.1931      7.0029771E-10
   222.4069      7.0029771E-10
   222.6206      7.0029771E-10
   222.8344      7.0029771E-10
   223.0481      7.0029771E-10
   223.2619      7.0029771E-10
   223.4756      7.0029771E-10
   223.6894      7.0029771E-10
   223.9031      7.0029771E-10
   224.1169      7.0029771E-10
   224.3306      7.0029771E-10
   224.5444      7.0029771E-10
   224.7581      7.0029771E-10
   224.9719      7.0029771E-10
   225.1856      7.0029771E-10
   225.3994      7.0029771E-10
   225.6131      7.0029771E-10
   225.8269      7.0029771E-10
   226.0406      7.0029771E-10
   226.2544      7.0029771E-10
   226.4681      7.0029771E-10
   226.6819      7.0029771E-10
   226.8956      7.0029771E-10
   227.1094      7.0029771E-10
   227.3231      7.0029771E-10
   227.5369      7.0029771E-10
   227.7506      7.0029771E-10
   227.9644      7.0029771E-10
   228.1781      7.0029771E-10
   228.3919      7.0029771E-10
   228.6056      7.0029771E-10
   228.8194      7.0029771E-10
   229.0331      7.0029771E-10
   229.2469      7.0029771E-10
   229.4606      7.0029771E-10
   229.6744      7.0029771E-10
   229.8881      7.0029771E-10
   230.1019      7.0029771E-10
   230.3156      7.0029771E-10
   230.5294      7.0029771E-10
   230.7431      7.0029771E-10
   230.9569      7.0029771E-10
   231.1706      7.0029771E-10
   231.3844      7.0029771E-10
   231.5981      7.0029771E-10
   231.8119      7.0029771E-10
   232.0256      7.0029771E-10
   232.2394      7.0029771E-10
   232.4531      7.0029771E-10
   232.6669      7.0029771E-10
   232.8806      7.0029771E-10
   233.0944      7.0029771E-10
   233.3081      7.0029771E-10
   233.5219      7.0029771E-10
   233.7356      7.0029771E-10
   233.9494      7.0029771E-10
   234.1631      7.0029771E-10
   234.3769      7.0029771E-10
   234.5906      7.0029771E-10
   234.8044      7.0029771E-10
   235.0181      7.0029771E-10
   235.2319      7.0029771E-10
   235.4456      7.0029771E-10
   235.6594      7.0029771E-10
   235.8731      7.0029771E-10
   236.0869      7.0029771E-10
   236.3006      7.0029771E-10
   236.5144      7.0029771E-10
   236.7281      7.0029771E-10
   236.9419      7.0029771E-10
   237.1556      7.0029771E-10
   237.3694      7.0029771E-10
   237.5831      7.0029771E-10
   237.7969      7.0029771E-10
   238.0106      7.0029771E-10
   238.2244      7.0029771E-10
   238.4381      7.0029771E-10
   238.6519      7.0029771E-10
   238.8656      7.0029771E-10
   239.0794      7.0029771E-10
   239.2931      7.0029771E-10
   239.5069      7.0029771E-10
   239.7206      7.0029771E-10
   239.9344      7.0029771E-10
   240.1481      7.0029771E-10
   240.3619      7.0029771E-10
   240.5756      7.0029771E-10
   240.7894      7.0029771E-10
   241.0031      7.0029771E-10
   241.2169      7.0029771E-10
   241.4306      7.0029771E-10
   241.6444      7.0029771E-10
   241.8581      7.0029771E-10
   242.0719      7.0029771E-10
   242.2856      7.0029771E-10
   242.4994      7.0029771E-10
   242.7131      7.0029771E-10
   242.9269      7.0029771E-10
   243.1406      7.0029771E-10
   243.3544      7.0029771E-10
   243.5681      7.0029771E-10
   243.7819      7.0029771E-10
   243.9956      7.0029771E-10
   244.2094      7.0029771E-10
   244.4231      7.0029771E-10
   244.6369      7.0029771E-10
   244.8506      7.0029771E-10
   245.0644      7.0029771E-10
   245.2781      7.0029771E-10
   245.4919      7.0029771E-10
   245.7056      7.0029771E-10
   245.9194      7.0029771E-10
   246.1331      7.0029771E-10
   246.3469      7.0029771E-10
   246.5606      7.0029771E-10
   246.7744      7.0029771E-10
   246.9881      7.0029771E-10
   247.2019      7.0029771E-10
   247.4156      7.0029771E-10
   247.6294      7.0029771E-10
   247.8431      7.0029771E-10
   248.0569      7.0029771E-10
   248.2706      7.0029771E-10
   248.4844      7.0029771E-10
   248.6981      7.0029771E-10
   248.9119      7.0029771E-10
   249.1256      7.0029771E-10
   249.3394      7.0029771E-10
   249.5531      7.0029771E-10
   249.7669      7.0029771E-10
   249.9806      7.0029771E-10
   250.1944      7.0029771E-10
   250.4081      7.0029771E-10
   250.6219      7.0029771E-10
   250.8356      7.0029771E-10
   251.0494      7.0029771E-10
   251.2631      7.0029771E-10
   251.4769      7.0029771E-10
   251.6906      7.0029771E-10
   251.9044      7.0029771E-10
   252.1181      7.0029771E-10
   252.3319      7.0029771E-10
   252.5456      7.0029771E-10
   252.7594      7.0029771E-10
   252.9731      7.0029771E-10
   253.1869      7.0029771E-10
   253.4006      7.0029771E-10
   253.6144      7.0029771E-10
   253.8281      7.0029771E-10
   254.0419      7.0029771E-10
   254.2556      7.0029771E-10
   254.4694      7.0029771E-10
   254.6831      7.0029771E-10
   254.8969      7.0029771E-10
   255.1106      7.0029771E-10
   255.3244      7.0029771E-10
   255.5381      7.0029771E-10
   255.7519      7.0029771E-10
   255.9656      7.0029771E-10
   256.1794      7.0029771E-10
   256.3931      7.0029771E-10
   256.6069      7.0029771E-10
   256.8206      7.0029771E-10
   257.0344      7.0029771E-10
   257.2481      7.0029771E-10
   257.4619      7.0029771E-10
   257.6756      7.0029771E-10
   257.8894      7.0029771E-10
   258.1031      7.0029771E-10
   258.3169      7.0029771E-10
   258.5306      7.0029771E-10
   258.7444      7.0029771E-10
   258.9581      7.0029771E-10
   259.1719      7.0029771E-10
   259.3856      7.0029771E-10
   259.5994      7.0029771E-10
   259.8131      7.0029771E-10
   260.0269      7.0029771E-10
   260.2406      7.0029771E-10
   260.4544      7.0029771E-10
   260.6681      7.0029771E-10
   260.8819      7.0029771E-10
   261.0956      7.0029771E-10
   261.3094      7.0029771E-10
   261.5231      7.0029771E-10
   261.7369      7.0029771E-10
   261.9506      7.0029771E-10
   262.1644      7.0029771E-10
   262.3781      7.0029771E-10
   262.5919      7.0029771E-10
   262.8056      7.0029771E-10
   263.0194      7.0029771E-10
   263.2331      7.0029771E-10
   263.4469      7.0029771E-10
   263.6606      7.0029771E-10
   263.8744      7.0029771E-10
   264.0881      7.0029771E-10
   264.3019      7.0029771E-10
   264.5156      7.0029771E-10
   264.7294      7.0029771E-10
   264.9431      7.0029771E-10
   265.1569      7.0029771E-10
   265.3706      7.0029771E-10
   265.5844      7.0029771E-10
   265.7981      7.0029771E-10
   266.0119      7.0029771E-10
   266.2256      7.0029771E-10
   266.4394      7.0029771E-10
   266.6531      7.0029771E-10
   266.8669      7.0029771E-10
   267.0806      7.0029771E-10
   267.2944      7.0029771E-10
   267.5081      7.0029771E-10
   267.7219      7.0029771E-10
   267.9356      7.0029771E-10
   268.1494      7.0029771E-10
   268.3631      7.0029771E-10
   268.5769      7.0029771E-10
   268.7906      7.0029771E-10
   269.0044      7.0029771E-10
   269.2181      7.0029771E-10
   269.4319      7.0029771E-10
   269.6456      7.0029771E-10
   269.8594      7.0029771E-10
   270.0731      7.0029771E-10
   270.2869      7.0029771E-10
   270.5006      7.0029771E-10
   270.7144      7.0029771E-10
   270.9281      7.0029771E-10
   271.1419      7.0029771E-10
   271.3556      7.0029771E-10
   271.5694      7.0029771E-10
   271.7831      7.0029771E-10
   271.9969      7.0029771E-10
   272.2106      7.0029771E-10
   272.4244      7.0029771E-10
   272.6381      7.0029771E-10
   272.8519      7.0029771E-10
   273.0656      7.0029771E-10
   273.2794      7.0029771E-10
   273.4931      7.0029771E-10
   273.7069      7.0029771E-10
   273.9206      7.0029771E-10
   274.1344      7.0029771E-10
   274.3481      7.0029771E-10
   274.5619      7.0029771E-10
   274.7756      7.0029771E-10
   274.9894      7.0029771E-10
   275.2031      7.0029771E-10
   275.4169      7.0029771E-10
   275.6306      7.0029771E-10
   275.8444      7.0029771E-10
   276.0581      7.0029771E-10
   276.2719      7.0029771E-10
   276.4856      7.0029771E-10
   276.6994      7.0029771E-10
   276.9131      7.0029771E-10
   277.1269      7.0029771E-10
   277.3406      7.0029771E-10
   277.5544      7.0029771E-10
   277.7681      7.0029771E-10
   277.9819      7.0029771E-10
   278.1956      7.0029771E-10
   278.4094      7.0029771E-10
   278.6231      7.0029771E-10
   278.8369      7.0029771E-10
   279.0506      7.0029771E-10
   279.2644      7.0029771E-10
   279.4781      7.0029771E-10
   279.6919      7.0029771E-10
   279.9056      7.0029771E-10
   280.1194      7.0029771E-10
   280.3331      7.0029771E-10
   280.5469      7.0029771E-10
   280.7606      7.0029771E-10
   280.9744      7.0029771E-10
   281.1881      7.0029771E-10
   281.4019      7.0029771E-10
   281.6156      7.0029771E-10
   281.8294      7.0029771E-10
   282.0431      7.0029771E-10
   282.2569      7.0029771E-10
   282.4706      7.0029771E-10
   282.6844      7.0029771E-10
   282.8981      7.0029771E-10
   283.1119      7.0029771E-10
   283.3256      7.0029771E-10
   283.5394      7.0029771E-10
   283.7531      7.0029771E-10
   283.9669      7.0029771E-10
   284.1806      7.0029771E-10
   284.3944      7.0029771E-10
   284.6081      7.0029771E-10
   284.8219      7.0029771E-10
   285.0356      7.0029771E-10
   285.2494      7.0029771E-10
   285.4631      7.0029771E-10
   285.6769      7.0029771E-10
   285.8906      7.0029771E-10
   286.1044      7.0029771E-10
   286.3181      7.0029771E-10
   286.5319      7.0029771E-10
   286.7456      7.0029771E-10
   286.9594      7.0029771E-10
   287.1731      7.0029771E-10
   287.3869      7.0029771E-10
   287.6006      7.0029771E-10
   287.8144      7.0029771E-10
   288.0281      7.0029771E-10
   288.2419      7.0029771E-10
   288.4556      7.0029771E-10
   288.6694      7.0029771E-10
   288.8831      7.0029771E-10
   289.0969      7.0029771E-10
   289.3106      7.0029771E-10
   289.5244      7.0029771E-10
   289.7381      7.0029771E-10
   289.9519      7.0029771E-10
   290.1656      7.0029771E-10
   290.3794      7.0029771E-10
   290.5931      7.0029771E-10
   290.8069      7.0029771E-10
   291.0206      7.0029771E-10
   291.2344      7.0029771E-10
   291.4481      7.0029771E-10
   291.6619      7.0029771E-10
   291.8756      7.0029771E-10
   292.0894      7.0029771E-10
   292.3031      7.0029771E-10
   292.5169      7.0029771E-10
   292.7306      7.0029771E-10
   292.9444      7.0029771E-10
   293.1581      7.0029771E-10
   293.3719      7.0029771E-10
   293.5856      7.0029771E-10
   293.7994      7.0029771E-10
   294.0131      7.0029771E-10
   294.2269      7.0029771E-10
   294.4406      7.0029771E-10
   294.6544      7.0029771E-10
   294.8681      7.0029771E-10
   295.0819      7.0029771E-10
   295.2956      7.0029771E-10
   295.5094      7.0029771E-10
   295.7231      7.0029771E-10
   295.9369      7.0029771E-10
   296.1506      7.0029771E-10
   296.3644      7.0029771E-10
   296.5781      7.0029771E-10
   296.7919      7.0029771E-10
   297.0056      7.0029771E-10
   297.2194      7.0029771E-10
   297.4331      7.0029771E-10
   297.6469      7.0029771E-10
   297.8606      7.0029771E-10
   298.0744      7.0029771E-10
   298.2881      7.0029771E-10
   298.5019      7.0029771E-10
   298.7156      7.0029771E-10
   298.9294      7.0029771E-10
   299.1431      7.0029771E-10
   299.3569      7.0029771E-10
   299.5706      7.0029771E-10
   299.7844      7.0029771E-10
   299.9981      7.0029771E-10
   300.2119      7.0029771E-10
   300.4256      7.0029771E-10
   300.6394      7.0029771E-10
   300.8531      7.0029771E-10
   301.0669      7.0029771E-10
   301.2806      7.0029771E-10
   301.4944      7.0029771E-10
   301.7081      7.0029771E-10
   301.9219      7.0029771E-10
   302.1356      7.0029771E-10
   302.3494      7.0029771E-10
   302.5631      7.0029771E-10
   302.7769      7.0029771E-10
   302.9906      7.0029771E-10
   303.2044      7.0029771E-10
   303.4181      7.0029771E-10
   303.6319      7.0029771E-10
   303.8456      7.0029771E-10
   304.0594      7.0029771E-10
   304.2731      7.0029771E-10
   304.4869      7.0029771E-10
   304.7006      7.0029771E-10
   304.9144      7.0029771E-10
   305.1281      7.0029771E-10
   305.3419      7.0029771E-10
   305.5556      7.0029771E-10
   305.7694      7.0029771E-10
   305.9831      7.0029771E-10
   306.1969      7.0029771E-10
   306.4106      7.0029771E-10
   306.6244      7.0029771E-10
   306.8381      7.0029771E-10
   307.0519      7.0029771E-10
   307.2656      7.0029771E-10
   307.4794      7.0029771E-10
   307.6931      7.0029771E-10
   307.9069      7.0029771E-10
   308.1206      7.0029771E-10
   308.3344      7.0029771E-10
   308.5481      7.0029771E-10
   308.7619      7.0029771E-10
   308.9756      7.0029771E-10
   309.1894      7.0029771E-10
   309.4031      7.0029771E-10
   309.6169      7.0029771E-10
   309.8306      7.0029771E-10
   310.0444      7.0029771E-10
   310.2581      7.0029771E-10
   310.4719      7.0029771E-10
   310.6856      7.0029771E-10
   310.8994      7.0029771E-10
   311.1131      7.0029771E-10
   311.3269      7.0029771E-10
   311.5406      7.0029771E-10
   311.7544      7.0029771E-10
   311.9681      7.0029771E-10
   312.1819      7.0029771E-10
   312.3956      7.0029771E-10
   312.6094      7.0029771E-10
   312.8231      7.0029771E-10
   313.0369      7.0029771E-10
   313.2506      7.0029771E-10
   313.4644      7.0029771E-10
   313.6781      7.0029771E-10
   313.8919      7.0029771E-10
   314.1056      7.0029771E-10
   314.3194      7.0029771E-10
   314.5331      7.0029771E-10
   314.7469      7.0029771E-10
   314.9606      7.0029771E-10
   315.1744      7.0029771E-10
   315.3881      7.0029771E-10
   315.6019      7.0029771E-10
   315.8156      7.0029771E-10
   316.0294      7.0029771E-10
   316.2431      7.0029771E-10
   316.4569      7.0029771E-10
   316.6706      7.0029771E-10
   316.8844      7.0029771E-10
   317.0981      7.0029771E-10
   317.3119      7.0029771E-10
   317.5256      7.0029771E-10
   317.7394      7.0029771E-10
   317.9531      7.0029771E-10
   318.1669      7.0029771E-10
   318.3806      7.0029771E-10
   318.5944      7.0029771E-10
   318.8081      7.0029771E-10
   319.0219      7.0029771E-10
   319.2356      7.0029771E-10
   319.4494      7.0029771E-10
   319.6631      7.0029771E-10
   319.8769      7.0029771E-10
   320.0906      7.0029771E-10
   320.3044      7.0029771E-10
   320.5181      7.0029771E-10
   320.7319      7.0029771E-10
   320.9456      7.0029771E-10
   321.1594      7.0029771E-10
   321.3731      7.0029771E-10
   321.5869      7.0029771E-10
   321.8006      7.0029771E-10
   322.0144      7.0029771E-10
   322.2281      7.0029771E-10
   322.4419      7.0029771E-10
   322.6556      7.0029771E-10
   322.8694      7.0029771E-10
   323.0831      7.0029771E-10
   323.2969      7.0029771E-10
   323.5106      7.0029771E-10
   323.7244      7.0029771E-10
   323.9381      7.0029771E-10
   324.1519      7.0029771E-10
   324.3656      7.0029771E-10
   324.5794      7.0029771E-10
   324.7931      7.0029771E-10
   325.0069      7.0029771E-10
   325.2206      7.0029771E-10
   325.4344      7.0029771E-10
   325.6481      7.0029771E-10
   325.8619      7.0029771E-10
   326.0756      7.0029771E-10
   326.2894      7.0029771E-10
   326.5031      7.0029771E-10
   326.7169      7.0029771E-10
   326.9306      7.0029771E-10
   327.1444      7.0029771E-10
   327.3581      7.0029771E-10
   327.5719      7.0029771E-10
   327.7856      7.0029771E-10
   327.9994      7.0029771E-10
   328.2131      7.0029771E-10
   328.4269      7.0029771E-10
   328.6406      7.0029771E-10
   328.8544      7.0029771E-10
   329.0681      7.0029771E-10
   329.2819      7.0029771E-10
   329.4956      7.0029771E-10
   329.7094      7.0029771E-10
   329.9231      7.0029771E-10
   330.1369      7.0029771E-10
   330.3506      7.0029771E-10
   330.5644      7.0029771E-10
   330.7781      7.0029771E-10
   330.9919      7.0029771E-10
   331.2056      7.0029771E-10
   331.4194      7.0029771E-10
   331.6331      7.0029771E-10
   331.8469      7.0029771E-10
   332.0606      7.0029771E-10
   332.2744      7.0029771E-10
   332.4881      7.0029771E-10
   332.7019      7.0029771E-10
   332.9156      7.0029771E-10
   333.1294      7.0029771E-10
   333.3431      7.0029771E-10
   333.5569      7.0029771E-10
   333.7706      7.0029771E-10
   333.9844      7.0029771E-10
   334.1981      7.0029771E-10
   334.4119      7.0029771E-10
   334.6256      7.0029771E-10
   334.8394      7.0029771E-10
   335.0531      7.0029771E-10
   335.2669      7.0029771E-10
   335.4806      7.0029771E-10
   335.6944      7.0029771E-10
   335.9081      7.0029771E-10
   336.1219      7.0029771E-10
   336.3356      7.0029771E-10
   336.5494      7.0029771E-10
   336.7631      7.0029771E-10
   336.9769      7.0029771E-10
   337.1906      7.0029771E-10
   337.4044      7.0029771E-10
   337.6181      7.0029771E-10
   337.8319      7.0029771E-10
   338.0456      7.0029771E-10
   338.2594      7.0029771E-10
   338.4731      7.0029771E-10
   338.6869      7.0029771E-10
   338.9006      7.0029771E-10
   339.1144      7.0029771E-10
   339.3281      7.0029771E-10
   339.5419      7.0029771E-10
   339.7556      7.0029771E-10
   339.9694      7.0029771E-10
   340.1831      7.0029771E-10
   340.3969      7.0029771E-10
   340.6106      7.0029771E-10
   340.8244      7.0029771E-10
   341.0381      7.0029771E-10
   341.2519      7.0029771E-10
   341.4656      7.0029771E-10
   341.6794      7.0029771E-10
   341.8931      7.0029771E-10
   342.1069      7.0029771E-10
   342.3206      7.0029771E-10
   342.5344      7.0029771E-10
   342.7481      7.0029771E-10
   342.9619      7.0029771E-10
   343.1756      7.0029771E-10
   343.3894      7.0029771E-10
   343.6031      7.0029771E-10
   343.8169      7.0029771E-10
   344.0306      7.0029771E-10
   344.2444      7.0029771E-10
   344.4581      7.0029771E-10
   344.6719      7.0029771E-10
   344.8856      7.0029771E-10
   345.0994      7.0029771E-10
   345.3131      7.0029771E-10
   345.5269      7.0029771E-10
   345.7406      7.0029771E-10
   345.9544      7.0029771E-10
   346.1681      7.0029771E-10
   346.3819      7.0029771E-10
   346.5956      7.0029771E-10
   346.8094      7.0029771E-10
   347.0231      7.0029771E-10
   347.2369      7.0029771E-10
   347.4506      7.0029771E-10
   347.6644      7.0029771E-10
   347.8781      7.0029771E-10
   348.0919      7.0029771E-10
   348.3056      7.0029771E-10
   348.5194      7.0029771E-10
   348.7331      7.0029771E-10
   348.9469      7.0029771E-10
   349.1606      7.0029771E-10
   349.3744      7.0029771E-10
   349.5881      7.0029771E-10
   349.8019      7.0029771E-10
   350.0156      7.0029771E-10
   350.2294      7.0029771E-10
   350.4431      7.0029771E-10
   350.6569      7.0029771E-10
   350.8706      7.0029771E-10
   351.0844      7.0029771E-10
   351.2981      7.0029771E-10
   351.5119      7.0029771E-10
   351.7256      7.0029771E-10
   351.9394      7.0029771E-10
   352.1531      7.0029771E-10
   352.3669      7.0029771E-10
   352.5806      7.0029771E-10
   352.7944      7.0029771E-10
   353.0081      7.0029771E-10
   353.2219      7.0029771E-10
   353.4356      7.0029771E-10
   353.6494      7.0029771E-10
   353.8631      7.0029771E-10
   354.0769      7.0029771E-10
   354.2906      7.0029771E-10
   354.5044      7.0029771E-10
   354.7181      7.0029771E-10
   354.9319      7.0029771E-10
   355.1456      7.0029771E-10
   355.3594      7.0029771E-10
   355.5731      7.0029771E-10
   355.7869      7.0029771E-10
   356.0006      7.0029771E-10
   356.2144      7.0029771E-10
   356.4281      7.0029771E-10
   356.6419      7.0029771E-10
   356.8556      7.0029771E-10
   357.0694      7.0029771E-10
   357.2831      7.0029771E-10
   357.4969      7.0029771E-10
   357.7106      7.0029771E-10
   357.9244      7.0029771E-10
   358.1381      7.0029771E-10
   358.3519      7.0029771E-10
   358.5656      7.0029771E-10
   358.7794      7.0029771E-10
   358.9931      7.0029771E-10
   359.2069      7.0029771E-10
   359.4206      7.0029771E-10
   359.6344      7.0029771E-10
   359.8481      7.0029771E-10
   360.0619      7.0029771E-10
   360.2756      7.0029771E-10
   360.4894      7.0029771E-10
   360.7031      7.0029771E-10
   360.9169      7.0029771E-10
   361.1306      7.0029771E-10
   361.3444      7.0029771E-10
   361.5581      7.0029771E-10
   361.7719      7.0029771E-10
   361.9856      7.0029771E-10
   362.1994      7.0029771E-10
   362.4131      7.0029771E-10
   362.6269      7.0029771E-10
   362.8406      7.0029771E-10
   363.0544      7.0029771E-10
   363.2681      7.0029771E-10
   363.4819      7.0029771E-10
   363.6956      7.0029771E-10
   363.9094      7.0029771E-10
   364.1231      7.0029771E-10
   364.3369      7.0029771E-10
   364.5506      7.0029771E-10
   364.7644      7.0029771E-10
   364.9781      7.0029771E-10
   365.1919      7.0029771E-10
   365.4056      7.0029771E-10
   365.6194      7.0029771E-10
   365.8331      7.0029771E-10
   366.0469      7.0029771E-10
   366.2606      7.0029771E-10
   366.4744      7.0029771E-10
   366.6881      7.0029771E-10
   366.9019      7.0029771E-10
   367.1156      7.0029771E-10
   367.3294      7.0029771E-10
   367.5431      7.0029771E-10
   367.7569      7.0029771E-10
   367.9706      7.0029771E-10
   368.1844      7.0029771E-10
   368.3981      7.0029771E-10
   368.6119      7.0029771E-10
   368.8256      7.0029771E-10
   369.0394      7.0029771E-10
   369.2531      7.0029771E-10
   369.4669      7.0029771E-10
   369.6806      7.0029771E-10
   369.8944      7.0029771E-10
   370.1081      7.0029771E-10
   370.3219      7.0029771E-10
   370.5356      7.0029771E-10
   370.7494      7.0029771E-10
   370.9631      7.0029771E-10
   371.1769      7.0029771E-10
   371.3906      7.0029771E-10
   371.6044      7.0029771E-10
   371.8181      7.0029771E-10
   372.0319      7.0029771E-10
   372.2456      7.0029771E-10
   372.4594      7.0029771E-10
   372.6731      7.0029771E-10
   372.8869      7.0029771E-10
   373.1006      7.0029771E-10
   373.3144      7.0029771E-10
   373.5281      7.0029771E-10
   373.7419      7.0029771E-10
   373.9556      7.0029771E-10
   374.1694      7.0029771E-10
   374.3831      7.0029771E-10
   374.5969      7.0029771E-10
   374.8106      7.0029771E-10
   375.0244      7.0029771E-10
   375.2381      7.0029771E-10
   375.4519      7.0029771E-10
   375.6656      7.0029771E-10
   375.8794      7.0029771E-10
   376.0931      7.0029771E-10
   376.3069      7.0029771E-10
   376.5206      7.0029771E-10
   376.7344      7.0029771E-10
   376.9481      7.0029771E-10
   377.1619      7.0029771E-10
   377.3756      7.0029771E-10
   377.5894      7.0029771E-10
   377.8031      7.0029771E-10
   378.0169      7.0029771E-10
   378.2306      7.0029771E-10
   378.4444      7.0029771E-10
   378.6581      7.0029771E-10
   378.8719      7.0029771E-10
   379.0856      7.0029771E-10
   379.2994      7.0029771E-10
   379.5131      7.0029771E-10
   379.7269      7.0029771E-10
   379.9406      7.0029771E-10
   380.1544      7.0029771E-10
   380.3681      7.0029771E-10
   380.5819      7.0029771E-10
   380.7956      7.0029771E-10
   381.0094      7.0029771E-10
   381.2231      7.0029771E-10
   381.4369      7.0029771E-10
   381.6506      7.0029771E-10
   381.8644      7.0029771E-10
   382.0781      7.0029771E-10
   382.2919      7.0029771E-10
   382.5056      7.0029771E-10
   382.7194      7.0029771E-10
   382.9331      7.0029771E-10
   383.1469      7.0029771E-10
   383.3606      7.0029771E-10
   383.5744      7.0029771E-10
   383.7881      7.0029771E-10
   384.0019      7.0029771E-10
   384.2156      7.0029771E-10
   384.4294      7.0029771E-10
   384.6431      7.0029771E-10
   384.8569      7.0029771E-10
   385.0706      7.0029771E-10
   385.2844      7.0029771E-10
   385.4981      7.0029771E-10
   385.7119      7.0029771E-10
   385.9256      7.0029771E-10
   386.1394      7.0029771E-10
   386.3531      7.0029771E-10
   386.5669      7.0029771E-10
   386.7806      7.0029771E-10
   386.9944      7.0029771E-10
   387.2081      7.0029771E-10
   387.4219      7.0029771E-10
   387.6356      7.0029771E-10
   387.8494      7.0029771E-10
   388.0631      7.0029771E-10
   388.2769      7.0029771E-10
   388.4906      7.0029771E-10
   388.7044      7.0029771E-10
   388.9181      7.0029771E-10
   389.1319      7.0029771E-10
   389.3456      7.0029771E-10
   389.5594      7.0029771E-10
   389.7731      7.0029771E-10
   389.9869      7.0029771E-10
   390.2006      7.0029771E-10
   390.4144      7.0029771E-10
   390.6281      7.0029771E-10
   390.8419      7.0029771E-10
   391.0556      7.0029771E-10
   391.2694      7.0029771E-10
   391.4831      7.0029771E-10
   391.6969      7.0029771E-10
   391.9106      7.0029771E-10
   392.1244      7.0029771E-10
   392.3381      7.0029771E-10
   392.5519      7.0029771E-10
   392.7656      7.0029771E-10
   392.9794      7.0029771E-10
   393.1931      7.0029771E-10
   393.4069      7.0029771E-10
   393.6206      7.0029771E-10
   393.8344      7.0029771E-10
   394.0481      7.0029771E-10
   394.2619      7.0029771E-10
   394.4756      7.0029771E-10
   394.6894      7.0029771E-10
   394.9031      7.0029771E-10
   395.1169      7.0029771E-10
   395.3306      7.0029771E-10
   395.5444      7.0029771E-10
   395.7581      7.0029771E-10
   395.9719      7.0029771E-10
   396.1856      7.0029771E-10
   396.3994      7.0029771E-10
   396.6131      7.0029771E-10
   396.8269      7.0029771E-10
   397.0406      7.0029771E-10
   397.2544      7.0029771E-10
   397.4681      7.0029771E-10
   397.6819      7.0029771E-10
   397.8956      7.0029771E-10
   398.1094      7.0029771E-10
   398.3231      7.0029771E-10
   398.5369      7.0029771E-10
   398.7506      7.0029771E-10
   398.9644      7.0029771E-10
   399.1781      7.0029771E-10
   399.3919      7.0029771E-10
   399.6056      7.0029771E-10
   399.8194      7.0029771E-10
   400.0331      7.0029771E-10
   400.2469      7.0029771E-10
   400.4606      7.0029771E-10
   400.6744      7.0029771E-10
   400.8881      7.0029771E-10
   401.1019      7.0029771E-10
   401.3156      7.0029771E-10
   401.5294      7.0029771E-10
   401.7431      7.0029771E-10
   401.9569      7.0029771E-10
   402.1706      7.0029771E-10
   402.3844      7.0029771E-10
   402.5981      7.0029771E-10
   402.8119      7.0029771E-10
   403.0256      7.0029771E-10
   403.2394      7.0029771E-10
   403.4531      7.0029771E-10
   403.6669      7.0029771E-10
   403.8806      7.0029771E-10
   404.0944      7.0029771E-10
   404.3081      7.0029771E-10
   404.5219      7.0029771E-10
   404.7356      7.0029771E-10
   404.9494      7.0029771E-10
   405.1631      7.0029771E-10
   405.3769      7.0029771E-10
   405.5906      7.0029771E-10
   405.8044      7.0029771E-10
   406.0181      7.0029771E-10
   406.2319      7.0029771E-10
   406.4456      7.0029771E-10
   406.6594      7.0029771E-10
   406.8731      7.0029771E-10
   407.0869      7.0029771E-10
   407.3006      7.0029771E-10
   407.5144      7.0029771E-10
   407.7281      7.0029771E-10
   407.9419      7.0029771E-10
   408.1556      7.0029771E-10
   408.3694      7.0029771E-10
   408.5831      7.0029771E-10
   408.7969      7.0029771E-10
   409.0106      7.0029771E-10
   409.2244      7.0029771E-10
   409.4381      7.0029771E-10
   409.6519      7.0029771E-10
   409.8656      7.0029771E-10
   410.0794      7.0029771E-10
   410.2931      7.0029771E-10
   410.5069      7.0029771E-10
   410.7206      7.0029771E-10
   410.9344      7.0029771E-10
   411.1481      7.0029771E-10
   411.3619      7.0029771E-10
   411.5756      7.0029771E-10
   411.7894      7.0029771E-10
   412.0031      7.0029771E-10
   412.2169      7.0029771E-10
   412.4306      7.0029771E-10
   412.6444      7.0029771E-10
   412.8581      7.0029771E-10
   413.0719      7.0029771E-10
   413.2856      7.0029771E-10
   413.4994      7.0029771E-10
   413.7131      7.0029771E-10
   413.9269      7.0029771E-10
   414.1406      7.0029771E-10
   414.3544      7.0029771E-10
   414.5681      7.0029771E-10
   414.7819      7.0029771E-10
   414.9956      7.0029771E-10
   415.2094      7.0029771E-10
   415.4231      7.0029771E-10
   415.6369      7.0029771E-10
   415.8506      7.0029771E-10
   416.0644      7.0029771E-10
   416.2781      7.0029771E-10
   416.4919      7.0029771E-10
   416.7056      7.0029771E-10
   416.9194      7.0029771E-10
   417.1331      7.0029771E-10
   417.3469      7.0029771E-10
   417.5606      7.0029771E-10
   417.7744      7.0029771E-10
   417.9881      7.0029771E-10
   418.2019      7.0029771E-10
   418.4156      7.0029771E-10
   418.6294      7.0029771E-10
   418.8431      7.0029771E-10
   419.0569      7.0029771E-10
   419.2706      7.0029771E-10
   419.4844      7.0029771E-10
   419.6981      7.0029771E-10
   419.9119      7.0029771E-10
   420.1256      7.0029771E-10
   420.3394      7.0029771E-10
   420.5531      7.0029771E-10
   420.7669      7.0029771E-10
   420.9806      7.0029771E-10
   421.1944      7.0029771E-10
   421.4081      7.0029771E-10
   421.6219      7.0029771E-10
   421.8356      7.0029771E-10
   422.0494      7.0029771E-10
   422.2631      7.0029771E-10
   422.4769      7.0029771E-10
   422.6906      7.0029771E-10
   422.9044      7.0029771E-10
   423.1181      7.0029771E-10
   423.3319      7.0029771E-10
   423.5456      7.0029771E-10
   423.7594      7.0029771E-10
   423.9731      7.0029771E-10
   424.1869      7.0029771E-10
   424.4006      7.0029771E-10
   424.6144      7.0029771E-10
   424.8281      7.0029771E-10
   425.0419      7.0029771E-10
   425.2556      7.0029771E-10
   425.4694      7.0029771E-10
   425.6831      7.0029771E-10
   425.8969      7.0029771E-10
   426.1106      7.0029771E-10
   426.3244      7.0029771E-10
   426.5381      7.0029771E-10
   426.7519      7.0029771E-10
   426.9656      7.0029771E-10
   427.1794      7.0029771E-10
   427.3931      7.0029771E-10
   427.6069      7.0029771E-10
   427.8206      7.0029771E-10
   428.0344      7.0029771E-10
   428.2481      7.0029771E-10
   428.4619      7.0029771E-10
   428.6756      7.0029771E-10
   428.8894      7.0029771E-10
   429.1031      7.0029771E-10
   429.3169      7.0029771E-10
   429.5306      7.0029771E-10
   429.7444      7.0029771E-10
   429.9581      7.0029771E-10
   430.1719      7.0029771E-10
   430.3856      7.0029771E-10
   430.5994      7.0029771E-10
   430.8131      7.0029771E-10
   431.0269      7.0029771E-10
   431.2406      7.0029771E-10
   431.4544      7.0029771E-10
   431.6681      7.0029771E-10
   431.8819      7.0029771E-10
   432.0956      7.0029771E-10
   432.3094      7.0029771E-10
   432.5231      7.0029771E-10
   432.7369      7.0029771E-10
   432.9506      7.0029771E-10
   433.1644      7.0029771E-10
   433.3781      7.0029771E-10
   433.5919      7.0029771E-10
   433.8056      7.0029771E-10
   434.0194      7.0029771E-10
   434.2331      7.0029771E-10
   434.4469      7.0029771E-10
   434.6606      7.0029771E-10
   434.8744      7.0029771E-10
   435.0881      7.0029771E-10
   435.3019      7.0029771E-10
   435.5156      7.0029771E-10
   435.7294      7.0029771E-10
   435.9431      7.0029771E-10
   436.1569      7.0029771E-10
   436.3706      7.0029771E-10
   436.5844      7.0029771E-10
   436.7981      7.0029771E-10
   437.0119      7.0029771E-10
   437.2256      7.0029771E-10
   437.4394      7.0029771E-10
   437.6531      7.0029771E-10
   437.8669      7.0029771E-10
   438.0806      7.0029771E-10
   438.2944      7.0029771E-10
   438.5081      7.0029771E-10
   438.7219      7.0029771E-10
   438.9356      7.0029771E-10
   439.1494      7.0029771E-10
   439.3631      7.0029771E-10
   439.5769      7.0029771E-10
   439.7906      7.0029771E-10
   440.0044      7.0029771E-10
   440.2181      7.0029771E-10
   440.4319      7.0029771E-10
   440.6456      7.0029771E-10
   440.8594      7.0029771E-10
   441.0731      7.0029771E-10
   441.2869      7.0029771E-10
   441.5006      7.0029771E-10
   441.7144      7.0029771E-10
   441.9281      7.0029771E-10
   442.1419      7.0029771E-10
   442.3556      7.0029771E-10
   442.5694      7.0029771E-10
   442.7831      7.0029771E-10
   442.9969      7.0029771E-10
   443.2106      7.0029771E-10
   443.4244      7.0029771E-10
   443.6381      7.0029771E-10
   443.8519      7.0029771E-10
   444.0656      7.0029771E-10
   444.2794      7.0029771E-10
   444.4931      7.0029771E-10
   444.7069      7.0029771E-10
   444.9206      7.0029771E-10
   445.1344      7.0029771E-10
   445.3481      7.0029771E-10
   445.5619      7.0029771E-10
   445.7756      7.0029771E-10
   445.9894      7.0029771E-10
   446.2031      7.0029771E-10
   446.4169      7.0029771E-10
   446.6306      7.0029771E-10
   446.8444      7.0029771E-10
   447.0581      7.0029771E-10
   447.2719      7.0029771E-10
   447.4856      7.0029771E-10
   447.6994      7.0029771E-10
   447.9131      7.0029771E-10
   448.1269      7.0029771E-10
   448.3406      7.0029771E-10
   448.5544      7.0029771E-10
   448.7681      7.0029771E-10
   448.9819      7.0029771E-10
   449.1956      7.0029771E-10
   449.4094      7.0029771E-10
   449.6231      7.0029771E-10
   449.8369      7.0029771E-10
   450.0506      7.0029771E-10
   450.2644      7.0029771E-10
   450.4781      7.0029771E-10
   450.6919      7.0029771E-10
   450.9056      7.0029771E-10
   451.1194      7.0029771E-10
   451.3331      7.0029771E-10
   451.5469      7.0029771E-10
   451.7606      7.0029771E-10
   451.9744      7.0029771E-10
   452.1881      7.0029771E-10
   452.4019      7.0029771E-10
   452.6156      7.0029771E-10
   452.8294      7.0029771E-10
   453.0431      7.0029771E-10
   453.2569      7.0029771E-10
   453.4706      7.0029771E-10
   453.6844      7.0029771E-10
   453.8981      7.0029771E-10
   454.1119      7.0029771E-10
   454.3256      7.0029771E-10
   454.5394      7.0029771E-10
   454.7531      7.0029771E-10
   454.9669      7.0029771E-10
   455.1806      7.0029771E-10
   455.3944      7.0029771E-10
   455.6081      7.0029771E-10
   455.8219      7.0029771E-10
   456.0356      7.0029771E-10
   456.2494      7.0029771E-10
   456.4631      7.0029771E-10
   456.6769      7.0029771E-10
   456.8906      7.0029771E-10
   457.1044      7.0029771E-10
   457.3181      7.0029771E-10
   457.5319      7.0029771E-10
   457.7456      7.0029771E-10
   457.9594      7.0029771E-10
   458.1731      7.0029771E-10
   458.3869      7.0029771E-10
   458.6006      7.0029771E-10
   458.8144      7.0029771E-10
   459.0281      7.0029771E-10
   459.2419      7.0029771E-10
   459.4556      7.0029771E-10
   459.6694      7.0029771E-10
   459.8831      7.0029771E-10
   460.0969      7.0029771E-10
   460.3106      7.0029771E-10
   460.5244      7.0029771E-10
   460.7381      7.0029771E-10
   460.9519      7.0029771E-10
   461.1656      7.0029771E-10
   461.3794      7.0029771E-10
   461.5931      7.0029771E-10
   461.8069      7.0029771E-10
   462.0206      7.0029771E-10
   462.2344      7.0029771E-10
   462.4481      7.0029771E-10
   462.6619      7.0029771E-10
   462.8756      7.0029771E-10
   463.0894      7.0029771E-10
   463.3031      7.0029771E-10
   463.5169      7.0029771E-10
   463.7306      7.0029771E-10
   463.9444      7.0029771E-10
   464.1581      7.0029771E-10
   464.3719      7.0029771E-10
   464.5856      7.0029771E-10
   464.7994      7.0029771E-10
   465.0131      7.0029771E-10
   465.2269      7.0029771E-10
   465.4406      7.0029771E-10
   465.6544      7.0029771E-10
   465.8681      7.0029771E-10
   466.0819      7.0029771E-10
   466.2956      7.0029771E-10
   466.5094      7.0029771E-10
   466.7231      7.0029771E-10
   466.9369      7.0029771E-10
   467.1506      7.0029771E-10
   467.3644      7.0029771E-10
   467.5781      7.0029771E-10
   467.7919      7.0029771E-10
   468.0056      7.0029771E-10
   468.2194      7.0029771E-10
   468.4331      7.0029771E-10
   468.6469      7.0029771E-10
   468.8606      7.0029771E-10
   469.0744      7.0029771E-10
   469.2881      7.0029771E-10
   469.5019      7.0029771E-10
   469.7156      7.0029771E-10
   469.9294      7.0029771E-10
   470.1431      7.0029771E-10
   470.3569      7.0029771E-10
   470.5706      7.0029771E-10
   470.7844      7.0029771E-10
   470.9981      7.0029771E-10
   471.2119      7.0029771E-10
   471.4256      7.0029771E-10
   471.6394      7.0029771E-10
   471.8531      7.0029771E-10
   472.0669      7.0029771E-10
   472.2806      7.0029771E-10
   472.4944      7.0029771E-10
   472.7081      7.0029771E-10
   472.9219      7.0029771E-10
   473.1356      7.0029771E-10
   473.3494      7.0029771E-10
   473.5631      7.0029771E-10
   473.7769      7.0029771E-10
   473.9906      7.0029771E-10
   474.2044      7.0029771E-10
   474.4181      7.0029771E-10
   474.6319      7.0029771E-10
   474.8456      7.0029771E-10
   475.0594      7.0029771E-10
   475.2731      7.0029771E-10
   475.4869      7.0029771E-10
   475.7006      7.0029771E-10
   475.9144      7.0029771E-10
   476.1281      7.0029771E-10
   476.3419      7.0029771E-10
   476.5556      7.0029771E-10
   476.7694      7.0029771E-10
   476.9831      7.0029771E-10
   477.1969      7.0029771E-10
   477.4106      7.0029771E-10
   477.6244      7.0029771E-10
   477.8381      7.0029771E-10
   478.0519      7.0029771E-10
   478.2656      7.0029771E-10
   478.4794      7.0029771E-10
   478.6931      7.0029771E-10
   478.9069      7.0029771E-10
   479.1206      7.0029771E-10
   479.3344      7.0029771E-10
   479.5481      7.0029771E-10
   479.7619      7.0029771E-10
   479.9756      7.0029771E-10
   480.1894      7.0029771E-10
   480.4031      7.0029771E-10
   480.6169      7.0029771E-10
   480.8306      7.0029771E-10
   481.0444      7.0029771E-10
   481.2581      7.0029771E-10
   481.4719      7.0029771E-10
   481.6856      7.0029771E-10
   481.8994      7.0029771E-10
   482.1131      7.0029771E-10
   482.3269      7.0029771E-10
   482.5406      7.0029771E-10
   482.7544      7.0029771E-10
   482.9681      7.0029771E-10
   483.1819      7.0029771E-10
   483.3956      7.0029771E-10
   483.6094      7.0029771E-10
   483.8231      7.0029771E-10
   484.0369      7.0029771E-10
   484.2506      7.0029771E-10
   484.4644      7.0029771E-10
   484.6781      7.0029771E-10
   484.8919      7.0029771E-10
   485.1056      7.0029771E-10
   485.3194      7.0029771E-10
   485.5331      7.0029771E-10
   485.7469      7.0029771E-10
   485.9606      7.0029771E-10
   486.1744      7.0029771E-10
   486.3881      7.0029771E-10
   486.6019      7.0029771E-10
   486.8156      7.0029771E-10
   487.0294      7.0029771E-10
   487.2431      7.0029771E-10
   487.4569      7.0029771E-10
   487.6706      7.0029771E-10
   487.8844      7.0029771E-10
   488.0981      7.0029771E-10
   488.3119      7.0029771E-10
   488.5256      7.0029771E-10
   488.7394      7.0029771E-10
   488.9531      7.0029771E-10
   489.1669      7.0029771E-10
   489.3806      7.0029771E-10
   489.5944      7.0029771E-10
   489.8081      7.0029771E-10
   490.0219      7.0029771E-10
   490.2356      7.0029771E-10
   490.4494      7.0029771E-10
   490.6631      7.0029771E-10
   490.8769      7.0029771E-10
   491.0906      7.0029771E-10
   491.3044      7.0029771E-10
   491.5181      7.0029771E-10
   491.7319      7.0029771E-10
   491.9456      7.0029771E-10
   492.1594      7.0029771E-10
   492.3731      7.0029771E-10
   492.5869      7.0029771E-10
   492.8006      7.0029771E-10
   493.0144      7.0029771E-10
   493.2281      7.0029771E-10
   493.4419      7.0029771E-10
   493.6556      7.0029771E-10
   493.8694      7.0029771E-10
   494.0831      7.0029771E-10
   494.2969      7.0029771E-10
   494.5106      7.0029771E-10
   494.7244      7.0029771E-10
   494.9381      7.0029771E-10
   495.1519      7.0029771E-10
   495.3656      7.0029771E-10
   495.5794      7.0029771E-10
   495.7931      7.0029771E-10
   496.0069      7.0029771E-10
   496.2206      7.0029771E-10
   496.4344      7.0029771E-10
   496.6481      7.0029771E-10
   496.8619      7.0029771E-10
   497.0756      7.0029771E-10
   497.2894      7.0029771E-10
   497.5031      7.0029771E-10
   497.7169      7.0029771E-10
   497.9306      7.0029771E-10
   498.1444      7.0029771E-10
   498.3581      7.0029771E-10
   498.5719      7.0029771E-10
   498.7856      7.0029771E-10
   498.9994      7.0029771E-10
   499.2131      7.0029771E-10
   499.4269      7.0029771E-10
   499.6406      7.0029771E-10
   499.8544      7.0029771E-10
   500.0681      7.0029771E-10
   500.2819      7.0029771E-10
   500.4956      7.0029771E-10
   500.7094      7.0029771E-10
   500.9231      7.0029771E-10
   501.1369      7.0029771E-10
   501.3506      7.0029771E-10
   501.5644      7.0029771E-10
   501.7781      7.0029771E-10
   501.9919      7.0029771E-10
   502.2056      7.0029771E-10
   502.4194      7.0029771E-10
   502.6331      7.0029771E-10
   502.8469      7.0029771E-10
   503.0606      7.0029771E-10
   503.2744      7.0029771E-10
   503.4881      7.0029771E-10
   503.7019      7.0029771E-10
   503.9156      7.0029771E-10
   504.1294      7.0029771E-10
   504.3431      7.0029771E-10
   504.5569      7.0029771E-10
   504.7706      7.0029771E-10
   504.9844      7.0029771E-10
   505.1981      7.0029771E-10
   505.4119      7.0029771E-10
   505.6256      7.0029771E-10
   505.8394      7.0029771E-10
   506.0531      7.0029771E-10
   506.2669      7.0029771E-10
   506.4806      7.0029771E-10
   506.6944      7.0029771E-10
   506.9081      7.0029771E-10
   507.1219      7.0029771E-10
   507.3356      7.0029771E-10
   507.5494      7.0029771E-10
   507.7631      7.0029771E-10
   507.9769      7.0029771E-10
   508.1906      7.0029771E-10
   508.4044      7.0029771E-10
   508.6181      7.0029771E-10
   508.8319      7.0029771E-10
   509.0456      7.0029771E-10
   509.2594      7.0029771E-10
   509.4731      7.0029771E-10
   509.6869      7.0029771E-10
   509.9006      7.0029771E-10
   510.1144      7.0029771E-10
   510.3281      7.0029771E-10
   510.5419      7.0029771E-10
   510.7556      7.0029771E-10
   510.9694      7.0029771E-10
   511.1831      7.0029771E-10
