  0.0000000E+00  0.0000000E+00
  1.2512512E-04  5.5056307E-13
  2.5025025E-04  1.1011259E-12
  3.7537538E-04  1.6516883E-12
  5.0050049E-04  2.2022501E-12
  6.2562560E-04  2.7528110E-12
  7.5075077E-04  3.3033708E-12
  8.7587588E-04  3.8539293E-12
  1.0010010E-03  4.4044859E-12
  1.1261262E-03  4.9550412E-12
  1.2512512E-03  5.5055942E-12
  1.3763764E-03  6.0561456E-12
  1.5015015E-03  6.6066939E-12
  1.6266266E-03  7.1572396E-12
  1.7517518E-03  7.7077832E-12
  1.8768769E-03  8.2583228E-12
  2.0020020E-03  8.8088599E-12
  2.1271270E-03  9.3593926E-12
  2.2522523E-03  9.9099218E-12
  2.3773774E-03  1.0460448E-11
  2.5025024E-03  1.1010969E-11
  2.6276277E-03  1.1561486E-11
  2.7527527E-03  1.2111998E-11
  2.8778778E-03  1.2662506E-11
  3.0030031E-03  1.3213008E-11
  3.1281281E-03  1.3763505E-11
  3.2532532E-03  1.4313996E-11
  3.3783785E-03  1.4864483E-11
  3.5035035E-03  1.5414963E-11
  3.6286286E-03  1.5965436E-11
  3.7537538E-03  1.6515903E-11
  3.8788789E-03  1.7066364E-11
  4.0040039E-03  1.7616818E-11
  4.1291290E-03  1.8167265E-11
  4.2542540E-03  1.8717704E-11
  4.3793796E-03  1.9268137E-11
  4.5045046E-03  1.9818562E-11
  4.6296297E-03  2.0368977E-11
  4.7547547E-03  2.0919386E-11
  4.8798798E-03  2.1469786E-11
  5.0050048E-03  2.2020177E-11
  5.1301303E-03  2.2570560E-11
  5.2552554E-03  2.3120934E-11
  5.3803804E-03  2.3671299E-11
  5.5055055E-03  2.4221654E-11
  5.6306305E-03  2.4771999E-11
  5.7557556E-03  2.5322335E-11
  5.8808811E-03  2.5872660E-11
  6.0060062E-03  2.6422975E-11
  6.1311312E-03  2.6973280E-11
  6.2562563E-03  2.7523572E-11
  6.3813813E-03  2.8073856E-11
  6.5065064E-03  2.8624127E-11
  6.6316314E-03  2.9174385E-11
  6.7567569E-03  2.9724636E-11
  6.8818820E-03  3.0274873E-11
  7.0070070E-03  3.0825096E-11
  7.1321321E-03  3.1375309E-11
  7.2572571E-03  3.1925507E-11
  7.3823822E-03  3.2475696E-11
  7.5075077E-03  3.3025867E-11
  7.6326327E-03  3.3576027E-11
  7.7577578E-03  3.4126174E-11
  7.8828828E-03  3.4676310E-11
  8.0080079E-03  3.5226429E-11
  8.1331329E-03  3.5776535E-11
  8.2582580E-03  3.6326626E-11
  8.3833830E-03  3.6876703E-11
  8.5085081E-03  3.7426767E-11
  8.6336341E-03  3.7976813E-11
  8.7587591E-03  3.8526845E-11
  8.8838842E-03  3.9076860E-11
  9.0090092E-03  3.9626861E-11
  9.1341343E-03  4.0176848E-11
  9.2592593E-03  4.0726814E-11
  9.3843844E-03  4.1276767E-11
  9.5095094E-03  4.1826705E-11
  9.6346345E-03  4.2376623E-11
  9.7597595E-03  4.2926527E-11
  9.8848846E-03  4.3476413E-11
  1.0010010E-02  4.4026279E-11
  1.0135135E-02  4.4576131E-11
  1.0260261E-02  4.5125965E-11
  1.0385386E-02  4.5675779E-11
  1.0510511E-02  4.6225575E-11
  1.0635636E-02  4.6775354E-11
  1.0760761E-02  4.7325113E-11
  1.0885886E-02  4.7874853E-11
  1.1011011E-02  4.8424573E-11
  1.1136136E-02  4.8974276E-11
  1.1261261E-02  4.9523958E-11
  1.1386386E-02  5.0073622E-11
  1.1511511E-02  5.0623263E-11
  1.1636636E-02  5.1172885E-11
  1.1761762E-02  5.1722487E-11
  1.1886887E-02  5.2272069E-11
  1.2012012E-02  5.2821629E-11
  1.2137137E-02  5.3371169E-11
  1.2262262E-02  5.3920687E-11
  1.2387387E-02  5.4470185E-11
  1.2512513E-02  5.5019659E-11
  1.2637638E-02  5.5569112E-11
  1.2762763E-02  5.6118544E-11
  1.2887888E-02  5.6667952E-11
  1.3013013E-02  5.7217335E-11
  1.3138138E-02  5.7766698E-11
  1.3263263E-02  5.8316039E-11
  1.3388389E-02  5.8865357E-11
  1.3513514E-02  5.9414647E-11
  1.3638639E-02  5.9963916E-11
  1.3763764E-02  6.0513164E-11
  1.3888889E-02  6.1062384E-11
  1.4014014E-02  6.1611577E-11
  1.4139139E-02  6.2160749E-11
  1.4264264E-02  6.2709900E-11
  1.4389389E-02  6.3259023E-11
  1.4514514E-02  6.3808119E-11
  1.4639639E-02  6.4357186E-11
  1.4764764E-02  6.4906233E-11
  1.4889890E-02  6.5455252E-11
  1.5015015E-02  6.6004251E-11
  1.5140140E-02  6.6553214E-11
  1.5265265E-02  6.7102157E-11
  1.5390391E-02  6.7651072E-11
  1.5515516E-02  6.8199960E-11
  1.5640641E-02  6.8748819E-11
  1.5765766E-02  6.9297651E-11
  1.5890891E-02  6.9846455E-11
  1.6016016E-02  7.0395231E-11
  1.6141141E-02  7.0943980E-11
  1.6266266E-02  7.1492701E-11
  1.6391391E-02  7.2041394E-11
  1.6516516E-02  7.2590052E-11
  1.6641641E-02  7.3138690E-11
  1.6766766E-02  7.3687292E-11
  1.6891891E-02  7.4235867E-11
  1.7017016E-02  7.4784415E-11
  1.7142141E-02  7.5332927E-11
  1.7267268E-02  7.5881412E-11
  1.7392393E-02  7.6429869E-11
  1.7517518E-02  7.6978292E-11
  1.7642643E-02  7.7526686E-11
  1.7767768E-02  7.8075053E-11
  1.7892893E-02  7.8623386E-11
  1.8018018E-02  7.9171683E-11
  1.8143144E-02  7.9719953E-11
  1.8268269E-02  8.0268195E-11
  1.8393394E-02  8.0816395E-11
  1.8518519E-02  8.1364568E-11
  1.8643644E-02  8.1912713E-11
  1.8768769E-02  8.2460816E-11
  1.8893894E-02  8.3008891E-11
  1.9019019E-02  8.3556932E-11
  1.9144144E-02  8.4104945E-11
  1.9269269E-02  8.4652917E-11
  1.9394394E-02  8.5200860E-11
  1.9519519E-02  8.5748769E-11
  1.9644644E-02  8.6296637E-11
  1.9769769E-02  8.6844476E-11
  1.9894894E-02  8.7392281E-11
  2.0020019E-02  8.7940051E-11
  2.0145144E-02  8.8487787E-11
  2.0270269E-02  8.9035480E-11
  2.0395396E-02  8.9583146E-11
  2.0520521E-02  9.0130771E-11
  2.0645646E-02  9.0678361E-11
  2.0770771E-02  9.1225916E-11
  2.0895896E-02  9.1773436E-11
  2.1021022E-02  9.2320922E-11
  2.1146147E-02  9.2868366E-11
  2.1271272E-02  9.3415768E-11
  2.1396397E-02  9.3963143E-11
  2.1521522E-02  9.4510476E-11
  2.1646647E-02  9.5057774E-11
  2.1771772E-02  9.5605031E-11
  2.1896897E-02  9.6152246E-11
  2.2022022E-02  9.6699426E-11
  2.2147147E-02  9.7246572E-11
  2.2272272E-02  9.7793676E-11
  2.2397397E-02  9.8340738E-11
  2.2522522E-02  9.8887766E-11
  2.2647647E-02  9.9434752E-11
  2.2772772E-02  9.9981697E-11
  2.2897897E-02  1.0052861E-10
  2.3023022E-02  1.0107547E-10
  2.3148147E-02  1.0162229E-10
  2.3273272E-02  1.0216909E-10
  2.3398397E-02  1.0271583E-10
  2.3523524E-02  1.0326253E-10
  2.3648649E-02  1.0380919E-10
  2.3773775E-02  1.0435582E-10
  2.3898900E-02  1.0490239E-10
  2.4024025E-02  1.0544893E-10
  2.4149150E-02  1.0599543E-10
  2.4274275E-02  1.0654188E-10
  2.4399400E-02  1.0708829E-10
  2.4524525E-02  1.0763466E-10
  2.4649650E-02  1.0818099E-10
  2.4774775E-02  1.0872726E-10
  2.4899900E-02  1.0927351E-10
  2.5025025E-02  1.0981970E-10
  2.5150150E-02  1.1036585E-10
  2.5275275E-02  1.1091196E-10
  2.5400400E-02  1.1145802E-10
  2.5525525E-02  1.1200404E-10
  2.5650650E-02  1.1255001E-10
  2.5775775E-02  1.1309594E-10
  2.5900900E-02  1.1364183E-10
  2.6026025E-02  1.1418767E-10
  2.6151150E-02  1.1473346E-10
  2.6276276E-02  1.1527920E-10
  2.6401401E-02  1.1582491E-10
  2.6526526E-02  1.1637056E-10
  2.6651653E-02  1.1691617E-10
  2.6776778E-02  1.1746173E-10
  2.6901903E-02  1.1800724E-10
  2.7027028E-02  1.1855272E-10
  2.7152153E-02  1.1909813E-10
  2.7277278E-02  1.1964352E-10
  2.7402403E-02  1.2018883E-10
  2.7527528E-02  1.2073412E-10
  2.7652653E-02  1.2127935E-10
  2.7777778E-02  1.2182452E-10
  2.7902903E-02  1.2236966E-10
  2.8028028E-02  1.2291475E-10
  2.8153153E-02  1.2345978E-10
  2.8278278E-02  1.2400476E-10
  2.8403403E-02  1.2454970E-10
  2.8528528E-02  1.2509459E-10
  2.8653653E-02  1.2563943E-10
  2.8778778E-02  1.2618422E-10
  2.8903903E-02  1.2672895E-10
  2.9029028E-02  1.2727364E-10
  2.9154154E-02  1.2781827E-10
  2.9279279E-02  1.2836285E-10
  2.9404404E-02  1.2890738E-10
  2.9529529E-02  1.2945187E-10
  2.9654654E-02  1.2999629E-10
  2.9779781E-02  1.3054068E-10
  2.9904906E-02  1.3108500E-10
  3.0030031E-02  1.3162928E-10
  3.0155156E-02  1.3217349E-10
  3.0280281E-02  1.3271767E-10
  3.0405406E-02  1.3326178E-10
  3.0530531E-02  1.3380584E-10
  3.0655656E-02  1.3434985E-10
  3.0780781E-02  1.3489380E-10
  3.0905906E-02  1.3543772E-10
  3.1031031E-02  1.3598156E-10
  3.1156156E-02  1.3652536E-10
  3.1281281E-02  1.3706909E-10
  3.1406406E-02  1.3761278E-10
  3.1531531E-02  1.3815640E-10
  3.1656656E-02  1.3869998E-10
  3.1781781E-02  1.3924351E-10
  3.1906907E-02  1.3978697E-10
  3.2032032E-02  1.4033037E-10
  3.2157157E-02  1.4087373E-10
  3.2282282E-02  1.4141703E-10
  3.2407407E-02  1.4196026E-10
  3.2532532E-02  1.4250345E-10
  3.2657657E-02  1.4304657E-10
  3.2782782E-02  1.4358965E-10
  3.2907907E-02  1.4413266E-10
  3.3033032E-02  1.4467562E-10
  3.3158157E-02  1.4521852E-10
  3.3283282E-02  1.4576135E-10
  3.3408407E-02  1.4630414E-10
  3.3533532E-02  1.4684685E-10
  3.3658657E-02  1.4738953E-10
  3.3783782E-02  1.4793212E-10
  3.3908907E-02  1.4847468E-10
  3.4034032E-02  1.4901717E-10
  3.4159157E-02  1.4955960E-10
  3.4284282E-02  1.5010197E-10
  3.4409411E-02  1.5064427E-10
  3.4534536E-02  1.5118652E-10
  3.4659661E-02  1.5172871E-10
  3.4784786E-02  1.5227085E-10
  3.4909911E-02  1.5281292E-10
  3.5035037E-02  1.5335493E-10
  3.5160162E-02  1.5389687E-10
  3.5285287E-02  1.5443875E-10
  3.5410412E-02  1.5498057E-10
  3.5535537E-02  1.5552235E-10
  3.5660662E-02  1.5606404E-10
  3.5785787E-02  1.5660567E-10
  3.5910912E-02  1.5714725E-10
  3.6036037E-02  1.5768876E-10
  3.6161162E-02  1.5823022E-10
  3.6286287E-02  1.5877161E-10
  3.6411412E-02  1.5931292E-10
  3.6536537E-02  1.5985419E-10
  3.6661662E-02  1.6039539E-10
  3.6786787E-02  1.6093651E-10
  3.6911912E-02  1.6147758E-10
  3.7037037E-02  1.6201859E-10
  3.7162162E-02  1.6255954E-10
  3.7287287E-02  1.6310041E-10
  3.7412412E-02  1.6364123E-10
  3.7537538E-02  1.6418196E-10
  3.7662663E-02  1.6472265E-10
  3.7787788E-02  1.6526326E-10
  3.7912913E-02  1.6580382E-10
  3.8038038E-02  1.6634430E-10
  3.8163163E-02  1.6688471E-10
  3.8288288E-02  1.6742506E-10
  3.8413413E-02  1.6796535E-10
  3.8538538E-02  1.6850556E-10
  3.8663663E-02  1.6904571E-10
  3.8788788E-02  1.6958579E-10
  3.8913913E-02  1.7012582E-10
  3.9039038E-02  1.7066576E-10
  3.9164163E-02  1.7120563E-10
  3.9289288E-02  1.7174545E-10
  3.9414413E-02  1.7228519E-10
  3.9539538E-02  1.7282487E-10
  3.9664663E-02  1.7336448E-10
  3.9789788E-02  1.7390402E-10
  3.9914913E-02  1.7444347E-10
  4.0040039E-02  1.7498288E-10
  4.0165164E-02  1.7552221E-10
  4.0290289E-02  1.7606147E-10
  4.0415414E-02  1.7660065E-10
  4.0540539E-02  1.7713978E-10
  4.0665668E-02  1.7767882E-10
  4.0790793E-02  1.7821780E-10
  4.0915918E-02  1.7875670E-10
  4.1041043E-02  1.7929554E-10
  4.1166168E-02  1.7983430E-10
  4.1291293E-02  1.8037299E-10
  4.1416418E-02  1.8091162E-10
  4.1541543E-02  1.8145017E-10
  4.1666668E-02  1.8198865E-10
  4.1791793E-02  1.8252705E-10
  4.1916918E-02  1.8306538E-10
  4.2042043E-02  1.8360365E-10
  4.2167168E-02  1.8414183E-10
  4.2292293E-02  1.8467994E-10
  4.2417418E-02  1.8521798E-10
  4.2542543E-02  1.8575595E-10
  4.2667668E-02  1.8629384E-10
  4.2792793E-02  1.8683166E-10
  4.2917918E-02  1.8736940E-10
  4.3043043E-02  1.8790708E-10
  4.3168169E-02  1.8844466E-10
  4.3293294E-02  1.8898219E-10
  4.3418419E-02  1.8951964E-10
  4.3543544E-02  1.9005700E-10
  4.3668669E-02  1.9059429E-10
  4.3793794E-02  1.9113151E-10
  4.3918919E-02  1.9166865E-10
  4.4044044E-02  1.9220572E-10
  4.4169169E-02  1.9274271E-10
  4.4294294E-02  1.9327963E-10
  4.4419419E-02  1.9381646E-10
  4.4544544E-02  1.9435323E-10
  4.4669669E-02  1.9488991E-10
  4.4794794E-02  1.9542651E-10
  4.4919919E-02  1.9596304E-10
  4.5045044E-02  1.9649948E-10
  4.5170169E-02  1.9703586E-10
  4.5295294E-02  1.9757215E-10
  4.5420419E-02  1.9810836E-10
  4.5545544E-02  1.9864450E-10
  4.5670670E-02  1.9918056E-10
  4.5795795E-02  1.9971653E-10
  4.5920920E-02  2.0025244E-10
  4.6046045E-02  2.0078825E-10
  4.6171170E-02  2.0132399E-10
  4.6296295E-02  2.0185965E-10
  4.6421420E-02  2.0239523E-10
  4.6546545E-02  2.0293073E-10
  4.6671670E-02  2.0346615E-10
  4.6796795E-02  2.0400148E-10
  4.6921924E-02  2.0453673E-10
  4.7047049E-02  2.0507192E-10
  4.7172174E-02  2.0560700E-10
  4.7297299E-02  2.0614202E-10
  4.7422424E-02  2.0667695E-10
  4.7547549E-02  2.0721180E-10
  4.7672674E-02  2.0774657E-10
  4.7797799E-02  2.0828125E-10
  4.7922924E-02  2.0881585E-10
  4.8048049E-02  2.0935037E-10
  4.8173174E-02  2.0988480E-10
  4.8298299E-02  2.1041915E-10
  4.8423424E-02  2.1095342E-10
  4.8548549E-02  2.1148761E-10
  4.8673674E-02  2.1202171E-10
  4.8798800E-02  2.1255572E-10
  4.8923925E-02  2.1308966E-10
  4.9049050E-02  2.1362349E-10
  4.9174175E-02  2.1415726E-10
  4.9299300E-02  2.1469095E-10
  4.9424425E-02  2.1522453E-10
  4.9549550E-02  2.1575804E-10
  4.9674675E-02  2.1629146E-10
  4.9799800E-02  2.1682479E-10
  4.9924925E-02  2.1735805E-10
  5.0050050E-02  2.1789121E-10
  5.0175175E-02  2.1842428E-10
  5.0300300E-02  2.1895727E-10
  5.0425425E-02  2.1949018E-10
  5.0550550E-02  2.2002299E-10
  5.0675675E-02  2.2055573E-10
  5.0800800E-02  2.2108836E-10
  5.0925925E-02  2.2162092E-10
  5.1051050E-02  2.2215338E-10
  5.1176175E-02  2.2268576E-10
  5.1301301E-02  2.2321806E-10
  5.1426426E-02  2.2375025E-10
  5.1551551E-02  2.2428236E-10
  5.1676676E-02  2.2481439E-10
  5.1801801E-02  2.2534632E-10
  5.1926926E-02  2.2587816E-10
  5.2052051E-02  2.2640992E-10
  5.2177176E-02  2.2694158E-10
  5.2302301E-02  2.2747317E-10
  5.2427426E-02  2.2800464E-10
  5.2552551E-02  2.2853604E-10
  5.2677676E-02  2.2906735E-10
  5.2802801E-02  2.2959856E-10
  5.2927926E-02  2.3012968E-10
  5.3053051E-02  2.3066071E-10
  5.3178180E-02  2.3119165E-10
  5.3303305E-02  2.3172250E-10
  5.3428430E-02  2.3225326E-10
  5.3553555E-02  2.3278392E-10
  5.3678680E-02  2.3331448E-10
  5.3803805E-02  2.3384497E-10
  5.3928930E-02  2.3437535E-10
  5.4054055E-02  2.3490565E-10
  5.4179180E-02  2.3543584E-10
  5.4304305E-02  2.3596597E-10
  5.4429431E-02  2.3649596E-10
  5.4554556E-02  2.3702590E-10
  5.4679681E-02  2.3755573E-10
  5.4804806E-02  2.3808544E-10
  5.4929931E-02  2.3861510E-10
  5.5055056E-02  2.3914462E-10
  5.5180181E-02  2.3967409E-10
  5.5305306E-02  2.4020344E-10
  5.5430431E-02  2.4073268E-10
  5.5555556E-02  2.4126184E-10
  5.5680681E-02  2.4179092E-10
  5.5805806E-02  2.4231989E-10
  5.5930931E-02  2.4284877E-10
  5.6056056E-02  2.4337754E-10
  5.6181181E-02  2.4390623E-10
  5.6306306E-02  2.4443483E-10
  5.6431431E-02  2.4496330E-10
  5.6556556E-02  2.4549171E-10
  5.6681681E-02  2.4602001E-10
  5.6806806E-02  2.4654820E-10
  5.6931932E-02  2.4707630E-10
  5.7057057E-02  2.4760430E-10
  5.7182182E-02  2.4813221E-10
  5.7307307E-02  2.4866001E-10
  5.7432432E-02  2.4918773E-10
  5.7557557E-02  2.4971533E-10
  5.7682682E-02  2.5024285E-10
  5.7807807E-02  2.5077027E-10
  5.7932932E-02  2.5129757E-10
  5.8058057E-02  2.5182478E-10
  5.8183182E-02  2.5235189E-10
  5.8308307E-02  2.5287891E-10
  5.8433432E-02  2.5340582E-10
  5.8558557E-02  2.5393262E-10
  5.8683682E-02  2.5445934E-10
  5.8808807E-02  2.5498595E-10
  5.8933932E-02  2.5551247E-10
  5.9059057E-02  2.5603888E-10
  5.9184182E-02  2.5656519E-10
  5.9309307E-02  2.5709140E-10
  5.9434436E-02  2.5761751E-10
  5.9559561E-02  2.5814351E-10
  5.9684686E-02  2.5866942E-10
  5.9809811E-02  2.5919522E-10
  5.9934936E-02  2.5972091E-10
  6.0060062E-02  2.6024649E-10
  6.0185187E-02  2.6077199E-10
  6.0310312E-02  2.6129737E-10
  6.0435437E-02  2.6182267E-10
  6.0560562E-02  2.6234784E-10
  6.0685687E-02  2.6287292E-10
  6.0810812E-02  2.6339789E-10
  6.0935937E-02  2.6392277E-10
  6.1061062E-02  2.6444752E-10
  6.1186187E-02  2.6497218E-10
  6.1311312E-02  2.6549674E-10
  6.1436437E-02  2.6602121E-10
  6.1561562E-02  2.6654554E-10
  6.1686687E-02  2.6706978E-10
  6.1811812E-02  2.6759392E-10
  6.1936937E-02  2.6811794E-10
  6.2062062E-02  2.6864186E-10
  6.2187187E-02  2.6916569E-10
  6.2312312E-02  2.6968941E-10
  6.2437437E-02  2.7021299E-10
  6.2562563E-02  2.7073649E-10
  6.2687688E-02  2.7125988E-10
  6.2812813E-02  2.7178318E-10
  6.2937938E-02  2.7230634E-10
  6.3063063E-02  2.7282943E-10
  6.3188188E-02  2.7335237E-10
  6.3313313E-02  2.7387523E-10
  6.3438438E-02  2.7439798E-10
  6.3563563E-02  2.7492061E-10
  6.3688688E-02  2.7544314E-10
  6.3813813E-02  2.7596556E-10
  6.3938938E-02  2.7648786E-10
  6.4064063E-02  2.7701005E-10
  6.4189188E-02  2.7753216E-10
  6.4314313E-02  2.7805414E-10
  6.4439438E-02  2.7857600E-10
  6.4564563E-02  2.7909777E-10
  6.4689688E-02  2.7961941E-10
  6.4814813E-02  2.8014097E-10
  6.4939938E-02  2.8066238E-10
  6.5065064E-02  2.8118372E-10
  6.5190189E-02  2.8170491E-10
  6.5315314E-02  2.8222602E-10
  6.5440439E-02  2.8274699E-10
  6.5565564E-02  2.8326788E-10
  6.5690689E-02  2.8378863E-10
  6.5815814E-02  2.8430930E-10
  6.5940939E-02  2.8482983E-10
  6.6066064E-02  2.8535024E-10
  6.6191189E-02  2.8587055E-10
  6.6316314E-02  2.8639077E-10
  6.6441439E-02  2.8691086E-10
  6.6566564E-02  2.8743083E-10
  6.6691689E-02  2.8795069E-10
  6.6816814E-02  2.8847044E-10
  6.6941939E-02  2.8899005E-10
  6.7067064E-02  2.8950958E-10
  6.7192189E-02  2.9002900E-10
  6.7317314E-02  2.9054828E-10
  6.7442439E-02  2.9106745E-10
  6.7567565E-02  2.9158650E-10
  6.7692690E-02  2.9210545E-10
  6.7817815E-02  2.9262429E-10
  6.7942940E-02  2.9314301E-10
  6.8068065E-02  2.9366162E-10
  6.8193190E-02  2.9418010E-10
  6.8318315E-02  2.9469846E-10
  6.8443440E-02  2.9521671E-10
  6.8568565E-02  2.9573485E-10
  6.8693690E-02  2.9625288E-10
  6.8818823E-02  2.9677077E-10
  6.8943948E-02  2.9728855E-10
  6.9069073E-02  2.9780622E-10
  6.9194198E-02  2.9832378E-10
  6.9319323E-02  2.9884120E-10
  6.9444448E-02  2.9935854E-10
  6.9569573E-02  2.9987574E-10
  6.9694698E-02  3.0039279E-10
  6.9819823E-02  3.0090977E-10
  6.9944948E-02  3.0142661E-10
  7.0070073E-02  3.0194333E-10
  7.0195198E-02  3.0245995E-10
  7.0320323E-02  3.0297642E-10
  7.0445448E-02  3.0349279E-10
  7.0570573E-02  3.0400904E-10
  7.0695698E-02  3.0452516E-10
  7.0820823E-02  3.0504116E-10
  7.0945948E-02  3.0555705E-10
  7.1071073E-02  3.0607281E-10
  7.1196198E-02  3.0658848E-10
  7.1321324E-02  3.0710398E-10
  7.1446449E-02  3.0761940E-10
  7.1571574E-02  3.0813468E-10
  7.1696699E-02  3.0864983E-10
  7.1821824E-02  3.0916489E-10
  7.1946949E-02  3.0967981E-10
  7.2072074E-02  3.1019459E-10
  7.2197199E-02  3.1070926E-10
  7.2322324E-02  3.1122382E-10
  7.2447449E-02  3.1173825E-10
  7.2572574E-02  3.1225256E-10
  7.2697699E-02  3.1276673E-10
  7.2822824E-02  3.1328079E-10
  7.2947949E-02  3.1379474E-10
  7.3073074E-02  3.1430855E-10
  7.3198199E-02  3.1482225E-10
  7.3323324E-02  3.1533581E-10
  7.3448449E-02  3.1584926E-10
  7.3573574E-02  3.1636258E-10
  7.3698699E-02  3.1687578E-10
  7.3823825E-02  3.1738884E-10
  7.3948950E-02  3.1790179E-10
  7.4074075E-02  3.1841460E-10
  7.4199200E-02  3.1892730E-10
  7.4324325E-02  3.1943986E-10
  7.4449450E-02  3.1995231E-10
  7.4574575E-02  3.2046463E-10
  7.4699700E-02  3.2097680E-10
  7.4824825E-02  3.2148886E-10
  7.4949950E-02  3.2200081E-10
  7.5075075E-02  3.2251263E-10
  7.5200200E-02  3.2302430E-10
  7.5325325E-02  3.2353586E-10
  7.5450450E-02  3.2404729E-10
  7.5575575E-02  3.2455860E-10
  7.5700700E-02  3.2506978E-10
  7.5825825E-02  3.2558081E-10
  7.5950950E-02  3.2609174E-10
  7.6076075E-02  3.2660255E-10
  7.6201200E-02  3.2711320E-10
  7.6326326E-02  3.2762373E-10
  7.6451451E-02  3.2813413E-10
  7.6576576E-02  3.2864442E-10
  7.6701701E-02  3.2915456E-10
  7.6826826E-02  3.2966457E-10
  7.6951951E-02  3.3017447E-10
  7.7077076E-02  3.3068423E-10
  7.7202201E-02  3.3119388E-10
  7.7327326E-02  3.3170336E-10
  7.7452451E-02  3.3221273E-10
  7.7577576E-02  3.3272196E-10
  7.7702701E-02  3.3323108E-10
  7.7827826E-02  3.3374006E-10
  7.7952951E-02  3.3424891E-10
  7.8078076E-02  3.3475761E-10
  7.8203201E-02  3.3526620E-10
  7.8328326E-02  3.3577466E-10
  7.8453451E-02  3.3628297E-10
  7.8578576E-02  3.3679115E-10
  7.8703701E-02  3.3729922E-10
  7.8828827E-02  3.3780714E-10
  7.8953952E-02  3.3831493E-10
  7.9079077E-02  3.3882258E-10
  7.9204202E-02  3.3933012E-10
  7.9329327E-02  3.3983752E-10
  7.9454452E-02  3.4034475E-10
  7.9579577E-02  3.4085190E-10
  7.9704702E-02  3.4135889E-10
  7.9829827E-02  3.4186573E-10
  7.9954952E-02  3.4237246E-10
  8.0080077E-02  3.4287906E-10
  8.0205202E-02  3.4338551E-10
  8.0330327E-02  3.4389183E-10
  8.0455452E-02  3.4439801E-10
  8.0580577E-02  3.4490405E-10
  8.0705702E-02  3.4540998E-10
  8.0830827E-02  3.4591574E-10
  8.0955952E-02  3.4642139E-10
  8.1081077E-02  3.4692690E-10
  8.1206203E-02  3.4743228E-10
  8.1331335E-02  3.4793751E-10
  8.1456460E-02  3.4844261E-10
  8.1581585E-02  3.4894757E-10
  8.1706710E-02  3.4945238E-10
  8.1831835E-02  3.4995709E-10
  8.1956960E-02  3.5046163E-10
  8.2082085E-02  3.5096606E-10
  8.2207210E-02  3.5147033E-10
  8.2332335E-02  3.5197445E-10
  8.2457460E-02  3.5247846E-10
  8.2582586E-02  3.5298234E-10
  8.2707711E-02  3.5348605E-10
  8.2832836E-02  3.5398964E-10
  8.2957961E-02  3.5449307E-10
  8.3083086E-02  3.5499639E-10
  8.3208211E-02  3.5549955E-10
  8.3333336E-02  3.5600259E-10
  8.3458461E-02  3.5650549E-10
  8.3583586E-02  3.5700823E-10
  8.3708711E-02  3.5751085E-10
  8.3833836E-02  3.5801331E-10
  8.3958961E-02  3.5851563E-10
  8.4084086E-02  3.5901784E-10
  8.4209211E-02  3.5951989E-10
  8.4334336E-02  3.6002179E-10
  8.4459461E-02  3.6052356E-10
  8.4584586E-02  3.6102518E-10
  8.4709711E-02  3.6152667E-10
  8.4834836E-02  3.6202802E-10
  8.4959961E-02  3.6252923E-10
  8.5085087E-02  3.6303027E-10
  8.5210212E-02  3.6353121E-10
  8.5335337E-02  3.6403197E-10
  8.5460462E-02  3.6453260E-10
  8.5585587E-02  3.6503309E-10
  8.5710712E-02  3.6553344E-10
  8.5835837E-02  3.6603365E-10
  8.5960962E-02  3.6653372E-10
  8.6086087E-02  3.6703363E-10
  8.6211212E-02  3.6753342E-10
  8.6336337E-02  3.6803305E-10
  8.6461462E-02  3.6853254E-10
  8.6586587E-02  3.6903186E-10
  8.6711712E-02  3.6953107E-10
  8.6836837E-02  3.7003012E-10
  8.6961962E-02  3.7052902E-10
  8.7087087E-02  3.7102779E-10
  8.7212212E-02  3.7152642E-10
  8.7337337E-02  3.7202488E-10
  8.7462462E-02  3.7252321E-10
  8.7587588E-02  3.7302139E-10
  8.7712713E-02  3.7351944E-10
  8.7837838E-02  3.7401734E-10
  8.7962963E-02  3.7451509E-10
  8.8088088E-02  3.7501269E-10
  8.8213213E-02  3.7551012E-10
  8.8338338E-02  3.7600745E-10
  8.8463463E-02  3.7650461E-10
  8.8588588E-02  3.7700160E-10
  8.8713713E-02  3.7749848E-10
  8.8838838E-02  3.7799519E-10
  8.8963963E-02  3.7849177E-10
  8.9089088E-02  3.7898817E-10
  8.9214213E-02  3.7948444E-10
  8.9339338E-02  3.7998057E-10
  8.9464463E-02  3.8047657E-10
  8.9589588E-02  3.8097239E-10
  8.9714713E-02  3.8146805E-10
  8.9839838E-02  3.8196360E-10
  8.9964963E-02  3.8245898E-10
  9.0090089E-02  3.8295420E-10
  9.0215214E-02  3.8344930E-10
  9.0340339E-02  3.8394421E-10
  9.0465464E-02  3.8443901E-10
  9.0590589E-02  3.8493364E-10
  9.0715714E-02  3.8542813E-10
  9.0840839E-02  3.8592246E-10
  9.0965964E-02  3.8641665E-10
  9.1091089E-02  3.8691067E-10
  9.1216214E-02  3.8740455E-10
  9.1341339E-02  3.8789827E-10
  9.1466464E-02  3.8839185E-10
  9.1591589E-02  3.8888529E-10
  9.1716714E-02  3.8937856E-10
  9.1841839E-02  3.8987169E-10
  9.1966964E-02  3.9036466E-10
  9.2092089E-02  3.9085746E-10
  9.2217214E-02  3.9135015E-10
  9.2342339E-02  3.9184264E-10
  9.2467465E-02  3.9233500E-10
  9.2592590E-02  3.9282722E-10
  9.2717715E-02  3.9331927E-10
  9.2842840E-02  3.9381118E-10
  9.2967965E-02  3.9430292E-10
  9.3093090E-02  3.9479450E-10
  9.3218215E-02  3.9528594E-10
  9.3343340E-02  3.9577724E-10
  9.3468465E-02  3.9626838E-10
  9.3593590E-02  3.9675935E-10
  9.3718715E-02  3.9725018E-10
  9.3843848E-02  3.9774084E-10
  9.3968973E-02  3.9823136E-10
  9.4094098E-02  3.9872172E-10
  9.4219223E-02  3.9921191E-10
  9.4344348E-02  3.9970197E-10
  9.4469473E-02  4.0019185E-10
  9.4594598E-02  4.0068160E-10
  9.4719723E-02  4.0117118E-10
  9.4844848E-02  4.0166059E-10
  9.4969973E-02  4.0214987E-10
  9.5095098E-02  4.0263898E-10
  9.5220223E-02  4.0312792E-10
  9.5345348E-02  4.0361672E-10
  9.5470473E-02  4.0410536E-10
  9.5595598E-02  4.0459383E-10
  9.5720723E-02  4.0508216E-10
  9.5845848E-02  4.0557033E-10
  9.5970973E-02  4.0605835E-10
  9.6096098E-02  4.0654619E-10
  9.6221223E-02  4.0703388E-10
  9.6346349E-02  4.0752143E-10
  9.6471474E-02  4.0800879E-10
  9.6596599E-02  4.0849601E-10
  9.6721724E-02  4.0898307E-10
  9.6846849E-02  4.0946999E-10
  9.6971974E-02  4.0995671E-10
  9.7097099E-02  4.1044329E-10
  9.7222224E-02  4.1092971E-10
  9.7347349E-02  4.1141598E-10
  9.7472474E-02  4.1190207E-10
  9.7597599E-02  4.1238801E-10
  9.7722724E-02  4.1287379E-10
  9.7847849E-02  4.1335943E-10
  9.7972974E-02  4.1384488E-10
  9.8098099E-02  4.1433018E-10
  9.8223224E-02  4.1481532E-10
  9.8348349E-02  4.1530029E-10
  9.8473474E-02  4.1578510E-10
  9.8598599E-02  4.1626977E-10
  9.8723724E-02  4.1675427E-10
  9.8848850E-02  4.1723858E-10
  9.8973975E-02  4.1772275E-10
  9.9099100E-02  4.1820677E-10
  9.9224225E-02  4.1869061E-10
  9.9349350E-02  4.1917428E-10
  9.9474475E-02  4.1965781E-10
  9.9599600E-02  4.2014117E-10
  9.9724725E-02  4.2062434E-10
  9.9849850E-02  4.2110737E-10
  9.9974975E-02  4.2159023E-10
  0.1001001      4.2207293E-10
  0.1002252      4.2255549E-10
  0.1003504      4.2303785E-10
  0.1004755      4.2352005E-10
  0.1006006      4.2400211E-10
  0.1007257      4.2448400E-10
  0.1008509      4.2496570E-10
  0.1009760      4.2544726E-10
  0.1011011      4.2592865E-10
  0.1012262      4.2640985E-10
  0.1013514      4.2689091E-10
  0.1014765      4.2737180E-10
  0.1016016      4.2785253E-10
  0.1017267      4.2833309E-10
  0.1018519      4.2881348E-10
  0.1019770      4.2929371E-10
  0.1021021      4.2977377E-10
  0.1022272      4.3025367E-10
  0.1023524      4.3073339E-10
  0.1024775      4.3121293E-10
  0.1026026      4.3169232E-10
  0.1027277      4.3217155E-10
  0.1028529      4.3265061E-10
  0.1029780      4.3312950E-10
  0.1031031      4.3360823E-10
  0.1032282      4.3408677E-10
  0.1033534      4.3456516E-10
  0.1034785      4.3504336E-10
  0.1036036      4.3552142E-10
  0.1037287      4.3599929E-10
  0.1038539      4.3647702E-10
  0.1039790      4.3695456E-10
  0.1041041      4.3743192E-10
  0.1042292      4.3790913E-10
  0.1043544      4.3838616E-10
  0.1044795      4.3886303E-10
  0.1046046      4.3933970E-10
  0.1047297      4.3981624E-10
  0.1048549      4.4029258E-10
  0.1049800      4.4076878E-10
  0.1051051      4.4124479E-10
  0.1052302      4.4172063E-10
  0.1053554      4.4219628E-10
  0.1054805      4.4267179E-10
  0.1056056      4.4314713E-10
  0.1057307      4.4362228E-10
  0.1058559      4.4409726E-10
  0.1059810      4.4457207E-10
  0.1061061      4.4504672E-10
  0.1062312      4.4552118E-10
  0.1063564      4.4599546E-10
  0.1064815      4.4646961E-10
  0.1066066      4.4694354E-10
  0.1067317      4.4741733E-10
  0.1068569      4.4789095E-10
  0.1069820      4.4836437E-10
  0.1071071      4.4883763E-10
  0.1072322      4.4931070E-10
  0.1073574      4.4978363E-10
  0.1074825      4.5025636E-10
  0.1076076      4.5072893E-10
  0.1077327      4.5120130E-10
  0.1078579      4.5167353E-10
  0.1079830      4.5214557E-10
  0.1081081      4.5261744E-10
  0.1082332      4.5308912E-10
  0.1083584      4.5356063E-10
  0.1084835      4.5403198E-10
  0.1086086      4.5450316E-10
  0.1087337      4.5497414E-10
  0.1088589      4.5544496E-10
  0.1089840      4.5591558E-10
  0.1091091      4.5638604E-10
  0.1092342      4.5685633E-10
  0.1093594      4.5732645E-10
  0.1094845      4.5779638E-10
  0.1096096      4.5826615E-10
  0.1097347      4.5873572E-10
  0.1098599      4.5920512E-10
  0.1099850      4.5967435E-10
  0.1101101      4.6014340E-10
  0.1102352      4.6061227E-10
  0.1103604      4.6108095E-10
  0.1104855      4.6154947E-10
  0.1106106      4.6201781E-10
  0.1107357      4.6248597E-10
  0.1108609      4.6295395E-10
  0.1109860      4.6342175E-10
  0.1111111      4.6388937E-10
  0.1112362      4.6435680E-10
  0.1113614      4.6482407E-10
  0.1114865      4.6529117E-10
  0.1116116      4.6575810E-10
  0.1117367      4.6622478E-10
  0.1118619      4.6669135E-10
  0.1119870      4.6715770E-10
  0.1121121      4.6762388E-10
  0.1122372      4.6808990E-10
  0.1123624      4.6855575E-10
  0.1124875      4.6902138E-10
  0.1126126      4.6948684E-10
  0.1127377      4.6995213E-10
  0.1128629      4.7041726E-10
  0.1129880      4.7088217E-10
  0.1131131      4.7134691E-10
  0.1132382      4.7181148E-10
  0.1133634      4.7227583E-10
  0.1134885      4.7274001E-10
  0.1136136      4.7320403E-10
  0.1137387      4.7366788E-10
  0.1138639      4.7413151E-10
  0.1139890      4.7459497E-10
  0.1141141      4.7505827E-10
  0.1142392      4.7552140E-10
  0.1143644      4.7598431E-10
  0.1144895      4.7644705E-10
  0.1146146      4.7690962E-10
  0.1147397      4.7737198E-10
  0.1148649      4.7783416E-10
  0.1149900      4.7829612E-10
  0.1151151      4.7875798E-10
  0.1152402      4.7921961E-10
  0.1153654      4.7968107E-10
  0.1154905      4.8014231E-10
  0.1156156      4.8060339E-10
  0.1157407      4.8106430E-10
  0.1158659      4.8152499E-10
  0.1159910      4.8198551E-10
  0.1161161      4.8244586E-10
  0.1162412      4.8290605E-10
  0.1163664      4.8336601E-10
  0.1164915      4.8382576E-10
  0.1166166      4.8428539E-10
  0.1167417      4.8474480E-10
  0.1168669      4.8520399E-10
  0.1169920      4.8566307E-10
  0.1171171      4.8612192E-10
  0.1172422      4.8658055E-10
  0.1173674      4.8703908E-10
  0.1174925      4.8749732E-10
  0.1176176      4.8795545E-10
  0.1177427      4.8841337E-10
  0.1178679      4.8887111E-10
  0.1179930      4.8932863E-10
  0.1181181      4.8978599E-10
  0.1182432      4.9024318E-10
  0.1183684      4.9070015E-10
  0.1184935      4.9115695E-10
  0.1186186      4.9161353E-10
  0.1187437      4.9206994E-10
  0.1188689      4.9252619E-10
  0.1189940      4.9298221E-10
  0.1191191      4.9343807E-10
  0.1192442      4.9389370E-10
  0.1193694      4.9434917E-10
  0.1194945      4.9480448E-10
  0.1196196      4.9525956E-10
  0.1197447      4.9571447E-10
  0.1198699      4.9616916E-10
  0.1199950      4.9662369E-10
  0.1201201      4.9707799E-10
  0.1202452      4.9753213E-10
  0.1203704      4.9798610E-10
  0.1204955      4.9843984E-10
  0.1206206      4.9889343E-10
  0.1207457      4.9934679E-10
  0.1208709      4.9979998E-10
  0.1209960      5.0025295E-10
  0.1211211      5.0070575E-10
  0.1212462      5.0115839E-10
  0.1213714      5.0161081E-10
  0.1214965      5.0206300E-10
  0.1216216      5.0251503E-10
  0.1217467      5.0296689E-10
  0.1218719      5.0341853E-10
  0.1219970      5.0387000E-10
  0.1221221      5.0432125E-10
  0.1222472      5.0477234E-10
  0.1223724      5.0522320E-10
  0.1224975      5.0567389E-10
  0.1226226      5.0612436E-10
  0.1227477      5.0657467E-10
  0.1228729      5.0702476E-10
  0.1229980      5.0747467E-10
  0.1231231      5.0792437E-10
  0.1232482      5.0837390E-10
  0.1233734      5.0882321E-10
  0.1234985      5.0927235E-10
  0.1236236      5.0972132E-10
  0.1237487      5.1017002E-10
  0.1238739      5.1061860E-10
  0.1239990      5.1106691E-10
  0.1241241      5.1151511E-10
  0.1242492      5.1196303E-10
  0.1243744      5.1241084E-10
  0.1244995      5.1285837E-10
  0.1246246      5.1330573E-10
  0.1247497      5.1375293E-10
  0.1248749      5.1419990E-10
  0.1250000      5.1464671E-10
