ULN      MXN        47.8600  107.0532 1610.0    0.0    0.0    0.0       1.0000     513 2011 070 05 46 23.000
ULN      MXE        47.8600  107.0532 1610.0    0.0   90.0    0.0       1.0000     513 2011 070 05 46 23.000
ULN      MXZ        47.8600  107.0532 1610.0    0.0    0.0  -90.0       1.0000     513 2011 070 05 46 23.000
XAN      MXN        34.0300  108.9237  630.0    0.0    0.0    0.0       1.0000     513 2011 070 05 46 23.000
XAN      MXE        34.0300  108.9237  630.0    0.0   90.0    0.0       1.0000     513 2011 070 05 46 23.000
XAN      MXZ        34.0300  108.9237  630.0    0.0    0.0  -90.0       1.0000     513 2011 070 05 46 23.000
MA2      MXN        59.5700  150.7700  335.0    2.0    0.0    0.0       1.0000     513 2011 070 05 46 23.000
MA2      MXE        59.5700  150.7700  335.0    2.0   90.0    0.0       1.0000     513 2011 070 05 46 23.000
MA2      MXZ        59.5700  150.7700  335.0    2.0    0.0  -90.0       1.0000     513 2011 070 05 46 23.000
BJT      MXN        40.0100  116.1679  137.0   60.0    0.0    0.0       1.0000     513 2011 070 05 46 23.000
BJT      MXE        40.0100  116.1679  137.0   60.0   90.0    0.0       1.0000     513 2011 070 05 46 23.000
BJT      MXZ        40.0100  116.1679  137.0   60.0    0.0  -90.0       1.0000     513 2011 070 05 46 23.000
NE93     MXN        46.9200  122.4301  283.0    0.0    0.0    0.0       1.0000     513 2011 070 05 46 23.000
NE93     MXE        46.9200  122.4301  283.0    0.0   90.0    0.0       1.0000     513 2011 070 05 46 23.000
NE93     MXZ        46.9200  122.4301  283.0    0.0    0.0  -90.0       1.0000     513 2011 070 05 46 23.000
INCN     MXN        37.4700  126.6239   65.0   15.0    0.0    0.0       1.0000     513 2011 070 05 46 23.000
INCN     MXE        37.4700  126.6239   65.0   15.0   90.0    0.0       1.0000     513 2011 070 05 46 23.000
INCN     MXZ        37.4700  126.6239   65.0   15.0    0.0  -90.0       1.0000     513 2011 070 05 46 23.000
MDJ      MXN        44.6100  129.5908  220.0   50.0    0.0    0.0       1.0000     513 2011 070 05 46 23.000
MDJ      MXE        44.6100  129.5908  220.0   50.0   90.0    0.0       1.0000     513 2011 070 05 46 23.000
MDJ      MXZ        44.6100  129.5908  220.0   50.0    0.0  -90.0       1.0000     513 2011 070 05 46 23.000
SHR      MXN        44.0500  144.9944  111.0   35.0    0.0    0.0       1.0000     513 2011 070 05 46 23.000
SHR      MXE        44.0500  144.9944  111.0   35.0   90.0    0.0       1.0000     513 2011 070 05 46 23.000
SHR      MXZ        44.0500  144.9944  111.0   35.0    0.0  -90.0       1.0000     513 2011 070 05 46 23.000
FUK      MXN        32.7100  128.7572   75.0   29.0    0.0    0.0       1.0000     513 2011 070 05 46 23.000
FUK      MXE        32.7100  128.7572   75.0   29.0   90.0    0.0       1.0000     513 2011 070 05 46 23.000
FUK      MXZ        32.7100  128.7572   75.0   29.0    0.0  -90.0       1.0000     513 2011 070 05 46 23.000
INU      MXN        35.3500  137.0290  132.0    0.0    0.0    0.0       1.0000     513 2011 070 05 46 23.000
INU      MXE        35.3500  137.0290  132.0    0.0   90.0    0.0       1.0000     513 2011 070 05 46 23.000
INU      MXZ        35.3500  137.0290  132.0    0.0    0.0  -90.0       1.0000     513 2011 070 05 46 23.000
MAJO     MXN        36.5400  138.2041  405.0    0.0    0.0    0.0       1.0000     513 2011 070 05 46 23.000
MAJO     MXE        36.5400  138.2041  405.0    0.0   90.0    0.0       1.0000     513 2011 070 05 46 23.000
MAJO     MXZ        36.5400  138.2041  405.0    0.0    0.0  -90.0       1.0000     513 2011 070 05 46 23.000
