           0           1           0           0
           1           1           1           0
           2           1           2           0
           3           1           3           0
           4           1           4           0
           5           1           5           0
           6           1           6           0
           7           1           7           0
           8           1           8           0
           9           1           9           0
          10           1          10           0
          11           1          11           0
          12           1           0           1
          13           1           1           1
          14           1           2           1
          15           1           3           1
          16           1           4           1
          17           1           5           1
          18           1           6           1
          19           1           7           1
          20           1           8           1
          21           1           9           1
          22           1          10           1
          23           1          11           1
          24           1           0           2
          25           1           1           2
          26           1           2           2
          27           1           3           2
          28           1           4           2
          29           1           5           2
          30           1           6           2
          31           1           7           2
          32           1           8           2
          33           1           9           2
          34           1          10           2
          35           1          11           2
          36           1           0           3
          37           1           1           3
          38           1           2           3
          39           1           3           3
          40           1           4           3
          41           1           5           3
          42           1           6           3
          43           1           7           3
          44           1           8           3
          45           1           9           3
          46           1          10           3
          47           1          11           3
          48           1           0           4
          49           1           1           4
          50           1           2           4
          51           1           3           4
          52           1           4           4
          53           1           5           4
          54           1           6           4
          55           1           7           4
          56           1           8           4
          57           1           9           4
          58           1          10           4
          59           1          11           4
          60           1           0           5
          61           1           1           5
          62           1           2           5
          63           1           3           5
          64           1           4           5
          65           1           5           5
          66           1           6           5
          67           1           7           5
          68           1           8           5
          69           1           9           5
          70           1          10           5
          71           1          11           5
          72           1           0           6
          73           1           1           6
          74           1           2           6
          75           1           3           6
          76           1           4           6
          77           1           5           6
          78           1           6           6
          79           1           7           6
          80           1           8           6
          81           1           9           6
          82           1          10           6
          83           1          11           6
          84           1           0           7
          85           1           1           7
          86           1           2           7
          87           1           3           7
          88           1           4           7
          89           1           5           7
          90           1           6           7
          91           1           7           7
          92           1           8           7
          93           1           9           7
          94           1          10           7
          95           1          11           7
          96           1           0           8
          97           1           1           8
          98           1           2           8
          99           1           3           8
         100           1           4           8
         101           1           5           8
         102           1           6           8
         103           1           7           8
         104           1           8           8
         105           1           9           8
         106           1          10           8
         107           1          11           8
         108           1           0           9
         109           1           1           9
         110           1           2           9
         111           1           3           9
         112           1           4           9
         113           1           5           9
         114           1           6           9
         115           1           7           9
         116           1           8           9
         117           1           9           9
         118           1          10           9
         119           1          11           9
         120           1           0          10
         121           1           1          10
         122           1           2          10
         123           1           3          10
         124           1           4          10
         125           1           5          10
         126           1           6          10
         127           1           7          10
         128           1           8          10
         129           1           9          10
         130           1          10          10
         131           1          11          10
         132           1           0          11
         133           1           1          11
         134           1           2          11
         135           1           3          11
         136           1           4          11
         137           1           5          11
         138           1           6          11
         139           1           7          11
         140           1           8          11
         141           1           9          11
         142           1          10          11
         143           1          11          11
         144           2           0           0
         145           2           1           0
         146           2           2           0
         147           2           3           0
         148           2           4           0
         149           2           5           0
         150           2           6           0
         151           2           7           0
         152           2           8           0
         153           2           9           0
         154           2          10           0
         155           2          11           0
         156           2           0           1
         157           2           1           1
         158           2           2           1
         159           2           3           1
         160           2           4           1
         161           2           5           1
         162           2           6           1
         163           2           7           1
         164           2           8           1
         165           2           9           1
         166           2          10           1
         167           2          11           1
         168           2           0           2
         169           2           1           2
         170           2           2           2
         171           2           3           2
         172           2           4           2
         173           2           5           2
         174           2           6           2
         175           2           7           2
         176           2           8           2
         177           2           9           2
         178           2          10           2
         179           2          11           2
         180           2           0           3
         181           2           1           3
         182           2           2           3
         183           2           3           3
         184           2           4           3
         185           2           5           3
         186           2           6           3
         187           2           7           3
         188           2           8           3
         189           2           9           3
         190           2          10           3
         191           2          11           3
         192           2           0           4
         193           2           1           4
         194           2           2           4
         195           2           3           4
         196           2           4           4
         197           2           5           4
         198           2           6           4
         199           2           7           4
         200           2           8           4
         201           2           9           4
         202           2          10           4
         203           2          11           4
         204           2           0           5
         205           2           1           5
         206           2           2           5
         207           2           3           5
         208           2           4           5
         209           2           5           5
         210           2           6           5
         211           2           7           5
         212           2           8           5
         213           2           9           5
         214           2          10           5
         215           2          11           5
         216           2           0           6
         217           2           1           6
         218           2           2           6
         219           2           3           6
         220           2           4           6
         221           2           5           6
         222           2           6           6
         223           2           7           6
         224           2           8           6
         225           2           9           6
         226           2          10           6
         227           2          11           6
         228           2           0           7
         229           2           1           7
         230           2           2           7
         231           2           3           7
         232           2           4           7
         233           2           5           7
         234           2           6           7
         235           2           7           7
         236           2           8           7
         237           2           9           7
         238           2          10           7
         239           2          11           7
         240           2           0           8
         241           2           1           8
         242           2           2           8
         243           2           3           8
         244           2           4           8
         245           2           5           8
         246           2           6           8
         247           2           7           8
         248           2           8           8
         249           2           9           8
         250           2          10           8
         251           2          11           8
         252           2           0           9
         253           2           1           9
         254           2           2           9
         255           2           3           9
         256           2           4           9
         257           2           5           9
         258           2           6           9
         259           2           7           9
         260           2           8           9
         261           2           9           9
         262           2          10           9
         263           2          11           9
         264           2           0          10
         265           2           1          10
         266           2           2          10
         267           2           3          10
         268           2           4          10
         269           2           5          10
         270           2           6          10
         271           2           7          10
         272           2           8          10
         273           2           9          10
         274           2          10          10
         275           2          11          10
         276           2           0          11
         277           2           1          11
         278           2           2          11
         279           2           3          11
         280           2           4          11
         281           2           5          11
         282           2           6          11
         283           2           7          11
         284           2           8          11
         285           2           9          11
         286           2          10          11
         287           2          11          11
         288           3           0           0
         289           3           1           0
         290           3           2           0
         291           3           3           0
         292           3           4           0
         293           3           5           0
         294           3           6           0
         295           3           7           0
         296           3           8           0
         297           3           9           0
         298           3          10           0
         299           3          11           0
         300           3           0           1
         301           3           1           1
         302           3           2           1
         303           3           3           1
         304           3           4           1
         305           3           5           1
         306           3           6           1
         307           3           7           1
         308           3           8           1
         309           3           9           1
         310           3          10           1
         311           3          11           1
         312           3           0           2
         313           3           1           2
         314           3           2           2
         315           3           3           2
         316           3           4           2
         317           3           5           2
         318           3           6           2
         319           3           7           2
         320           3           8           2
         321           3           9           2
         322           3          10           2
         323           3          11           2
         324           3           0           3
         325           3           1           3
         326           3           2           3
         327           3           3           3
         328           3           4           3
         329           3           5           3
         330           3           6           3
         331           3           7           3
         332           3           8           3
         333           3           9           3
         334           3          10           3
         335           3          11           3
         336           3           0           4
         337           3           1           4
         338           3           2           4
         339           3           3           4
         340           3           4           4
         341           3           5           4
         342           3           6           4
         343           3           7           4
         344           3           8           4
         345           3           9           4
         346           3          10           4
         347           3          11           4
         348           3           0           5
         349           3           1           5
         350           3           2           5
         351           3           3           5
         352           3           4           5
         353           3           5           5
         354           3           6           5
         355           3           7           5
         356           3           8           5
         357           3           9           5
         358           3          10           5
         359           3          11           5
         360           3           0           6
         361           3           1           6
         362           3           2           6
         363           3           3           6
         364           3           4           6
         365           3           5           6
         366           3           6           6
         367           3           7           6
         368           3           8           6
         369           3           9           6
         370           3          10           6
         371           3          11           6
         372           3           0           7
         373           3           1           7
         374           3           2           7
         375           3           3           7
         376           3           4           7
         377           3           5           7
         378           3           6           7
         379           3           7           7
         380           3           8           7
         381           3           9           7
         382           3          10           7
         383           3          11           7
         384           3           0           8
         385           3           1           8
         386           3           2           8
         387           3           3           8
         388           3           4           8
         389           3           5           8
         390           3           6           8
         391           3           7           8
         392           3           8           8
         393           3           9           8
         394           3          10           8
         395           3          11           8
         396           3           0           9
         397           3           1           9
         398           3           2           9
         399           3           3           9
         400           3           4           9
         401           3           5           9
         402           3           6           9
         403           3           7           9
         404           3           8           9
         405           3           9           9
         406           3          10           9
         407           3          11           9
         408           3           0          10
         409           3           1          10
         410           3           2          10
         411           3           3          10
         412           3           4          10
         413           3           5          10
         414           3           6          10
         415           3           7          10
         416           3           8          10
         417           3           9          10
         418           3          10          10
         419           3          11          10
         420           3           0          11
         421           3           1          11
         422           3           2          11
         423           3           3          11
         424           3           4          11
         425           3           5          11
         426           3           6          11
         427           3           7          11
         428           3           8          11
         429           3           9          11
         430           3          10          11
         431           3          11          11
         432           4           0           0
         433           4           1           0
         434           4           2           0
         435           4           3           0
         436           4           4           0
         437           4           5           0
         438           4           6           0
         439           4           7           0
         440           4           8           0
         441           4           9           0
         442           4          10           0
         443           4          11           0
         444           4           0           1
         445           4           1           1
         446           4           2           1
         447           4           3           1
         448           4           4           1
         449           4           5           1
         450           4           6           1
         451           4           7           1
         452           4           8           1
         453           4           9           1
         454           4          10           1
         455           4          11           1
         456           4           0           2
         457           4           1           2
         458           4           2           2
         459           4           3           2
         460           4           4           2
         461           4           5           2
         462           4           6           2
         463           4           7           2
         464           4           8           2
         465           4           9           2
         466           4          10           2
         467           4          11           2
         468           4           0           3
         469           4           1           3
         470           4           2           3
         471           4           3           3
         472           4           4           3
         473           4           5           3
         474           4           6           3
         475           4           7           3
         476           4           8           3
         477           4           9           3
         478           4          10           3
         479           4          11           3
         480           4           0           4
         481           4           1           4
         482           4           2           4
         483           4           3           4
         484           4           4           4
         485           4           5           4
         486           4           6           4
         487           4           7           4
         488           4           8           4
         489           4           9           4
         490           4          10           4
         491           4          11           4
         492           4           0           5
         493           4           1           5
         494           4           2           5
         495           4           3           5
         496           4           4           5
         497           4           5           5
         498           4           6           5
         499           4           7           5
         500           4           8           5
         501           4           9           5
         502           4          10           5
         503           4          11           5
         504           4           0           6
         505           4           1           6
         506           4           2           6
         507           4           3           6
         508           4           4           6
         509           4           5           6
         510           4           6           6
         511           4           7           6
         512           4           8           6
         513           4           9           6
         514           4          10           6
         515           4          11           6
         516           4           0           7
         517           4           1           7
         518           4           2           7
         519           4           3           7
         520           4           4           7
         521           4           5           7
         522           4           6           7
         523           4           7           7
         524           4           8           7
         525           4           9           7
         526           4          10           7
         527           4          11           7
         528           4           0           8
         529           4           1           8
         530           4           2           8
         531           4           3           8
         532           4           4           8
         533           4           5           8
         534           4           6           8
         535           4           7           8
         536           4           8           8
         537           4           9           8
         538           4          10           8
         539           4          11           8
         540           4           0           9
         541           4           1           9
         542           4           2           9
         543           4           3           9
         544           4           4           9
         545           4           5           9
         546           4           6           9
         547           4           7           9
         548           4           8           9
         549           4           9           9
         550           4          10           9
         551           4          11           9
         552           4           0          10
         553           4           1          10
         554           4           2          10
         555           4           3          10
         556           4           4          10
         557           4           5          10
         558           4           6          10
         559           4           7          10
         560           4           8          10
         561           4           9          10
         562           4          10          10
         563           4          11          10
         564           4           0          11
         565           4           1          11
         566           4           2          11
         567           4           3          11
         568           4           4          11
         569           4           5          11
         570           4           6          11
         571           4           7          11
         572           4           8          11
         573           4           9          11
         574           4          10          11
         575           4          11          11
         576           5           0           0
         577           5           1           0
         578           5           2           0
         579           5           3           0
         580           5           4           0
         581           5           5           0
         582           5           6           0
         583           5           7           0
         584           5           8           0
         585           5           9           0
         586           5          10           0
         587           5          11           0
         588           5           0           1
         589           5           1           1
         590           5           2           1
         591           5           3           1
         592           5           4           1
         593           5           5           1
         594           5           6           1
         595           5           7           1
         596           5           8           1
         597           5           9           1
         598           5          10           1
         599           5          11           1
         600           5           0           2
         601           5           1           2
         602           5           2           2
         603           5           3           2
         604           5           4           2
         605           5           5           2
         606           5           6           2
         607           5           7           2
         608           5           8           2
         609           5           9           2
         610           5          10           2
         611           5          11           2
         612           5           0           3
         613           5           1           3
         614           5           2           3
         615           5           3           3
         616           5           4           3
         617           5           5           3
         618           5           6           3
         619           5           7           3
         620           5           8           3
         621           5           9           3
         622           5          10           3
         623           5          11           3
         624           5           0           4
         625           5           1           4
         626           5           2           4
         627           5           3           4
         628           5           4           4
         629           5           5           4
         630           5           6           4
         631           5           7           4
         632           5           8           4
         633           5           9           4
         634           5          10           4
         635           5          11           4
         636           5           0           5
         637           5           1           5
         638           5           2           5
         639           5           3           5
         640           5           4           5
         641           5           5           5
         642           5           6           5
         643           5           7           5
         644           5           8           5
         645           5           9           5
         646           5          10           5
         647           5          11           5
         648           5           0           6
         649           5           1           6
         650           5           2           6
         651           5           3           6
         652           5           4           6
         653           5           5           6
         654           5           6           6
         655           5           7           6
         656           5           8           6
         657           5           9           6
         658           5          10           6
         659           5          11           6
         660           5           0           7
         661           5           1           7
         662           5           2           7
         663           5           3           7
         664           5           4           7
         665           5           5           7
         666           5           6           7
         667           5           7           7
         668           5           8           7
         669           5           9           7
         670           5          10           7
         671           5          11           7
         672           5           0           8
         673           5           1           8
         674           5           2           8
         675           5           3           8
         676           5           4           8
         677           5           5           8
         678           5           6           8
         679           5           7           8
         680           5           8           8
         681           5           9           8
         682           5          10           8
         683           5          11           8
         684           5           0           9
         685           5           1           9
         686           5           2           9
         687           5           3           9
         688           5           4           9
         689           5           5           9
         690           5           6           9
         691           5           7           9
         692           5           8           9
         693           5           9           9
         694           5          10           9
         695           5          11           9
         696           5           0          10
         697           5           1          10
         698           5           2          10
         699           5           3          10
         700           5           4          10
         701           5           5          10
         702           5           6          10
         703           5           7          10
         704           5           8          10
         705           5           9          10
         706           5          10          10
         707           5          11          10
         708           5           0          11
         709           5           1          11
         710           5           2          11
         711           5           3          11
         712           5           4          11
         713           5           5          11
         714           5           6          11
         715           5           7          11
         716           5           8          11
         717           5           9          11
         718           5          10          11
         719           5          11          11
         720           6           0           0
         721           6           1           0
         722           6           2           0
         723           6           3           0
         724           6           4           0
         725           6           5           0
         726           6           6           0
         727           6           7           0
         728           6           8           0
         729           6           9           0
         730           6          10           0
         731           6          11           0
         732           6           0           1
         733           6           1           1
         734           6           2           1
         735           6           3           1
         736           6           4           1
         737           6           5           1
         738           6           6           1
         739           6           7           1
         740           6           8           1
         741           6           9           1
         742           6          10           1
         743           6          11           1
         744           6           0           2
         745           6           1           2
         746           6           2           2
         747           6           3           2
         748           6           4           2
         749           6           5           2
         750           6           6           2
         751           6           7           2
         752           6           8           2
         753           6           9           2
         754           6          10           2
         755           6          11           2
         756           6           0           3
         757           6           1           3
         758           6           2           3
         759           6           3           3
         760           6           4           3
         761           6           5           3
         762           6           6           3
         763           6           7           3
         764           6           8           3
         765           6           9           3
         766           6          10           3
         767           6          11           3
         768           6           0           4
         769           6           1           4
         770           6           2           4
         771           6           3           4
         772           6           4           4
         773           6           5           4
         774           6           6           4
         775           6           7           4
         776           6           8           4
         777           6           9           4
         778           6          10           4
         779           6          11           4
         780           6           0           5
         781           6           1           5
         782           6           2           5
         783           6           3           5
         784           6           4           5
         785           6           5           5
         786           6           6           5
         787           6           7           5
         788           6           8           5
         789           6           9           5
         790           6          10           5
         791           6          11           5
         792           6           0           6
         793           6           1           6
         794           6           2           6
         795           6           3           6
         796           6           4           6
         797           6           5           6
         798           6           6           6
         799           6           7           6
         800           6           8           6
         801           6           9           6
         802           6          10           6
         803           6          11           6
         804           6           0           7
         805           6           1           7
         806           6           2           7
         807           6           3           7
         808           6           4           7
         809           6           5           7
         810           6           6           7
         811           6           7           7
         812           6           8           7
         813           6           9           7
         814           6          10           7
         815           6          11           7
         816           6           0           8
         817           6           1           8
         818           6           2           8
         819           6           3           8
         820           6           4           8
         821           6           5           8
         822           6           6           8
         823           6           7           8
         824           6           8           8
         825           6           9           8
         826           6          10           8
         827           6          11           8
         828           6           0           9
         829           6           1           9
         830           6           2           9
         831           6           3           9
         832           6           4           9
         833           6           5           9
         834           6           6           9
         835           6           7           9
         836           6           8           9
         837           6           9           9
         838           6          10           9
         839           6          11           9
         840           6           0          10
         841           6           1          10
         842           6           2          10
         843           6           3          10
         844           6           4          10
         845           6           5          10
         846           6           6          10
         847           6           7          10
         848           6           8          10
         849           6           9          10
         850           6          10          10
         851           6          11          10
         852           6           0          11
         853           6           1          11
         854           6           2          11
         855           6           3          11
         856           6           4          11
         857           6           5          11
         858           6           6          11
         859           6           7          11
         860           6           8          11
         861           6           9          11
         862           6          10          11
         863           6          11          11
