  0.0000000E+00  0.0000000E+00
  1.2512512E-04  2.2125398E-14
  2.5025025E-04  4.4250797E-14
  3.7537538E-04  6.6376185E-14
  5.0050049E-04  8.8501573E-14
  6.2562560E-04  1.1062695E-13
  7.5075077E-04  1.3275230E-13
  8.7587588E-04  1.5487766E-13
  1.0010010E-03  1.7700298E-13
  1.1261262E-03  1.9912830E-13
  1.2512512E-03  2.2125358E-13
  1.3763764E-03  2.4337886E-13
  1.5015015E-03  2.6550409E-13
  1.6266266E-03  2.8762930E-13
  1.7517518E-03  3.0975447E-13
  1.8768769E-03  3.3187960E-13
  2.0020020E-03  3.5400469E-13
  2.1271270E-03  3.7612976E-13
  2.2522523E-03  3.9825478E-13
  2.3773774E-03  4.2037977E-13
  2.5025024E-03  4.4250470E-13
  2.6276277E-03  4.6462958E-13
  2.7527527E-03  4.8675441E-13
  2.8778778E-03  5.0887918E-13
  3.0030031E-03  5.3100390E-13
  3.1281281E-03  5.5312856E-13
  3.2532532E-03  5.7525312E-13
  3.3783785E-03  5.9737767E-13
  3.5035035E-03  6.1950212E-13
  3.6286286E-03  6.4162651E-13
  3.7537538E-03  6.6375085E-13
  3.8788789E-03  6.8587508E-13
  4.0040039E-03  7.0799925E-13
  4.1291290E-03  7.3012337E-13
  4.2542540E-03  7.5224739E-13
  4.3793796E-03  7.7437129E-13
  4.5045046E-03  7.9649514E-13
  4.6296297E-03  8.1861888E-13
  4.7547547E-03  8.4074257E-13
  4.8798798E-03  8.6286615E-13
  5.0050048E-03  8.8498962E-13
  5.1301303E-03  9.0711298E-13
  5.2552554E-03  9.2923629E-13
  5.3803804E-03  9.5135943E-13
  5.5055055E-03  9.7348247E-13
  5.6306305E-03  9.9560540E-13
  5.7557556E-03  1.0177282E-12
  5.8808811E-03  1.0398509E-12
  6.0060062E-03  1.0619736E-12
  6.1311312E-03  1.0840960E-12
  6.2562563E-03  1.1062184E-12
  6.3813813E-03  1.1283407E-12
  6.5065064E-03  1.1504629E-12
  6.6316314E-03  1.1725848E-12
  6.7567569E-03  1.1947067E-12
  6.8818820E-03  1.2168284E-12
  7.0070070E-03  1.2389500E-12
  7.1321321E-03  1.2610714E-12
  7.2572571E-03  1.2831927E-12
  7.3823822E-03  1.3053139E-12
  7.5075077E-03  1.3274349E-12
  7.6326327E-03  1.3495558E-12
  7.7577578E-03  1.3716765E-12
  7.8828828E-03  1.3937971E-12
  8.0080079E-03  1.4159175E-12
  8.1331329E-03  1.4380377E-12
  8.2582580E-03  1.4601578E-12
  8.3833830E-03  1.4822778E-12
  8.5085081E-03  1.5043976E-12
  8.6336341E-03  1.5265172E-12
  8.7587591E-03  1.5486365E-12
  8.8838842E-03  1.5707559E-12
  9.0090092E-03  1.5928749E-12
  9.1341343E-03  1.6149938E-12
  9.2592593E-03  1.6371125E-12
  9.3843844E-03  1.6592311E-12
  9.5095094E-03  1.6813494E-12
  9.6346345E-03  1.7034676E-12
  9.7597595E-03  1.7255856E-12
  9.8848846E-03  1.7477033E-12
  1.0010010E-02  1.7698209E-12
  1.0135135E-02  1.7919383E-12
  1.0260261E-02  1.8140555E-12
  1.0385386E-02  1.8361725E-12
  1.0510511E-02  1.8582893E-12
  1.0635636E-02  1.8804058E-12
  1.0760761E-02  1.9025222E-12
  1.0885886E-02  1.9246384E-12
  1.1011011E-02  1.9467544E-12
  1.1136136E-02  1.9688699E-12
  1.1261261E-02  1.9909855E-12
  1.1386386E-02  2.0131008E-12
  1.1511511E-02  2.0352157E-12
  1.1636636E-02  2.0573307E-12
  1.1761762E-02  2.0794453E-12
  1.1886887E-02  2.1015596E-12
  1.2012012E-02  2.1236736E-12
  1.2137137E-02  2.1457877E-12
  1.2262262E-02  2.1679013E-12
  1.2387387E-02  2.1900147E-12
  1.2512513E-02  2.2121278E-12
  1.2637638E-02  2.2342408E-12
  1.2762763E-02  2.2563533E-12
  1.2887888E-02  2.2784658E-12
  1.3013013E-02  2.3005779E-12
  1.3138138E-02  2.3226898E-12
  1.3263263E-02  2.3448014E-12
  1.3388389E-02  2.3669129E-12
  1.3513514E-02  2.3890241E-12
  1.3638639E-02  2.4111349E-12
  1.3763764E-02  2.4332454E-12
  1.3888889E-02  2.4553558E-12
  1.4014014E-02  2.4774657E-12
  1.4139139E-02  2.4995754E-12
  1.4264264E-02  2.5216849E-12
  1.4389389E-02  2.5437942E-12
  1.4514514E-02  2.5659030E-12
  1.4639639E-02  2.5880116E-12
  1.4764764E-02  2.6101200E-12
  1.4889890E-02  2.6322280E-12
  1.5015015E-02  2.6543357E-12
  1.5140140E-02  2.6764433E-12
  1.5265265E-02  2.6985504E-12
  1.5390391E-02  2.7206572E-12
  1.5515516E-02  2.7427639E-12
  1.5640641E-02  2.7648701E-12
  1.5765766E-02  2.7869759E-12
  1.5890891E-02  2.8090815E-12
  1.6016016E-02  2.8311869E-12
  1.6141141E-02  2.8532918E-12
  1.6266266E-02  2.8753965E-12
  1.6391391E-02  2.8975010E-12
  1.6516516E-02  2.9196049E-12
  1.6641641E-02  2.9417087E-12
  1.6766766E-02  2.9638119E-12
  1.6891891E-02  2.9859151E-12
  1.7017016E-02  3.0080177E-12
  1.7142141E-02  3.0301202E-12
  1.7267268E-02  3.0522221E-12
  1.7392393E-02  3.0743238E-12
  1.7517518E-02  3.0964252E-12
  1.7642643E-02  3.1185263E-12
  1.7767768E-02  3.1406269E-12
  1.7892893E-02  3.1627272E-12
  1.8018018E-02  3.1848272E-12
  1.8143144E-02  3.2069267E-12
  1.8268269E-02  3.2290260E-12
  1.8393394E-02  3.2511248E-12
  1.8518519E-02  3.2732233E-12
  1.8643644E-02  3.2953215E-12
  1.8768769E-02  3.3174193E-12
  1.8893894E-02  3.3395166E-12
  1.9019019E-02  3.3616137E-12
  1.9144144E-02  3.3837102E-12
  1.9269269E-02  3.4058067E-12
  1.9394394E-02  3.4279025E-12
  1.9519519E-02  3.4499979E-12
  1.9644644E-02  3.4720931E-12
  1.9769769E-02  3.4941878E-12
  1.9894894E-02  3.5162821E-12
  2.0020019E-02  3.5383762E-12
  2.0145144E-02  3.5604696E-12
  2.0270269E-02  3.5825628E-12
  2.0395396E-02  3.6046556E-12
  2.0520521E-02  3.6267480E-12
  2.0645646E-02  3.6488399E-12
  2.0770771E-02  3.6709316E-12
  2.0895896E-02  3.6930225E-12
  2.1021022E-02  3.7151133E-12
  2.1146147E-02  3.7372037E-12
  2.1271272E-02  3.7592937E-12
  2.1396397E-02  3.7813832E-12
  2.1521522E-02  3.8034723E-12
  2.1646647E-02  3.8255605E-12
  2.1771772E-02  3.8476488E-12
  2.1896897E-02  3.8697366E-12
  2.2022022E-02  3.8918239E-12
  2.2147147E-02  3.9139109E-12
  2.2272272E-02  3.9359974E-12
  2.2397397E-02  3.9580834E-12
  2.2522522E-02  3.9801691E-12
  2.2647647E-02  4.0022543E-12
  2.2772772E-02  4.0243386E-12
  2.2897897E-02  4.0464229E-12
  2.3023022E-02  4.0685068E-12
  2.3148147E-02  4.0905903E-12
  2.3273272E-02  4.1126729E-12
  2.3398397E-02  4.1347555E-12
  2.3523524E-02  4.1568372E-12
  2.3648649E-02  4.1789189E-12
  2.3773775E-02  4.2009998E-12
  2.3898900E-02  4.2230807E-12
  2.4024025E-02  4.2451606E-12
  2.4149150E-02  4.2672402E-12
  2.4274275E-02  4.2893193E-12
  2.4399400E-02  4.3113980E-12
  2.4524525E-02  4.3334763E-12
  2.4649650E-02  4.3555537E-12
  2.4774775E-02  4.3776311E-12
  2.4899900E-02  4.3997076E-12
  2.5025025E-02  4.4217841E-12
  2.5150150E-02  4.4438598E-12
  2.5275275E-02  4.4659350E-12
  2.5400400E-02  4.4880098E-12
  2.5525525E-02  4.5100837E-12
  2.5650650E-02  4.5321576E-12
  2.5775775E-02  4.5542307E-12
  2.5900900E-02  4.5763033E-12
  2.6026025E-02  4.5983755E-12
  2.6151150E-02  4.6204473E-12
  2.6276276E-02  4.6425186E-12
  2.6401401E-02  4.6645890E-12
  2.6526526E-02  4.6866595E-12
  2.6651653E-02  4.7087291E-12
  2.6776778E-02  4.7307982E-12
  2.6901903E-02  4.7528665E-12
  2.7027028E-02  4.7749348E-12
  2.7152153E-02  4.7970022E-12
  2.7277278E-02  4.8190692E-12
  2.7402403E-02  4.8411353E-12
  2.7527528E-02  4.8632014E-12
  2.7652653E-02  4.8852667E-12
  2.7777778E-02  4.9073315E-12
  2.7902903E-02  4.9293954E-12
  2.8028028E-02  4.9514594E-12
  2.8153153E-02  4.9735225E-12
  2.8278278E-02  4.9955851E-12
  2.8403403E-02  5.0176469E-12
  2.8528528E-02  5.0397087E-12
  2.8653653E-02  5.0617696E-12
  2.8778778E-02  5.0838296E-12
  2.8903903E-02  5.1058897E-12
  2.9029028E-02  5.1279488E-12
  2.9154154E-02  5.1500072E-12
  2.9279279E-02  5.1720655E-12
  2.9404404E-02  5.1941229E-12
  2.9529529E-02  5.2161795E-12
  2.9654654E-02  5.2382361E-12
  2.9779781E-02  5.2602918E-12
  2.9904906E-02  5.2823470E-12
  3.0030031E-02  5.3044014E-12
  3.0155156E-02  5.3264554E-12
  3.0280281E-02  5.3485085E-12
  3.0405406E-02  5.3705616E-12
  3.0530531E-02  5.3926134E-12
  3.0655656E-02  5.4146652E-12
  3.0780781E-02  5.4367162E-12
  3.0905906E-02  5.4587663E-12
  3.1031031E-02  5.4808163E-12
  3.1156156E-02  5.5028651E-12
  3.1281281E-02  5.5249139E-12
  3.1406406E-02  5.5469618E-12
  3.1531531E-02  5.5690088E-12
  3.1656656E-02  5.5910554E-12
  3.1781781E-02  5.6131016E-12
  3.1906907E-02  5.6351469E-12
  3.2032032E-02  5.6571917E-12
  3.2157157E-02  5.6792357E-12
  3.2282282E-02  5.7012793E-12
  3.2407407E-02  5.7233224E-12
  3.2532532E-02  5.7453647E-12
  3.2657657E-02  5.7674061E-12
  3.2782782E-02  5.7894470E-12
  3.2907907E-02  5.8114871E-12
  3.3033032E-02  5.8335268E-12
  3.3158157E-02  5.8555660E-12
  3.3283282E-02  5.8776044E-12
  3.3408407E-02  5.8996419E-12
  3.3533532E-02  5.9216789E-12
  3.3658657E-02  5.9437151E-12
  3.3783782E-02  5.9657509E-12
  3.3908907E-02  5.9877862E-12
  3.4034032E-02  6.0098202E-12
  3.4159157E-02  6.0318543E-12
  3.4284282E-02  6.0538870E-12
  3.4409411E-02  6.0759193E-12
  3.4534536E-02  6.0979511E-12
  3.4659661E-02  6.1199821E-12
  3.4784786E-02  6.1420122E-12
  3.4909911E-02  6.1640419E-12
  3.5035037E-02  6.1860712E-12
  3.5160162E-02  6.2080991E-12
  3.5285287E-02  6.2301267E-12
  3.5410412E-02  6.2521537E-12
  3.5535537E-02  6.2741800E-12
  3.5660662E-02  6.2962053E-12
  3.5785787E-02  6.3182298E-12
  3.5910912E-02  6.3402538E-12
  3.6036037E-02  6.3622775E-12
  3.6161162E-02  6.3842998E-12
  3.6286287E-02  6.4063217E-12
  3.6411412E-02  6.4283431E-12
  3.6536537E-02  6.4503637E-12
  3.6661662E-02  6.4723834E-12
  3.6786787E-02  6.4944022E-12
  3.6911912E-02  6.5164206E-12
  3.7037037E-02  6.5384382E-12
  3.7162162E-02  6.5604549E-12
  3.7287287E-02  6.5824711E-12
  3.7412412E-02  6.6044865E-12
  3.7537538E-02  6.6265010E-12
  3.7662663E-02  6.6485151E-12
  3.7787788E-02  6.6705283E-12
  3.7912913E-02  6.6925406E-12
  3.8038038E-02  6.7145525E-12
  3.8163163E-02  6.7365631E-12
  3.8288288E-02  6.7585733E-12
  3.8413413E-02  6.7805830E-12
  3.8538538E-02  6.8025915E-12
  3.8663663E-02  6.8245995E-12
  3.8788788E-02  6.8466066E-12
  3.8913913E-02  6.8686129E-12
  3.9039038E-02  6.8906183E-12
  3.9164163E-02  6.9126233E-12
  3.9289288E-02  6.9346274E-12
  3.9414413E-02  6.9566306E-12
  3.9539538E-02  6.9786334E-12
  3.9664663E-02  7.0006349E-12
  3.9789788E-02  7.0226359E-12
  3.9914913E-02  7.0446361E-12
  4.0040039E-02  7.0666355E-12
  4.0165164E-02  7.0886339E-12
  4.0290289E-02  7.1106320E-12
  4.0415414E-02  7.1326287E-12
  4.0540539E-02  7.1546250E-12
  4.0665668E-02  7.1766204E-12
  4.0790793E-02  7.1986150E-12
  4.0915918E-02  7.2206091E-12
  4.1041043E-02  7.2426019E-12
  4.1166168E-02  7.2645943E-12
  4.1291293E-02  7.2865854E-12
  4.1416418E-02  7.3085765E-12
  4.1541543E-02  7.3305658E-12
  4.1666668E-02  7.3525543E-12
  4.1791793E-02  7.3745428E-12
  4.1916918E-02  7.3965304E-12
  4.2042043E-02  7.4185163E-12
  4.2167168E-02  7.4405022E-12
  4.2292293E-02  7.4624872E-12
  4.2417418E-02  7.4844714E-12
  4.2542543E-02  7.5064538E-12
  4.2667668E-02  7.5284362E-12
  4.2792793E-02  7.5504178E-12
  4.2917918E-02  7.5723984E-12
  4.3043043E-02  7.5943783E-12
  4.3168169E-02  7.6163572E-12
  4.3293294E-02  7.6383353E-12
  4.3418419E-02  7.6603125E-12
  4.3543544E-02  7.6822888E-12
  4.3668669E-02  7.7042643E-12
  4.3793794E-02  7.7262389E-12
  4.3918919E-02  7.7482127E-12
  4.4044044E-02  7.7701855E-12
  4.4169169E-02  7.7921575E-12
  4.4294294E-02  7.8141287E-12
  4.4419419E-02  7.8360998E-12
  4.4544544E-02  7.8580692E-12
  4.4669669E-02  7.8800378E-12
  4.4794794E-02  7.9020054E-12
  4.4919919E-02  7.9239722E-12
  4.5045044E-02  7.9459382E-12
  4.5170169E-02  7.9679032E-12
  4.5295294E-02  7.9898674E-12
  4.5420419E-02  8.0118299E-12
  4.5545544E-02  8.0337924E-12
  4.5670670E-02  8.0557540E-12
  4.5795795E-02  8.0777147E-12
  4.5920920E-02  8.0996746E-12
  4.6046045E-02  8.1216327E-12
  4.6171170E-02  8.1435908E-12
  4.6296295E-02  8.1655481E-12
  4.6421420E-02  8.1875036E-12
  4.6546545E-02  8.2094592E-12
  4.6671670E-02  8.2314129E-12
  4.6796795E-02  8.2533667E-12
  4.6921924E-02  8.2753188E-12
  4.7047049E-02  8.2972700E-12
  4.7172174E-02  8.3192212E-12
  4.7297299E-02  8.3411706E-12
  4.7422424E-02  8.3631192E-12
  4.7547549E-02  8.3850669E-12
  4.7672674E-02  8.4070138E-12
  4.7797799E-02  8.4289598E-12
  4.7922924E-02  8.4509040E-12
  4.8048049E-02  8.4728483E-12
  4.8173174E-02  8.4947917E-12
  4.8298299E-02  8.5167333E-12
  4.8423424E-02  8.5386750E-12
  4.8548549E-02  8.5606149E-12
  4.8673674E-02  8.5825539E-12
  4.8798800E-02  8.6044921E-12
  4.8923925E-02  8.6264294E-12
  4.9049050E-02  8.6483659E-12
  4.9174175E-02  8.6703015E-12
  4.9299300E-02  8.6922353E-12
  4.9424425E-02  8.7141691E-12
  4.9549550E-02  8.7361013E-12
  4.9674675E-02  8.7580334E-12
  4.9799800E-02  8.7799637E-12
  4.9924925E-02  8.8018932E-12
  5.0050050E-02  8.8238219E-12
  5.0175175E-02  8.8457488E-12
  5.0300300E-02  8.8676757E-12
  5.0425425E-02  8.8896017E-12
  5.0550550E-02  8.9115260E-12
  5.0675675E-02  8.9334495E-12
  5.0800800E-02  8.9553720E-12
  5.0925925E-02  8.9772937E-12
  5.1051050E-02  8.9992146E-12
  5.1176175E-02  9.0211337E-12
  5.1301301E-02  9.0430528E-12
  5.1426426E-02  9.0649701E-12
  5.1551551E-02  9.0868866E-12
  5.1676676E-02  9.1088023E-12
  5.1801801E-02  9.1307170E-12
  5.1926926E-02  9.1526300E-12
  5.2052051E-02  9.1745431E-12
  5.2177176E-02  9.1964544E-12
  5.2302301E-02  9.2183648E-12
  5.2427426E-02  9.2402743E-12
  5.2552551E-02  9.2621830E-12
  5.2677676E-02  9.2840900E-12
  5.2802801E-02  9.3059961E-12
  5.2927926E-02  9.3279013E-12
  5.3053051E-02  9.3498057E-12
  5.3178180E-02  9.3717091E-12
  5.3303305E-02  9.3936118E-12
  5.3428430E-02  9.4155126E-12
  5.3553555E-02  9.4374127E-12
  5.3678680E-02  9.4593118E-12
  5.3803805E-02  9.4812092E-12
  5.3928930E-02  9.5031066E-12
  5.4054055E-02  9.5250023E-12
  5.4179180E-02  9.5468971E-12
  5.4304305E-02  9.5687911E-12
  5.4429431E-02  9.5906833E-12
  5.4554556E-02  9.6125746E-12
  5.4679681E-02  9.6344660E-12
  5.4804806E-02  9.6563547E-12
  5.4929931E-02  9.6782434E-12
  5.5055056E-02  9.7001305E-12
  5.5180181E-02  9.7220166E-12
  5.5305306E-02  9.7439019E-12
  5.5430431E-02  9.7657863E-12
  5.5555556E-02  9.7876689E-12
  5.5680681E-02  9.8095507E-12
  5.5805806E-02  9.8314317E-12
  5.5930931E-02  9.8533109E-12
  5.6056056E-02  9.8751901E-12
  5.6181181E-02  9.8970675E-12
  5.6306306E-02  9.9189433E-12
  5.6431431E-02  9.9408190E-12
  5.6556556E-02  9.9626930E-12
  5.6681681E-02  9.9845661E-12
  5.6806806E-02  1.0006438E-11
  5.6931932E-02  1.0028309E-11
  5.7057057E-02  1.0050179E-11
  5.7182182E-02  1.0072047E-11
  5.7307307E-02  1.0093914E-11
  5.7432432E-02  1.0115781E-11
  5.7557557E-02  1.0137646E-11
  5.7682682E-02  1.0159510E-11
  5.7807807E-02  1.0181373E-11
  5.7932932E-02  1.0203235E-11
  5.8058057E-02  1.0225095E-11
  5.8183182E-02  1.0246955E-11
  5.8308307E-02  1.0268814E-11
  5.8433432E-02  1.0290670E-11
  5.8558557E-02  1.0312527E-11
  5.8683682E-02  1.0334382E-11
  5.8808807E-02  1.0356235E-11
  5.8933932E-02  1.0378088E-11
  5.9059057E-02  1.0399940E-11
  5.9184182E-02  1.0421789E-11
  5.9309307E-02  1.0443639E-11
  5.9434436E-02  1.0465487E-11
  5.9559561E-02  1.0487333E-11
  5.9684686E-02  1.0509179E-11
  5.9809811E-02  1.0531024E-11
  5.9934936E-02  1.0552867E-11
  6.0060062E-02  1.0574710E-11
  6.0185187E-02  1.0596551E-11
  6.0310312E-02  1.0618390E-11
  6.0435437E-02  1.0640228E-11
  6.0560562E-02  1.0662066E-11
  6.0685687E-02  1.0683903E-11
  6.0810812E-02  1.0705738E-11
  6.0935937E-02  1.0727571E-11
  6.1061062E-02  1.0749404E-11
  6.1186187E-02  1.0771235E-11
  6.1311312E-02  1.0793065E-11
  6.1436437E-02  1.0814894E-11
  6.1561562E-02  1.0836722E-11
  6.1686687E-02  1.0858548E-11
  6.1811812E-02  1.0880374E-11
  6.1936937E-02  1.0902198E-11
  6.2062062E-02  1.0924021E-11
  6.2187187E-02  1.0945843E-11
  6.2312312E-02  1.0967663E-11
  6.2437437E-02  1.0989483E-11
  6.2562563E-02  1.1011301E-11
  6.2687688E-02  1.1033118E-11
  6.2812813E-02  1.1054934E-11
  6.2937938E-02  1.1076748E-11
  6.3063063E-02  1.1098561E-11
  6.3188188E-02  1.1120373E-11
  6.3313313E-02  1.1142184E-11
  6.3438438E-02  1.1163993E-11
  6.3563563E-02  1.1185801E-11
  6.3688688E-02  1.1207609E-11
  6.3813813E-02  1.1229414E-11
  6.3938938E-02  1.1251219E-11
  6.4064063E-02  1.1273022E-11
  6.4189188E-02  1.1294824E-11
  6.4314313E-02  1.1316625E-11
  6.4439438E-02  1.1338424E-11
  6.4564563E-02  1.1360222E-11
  6.4689688E-02  1.1382019E-11
  6.4814813E-02  1.1403815E-11
  6.4939938E-02  1.1425609E-11
  6.5065064E-02  1.1447402E-11
  6.5190189E-02  1.1469194E-11
  6.5315314E-02  1.1490984E-11
  6.5440439E-02  1.1512774E-11
  6.5565564E-02  1.1534562E-11
  6.5690689E-02  1.1556349E-11
  6.5815814E-02  1.1578134E-11
  6.5940939E-02  1.1599918E-11
  6.6066064E-02  1.1621701E-11
  6.6191189E-02  1.1643482E-11
  6.6316314E-02  1.1665263E-11
  6.6441439E-02  1.1687042E-11
  6.6566564E-02  1.1708820E-11
  6.6691689E-02  1.1730596E-11
  6.6816814E-02  1.1752371E-11
  6.6941939E-02  1.1774144E-11
  6.7067064E-02  1.1795917E-11
  6.7192189E-02  1.1817688E-11
  6.7317314E-02  1.1839457E-11
  6.7442439E-02  1.1861226E-11
  6.7567565E-02  1.1882993E-11
  6.7692690E-02  1.1904759E-11
  6.7817815E-02  1.1926524E-11
  6.7942940E-02  1.1948287E-11
  6.8068065E-02  1.1970048E-11
  6.8193190E-02  1.1991809E-11
  6.8318315E-02  1.2013568E-11
  6.8443440E-02  1.2035326E-11
  6.8568565E-02  1.2057083E-11
  6.8693690E-02  1.2078838E-11
  6.8818823E-02  1.2100591E-11
  6.8943948E-02  1.2122344E-11
  6.9069073E-02  1.2144095E-11
  6.9194198E-02  1.2165845E-11
  6.9319323E-02  1.2187593E-11
  6.9444448E-02  1.2209340E-11
  6.9569573E-02  1.2231086E-11
  6.9694698E-02  1.2252831E-11
  6.9819823E-02  1.2274573E-11
  6.9944948E-02  1.2296315E-11
  7.0070073E-02  1.2318055E-11
  7.0195198E-02  1.2339794E-11
  7.0320323E-02  1.2361531E-11
  7.0445448E-02  1.2383267E-11
  7.0570573E-02  1.2405002E-11
  7.0695698E-02  1.2426736E-11
  7.0820823E-02  1.2448468E-11
  7.0945948E-02  1.2470198E-11
  7.1071073E-02  1.2491928E-11
  7.1196198E-02  1.2513655E-11
  7.1321324E-02  1.2535382E-11
  7.1446449E-02  1.2557106E-11
  7.1571574E-02  1.2578830E-11
  7.1696699E-02  1.2600553E-11
  7.1821824E-02  1.2622273E-11
  7.1946949E-02  1.2643993E-11
  7.2072074E-02  1.2665710E-11
  7.2197199E-02  1.2687427E-11
  7.2322324E-02  1.2709142E-11
  7.2447449E-02  1.2730856E-11
  7.2572574E-02  1.2752568E-11
  7.2697699E-02  1.2774279E-11
  7.2822824E-02  1.2795988E-11
  7.2947949E-02  1.2817697E-11
  7.3073074E-02  1.2839403E-11
  7.3198199E-02  1.2861109E-11
  7.3323324E-02  1.2882812E-11
  7.3448449E-02  1.2904515E-11
  7.3573574E-02  1.2926216E-11
  7.3698699E-02  1.2947915E-11
  7.3823825E-02  1.2969613E-11
  7.3948950E-02  1.2991309E-11
  7.4074075E-02  1.3013005E-11
  7.4199200E-02  1.3034698E-11
  7.4324325E-02  1.3056391E-11
  7.4449450E-02  1.3078082E-11
  7.4574575E-02  1.3099771E-11
  7.4699700E-02  1.3121459E-11
  7.4824825E-02  1.3143145E-11
  7.4949950E-02  1.3164830E-11
  7.5075075E-02  1.3186514E-11
  7.5200200E-02  1.3208196E-11
  7.5325325E-02  1.3229876E-11
  7.5450450E-02  1.3251555E-11
  7.5575575E-02  1.3273233E-11
  7.5700700E-02  1.3294909E-11
  7.5825825E-02  1.3316584E-11
  7.5950950E-02  1.3338257E-11
  7.6076075E-02  1.3359929E-11
  7.6201200E-02  1.3381599E-11
  7.6326326E-02  1.3403267E-11
  7.6451451E-02  1.3424935E-11
  7.6576576E-02  1.3446601E-11
  7.6701701E-02  1.3468265E-11
  7.6826826E-02  1.3489927E-11
  7.6951951E-02  1.3511589E-11
  7.7077076E-02  1.3533248E-11
  7.7202201E-02  1.3554906E-11
  7.7327326E-02  1.3576563E-11
  7.7452451E-02  1.3598219E-11
  7.7577576E-02  1.3619873E-11
  7.7702701E-02  1.3641525E-11
  7.7827826E-02  1.3663175E-11
  7.7952951E-02  1.3684824E-11
  7.8078076E-02  1.3706472E-11
  7.8203201E-02  1.3728118E-11
  7.8328326E-02  1.3749763E-11
  7.8453451E-02  1.3771406E-11
  7.8578576E-02  1.3793047E-11
  7.8703701E-02  1.3814687E-11
  7.8828827E-02  1.3836325E-11
  7.8953952E-02  1.3857963E-11
  7.9079077E-02  1.3879598E-11
  7.9204202E-02  1.3901232E-11
  7.9329327E-02  1.3922864E-11
  7.9454452E-02  1.3944495E-11
  7.9579577E-02  1.3966123E-11
  7.9704702E-02  1.3987751E-11
  7.9829827E-02  1.4009377E-11
  7.9954952E-02  1.4031002E-11
  8.0080077E-02  1.4052625E-11
  8.0205202E-02  1.4074246E-11
  8.0330327E-02  1.4095866E-11
  8.0455452E-02  1.4117484E-11
  8.0580577E-02  1.4139101E-11
  8.0705702E-02  1.4160716E-11
  8.0830827E-02  1.4182330E-11
  8.0955952E-02  1.4203942E-11
  8.1081077E-02  1.4225552E-11
  8.1206203E-02  1.4247161E-11
  8.1331335E-02  1.4268768E-11
  8.1456460E-02  1.4290374E-11
  8.1581585E-02  1.4311978E-11
  8.1706710E-02  1.4333580E-11
  8.1831835E-02  1.4355181E-11
  8.1956960E-02  1.4376780E-11
  8.2082085E-02  1.4398377E-11
  8.2207210E-02  1.4419974E-11
  8.2332335E-02  1.4441569E-11
  8.2457460E-02  1.4463162E-11
  8.2582586E-02  1.4484753E-11
  8.2707711E-02  1.4506342E-11
  8.2832836E-02  1.4527930E-11
  8.2957961E-02  1.4549516E-11
  8.3083086E-02  1.4571101E-11
  8.3208211E-02  1.4592685E-11
  8.3333336E-02  1.4614266E-11
  8.3458461E-02  1.4635846E-11
  8.3583586E-02  1.4657425E-11
  8.3708711E-02  1.4679001E-11
  8.3833836E-02  1.4700576E-11
  8.3958961E-02  1.4722149E-11
  8.4084086E-02  1.4743720E-11
  8.4209211E-02  1.4765291E-11
  8.4334336E-02  1.4786859E-11
  8.4459461E-02  1.4808427E-11
  8.4584586E-02  1.4829991E-11
  8.4709711E-02  1.4851556E-11
  8.4834836E-02  1.4873117E-11
  8.4959961E-02  1.4894678E-11
  8.5085087E-02  1.4916237E-11
  8.5210212E-02  1.4937792E-11
  8.5335337E-02  1.4959348E-11
  8.5460462E-02  1.4980902E-11
  8.5585587E-02  1.5002454E-11
  8.5710712E-02  1.5024005E-11
  8.5835837E-02  1.5045553E-11
  8.5960962E-02  1.5067099E-11
  8.6086087E-02  1.5088644E-11
  8.6211212E-02  1.5110187E-11
  8.6336337E-02  1.5131731E-11
  8.6461462E-02  1.5153271E-11
  8.6586587E-02  1.5174809E-11
  8.6711712E-02  1.5196346E-11
  8.6836837E-02  1.5217881E-11
  8.6961962E-02  1.5239414E-11
  8.7087087E-02  1.5260947E-11
  8.7212212E-02  1.5282477E-11
  8.7337337E-02  1.5304005E-11
  8.7462462E-02  1.5325531E-11
  8.7587588E-02  1.5347057E-11
  8.7712713E-02  1.5368580E-11
  8.7837838E-02  1.5390101E-11
  8.7962963E-02  1.5411622E-11
  8.8088088E-02  1.5433139E-11
  8.8213213E-02  1.5454655E-11
  8.8338338E-02  1.5476171E-11
  8.8463463E-02  1.5497683E-11
  8.8588588E-02  1.5519195E-11
  8.8713713E-02  1.5540704E-11
  8.8838838E-02  1.5562211E-11
  8.8963963E-02  1.5583718E-11
  8.9089088E-02  1.5605222E-11
  8.9214213E-02  1.5626726E-11
  8.9339338E-02  1.5648226E-11
  8.9464463E-02  1.5669726E-11
  8.9589588E-02  1.5691223E-11
  8.9714713E-02  1.5712718E-11
  8.9839838E-02  1.5734213E-11
  8.9964963E-02  1.5755704E-11
  9.0090089E-02  1.5777196E-11
  9.0215214E-02  1.5798684E-11
  9.0340339E-02  1.5820170E-11
  9.0465464E-02  1.5841656E-11
  9.0590589E-02  1.5863139E-11
  9.0715714E-02  1.5884620E-11
  9.0840839E-02  1.5906101E-11
  9.0965964E-02  1.5927579E-11
  9.1091089E-02  1.5949055E-11
  9.1216214E-02  1.5970530E-11
  9.1341339E-02  1.5992003E-11
  9.1466464E-02  1.6013474E-11
  9.1591589E-02  1.6034942E-11
  9.1716714E-02  1.6056410E-11
  9.1841839E-02  1.6077875E-11
  9.1966964E-02  1.6099341E-11
  9.2092089E-02  1.6120803E-11
  9.2217214E-02  1.6142263E-11
  9.2342339E-02  1.6163721E-11
  9.2467465E-02  1.6185178E-11
  9.2592590E-02  1.6206633E-11
  9.2717715E-02  1.6228087E-11
  9.2842840E-02  1.6249536E-11
  9.2967965E-02  1.6270986E-11
  9.3093090E-02  1.6292434E-11
  9.3218215E-02  1.6313881E-11
  9.3343340E-02  1.6335324E-11
  9.3468465E-02  1.6356767E-11
  9.3593590E-02  1.6378208E-11
  9.3718715E-02  1.6399646E-11
  9.3843848E-02  1.6421083E-11
  9.3968973E-02  1.6442517E-11
  9.4094098E-02  1.6463952E-11
  9.4219223E-02  1.6485383E-11
  9.4344348E-02  1.6506812E-11
  9.4469473E-02  1.6528239E-11
  9.4594598E-02  1.6549666E-11
  9.4719723E-02  1.6571090E-11
  9.4844848E-02  1.6592512E-11
  9.4969973E-02  1.6613932E-11
  9.5095098E-02  1.6635351E-11
  9.5220223E-02  1.6656768E-11
  9.5345348E-02  1.6678181E-11
  9.5470473E-02  1.6699595E-11
  9.5595598E-02  1.6721007E-11
  9.5720723E-02  1.6742415E-11
  9.5845848E-02  1.6763823E-11
  9.5970973E-02  1.6785228E-11
  9.6096098E-02  1.6806632E-11
  9.6221223E-02  1.6828034E-11
  9.6346349E-02  1.6849433E-11
  9.6471474E-02  1.6870833E-11
  9.6596599E-02  1.6892229E-11
  9.6721724E-02  1.6913623E-11
  9.6846849E-02  1.6935016E-11
  9.6971974E-02  1.6956405E-11
  9.7097099E-02  1.6977794E-11
  9.7222224E-02  1.6999182E-11
  9.7347349E-02  1.7020566E-11
  9.7472474E-02  1.7041949E-11
  9.7597599E-02  1.7063330E-11
  9.7722724E-02  1.7084710E-11
  9.7847849E-02  1.7106087E-11
  9.7972974E-02  1.7127463E-11
  9.8098099E-02  1.7148836E-11
  9.8223224E-02  1.7170208E-11
  9.8348349E-02  1.7191578E-11
  9.8473474E-02  1.7212945E-11
  9.8598599E-02  1.7234311E-11
  9.8723724E-02  1.7255676E-11
  9.8848850E-02  1.7277037E-11
  9.8973975E-02  1.7298397E-11
  9.9099100E-02  1.7319757E-11
  9.9224225E-02  1.7341113E-11
  9.9349350E-02  1.7362467E-11
  9.9474475E-02  1.7383820E-11
  9.9599600E-02  1.7405169E-11
  9.9724725E-02  1.7426519E-11
  9.9849850E-02  1.7447866E-11
  9.9974975E-02  1.7469210E-11
  0.1001001      1.7490552E-11
  0.1002252      1.7511895E-11
  0.1003504      1.7533234E-11
  0.1004755      1.7554571E-11
  0.1006006      1.7575904E-11
  0.1007257      1.7597238E-11
  0.1008509      1.7618570E-11
  0.1009760      1.7639898E-11
  0.1011011      1.7661227E-11
  0.1012262      1.7682552E-11
  0.1013514      1.7703875E-11
  0.1014765      1.7725196E-11
  0.1016016      1.7746516E-11
  0.1017267      1.7767832E-11
  0.1018519      1.7789149E-11
  0.1019770      1.7810461E-11
  0.1021021      1.7831774E-11
  0.1022272      1.7853084E-11
  0.1023524      1.7874391E-11
  0.1024775      1.7895697E-11
  0.1026026      1.7916999E-11
  0.1027277      1.7938302E-11
  0.1028529      1.7959601E-11
  0.1029780      1.7980900E-11
  0.1031031      1.8002195E-11
  0.1032282      1.8023489E-11
  0.1033534      1.8044779E-11
  0.1034785      1.8066069E-11
  0.1036036      1.8087358E-11
  0.1037287      1.8108643E-11
  0.1038539      1.8129926E-11
  0.1039790      1.8151208E-11
  0.1041041      1.8172488E-11
  0.1042292      1.8193766E-11
  0.1043544      1.8215041E-11
  0.1044795      1.8236315E-11
  0.1046046      1.8257586E-11
  0.1047297      1.8278856E-11
  0.1048549      1.8300124E-11
  0.1049800      1.8321390E-11
  0.1051051      1.8342652E-11
  0.1052302      1.8363915E-11
  0.1053554      1.8385174E-11
  0.1054805      1.8406431E-11
  0.1056056      1.8427686E-11
  0.1057307      1.8448940E-11
  0.1058559      1.8470191E-11
  0.1059810      1.8491439E-11
  0.1061061      1.8512688E-11
  0.1062312      1.8533933E-11
  0.1063564      1.8555175E-11
  0.1064815      1.8576416E-11
  0.1066066      1.8597655E-11
  0.1067317      1.8618893E-11
  0.1068569      1.8640128E-11
  0.1069820      1.8661359E-11
  0.1071071      1.8682590E-11
  0.1072322      1.8703820E-11
  0.1073574      1.8725046E-11
  0.1074825      1.8746270E-11
  0.1076076      1.8767493E-11
  0.1077327      1.8788712E-11
  0.1078579      1.8809931E-11
  0.1079830      1.8831147E-11
  0.1081081      1.8852361E-11
  0.1082332      1.8873573E-11
  0.1083584      1.8894783E-11
  0.1084835      1.8915990E-11
  0.1086086      1.8937197E-11
  0.1087337      1.8958401E-11
  0.1088589      1.8979601E-11
  0.1089840      1.9000801E-11
  0.1091091      1.9021999E-11
  0.1092342      1.9043194E-11
  0.1093594      1.9064387E-11
  0.1094845      1.9085577E-11
  0.1096096      1.9106767E-11
  0.1097347      1.9127953E-11
  0.1098599      1.9149137E-11
  0.1099850      1.9170320E-11
  0.1101101      1.9191501E-11
  0.1102352      1.9212678E-11
  0.1103604      1.9233856E-11
  0.1104855      1.9255030E-11
  0.1106106      1.9276200E-11
  0.1107357      1.9297371E-11
  0.1108609      1.9318538E-11
  0.1109860      1.9339703E-11
  0.1111111      1.9360867E-11
  0.1112362      1.9382029E-11
  0.1113614      1.9403187E-11
  0.1114865      1.9424344E-11
  0.1116116      1.9445499E-11
  0.1117367      1.9466652E-11
  0.1118619      1.9487802E-11
  0.1119870      1.9508950E-11
  0.1121121      1.9530096E-11
  0.1122372      1.9551241E-11
  0.1123624      1.9572382E-11
  0.1124875      1.9593521E-11
  0.1126126      1.9614659E-11
  0.1127377      1.9635795E-11
  0.1128629      1.9656929E-11
  0.1129880      1.9678060E-11
  0.1131131      1.9699188E-11
  0.1132382      1.9720314E-11
  0.1133634      1.9741439E-11
  0.1134885      1.9762561E-11
  0.1136136      1.9783682E-11
  0.1137387      1.9804798E-11
  0.1138639      1.9825915E-11
  0.1139890      1.9847029E-11
  0.1141141      1.9868140E-11
  0.1142392      1.9889248E-11
  0.1143644      1.9910355E-11
  0.1144895      1.9931459E-11
  0.1146146      1.9952562E-11
  0.1147397      1.9973663E-11
  0.1148649      1.9994761E-11
  0.1149900      2.0015857E-11
  0.1151151      2.0036950E-11
  0.1152402      2.0058042E-11
  0.1153654      2.0079131E-11
  0.1154905      2.0100218E-11
  0.1156156      2.0121302E-11
  0.1157407      2.0142384E-11
  0.1158659      2.0163465E-11
  0.1159910      2.0184543E-11
  0.1161161      2.0205620E-11
  0.1162412      2.0226694E-11
  0.1163664      2.0247764E-11
  0.1164915      2.0268833E-11
  0.1166166      2.0289900E-11
  0.1167417      2.0310965E-11
  0.1168669      2.0332028E-11
  0.1169920      2.0353087E-11
  0.1171171      2.0374145E-11
  0.1172422      2.0395201E-11
  0.1173674      2.0416254E-11
  0.1174925      2.0437306E-11
  0.1176176      2.0458354E-11
  0.1177427      2.0479401E-11
  0.1178679      2.0500445E-11
  0.1179930      2.0521487E-11
  0.1181181      2.0542528E-11
  0.1182432      2.0563565E-11
  0.1183684      2.0584600E-11
  0.1184935      2.0605634E-11
  0.1186186      2.0626664E-11
  0.1187437      2.0647692E-11
  0.1188689      2.0668718E-11
  0.1189940      2.0689742E-11
  0.1191191      2.0710765E-11
  0.1192442      2.0731783E-11
  0.1193694      2.0752801E-11
  0.1194945      2.0773815E-11
  0.1196196      2.0794828E-11
  0.1197447      2.0815837E-11
  0.1198699      2.0836846E-11
  0.1199950      2.0857850E-11
  0.1201201      2.0878854E-11
  0.1202452      2.0899855E-11
  0.1203704      2.0920854E-11
  0.1204955      2.0941851E-11
  0.1206206      2.0962844E-11
  0.1207457      2.0983836E-11
  0.1208709      2.1004825E-11
  0.1209960      2.1025811E-11
  0.1211211      2.1046796E-11
  0.1212462      2.1067779E-11
  0.1213714      2.1088759E-11
  0.1214965      2.1109737E-11
  0.1216216      2.1130712E-11
  0.1217467      2.1151685E-11
  0.1218719      2.1172656E-11
  0.1219970      2.1193625E-11
  0.1221221      2.1214591E-11
  0.1222472      2.1235555E-11
  0.1223724      2.1256516E-11
  0.1224975      2.1277475E-11
  0.1226226      2.1298432E-11
  0.1227477      2.1319385E-11
  0.1228729      2.1340337E-11
  0.1229980      2.1361288E-11
  0.1231231      2.1382235E-11
  0.1232482      2.1403180E-11
  0.1233734      2.1424121E-11
  0.1234985      2.1445061E-11
  0.1236236      2.1465999E-11
  0.1237487      2.1486935E-11
  0.1238739      2.1507868E-11
  0.1239990      2.1528798E-11
  0.1241241      2.1549727E-11
  0.1242492      2.1570653E-11
  0.1243744      2.1591576E-11
  0.1244995      2.1612498E-11
  0.1246246      2.1633416E-11
  0.1247497      2.1654333E-11
  0.1248749      2.1675247E-11
  0.1250000      2.1696159E-11
